
      -0.105817     0.428767     0.780633
       0.166160    -0.407486     0.231110
      -0.821555    -0.090987     0.233573
      -0.820468     0.945033     0.235810
       0.168871     1.266235     0.235869
       0.779075     0.428677     0.233813
      -0.379213    -0.412368    -0.651105
      -0.989519     0.425041    -0.649169
      -0.376995     1.263266    -0.647410
       0.611302     0.944789    -0.648988
       0.610050    -0.091342    -0.651092
      -0.104564     0.424898    -1.195989
       0.181254     1.303517     1.288794
       0.817389     0.428705     1.285297
       0.178759    -0.446435     1.282027
      -0.852844    -0.113676     1.285057
      -0.852530     0.967762     1.288667
       1.104977     1.303465     0.717954
       1.100424    -0.446604     0.712455
      -0.566747    -0.987669     0.712183
      -1.599802     0.425099     0.717657
      -0.565550     1.843362     0.719210
       0.929598     1.843217    -0.204791
      -0.103544     2.178322    -0.204855
       1.567346     0.967534    -0.206778
       1.564397    -0.114029    -0.208710
       0.924416    -0.988187    -0.209276
      -0.105979    -1.322437    -0.209347
      -1.138085    -0.991426    -0.208887
      -1.776384    -0.118247    -0.207051
      -1.775176     0.964823    -0.204985
      -1.136236     1.842936    -0.204963
       1.390910     0.424649    -1.130504
       0.355718    -0.991748    -1.132051
      -1.314584    -0.453765    -1.130646
      -1.312640     1.300166    -1.128641
       0.358295     1.842776    -1.128528
       0.644058     0.964530    -1.699990
       0.642806    -0.118664    -1.701985
      -0.389935    -0.453921    -1.702062
      -1.027613     0.421686    -1.700101
      -0.389002     1.300038    -1.699421
      -0.105571     0.427110     1.830479
       0.460513     2.156455     0.707903
       1.717774     0.427051     0.703756
       0.455679    -1.298530     0.699563
      -1.580270    -0.643722     0.703130
      -1.579852     1.493771     0.707741
       1.373005     1.493490    -1.117069
       1.369450    -0.644556    -1.119543
      -0.668941    -1.305842    -1.119517
      -1.928403     0.421329    -1.117266
      -0.666786     2.155055    -1.116270
      -0.103459     0.421107    -2.245027
       0.185659     1.311830     2.347097
       0.829772     0.425411     2.342582
       0.183123    -0.461231     2.337884
      -0.861592    -0.124049     2.342447
      -0.861547     0.971620     2.346988
       0.473778     2.193783     1.775534
       1.757320     0.425391     1.769459
       0.468548    -1.338662     1.762531
      -1.611449    -0.668567     1.768826
      -1.612770     1.515981     1.775321
       1.128608     1.318870     1.789138
       1.123424    -0.465038     1.780451
      -0.574743    -1.016398     1.780138
      -1.628213     0.423481     1.788764
      -0.574226     1.869474     1.791340
       1.409365     2.193749     1.197383
       2.042528    -0.461354     1.188869
      -0.285309    -1.886022     1.186405
      -2.369031    -0.122969     1.194830
      -1.322160     2.404336     1.197909
       2.049422     1.311823     1.195414
       1.400473    -1.338820     1.186599
      -1.320195    -1.552846     1.187936
      -2.369658     0.966318     1.197038
      -0.283344     2.741794     1.198000
       1.231516     2.741701     0.261815
       0.184555     3.081888     0.261400
       2.517776     0.971543     0.258712
       2.513728    -0.124172     0.256653
       1.222515    -1.886452     0.254606
       0.180636    -2.224551     0.254522
      -1.900282    -1.557632     0.256049
      -2.547902    -0.673530     0.257995
      -2.547714     1.514146     0.261581
      -1.900562     2.404581     0.261226
       1.696103     2.404158    -0.667353
      -0.389666     3.082213    -0.667806
       2.342551     1.515749    -0.668977
       2.336495    -0.669288    -0.670844
       1.687338    -1.554108    -0.670527
      -0.391133    -2.227850    -0.670177
      -1.436920    -1.894284    -0.670669
      -2.726033    -0.130425    -0.669269
      -2.725143     0.968109    -0.667565
      -1.436067     2.742335    -0.667902
       0.659685     2.764021    -0.674252
       2.361595     0.423052    -0.676821
       0.654148    -1.909240    -0.677627
      -2.099063    -1.025401    -0.677037
      -2.098065     1.868296    -0.674422
       1.892308     1.869359     0.267071
       1.883067    -1.016953     0.261173
      -0.864727    -1.908783     0.261045
      -2.569564     0.420215     0.266702
      -0.864775     2.764119     0.267841
       2.163830     0.965887    -1.604548
       1.112545    -1.558344    -1.605800
      -1.616416    -1.350295    -1.604965
      -2.256717     1.308597    -1.603745
       0.078303     2.742213    -1.603738
       2.161704    -0.123852    -1.604969
       0.075777    -1.894410    -1.605605
      -2.258310    -0.470247    -1.604710
      -1.614806     2.192335    -1.603827
       1.117064     2.404381    -1.603605
       0.655047     0.967809    -2.756481
       0.653882    -0.130839    -2.757954
      -0.392099    -0.470464    -2.758056
      -1.038631     0.417732    -2.756565
      -0.391813     1.308410    -2.756254
       1.406785     1.513842    -2.182238
       1.403876    -0.674307    -2.183828
      -0.679635    -1.350388    -2.183940
      -1.967739     0.417822    -2.182363
      -0.678916     2.192231    -2.182195
       1.421187     0.419720    -2.199462
       0.366571    -1.025815    -2.200777
      -1.336429    -0.475710    -2.199551
      -1.335873     1.314531    -2.198796
       0.368517     1.868079    -2.198728
      -0.104138     0.421430     2.888700
       0.754312     3.053084     1.183406
       2.663404     0.421477     1.178599
       0.746963    -2.196262     1.171329
      -2.342160    -1.203374     1.177224
      -2.344758     2.046383     1.183174
       2.140278     2.046120    -1.588509
       2.134609    -1.205117    -1.588765
      -0.959230    -2.208132    -1.588618
      -2.874110     0.417408    -1.588697
      -0.958656     3.053328    -1.588526
      -0.102325     0.417158    -3.301664
       0.189539     1.310805     3.414434
       0.838760     0.417541     3.409045
       0.187160    -0.475587     3.402735
      -0.865061    -0.136105     3.408925
      -0.864808     0.968191     3.414333
       0.480874     2.208414     2.846755
       1.777394     0.419409     2.839190
       0.475807    -1.362723     2.828735
      -1.625108    -0.686095     2.838782
      -1.627658     1.523302     2.846546
       1.141372     1.322533     2.861078
       1.134964    -0.479334     2.848208
      -0.576731    -1.035326     2.848014
      -1.641381     0.418356     2.860721
      -0.577639     1.878942     2.864237
       0.769103     3.093968     2.260949
       2.706957     0.417586     2.254760
       0.761429    -2.241589     2.242635
      -2.375068    -1.232807     2.253453
      -2.381044     2.070536     2.260675
       1.433428     2.216964     2.282517
       2.072971    -0.479353     2.268638
      -0.286773    -1.923429     2.265205
      -2.401475    -0.133574     2.279472
      -1.339204     2.432156     2.283816
       2.081492     1.322545     2.280169
       1.423051    -1.368188     2.265518
      -1.334403    -1.585747     2.267739
      -2.403048     0.970657     2.282062
      -0.286318     2.774235     2.283905
       1.711358     3.093949     1.678688
       2.992786    -0.475550     1.669158
       0.003366    -2.792105     1.663451
      -3.139604    -0.683338     1.675637
      -2.088684     2.966528     1.678778
       2.364182     2.208428     1.683015
       2.350479    -1.362832     1.670328
      -1.040030    -2.463607     1.669594
      -3.151057     0.417034     1.682505
      -1.043925     3.315048     1.684185
       3.002177     1.310890     1.676500
       1.698458    -2.241676     1.663577
      -2.080000    -2.121746     1.666861
      -3.143309     1.516918     1.678304
       0.006164     3.647099     1.678935
       1.532113     3.647035     0.735907
       0.477472     3.990097     0.735431
       3.473690     0.968315     0.733478
       3.468895    -0.135996     0.730892
       1.519487    -2.792351     0.726530
       0.471880    -3.132501     0.726429
      -2.665946    -2.128411     0.729755
      -3.319718    -1.237909     0.732098
      -3.323191     2.069757     0.735630
      -2.671493     2.967120     0.735208
       2.006510     3.314930    -0.200966
      -0.101750     4.001020    -0.201886
       3.307175     1.523303    -0.202959
       3.299033    -0.686128    -0.204068
       1.992338    -2.464548    -0.204307
      -0.103212    -3.144247    -0.204031
      -2.206005    -2.474476    -0.204097
      -3.511121    -0.691445    -0.203538
      -3.511722     1.522342    -0.201194
      -2.209150     3.316439    -0.202038
       0.959059     3.679190    -0.206426
       3.325999     0.418357    -0.208830
       0.950497    -2.822360    -0.209320
      -2.876561    -1.596317    -0.209394
      -2.878294     2.432650    -0.206639
       2.468982     2.966359    -1.137820
      -0.680777     3.991367    -1.138868
       3.120191     2.070370    -1.138961
       3.111864    -1.233967    -1.137134
       2.456677    -2.124489    -1.136268
      -0.679027    -3.139614    -1.135068
      -1.732824    -2.806365    -1.136478
      -3.681299    -0.138947    -1.139217
      -3.680972     0.968606    -1.138002
      -1.734897     3.648960    -1.138946
       1.429835     3.337150    -1.147973
       3.149223     0.970365    -1.149050
       1.420628    -2.486493    -1.146678
      -2.406942    -1.937515    -1.148625
      -3.058089     1.879328    -1.148150
       0.376872     3.679872    -1.148364
       3.146369    -0.134184    -1.148890
       0.372507    -2.825891    -1.146057
      -3.058207    -1.045763    -1.149215
      -2.407562     2.775417    -1.148508
       2.674876     2.432057    -0.196802
       2.659313    -1.586839    -0.200471
      -1.158516    -2.825665    -0.199809
      -3.533570     0.415313    -0.197110
      -1.162337     3.679952    -0.197152
       2.203991     2.774175     0.744963
       2.838556    -1.035584     0.737478
      -0.578698    -2.821964     0.735795
      -3.352912    -0.136933     0.743491
      -1.632962     3.337288     0.744803
       2.853312     1.878952     0.744091
       2.187878    -1.923867     0.735875
      -1.626718    -2.485496     0.736589
      -3.353759     0.968770     0.744600
      -0.580295     3.679257     0.744881
       2.940184     1.516583    -2.081186
       1.878874    -2.129693    -2.078910
      -1.914276    -2.259023    -2.078768
      -3.209339     1.311882    -2.081252
      -0.209359     3.648861    -2.081699
       2.947349     0.416413    -2.086164
       0.836682    -2.474691    -2.084767
      -2.569815    -1.375344    -2.086139
      -2.569110     2.208707    -2.086929
       0.840718     3.316276    -2.086810
       2.936246    -0.684796    -2.078945
      -0.209200    -2.806403    -2.078255
      -3.210253    -0.481182    -2.081304
      -1.914957     3.094878    -2.081773
       1.885754     2.966920    -2.081113
       0.661600     0.968328    -3.821755
       0.660556    -0.139318    -3.822486
      -0.392853    -0.481407    -3.822571
      -1.044457     0.414158    -3.821809
      -0.392965     1.311671    -3.821819
       1.423886     1.522077    -3.251405
       1.421453    -0.692009    -3.251636
      -0.683884    -1.375475    -3.251811
      -1.986568     0.414252    -3.251482
      -0.684275     2.208552    -3.251769
       1.437255     0.414939    -3.269066
       0.372866    -1.046164    -3.269730
      -1.346889    -0.489308    -3.269115
      -1.346968     1.320075    -3.269272
       0.374067     1.879095    -3.269231
       2.177532     2.069506    -2.663774
       2.173233    -1.239077    -2.661710
      -0.970796    -2.259070    -2.661951
      -2.918024     0.414291    -2.663888
      -0.972156     3.094795    -2.664420
       2.199185     0.968409    -2.687070
       1.132497    -1.596986    -2.686999
      -1.637805    -1.383032    -2.686701
      -2.288448     1.320150    -2.687423
       0.082885     2.775244    -2.687582
       2.197856    -0.137575    -2.686716
       0.081729    -1.937728    -2.686903
      -2.288559    -0.489241    -2.687116
      -1.637991     2.216291    -2.687639
       1.135822     2.432424    -2.687330
      -0.100887     0.410155     3.958463
       1.050814     3.959206     1.663251
       3.618579     0.410304     1.660248
       1.041045    -3.103073     1.647792
      -3.108295    -1.772118     1.657464
      -3.117381     2.605088     1.662960
       2.914915     2.604856    -2.064927
       2.907810    -1.775793    -2.058892
      -1.250171    -3.122125    -2.058760
      -3.829306     0.414085    -2.065091
      -1.253561     3.961038    -2.065726
      -0.101364     0.413822    -4.369035
       0.194087     1.302866     4.491548
       0.848376     0.403886     4.485366
       0.192824    -0.494851     4.478047
      -0.865579    -0.153077     4.485167
      -0.864471     0.958859     4.491434
       0.486456     2.212269     3.924816
       1.793268     0.406456     3.916114
       0.482480    -1.385410     3.900570
      -1.631257    -0.706515     3.915595
      -1.635065     1.522842     3.924601
       1.151955     1.318216     3.938732
       1.143646    -0.496428     3.920408
      -0.574974    -1.054845     3.920228
      -1.648159     0.408191     3.938333
      -0.578413     1.880199     3.942539
       0.778312     3.114956     3.342136
       2.733327     0.406494     3.335318
       0.771439    -2.273997     3.316584
      -2.391374    -1.259416     3.334440
      -2.401304     2.081767     3.341846
       1.448132     2.226992     3.366971
       2.090164    -0.497266     3.345494
      -0.284598    -1.951259     3.341757
      -2.418599    -0.147012     3.363727
      -1.348956     2.445211     3.368860
       2.101869     1.322204     3.364406
       1.436371    -1.392233     3.342098
      -1.339404    -1.611491     3.344857
      -2.421404     0.969515     3.366483
      -0.286687     2.790392     3.368955
       1.066841     4.004119     2.748350
       3.665150     0.404018     2.745024
       1.057156    -3.153460     2.725339
      -3.141588    -1.806904     2.742417
      -3.157033     2.631774     2.748020
       1.736843     3.123226     2.773552
       3.027798    -0.496372     2.756330
       0.005613    -2.836510     2.749503
      -3.174870    -0.700934     2.770695
      -2.111468     2.997400     2.774101
       2.396674     2.227015     2.780855
       2.379651    -1.392240     2.759288
      -1.046900    -2.505162     2.758390
      -3.188453     0.412422     2.780151
      -1.055451     3.349819     2.782521
       3.040484     1.318289     2.771838
       1.722069    -2.279019     2.749819
      -2.096155    -2.160271     2.754241
      -3.181406     1.525276     2.773059
       0.006035     3.685402     2.774263
       2.014076     4.004113     2.163014
       3.951758    -0.494661     2.155589
       0.296411    -3.705931     2.144169
      -3.913140    -1.254459     2.161821
      -2.863701     3.533369     2.162852
       2.674160     3.114986     2.170649
       3.305788    -1.385369     2.156173
      -0.751548    -3.379973     2.152736
      -3.931696    -0.145162     2.169834
      -1.814580     3.887625     2.170839
       3.325801     2.212370     2.170375
       2.654233    -2.274055     2.153230
      -1.800040    -3.042732     2.154488
      -3.934852     0.967913     2.170144
      -0.757128     4.231186     2.170913
       3.963399     1.303033     2.162544
       1.997434    -3.153506     2.144310
      -2.842755    -2.697322     2.150286
      -3.923292     2.075193     2.162576
       0.299863     4.561179     2.163068
       1.833722     4.561134     1.215158
       0.773693     4.906198     1.214783
       4.436776     0.959103     1.215795
       4.431601    -0.152842     1.212132
       1.817805    -3.706104     1.204052
       0.766535    -4.047496     1.203926
      -3.433947    -2.707177     1.210696
      -4.094087    -1.811664     1.213795
      -4.104580     2.631918     1.214820
      -3.449693     3.534118     1.214515
       2.313520     4.231099     0.273277
       0.191348     4.922056     0.272399
       4.274568     1.523049     0.272853
       4.264710    -0.706122     0.272570
       2.294475    -3.380548     0.270532
       0.189618    -4.063770     0.270416
      -2.975581    -3.058881     0.272987
      -4.293948    -1.260612     0.272049
      -4.298695     2.082981     0.272993
      -2.987706     3.889288     0.272207
       1.258944     4.597050     0.268148
       4.292679     0.408516     0.267464
       1.247518    -3.738808     0.265709
      -3.652697    -2.172684     0.266719
      -3.660491     2.998890     0.267894
       2.786440     3.887502    -0.672557
      -0.393420     4.922898    -0.673887
       4.096162     2.081840    -0.673337
       4.085031    -1.258609    -0.667381
       2.766222    -3.044647    -0.666885
      -0.389604    -4.067474    -0.666365
      -2.505542    -3.400384    -0.667084
      -4.477767    -0.703571    -0.673724
      -4.479291     1.527131    -0.672770
      -2.514958     4.233711    -0.674012
       1.737889     4.263980    -0.680043
       4.127204     0.969710    -0.680182
       1.723572    -3.410282    -0.674558
      -3.189927    -2.522948    -0.678453
      -3.852150     2.448012    -0.680255
       0.675369     4.609983    -0.680534
       4.123477    -0.146582    -0.678785
       0.669343    -3.752087    -0.674074
      -3.848950    -1.621553    -0.680446
      -3.195811     3.352421    -0.680720
       3.248545     3.533204    -1.614470
      -0.975610     4.908429    -1.615983
       3.903100     2.631656    -1.615009
       3.893247    -1.808344    -1.604336
       3.233332    -2.703912    -1.602931
      -0.967302    -4.059920    -1.600597
      -2.027083    -3.729325    -1.603015
      -4.644631    -0.145115    -1.615217
      -4.644881     0.968977    -1.614636
      -2.035313     4.564196    -1.616044
       2.205902     3.909044    -1.625756
       3.936405     1.525150    -1.625543
       2.192481    -3.065521    -1.614647
      -2.709256    -2.858135    -1.620151
      -4.022139     1.885860    -1.625926
       1.150394     4.264857    -1.630577
       3.945963     0.412209    -1.628660
       1.141959    -3.414309    -1.617838
      -3.375006    -1.965894    -1.628329
      -3.377236     2.794089    -1.630737
       0.087966     4.598692    -1.626602
       3.931788    -0.701453    -1.620898
       0.087374    -3.746700    -1.612790
      -4.021233    -1.059873    -1.625605
      -2.713820     3.688568    -1.626727
       3.458758     2.997331    -0.668188
       3.436213    -2.162077    -0.664697
      -1.449420    -3.746564    -0.662850
      -4.500060     0.411769    -0.668426
      -1.460830     4.598765    -0.669459
       2.993938     3.349769     0.280095
       3.624042    -1.611695     0.277757
      -0.869491    -3.751770     0.277084
      -4.330076    -0.147206     0.279579
      -1.939599     4.264984     0.279016
       3.649602     2.445269     0.279977
       2.969080    -2.505812     0.276699
      -1.924808    -3.413879     0.277763
      -4.331200     0.969992     0.279784
      -0.877425     4.610044     0.279083
       2.511752     3.685372     1.225810
       3.796344    -1.054754     1.219247
      -0.287427    -3.738504     1.214387
      -4.134380    -0.703252     1.225272
      -2.407414     3.909199     1.225240
       3.174529     2.790430     1.230117
       3.149346    -1.951457     1.219907
      -1.340624    -3.409471     1.219344
      -4.148701     0.411202     1.229651
      -1.352248     4.264085     1.229643
       3.817977     1.880346     1.225920
       2.489724    -2.836754     1.214519
      -2.389507    -3.063550     1.217311
      -4.138454     1.524845     1.225414
      -0.289990     4.597103     1.225379
       3.722137     2.074932    -2.562206
       2.652860    -2.709375    -2.551667
      -2.210735    -3.180000    -2.552885
      -4.171043     1.314062    -2.562899
      -0.501697     4.564111    -2.563802
       3.733935     0.967568    -2.569072
       1.606581    -3.058944    -2.560040
      -2.874887    -2.291622    -2.566056
      -3.530706     2.218194    -2.571177
       0.555365     4.233565    -2.571444
       3.732019    -0.145773    -2.566269
       0.555611    -3.400527    -2.559491
      -3.530140    -1.392063    -2.568966
      -2.877344     3.118514    -2.571556
       1.613079     3.889107    -2.571045
       3.716471    -1.256298    -2.553174
      -0.495481    -3.729415    -2.549763
      -4.171104    -0.489153    -2.562265
      -2.216331     4.007159    -2.563869
       2.662477     3.533914    -2.562760
       0.666274     0.968689    -4.897053
       0.665504    -0.145464    -4.897004
      -0.393457    -0.489384    -4.897048
      -1.048614     0.411626    -4.897074
      -0.393730     1.313828    -4.897372
       1.434718     1.526870    -4.327716
       1.432924    -0.703965    -4.326559
      -0.686428    -1.392208    -4.326663
      -1.998309     0.411651    -4.327750
      -0.687392     2.218011    -4.328390
       1.447760     0.411467    -4.344310
       0.377204    -1.060208    -4.344115
      -1.353580    -0.498486    -4.344298
      -1.353937     1.323079    -4.345183
       0.377803     1.885618    -4.345158
       2.199942     2.082747    -3.743189
       2.196695    -1.261097    -3.738870
      -0.977230    -2.291710    -3.739061
      -2.944042     0.411706    -3.743248
      -0.979842     3.118383    -3.744223
       2.220436     0.969746    -3.769210
       1.145547    -1.622029    -3.767373
      -1.649795    -1.404361    -3.768129
      -2.307150     1.325503    -3.770235
       0.085188     2.793889    -3.770532
       2.219610    -0.147506    -3.768226
       0.085305    -1.966105    -3.767323
      -2.306709    -0.500888    -3.769173
      -1.650875     2.229958    -3.770572
       1.147678     2.447781    -3.770175
       2.955574     2.631690    -3.148321
       2.950395    -1.812805    -3.138249
      -1.262785    -3.180056    -3.138856
      -3.877983     0.411792    -3.148421
      -1.268525     4.007091    -3.149611
       2.980107     1.524609    -3.173844
       1.905268    -2.173527    -3.168476
      -1.936779    -2.299905    -3.169902
      -3.247705     1.323199    -3.174786
      -0.207849     3.688420    -3.175405
       2.988349     0.410936    -3.181075
       0.851844    -2.523130    -3.177116
      -2.599815    -1.404315    -3.180920
      -2.600868     2.230024    -3.183463
       0.853815     3.352224    -3.183373
       2.977961    -0.703660    -3.170163
      -0.205535    -2.858284    -3.167937
      -3.247346    -0.498382    -3.173838
      -1.939448     3.125953    -3.175461
       1.910058     2.998673    -3.174687
      -0.094668     0.389974     5.044173
       1.350882     4.878105     2.148839
       4.586742     0.390185     2.151642
       1.338091    -4.018794     2.128973
      -3.879101    -2.352150     2.145287
      -3.900340     3.172074     2.148488
       3.699341     3.171848    -2.548049
       3.692103    -2.361279    -2.529320
      -1.541574    -4.050465    -2.529739
      -4.797221     0.411734    -2.548198
      -1.552496     4.881236    -2.549479
      -0.100668     0.411448    -5.450805
       0.200816     1.291993     5.586247
       0.861356     0.377959     5.581930
       0.204984    -0.533225     5.577178
      -0.861427    -0.181819     5.581605
      -0.863979     0.945955     5.586130
       0.492787     2.212749     5.017182
       1.812630     0.387219     5.005298
       0.491377    -1.414623     4.980264
      -1.636374    -0.733699     5.004550
      -1.640999     1.519359     5.016960
       1.163576     1.307350     5.029463
       1.153726    -0.518544     5.001026
      -0.571161    -1.079075     5.000797
      -1.651762     0.392438     5.029015
      -0.578059     1.878156     5.033204
       0.786285     3.128416     4.435372
       2.759213     0.383493     4.428405
       0.780918    -2.304847     4.395549
      -2.399794    -1.293964     4.426958
      -2.416183     2.087761     4.435068
       1.461185     2.229698     4.460584
       2.103716    -0.522108     4.424863
      -0.279861    -1.979224     4.421030
      -2.429926    -0.166421     4.457109
      -1.356076     2.452682     4.462575
       2.121581     1.313072     4.457917
       1.447670    -1.417938     4.421430
      -1.337296    -1.640468     4.423982
      -2.434112     0.963761     4.460063
      -0.285905     2.800444     4.462682
       1.079025     4.035820     3.843101
       3.698701     0.387318     3.840032
       1.069685    -3.193081     3.806511
      -3.161006    -1.846639     3.838196
      -3.185919     2.649984     3.842737
       1.755116     3.143226     3.872261
       3.049272    -0.522068     3.840699
       0.010760    -2.872394     3.833888
      -3.197269    -0.725689     3.870121
      -2.129631     3.017799     3.872955
       2.421462     2.235116     3.881604
       2.398810    -1.420496     3.845224
      -1.047208    -2.540161     3.844175
      -3.213718     0.403362     3.880842
      -1.063413     3.373411     3.883303
       3.070982     1.313121     3.871309
       1.738057    -2.311287     3.834314
      -2.101296    -2.196588     3.838806
      -3.208331     1.530233     3.871719
       0.008210     3.712469     3.873138
       1.369728     4.932951     3.243022
       4.640000     0.378164     3.247259
       1.355765    -4.073714     3.212396
      -3.914102    -2.390688     3.241676
      -3.948093     3.205181     3.242628
       2.042748     4.042505     3.268573
       3.989614    -0.518410     3.248999
       0.301093    -3.755886     3.236103
      -3.953859    -1.279430     3.268411
      -2.893967     3.570644     3.268568
       2.711269     3.143255     3.281435
       3.339683    -1.417889     3.252518
      -0.754814    -3.428476     3.248617
      -3.976679    -0.157106     3.280897
      -1.834177     3.930108     3.281575
       3.368872     2.229781     3.281826
       2.684636    -2.311294     3.249468
      -1.809001    -3.090476     3.250299
      -3.981621     0.968499     3.280788
      -0.766653     4.276964     3.281654
       4.010742     1.307496     3.270272
       2.022519    -3.196783     3.236404
      -2.858806    -2.743344     3.242841
      -3.969280     2.089093     3.268060
       0.302049     4.609064     3.268796
       2.321006     4.932969     2.655171
       4.929298    -0.533017     2.658296
       0.592462    -4.627987     2.629296
      -4.696997    -1.839022     2.657240
      -3.654280     4.110887     2.654953
       2.987689     4.035866     2.663680
       4.267235    -1.414470     2.647471
      -0.458726    -4.302724     2.638882
      -4.720591    -0.718088     2.664197
      -2.596436     4.468765     2.663443
       3.648299     3.128526     2.666907
       3.614764    -2.304830     2.644678
      -1.512035    -3.968728     2.643530
      -4.731131     0.405990     2.666300
      -1.532785     4.819234     2.666427
       4.299894     2.212925     2.664794
       2.958674    -3.193133     2.639328
      -2.562245    -3.628118     2.643572
      -4.729794     1.528482     2.663112
      -0.466255     5.160855     2.663582
       4.939410     1.292204     2.658351
       2.299130    -4.073759     2.629463
      -3.606720    -3.283751     2.640425
      -4.717601     2.646178     2.654675
       0.599941     5.493047     2.655224
       2.139687     5.493012     1.703676
       1.075655     5.839508     1.703403
       5.415584     0.946243     1.706010
       5.410369    -0.181542     1.706530
       2.118908    -4.628170     1.686120
       1.064136    -4.970679     1.685953
      -4.208910    -3.298424     1.697014
      -4.878602    -2.398211     1.705771
      -4.899883     3.205989     1.703283
      -4.242613     4.111707     1.703077
       2.624048     5.160783     0.753805
       0.488485     5.856189     0.753205
       5.254140     1.519624     0.756315
       5.240981    -0.733214     0.755493
       2.597731    -4.303273     0.750438
       0.485713    -4.988899     0.750016
      -3.748397    -3.656182     0.759278
      -5.084851    -1.839643     0.755963
      -5.096413     2.652582     0.753437
      -3.777199     4.470375     0.752969
       1.561982     5.526189     0.748919
       5.269725     0.392790     0.752321
       1.546526    -4.660746     0.745255
      -4.434244    -2.758933     0.751057
      -4.451835     3.572447     0.748614
       3.103632     4.819130    -0.198839
      -0.100487     5.862550    -0.199897
       5.080508     2.087964    -0.197491
       5.066152    -1.292598    -0.185443
       3.073163    -3.970263    -0.188912
      -0.095342    -4.998017    -0.189838
      -3.278927    -4.004708    -0.184668
      -5.277900    -1.277475    -0.197912
      -5.283541     2.094377    -0.199146
      -3.304279     4.821747    -0.200059
       2.046979     5.197554    -0.204798
       5.110888     0.964131    -0.202184
       2.026041    -4.336583    -0.196648
      -3.973354    -3.116977    -0.198070
      -4.650992     3.021585    -0.205063
       0.976278     5.546257    -0.205215
       5.106371    -0.165677    -0.199443
       0.967773    -4.680010    -0.196535
      -4.641455    -2.204518    -0.202488
      -3.989614     3.933005    -0.205439
       3.576715     4.468629    -1.151518
      -0.689474     5.857875    -1.153006
       4.895087     2.650059    -1.151089
       4.880473    -1.841702    -1.130349
       3.545497    -3.633573    -1.127936
      -0.676013    -4.998547    -1.128869
      -2.803876    -4.342417    -1.129752
      -5.458037    -0.713493    -1.151378
      -5.460218     1.532837    -1.151760
      -2.824876     5.164181    -1.153109
       2.524446     4.850653    -1.159726
       4.931051     1.530488    -1.158100
       2.500216    -3.999070    -1.139087
      -3.498447    -3.462017    -1.147877
      -4.833336     2.460376    -1.159942
       1.459207     5.211391    -1.163554
       4.941664     0.404080    -1.158769
       1.445630    -4.351315    -1.141469
      -4.175170    -2.558686    -1.158094
      -4.183456     3.378321    -1.163751
       0.385883     5.547163    -1.160593
       4.924931    -0.723683    -1.148748
       0.385064    -4.684560    -1.137804
      -4.828899    -1.640581    -1.158153
      -3.512354     4.280803    -1.160757
       4.042267     4.110706    -2.101459
      -1.276661     5.842459    -2.103187
       4.699276     3.205053    -2.101339
       4.688198    -2.402408    -2.071706
       4.026346    -3.309610    -2.065498
      -1.254343    -4.992854    -2.064297
      -2.325175    -4.667039    -2.070432
      -5.625775    -0.149184    -2.101513
      -5.626470     0.969709    -2.101668
      -2.340626     5.496835    -2.103234
       2.991430     4.487633    -2.109959
       4.731482     2.089024    -2.108861
       2.970455    -3.652212    -2.082390
      -3.011669    -3.792495    -2.094075
      -4.997747     1.892284    -2.110135
       1.932494     4.851525    -2.117633
       4.748359     0.968506    -2.114187
       1.916552    -4.004529    -2.083672
      -3.688165    -2.897124    -2.109055
      -4.354817     2.809070    -2.117802
       0.864625     5.199336    -2.118071
       4.746353    -0.157118    -2.109709
       0.859347    -4.347624    -2.082443
      -4.351077    -1.987739    -2.113790
      -3.695208     3.718088    -2.118222
      -0.205458     5.528682    -2.111156
       4.725610    -1.280622    -2.094560
      -0.199061    -4.675764    -2.076616
      -4.995901    -1.071122    -2.108856
      -3.022946     4.613442    -2.111267
       4.250979     3.570572    -1.146891
       4.218777    -2.745436    -1.129038
      -1.736949    -4.675559    -1.125865
      -5.477921     0.409925    -1.147125
      -1.762927     5.528753    -1.148644
       3.788580     3.930062    -0.193171
       4.407201    -2.195689    -0.182079
      -1.158051    -4.684261    -0.183876
      -5.313846    -0.154227    -0.193084
      -2.247753     5.199463    -0.194630
       4.449624     3.017874    -0.192778
       3.750548    -3.091078    -0.184296
      -2.215098    -4.347214    -0.181616
      -5.315156     0.972436    -0.193487
      -1.177260     5.547224    -0.194573
       3.311154     4.276933     0.761674
       4.587953    -1.639986     0.763357
      -0.576363    -4.679671     0.757922
      -5.128491    -0.718308     0.762719
      -2.725014     4.851685     0.760694
       3.981954     3.373476     0.765494
       3.939939    -2.540193     0.762986
      -1.634973    -4.350608     0.762971
      -5.144567     0.408203     0.765067
      -1.660003     5.211499     0.764113
       4.630918     2.452869     0.763003
       3.276195    -3.428811     0.758057
      -2.687824    -4.003758     0.763830
      -5.132860     1.533576     0.761255
      -0.586879     5.546310     0.760815
       2.821636     4.609051     1.711777
       4.760875    -1.078765     1.706485
       0.007137    -4.660489     1.696603
      -4.922034    -1.279416     1.714074
      -3.191816     4.487809     1.711263
       3.493528     3.712519     1.719402
       4.112196    -1.979153     1.707502
      -1.049529    -4.335896     1.704247
      -4.945825    -0.155872     1.719641
      -2.133069     4.850785     1.718601
       4.152318     2.800593     1.720197
       3.457094    -2.872519     1.704561
      -2.103458    -3.997382     1.706926
      -4.948832     0.969516     1.718849
      -1.065441     5.197644     1.718667
       4.793218     1.878391     1.714254
       2.792316    -3.756074     1.696821
      -3.152251    -3.647281     1.704720
      -4.932129     2.089925     1.711288
       0.004467     5.526234     1.711458
       4.517546     2.645925    -3.052574
       3.441347    -3.307970    -3.023887
      -2.509594    -4.119397    -3.032215
      -5.150966     1.316097    -3.053603
      -0.800844     5.496758    -3.054814
       4.530417     1.528235    -3.059638
       2.384147    -3.654781    -3.036440
      -3.181680    -3.222379    -3.050354
      -4.505800     2.228049    -3.062306
       0.265506     5.164041    -3.062954
       4.533637     0.405803    -3.059283
       1.331711    -4.005064    -3.036004
      -3.847339    -2.316840    -3.059016
      -3.851527     3.137619    -3.065591
       1.332301     4.821567    -3.065453
       4.526631    -0.718014    -3.050455
       0.274597    -4.342752    -3.032965
      -4.503985    -1.406653    -3.059471
      -3.189643     4.041673    -3.063066
       2.396180     4.470167    -3.062159
       4.510040    -1.838845    -3.032147
      -0.780684    -4.667251    -3.025119
      -5.150221    -0.494694    -3.052615
      -2.522375     4.937545    -3.054877
       3.454094     4.111469    -3.053445
       0.669632     0.969378    -5.992815
       0.669287    -0.149545    -5.992074
      -0.394199    -0.494961    -5.992073
      -1.051810     0.410198    -5.992815
      -0.394409     1.315820    -5.993281
       1.444959     1.532517    -5.419295
       1.444002    -0.713854    -5.417047
      -0.689682    -1.406834    -5.417059
      -2.010024     0.410187    -5.419302
      -0.690609     2.227833    -5.420172
       1.456862     0.409578    -5.433036
       0.380785    -1.071417    -5.432014
      -1.359974    -0.505399    -5.432976
      -1.360345     1.326346    -5.434326
       0.380992     1.892010    -5.434307
       2.218061     2.094082    -4.835215
       2.216068    -1.277770    -4.829374
      -0.983296    -2.316974    -4.829322
      -2.965479     0.410205    -4.835240
      -0.986049     3.137453    -4.836489
       2.237117     0.972137    -4.860962
       1.156324    -1.640878    -4.857534
      -1.659682    -1.420193    -4.859408
      -2.322338     1.329718    -4.862340
       0.086713     2.808844    -4.862724
       2.236671    -0.154508    -4.859594
       0.087550    -1.987930    -4.857503
      -2.321778    -0.508797    -4.860873
      -1.660941     2.241123    -4.862756
       1.157402     2.460116    -4.862298
       2.986455     2.652312    -4.241794
       2.982433    -1.839764    -4.229845
      -1.273576    -3.222493    -4.229789
      -3.915164     0.410288    -4.241848
      -1.279718     4.041557    -4.243406
       3.009639     1.533325    -4.270880
       1.927248    -2.204956    -4.262603
      -1.953019    -2.330275    -4.265933
      -3.277192     1.329770    -4.272209
      -0.208563     3.717904    -4.272983
       3.018092     0.408021    -4.279654
       0.863269    -2.558745    -4.273080
      -2.622315    -1.424321    -4.279403
      -2.623901     2.245237    -4.282842
       0.863453     3.378099    -4.282767
       3.008452    -0.718336    -4.266424
      -0.205103    -2.897320    -4.262208
      -3.276484    -0.508748    -4.270806
      -1.956208     3.150195    -4.273030
       1.929981     3.021341    -4.272138
       3.748169     3.205723    -3.641192
       3.739448    -2.398634    -3.620665
      -1.558210    -4.119486    -3.620293
      -4.856655     0.410405    -3.641288
      -1.570748     4.937485    -3.642982
       3.769672     2.089687    -3.666404
       2.688055    -2.760627    -3.650563
      -2.237208    -3.230058    -3.655544
      -4.219020     1.326505    -3.667580
      -0.502924     4.613306    -3.668634
       3.783766     0.969364    -3.677926
       1.630694    -3.116637    -3.664078
      -2.909878    -2.330225    -3.674477
      -3.573260     2.241235    -3.680906
       0.566075     4.280616    -3.681220
       3.782921    -0.155734    -3.674917
       0.569217    -3.462204    -3.662803
      -3.571520    -1.420102    -3.677715
      -2.913654     3.150255    -3.681320
       1.633938     3.932790    -3.680792
       3.766864    -1.278619    -3.656587
      -0.494596    -3.792733    -3.650069
      -4.218286    -0.505255    -3.666379
      -2.244228     4.047670    -3.668693
       2.693948     3.572210    -3.667469
       1.638654    -4.944901     2.615686
      -4.656539    -2.962564     2.652310
      -1.831300    -5.015221    -2.998129
       0.790664    -2.336188     5.491811
       2.120510    -0.543741     5.521563
      -0.273322    -2.004301     5.516393
       1.456193    -1.442307     5.516820
      -1.339323    -1.668361     5.520311
       1.081810    -3.231431     4.900035
       3.073886    -0.548170     4.937973
       0.016923    -2.907189     4.927093
       2.416890    -1.449484     4.939615
      -1.045898    -2.574780     4.938530
       1.752687    -2.343262     4.927550
      -2.107768    -2.232845     4.935776
       1.371625    -4.123071     4.305904
       4.022424    -0.543663     4.346553
       0.308263    -3.800795     4.332600
       3.369345    -1.449459     4.351193
      -0.754738    -3.472572     4.347642
       2.709727    -2.346997     4.348615
      -1.815528    -3.134443     4.349342
       2.042625    -3.237419     4.332964
      -2.875234    -2.787986     4.342592
       1.660357    -5.011905     3.707533
       0.599133    -4.685823     3.729964
       4.315398    -1.442251     3.750376
      -0.461417    -4.359832     3.744408
       3.655683    -2.343258     3.751820
      -1.521796    -4.025265     3.750263
       2.994147    -3.237442     3.745042
      -2.579492    -3.682505     3.748283
       2.327505    -4.124463     3.730203
      -3.640060    -3.335247     3.740008
       0.895586    -5.567256     3.123327
      -0.164349    -5.238368     3.132460
       4.590686    -2.336181     3.144031
      -1.223309    -4.904990     3.138603
       3.931149    -3.231485     3.139501
      -2.281484    -4.566409     3.141382
       3.270016    -4.123137     3.132847
      -3.338847    -4.223717     3.141557
       2.605530    -5.011923     3.123475
       2.424961    -5.567423     2.178333
       1.368169    -5.910608     2.178166
       2.907327    -5.238825     1.234518
       0.784789    -5.927958     1.234197
       1.849643    -5.594373     1.228960
       3.386671    -4.906012     0.290341
       0.201047    -5.939846     0.289909
       2.332731    -5.271659     0.283691
       1.268952    -5.617020     0.283693
       3.864410    -4.569397    -0.655641
      -0.383260    -5.945551    -0.655041
       2.811881    -4.937846    -0.662786
       1.751494    -5.293458    -0.664791
       0.684409    -5.628169    -0.662118
      -0.967852    -5.946347    -1.600401
       3.290411    -4.593507    -1.611028
       2.229250    -4.954317    -1.611725
       1.164618    -5.299648    -1.610913
       0.098063    -5.627864    -1.606792
       2.701240    -4.604004    -2.560762
       1.639463    -4.955371    -2.558638
       0.574510    -5.294374    -2.556851
      -0.493490    -5.621367    -2.553092
      -2.032054    -5.621012    -1.601808
       5.205814    -2.785349    -0.649006
      -1.449822    -5.627565    -0.649840
       4.542215    -3.684435    -0.655185
      -2.512726    -5.293777    -0.647879
       5.390797    -2.231506     0.304180
      -0.866653    -5.627839     0.296676
       4.735768    -3.134250     0.301888
      -1.930024    -5.299004     0.302333
       4.068203    -4.025584     0.296549
      -2.990189    -4.954377     0.304692
       5.569376    -1.667591     1.252668
      -0.281842    -5.616744     1.242164
       4.917838    -2.574506     1.254226
      -1.345835    -5.292798     1.249814
       4.259075    -3.472664     1.249940
      -2.405897    -4.953262     1.254074
       3.587946    -4.360162     1.242342
      -3.463981    -4.602649     1.254620
       0.303901    -5.594178     2.184171
       5.088741    -2.004118     2.203700
      -0.757492    -5.271163     2.193459
       4.431914    -2.907223     2.199367
      -1.817795    -4.936793     2.198948
       3.769769    -3.800965     2.193808
      -2.874804    -4.592254     2.200106
       3.100416    -4.686016     2.184391
      -3.933511    -4.239521     2.201081