
      -0.456912     0.008719     0.747196
      -0.183539    -0.832633     0.200455
      -1.168623    -0.511405     0.202658
      -1.168555     0.528821     0.202645
      -0.183447     0.850158     0.200451
       0.422607     0.008842     0.197700
      -0.726131    -0.832816    -0.682195
      -1.334138     0.008737    -0.680522
      -0.725963     0.850277    -0.682189
       0.259158     0.528867    -0.684266
       0.258905    -0.511254    -0.684243
      -0.452542     0.008777    -1.229026
      -0.171657     0.886640     1.251810
       0.463443     0.008748     1.248232
      -0.171712    -0.869264     1.251810
      -1.200255    -0.534802     1.255449
      -1.200247     0.552145     1.255461
       0.748317     0.885055     0.678784
       0.748120    -0.867394     0.678884
      -0.914850    -1.413183     0.684646
      -1.944284     0.008694     0.686074
      -0.914809     1.430561     0.684676
       0.575453     1.429405    -0.241867
      -0.452321     1.766532    -0.239979
       1.209319     0.550533    -0.242522
       1.208951    -0.532627    -0.242476
       0.575171    -1.411850    -0.241830
      -0.452531    -1.749079    -0.239956
      -1.482263    -1.413254    -0.237958
      -2.120076    -0.534183    -0.238022
      -2.120046     0.551603    -0.238006
      -1.482133     1.430650    -0.237957
       1.037042     0.008785    -1.165037
       0.009314    -1.413584    -1.163551
      -1.658230    -0.869713    -1.161628
      -1.658095     0.887168    -1.161616
       0.009707     1.431036    -1.163550
       0.295428     0.551681    -1.734987
       0.295216    -0.534142    -1.735039
      -0.734578    -0.870075    -1.733051
      -1.372675     0.008738    -1.732451
      -0.734380     0.887582    -1.733050
      -0.455450     0.008657     1.796812
       0.107825     1.742258     0.670406
       1.359641     0.008864     0.666186
       0.107801    -1.724846     0.670320
      -1.925107    -1.063980     0.674743
      -1.925070     1.081337     0.674758
       1.020006     1.080297    -1.152408
       1.019251    -1.062811    -1.152428
      -1.012607    -1.726923    -1.150150
      -2.271778     0.008731    -1.149336
      -1.012359     1.744345    -1.150140
      -0.448425     0.008741    -2.277998
      -0.164574     0.897788     2.308946
       0.478750     0.008645     2.303377
      -0.164597    -0.880541     2.308928
      -1.206884    -0.542046     2.313644
      -1.206890     0.559271     2.313665
       0.121828     1.779279     1.736246
       1.401714     0.008733     1.728914
       0.121803    -1.761987     1.736132
      -1.956492    -1.088324     1.742388
      -1.956500     1.105590     1.742421
       0.773052     0.901176     1.746449
       0.772971    -0.883780     1.746496
      -0.922140    -1.440557     1.755728
      -1.971843     0.008639     1.758227
      -0.922134     1.457822     1.755791
       1.053021     1.775885     1.155081
       1.689575    -0.877207     1.153199
      -0.631166    -2.313915     1.162220
      -2.711492    -0.537468     1.164981
      -1.667408     1.995300     1.164321
       1.689766     0.894846     1.153073
       1.052903    -1.758409     1.155082
      -1.667419    -1.977996     1.164247
      -2.711490     0.554796     1.164996
      -0.631204     2.331232     1.162362
       0.878199     2.328887     0.223552
      -0.162713     2.671631     0.225511
       2.155827     0.556542     0.221489
       2.155549    -0.538679     0.221516
       0.878203    -2.311533     0.223415
      -0.162744    -2.654266     0.225394
      -2.243376    -1.978175     0.228759
      -2.890360    -1.087501     0.228306
      -2.890338     1.104870     0.228331
      -2.243294     1.995510     0.228781
       1.342278     1.992439    -0.703505
      -0.734042     2.673393    -0.701970
       1.983355     1.101512    -0.703374
       1.982087    -1.083473    -0.703031
       1.341656    -1.974951    -0.703387
      -0.734282    -2.655992    -0.701989
      -1.778799    -2.315719    -0.700367
      -3.068035    -0.541396    -0.700906
      -3.068013     0.558822    -0.700890
      -1.778625     2.333088    -0.700361
       0.311043     2.353698    -0.709779
       2.001948     0.009088    -0.710555
       0.310646    -2.336266    -0.709743
      -2.441263    -1.441135    -0.707330
      -2.441164     1.458539    -0.707314
       1.532755     1.453110     0.227821
       1.532220    -1.435295     0.228128
      -1.209701    -2.336983     0.233958
      -2.912342     0.008690     0.234818
      -1.209612     2.354334     0.233997
       1.809775     0.553640    -1.638488
       0.768836    -1.977629    -1.637689
      -1.957857    -1.765000    -1.636612
      -2.599948     0.898843    -1.636777
      -0.266105     2.333528    -1.637403
       1.809163    -0.536315    -1.638358
      -0.266507    -2.316212    -1.637453
      -2.600058    -0.881389    -1.636791
      -1.957655     1.782428    -1.636598
       0.769651     1.994830    -1.637627
       0.310618     0.558564    -2.790838
       0.310451    -0.541213    -2.790935
      -0.734069    -0.881710    -2.789452
      -1.381338     0.008716    -2.789220
      -0.733887     0.899146    -2.789436
       1.059115     1.103955    -2.216549
       1.058424    -1.086626    -2.216738
      -1.021294    -1.765402    -2.215194
      -2.310731     0.008728    -2.215205
      -1.021015     1.782831    -2.215186
       1.072973     0.008726    -2.233624
       0.023595    -1.441068    -2.232391
      -1.678939    -0.887339    -2.231750
      -1.678789     0.904791    -2.231741
       0.024025     1.458467    -2.232350
      -0.450065     0.008594     2.854375
       0.404597     2.639454     1.145082
       2.303500     0.008758     1.138284
       0.404719    -2.622149     1.144824
      -2.686953    -1.620601     1.150373
      -2.686938     1.637905     1.150412
       1.789528     1.634948    -1.621168
       1.787810    -1.617620    -1.621316
      -1.300995    -2.627573    -1.621447
      -3.216215     0.008734    -1.621564
      -1.300727     2.644947    -1.621421
      -0.444148     0.008680    -3.334561
      -0.154212     0.904240     3.374894
       0.493247     0.008561     3.366449
      -0.154218    -0.887123     3.374855
      -1.204931    -0.546107     3.380859
      -1.204941     0.563216     3.380887
       0.134341     1.797155     2.806445
       1.426745     0.008608     2.794770
       0.134346    -1.779987     2.806307
      -1.968109    -1.100064     2.813716
      -1.968131     1.117223     2.813760
       0.790449     0.908417     2.813684
       0.790420    -0.891218     2.813679
      -0.921324    -1.454387     2.827624
      -1.981854     0.008583     2.831217
      -0.921339     1.471536     2.827709
       0.422486     2.679481     2.221597
       2.350984     0.008653     2.209608
       0.422564    -2.662268     2.221302
      -2.721177    -1.647518     2.228006
      -2.721199     1.664730     2.228060
       1.079845     1.799121     2.235001
       1.724692    -0.889943     2.231844
      -0.631053    -2.347743     2.247090
      -2.743175    -0.544927     2.251034
      -1.681898     2.025394     2.249475
       1.724761     0.907269     2.231812
       1.079808    -1.781858     2.234910
      -1.681869    -2.008198     2.249374
      -2.743184     0.562149     2.251053
      -0.631101     2.364933     2.247262
       1.359097     2.673804     1.634843
       2.640484    -0.882333     1.630614
      -0.336239    -3.219654     1.643492
      -3.482907    -1.092672     1.646060
      -2.430061     2.560780     1.645854
       2.005811     1.790622     1.636897
       2.005689    -1.773191     1.636893
      -1.386316    -2.890632     1.650141
      -3.491563     0.008642     1.651395
      -1.386385     2.907890     1.650329
       2.640582     0.899743     1.630563
       1.359187    -2.656517     1.634586
      -2.430045    -2.543526     1.645748
      -3.482913     1.109950     1.646091
      -0.336396     3.236914     1.643801
       1.184222     3.233104     0.697882
       0.135378     3.579780     0.700203
       3.109141     0.559401     0.693752
       3.109022    -0.541960     0.693693
       1.184498    -3.215867     0.697502
       0.135587    -3.562485     0.699859
      -3.011360    -2.543939     0.702974
      -3.663512    -1.646825     0.702443
      -3.663500     1.664154     0.702478
      -3.011314     2.561230     0.703022
       1.655643     2.902725    -0.236290
      -0.443262     3.593223    -0.235804
       2.943498     1.110407    -0.236986
       2.942641    -1.092634    -0.236745
       1.655839    -2.885515    -0.236521
      -0.443247    -3.575867    -0.235976
      -2.548924    -2.892487    -0.233862
      -3.852877    -1.099215    -0.234930
      -3.852858     1.116609    -0.234908
      -2.548813     2.909804    -0.233837
       0.613355     3.269335    -0.241598
       2.962010     0.008963    -0.242080
       0.613435    -3.251991    -0.241808
      -3.219054    -2.008757    -0.239425
      -3.218985     2.026118    -0.239399
       2.118911     2.555653    -1.169208
      -1.021049     3.584496    -1.171730
       2.763529     1.657310    -1.168574
       2.760377    -1.638873    -1.167689
       2.117793    -2.538116    -1.168983
      -1.021256    -3.567134    -1.171792
      -2.074519    -3.224623    -1.170669
      -4.022559    -0.545450    -1.171934
      -4.022539     0.562901    -1.171922
      -2.074329     3.241968    -1.170656
       1.083725     2.928215    -1.181198
       2.787776     0.559944    -1.179262
       1.083117    -2.910867    -1.181141
      -2.748283    -2.350799    -1.180939
      -3.399492     1.472594    -1.181389
       0.034057     3.272115    -1.181702
       2.786833    -0.541839    -1.178717
       0.033735    -3.254758    -1.181756
      -3.399578    -1.455172    -1.181405
      -2.748136     2.368186    -1.180923
       2.314730     2.015823    -0.233180
       2.313569    -1.997876    -0.232423
      -1.502806    -3.255324    -0.229677
      -3.875221     0.008700    -0.230129
      -1.502716     3.272650    -0.229616
       1.845449     2.355432     0.704033
       2.489148    -1.445262     0.703054
      -0.921785    -3.253960     0.711100
      -3.694743    -0.544742     0.711944
      -1.973650     2.930486     0.712138
       2.489568     1.462982     0.702793
       1.845270    -2.337974     0.704063
      -1.973675    -2.913194     0.712049
      -3.694741     0.562085     0.711957
      -0.921845     3.271265     0.711282
       2.589912     1.106069    -2.111199
       1.541180    -2.541648    -2.111314
      -2.255239    -2.670010    -2.114015
      -3.551034     0.905426    -2.114726
      -0.549804     3.242188    -2.113837
       2.596139     0.008191    -2.117262
       0.498159    -2.892115    -2.118721
      -2.910401    -1.783960    -2.119802
      -2.910228     1.801403    -2.119786
       0.498760     2.909124    -2.118577
       2.588586    -1.089064    -2.110817
      -0.550155    -3.224950    -2.113919
      -3.551126    -0.887955    -2.114739
      -2.255008     2.687413    -2.114000
       1.542555     2.558371    -2.111102
       0.320922     0.562382    -3.855270
       0.320787    -0.545234    -3.855375
      -0.732321    -0.888289    -3.854644
      -1.384633     0.008686    -3.854733
      -0.732172     0.905619    -3.854624
       1.081605     1.115321    -3.284254
       1.081120    -1.098325    -3.284539
      -1.023581    -1.784359    -3.284271
      -2.327747     0.008719    -3.284736
      -1.023329     1.801729    -3.284262
       1.094458     0.008548    -3.302484
       0.033443    -1.455141    -3.301903
      -1.687491    -0.896128    -3.302191
      -1.687352     0.913540    -3.302185
       0.033778     1.472388    -3.301840
       1.834029     1.661308    -2.694045
       1.832783    -1.644271    -2.694572
      -1.311481    -2.670294    -2.696608
      -3.259680     0.008737    -2.697427
      -1.311194     2.687661    -2.696590
       1.852934     0.560845    -2.719600
       0.793508    -2.008025    -2.719389
      -1.978530    -1.791594    -2.720283
      -2.629760     0.913468    -2.720585
      -0.257249     2.368073    -2.719792
       1.852355    -0.543899    -2.719573
      -0.257646    -2.350808    -2.719835
      -2.629880    -0.896016    -2.720596
      -1.978311     1.809016    -2.720273
       0.794205     2.025126    -2.719260
      -0.439601     0.008531     3.922495
       0.708684     3.543506     1.625899
       3.256741     0.008608     1.615140
       0.708932    -3.526274     1.625453
      -3.456969    -2.182689     1.630330
      -3.456972     2.199950     1.630388
       2.570874     2.193901    -2.090636
       2.567287    -2.176660    -2.091269
      -1.592895    -3.537065    -2.097728
      -4.170563     0.008747    -2.098764
      -1.592620     3.554408    -2.097694
      -0.440522     0.008629    -4.401868
      -0.137930     0.908905     4.449954
       0.511559     0.008487     4.437115
      -0.137929    -0.891912     4.449899
      -1.196171    -0.548812     4.458230
      -1.196180     0.565813     4.458263
       0.152341     1.808206     3.883897
       1.449755     0.008517     3.865989
       0.152363    -1.791166     3.883741
      -1.969866    -1.107074     3.892078
      -1.969889     1.124130     3.892130
       0.809668     0.911956     3.884497
       0.809664    -0.894919     3.884455
      -0.913496    -1.463460     3.905165
      -1.982917     0.008530     3.909865
      -0.913518     1.480499     3.905262
       0.442837     2.702478     3.302956
       2.384593     0.008550     3.283685
       0.442914    -2.685386     3.302645
      -2.738041    -1.663121     3.309356
      -2.738075     1.680235     3.309420
       1.102788     1.811125     3.312294
       1.751802    -0.895933     3.308215
      -0.623267    -2.367585     3.331723
      -2.758387    -0.549919     3.336316
      -1.686348     2.042766     3.334042
       1.751820     0.913043     3.308240
       1.102800    -1.794030     3.312150
      -1.686306    -2.025673     3.333925
      -2.758399     0.567038     3.336338
      -0.623323     2.384664     3.331913
       0.731509     3.585493     2.711139
       3.309466     0.008557     2.692807
       0.731700    -3.568344     2.710658
      -3.494592    -2.212005     2.715514
      -3.494626     2.229179     2.715585
       1.390689     2.700527     2.722571
       2.683300    -0.893590     2.716766
      -0.330341    -3.258218     2.738867
      -3.519220    -1.104627     2.741550
      -2.449764     2.594091     2.740779
       2.043028     1.809354     2.725923
       2.043010    -1.792174     2.725806
      -1.393363    -2.927256     2.748044
      -3.528054     0.008591     2.749914
      -1.393447     2.944393     2.748249
       2.683337     0.910768     2.716792
       1.390774    -2.683383     2.722248
      -2.449713    -2.576938     2.740653
      -3.519239     1.121807     2.741587
      -0.330477     3.275350     2.739188
       1.670595     3.576635     2.119063
       3.600018    -0.885666     2.111709
      -0.032061    -4.131556     2.130035
      -4.261391    -1.654532     2.130269
      -3.201963     3.129959     2.130309
       2.321488     2.691841     2.122700
       2.966272    -1.781668     2.120338
      -1.092759    -3.806520     2.137882
      -4.274141    -0.547299     2.138201
      -2.152429     3.482940     2.138173
       2.966328     1.798928     2.120432
       2.321559    -2.674606     2.122400
      -2.152337    -3.465726     2.137960
      -4.274147     0.564546     2.138217
      -1.092936     3.823738     2.138215
       3.600047     0.902804     2.111743
       1.670862    -3.559466     2.118532
      -3.201924    -3.112741     2.130183
      -4.261406     1.671773     2.130314
      -0.032323     4.148767     2.130510
       1.497248     4.142097     1.179431
       0.441668     4.493283     1.182442
       4.070252     0.561164     1.171599
       4.070187    -0.544133     1.171472
       1.497653    -4.124881     1.178821
       0.442021    -4.476030     1.181894
      -3.787402    -3.113315     1.182299
      -4.443154    -2.211698     1.181873
      -4.443153     2.228998     1.181918
      -3.787381     3.130575     1.182366
       1.973208     3.815037     0.241528
      -0.144034     4.513380     0.240308
       3.907961     1.115046     0.238111
       3.907596    -1.097983     0.237916
       1.973853    -3.797807     0.240910
      -0.143770    -4.496062     0.239929
      -3.325259    -3.467644     0.240457
      -4.638199    -1.662637     0.239428
      -4.638185     1.680007     0.239454
      -3.325188     3.484925     0.240506
       0.921366     4.185370     0.235141
       3.925344     0.008587     0.233181
       0.921816    -4.168053     0.234632
      -3.999231    -2.577665     0.235227
      -3.999183     2.594995     0.235263
       2.442874     3.473693    -0.698820
      -0.730378     4.516320    -0.705854
       3.734216     1.667610    -0.699076
       3.732280    -1.650110    -0.698855
       2.443994    -3.456423    -0.699318
      -0.730324    -4.498960    -0.706041
      -2.852361    -3.811242    -0.705327
      -4.819689    -1.106638    -0.706919
      -4.819668     1.124073    -0.706903
      -2.852228     3.828548    -0.705299
       1.397484     3.853703    -0.710388
       3.759991     0.562881    -0.707014
       1.398003    -3.836312    -0.710699
      -3.534475    -2.930251    -0.712944
      -4.191816     2.043933    -0.713508
       0.336854     4.201991    -0.712475
       3.759462    -0.545472    -0.706604
       0.337056    -4.184604    -0.712725
      -4.191884    -2.026536    -0.713527
      -3.534366     2.947604    -0.712924
       2.906422     3.121377    -1.635884
      -1.312787     4.502576    -1.647609
       3.554425     2.217249    -1.634784
       3.546662    -2.197279    -1.633032
       2.904769    -3.103084    -1.635337
      -1.312972    -4.485233    -1.647679
      -2.372630    -4.141256    -1.647200
      -4.985765    -0.548370    -1.649048
      -4.985747     0.565862    -1.649041
      -2.372422     4.158585    -1.647185
       1.866073     3.500175    -1.652642
       3.576865     1.115476    -1.646854
       1.865387    -3.482796    -1.652497
      -3.052285    -3.265681    -1.658624
      -4.362541     1.481741    -1.659634
       0.811369     3.857621    -1.660662
       3.584166     0.008415    -1.650241
       0.811057    -3.840342    -1.660714
      -3.716857    -2.371666    -1.663553
      -3.716717     2.389086    -1.663542
      -0.250133     4.192337    -1.657937
       3.574569    -1.097377    -1.645259
      -0.250337    -4.175019    -1.658030
      -4.362622    -1.464283    -1.659646
      -3.052104     3.283057    -1.658614
       3.101813     2.577531    -0.696758
       3.099610    -2.558968    -0.695237
      -1.797993    -4.175619    -0.700869
      -4.841232     0.008720    -0.702436
      -1.797907     4.192931    -0.700791
       2.636304     2.925621     0.245464
       3.283683    -2.008971     0.244639
      -1.213874    -4.186501     0.247319
      -4.671731    -0.549726     0.246157
      -2.276742     3.859726     0.247476
       3.284362     2.026709     0.244234
       2.636204    -2.908224     0.245492
      -2.276770    -3.842446     0.247373
      -4.671726     0.567107     0.246167
      -1.213962     4.203802     0.247530
       2.159086     3.259014     1.185679
       3.450784    -1.451180     1.181914
      -0.624592    -4.171946     1.193243
      -4.477883    -1.104530     1.192522
      -2.744964     3.504817     1.193154
       2.812605     2.368639     1.187090
       2.812441    -2.351199     1.187020
      -1.688943    -3.841314     1.197450
      -4.489389     0.008659     1.196864
      -1.689038     3.858572     1.197672
       3.450971     1.468552     1.181918
       2.159304    -3.241778     1.185252
      -2.744952    -3.487566     1.193031
      -4.477885     1.121844     1.192546
      -0.624814     4.189216     1.193610
       3.380222     1.663177    -2.583475
       2.325592    -3.108115    -2.585271
      -2.554387    -3.584001    -2.595576
      -4.511751     0.910199    -2.596849
      -0.839065     4.158468    -2.594709
       3.389584     0.560031    -2.592221
       1.275439    -3.465338    -2.598487
      -3.216458    -2.695599    -2.603971
      -3.870725     1.813451    -2.604443
       0.217807     3.827588    -2.601304
       3.389914    -0.545119    -2.591856
       0.217403    -3.810622    -2.601443
      -3.870882    -1.795977    -2.604456
      -3.216243     2.713034    -2.603962
       1.276094     3.481839    -2.598216
       3.378069    -1.646451    -2.582174
      -0.839394    -4.141250    -2.594782
      -4.511833    -0.892689    -2.596859
      -2.554127     3.601390    -2.595565
       2.327351     3.123843    -2.584773
       0.328446     0.565255    -4.929707
       0.328322    -0.548218    -4.929794
      -0.731065    -0.892971    -4.929866
      -1.386776     0.008667    -4.930244
      -0.730925     0.910230    -4.929854
       1.096705     1.122632    -4.359082
       1.096385    -1.105852    -4.359342
      -1.024605    -1.796272    -4.360507
      -2.337552     0.008713    -4.361326
      -1.024369     1.813575    -4.360505
       1.109312     0.008414    -4.376799
       0.040239    -1.464275    -4.377045
      -1.692362    -0.901781    -4.378071
      -1.692233     0.919156    -4.378068
       0.040498     1.481385    -4.376995
       1.862535     1.676967    -3.771086
       1.861959    -1.660405    -3.771638
      -1.316941    -2.695796    -3.775946
      -3.284337     0.008742    -3.777207
      -1.316653     2.713130    -3.775942
       1.880999     0.565653    -3.799900
       0.810218    -2.025954    -3.800787
      -1.989271    -1.807689    -3.803082
      -2.646602     0.921460    -3.803507
      -0.251725     2.388787    -3.801850
       1.880604    -0.549161    -3.799944
      -0.252049    -2.371612    -3.801869
      -2.646720    -0.904013    -3.803515
      -1.989054     1.825090    -3.803078
       0.810638     2.042856    -3.800672
       2.619959     2.223289    -3.169984
       2.618571    -2.206504    -3.171319
      -1.605651    -3.584070    -3.181050
      -4.218855     0.008759    -3.182637
      -1.605346     3.601408    -3.181031
       2.640129     1.117885    -3.200739
       1.573233    -2.575646    -3.202439
      -2.277753    -2.702998    -3.207562
      -3.588028     0.919123    -3.208426
      -0.544797     3.282729    -3.206417
       2.647097     0.007807    -3.209589
       0.516573    -2.929571    -3.213505
      -2.940381    -1.807572    -3.216353
      -2.940188     1.825022    -3.216341
       0.517013     2.946537    -3.213427
       2.639183    -1.101503    -3.200458
      -0.545137    -3.265525    -3.206456
      -3.588132    -0.901637    -3.208437
      -2.277496     2.720402    -3.207554
       1.573939     2.592347    -3.202258
      -0.422460     0.008474     5.003296
       1.022080     4.455537     2.114206
       4.219305     0.008485     2.096617
       1.022406    -4.438347     2.113593
      -4.238068    -2.752074     2.115975
      -4.238086     2.769304     2.116047
       3.368276     2.757743    -2.559599
       3.360249    -2.740578    -2.562086
      -1.889665    -4.458361    -2.580747
      -5.138042     0.008770    -2.582543
      -1.889366     4.475693    -2.580722
      -0.437915     0.008605    -5.483595
      -0.116260     0.916412     5.539018
       0.538316     0.008420     5.517359
      -0.116264    -0.899532     5.538951
      -1.182633    -0.550855     5.554254
      -1.182639     0.567761     5.554290
       0.179598     1.818391     4.974585
       1.476714     0.008444     4.943927
       0.179620    -1.801474     4.974419
      -1.967981    -1.113239     4.985182
      -1.967999     1.130203     4.985240
       0.834647     0.912651     4.961242
       0.834654    -0.895757     4.961176
      -0.900238    -1.471342     4.995481
      -1.979474     0.008481     5.001294
      -0.900253     1.488280     4.995587
       0.473444     2.719599     4.396026
       2.415483     0.008474     4.362937
       0.473517    -2.702632     4.395709
      -2.748116    -1.675131     4.402835
      -2.748147     1.692154     4.402907
       1.131420     1.816133     4.391881
       1.779655    -0.898731     4.387270
      -0.607034    -2.383060     4.425744
      -2.767189    -0.553998     4.430356
      -1.684481     2.056155     4.427739
       1.779649     0.915680     4.387328
       1.131453    -1.799187     4.391706
      -1.684444    -2.039156     4.427613
      -2.767201     0.571019     4.430381
      -0.607084     2.400035     4.425942
       0.763318     3.615419     3.807208
       3.350526     0.008497     3.774165
       0.763477    -3.598390     3.806718
      -3.520718    -2.233646     3.810358
      -3.520758     2.250730     3.810441
       1.423592     2.715569     3.807601
       2.718788    -0.899200     3.801309
      -0.313479    -3.286525     3.838640
      -3.544037    -1.115331     3.840567
      -2.462573     2.617813     3.839587
       2.076105     1.819455     3.811939
       2.076129    -1.802448     3.811773
      -1.392054    -2.953535     3.849015
      -3.552710     0.008541     3.850857
      -1.392133     2.970572     3.849228
       2.718791     0.916210     3.801368
       1.423682    -2.698572     3.807254
      -2.462517    -2.600751     3.839451
      -3.544061     1.132413     3.840608
      -0.313598     3.303547     3.838966
       1.047857     4.500277     3.210810
       4.276784     0.008486     3.180130
       1.048138    -4.483175     3.210172
      -4.284261    -2.787093     3.210203
      -4.284297     2.804236     3.210295
       1.709352     3.605455     3.211949
       3.648808    -0.896352     3.203774
      -0.020911    -4.177618     3.236846
      -4.306128    -1.671619     3.236094
      -3.229330     3.169110     3.235923
       2.363984     2.714420     3.218802
       3.011258    -1.799328     3.216374
      -1.095204    -3.852642     3.249145
      -4.320505    -0.552634     3.249050
      -2.167280     3.526820     3.248996
       3.011257     1.816397     3.216530
       2.364067    -2.697359     3.218457
      -2.167175    -3.509715     3.248774
      -4.320516     0.569783     3.249068
      -1.095367     3.869734     3.249479
       3.648821     0.913387     3.203841
       1.709553    -3.588405     3.211397
      -3.229264    -3.151983     3.235783
      -4.306156     1.688766     3.236146
      -0.021138     4.194709     3.237321
       1.992096     4.484076     2.609839
       4.568317    -0.888756     2.597070
       0.281671    -5.057497     2.625677
      -5.054876    -2.227923     2.622422
      -3.990407     3.708885     2.622491
       2.642468     3.597178     2.612555
       3.934258    -1.788038     2.606713
      -0.791630    -4.733660     2.632503
      -5.068382    -1.111267     2.630863
      -2.931152     4.065671     2.631232
       3.291101     2.703700     2.611918
       3.291160    -2.686569     2.611602
      -1.863897    -4.396465     2.634416
      -5.073040     0.008610     2.633794
      -1.864089     4.413644     2.634764
       3.934274     1.805112     2.606843
       2.642696    -3.580063     2.611987
      -2.931036    -4.048493     2.631006
      -5.068396     1.128487     2.630892
      -0.791901     4.750839     2.632986
       4.568320     0.905698     2.597134
       1.992465    -4.466972     2.609090
      -3.990334    -3.691702     2.622356
      -5.054898     2.245142     2.622477
       0.281343     5.074663     2.626295
       1.820107     5.061625     1.666268
       0.757059     5.420434     1.674821
       5.040118     0.562896     1.653872
       5.040037    -0.546090     1.653711
       1.820531    -5.044394     1.665474
       0.757455    -5.403206     1.674143
      -4.579080    -3.692267     1.670839
      -5.237440    -2.787302     1.670495
      -5.237444     2.804585     1.670553
      -4.579074     3.709513     1.670907
       2.302430     4.734514     0.728483
       0.162210     5.444263     0.724681
       4.879146     1.118623     0.718205
       4.878844    -1.101964     0.717722
       2.303134    -4.717154     0.727555
       0.162570    -5.426986     0.724145
      -4.113441    -4.050261     0.721000
      -5.434743    -2.233922     0.720273
      -5.434734     2.251275     0.720304
      -4.113393     4.067523     0.721063
       1.237413     5.109597     0.719986
       4.894456     0.008374     0.712927
       1.237916    -5.092299     0.719292
      -4.789193    -3.153021     0.716034
      -4.789160     3.170328     0.716076
       2.778144     4.396341    -0.215304
      -0.431941     5.454437    -0.229594
       4.709341     1.673757    -0.220967
       4.708155    -1.657523    -0.222160
       2.779770    -4.378514    -0.216580
      -0.431702    -5.437099    -0.229936
      -3.640330    -4.400800    -0.231598
      -5.622791    -1.675626    -0.232885
      -5.622773     1.693050    -0.232869
      -3.640228     4.418081    -0.231552
       1.720007     4.782241    -0.229371
       4.734376     0.564619    -0.228973
       1.720918    -4.764789    -0.230016
      -4.326783    -3.512735    -0.237660
      -4.989243     2.619456    -0.238142
       0.646206     5.135676    -0.234039
       4.734140    -0.548088    -0.228909
       0.646651    -5.118299    -0.234477
      -4.989296    -2.602078    -0.238162
      -4.326699     3.530063    -0.237635
       3.242575     4.050461    -1.160698
      -1.023755     5.451710    -1.183439
       4.534957     2.226976    -1.159482
       4.529359    -2.210049    -1.161188
       3.247857    -4.031172    -1.161819
      -1.023715    -5.434344    -1.183594
      -3.160814    -4.742421    -1.184233
      -5.800328    -1.113908    -1.186055
      -5.800305     1.131396    -1.186050
      -3.160650     4.759725    -1.184204
       2.193893     4.437894    -1.179828
       4.559817     1.119997    -1.171279
       2.195899    -4.419855    -1.179976
      -3.849325    -3.859641    -1.192562
      -5.172529     2.058187    -1.193606
       1.126922     4.801972    -1.190090
       4.569185     0.008015    -1.173804
       1.127627    -4.784419    -1.190241
      -4.521599    -2.957901    -1.196497
      -4.521485     2.975300    -1.196492
       0.052193     5.139914    -1.190167
       4.558539    -1.103780    -1.170169
       0.052418    -5.122497    -1.190343
      -5.172599    -2.040741    -1.193615
      -3.849179     3.876991    -1.192555
       3.715049     3.694901    -2.099498
      -1.611989     5.436960    -2.133840
       4.375148     2.783213    -2.095352
       4.345339    -2.758431    -2.096600
       3.704588    -3.676264    -2.102597
      -1.612189    -5.419631    -2.133867
      -2.676562    -5.074592    -2.134146
      -5.967037    -0.550594    -2.136268
      -5.967018     0.568137    -2.136274
      -2.676327     5.091913    -2.134119
       2.662307     4.076180    -2.126037
       4.374964     1.674527    -2.114207
       2.660687    -4.059062    -2.126274
      -3.359769    -4.191591    -2.142763
      -5.337622     1.490022    -2.144226
       1.600308     4.443057    -2.141327
       4.384721     0.563120    -2.115796
       1.600054    -4.425880    -2.141307
      -4.033078    -3.296822    -2.150556
      -4.693709     2.406037    -2.151087
       0.530413     4.792641    -2.146079
       4.384567    -0.548562    -2.114724
       0.530293    -4.775417    -2.146093
      -4.693847    -2.388573    -2.151090
      -4.032893     3.314239    -2.150560
      -0.540577     5.122778    -2.141141
       4.369739    -1.656711    -2.108938
      -0.540742    -5.105477    -2.141199
      -5.337701    -1.472514    -2.144232
      -3.359551     4.208961    -2.142766
       3.898223     3.141780    -1.160734
       3.894387    -3.119361    -1.158076
      -2.098323    -5.106215    -1.179475
      -5.818994     0.008748    -1.181655
      -2.098212     5.123520    -1.179398
       3.433479     3.490729    -0.213332
       4.081462    -2.571409    -0.216118
      -1.511112    -5.124335    -0.225250
      -5.655648    -0.554076    -0.227527
      -2.583016     4.794802    -0.225696
       4.082291     2.589664    -0.216237
       3.434259    -3.472600    -0.213692
      -2.583063    -4.777526    -0.225804
      -5.655641     0.571512    -0.227521
      -1.511192     5.141636    -0.225033
       2.960813     3.833284     0.732755
       4.256700    -2.016666     0.725669
      -0.917380    -5.122121     0.730776
      -5.472349    -1.115402     0.727933
      -3.060456     4.447904     0.729103
       3.616709     2.939422     0.731129
       3.616652    -2.921841     0.730875
      -1.993747    -4.789431     0.732963
      -5.485505     0.008686     0.731297
      -1.993856     4.806687     0.733206
       4.256956     2.033961     0.725858
       2.961400    -3.815942     0.731958
      -3.060454    -4.430657     0.728973
      -5.472345     1.132769     0.727950
      -0.917626     5.139401     0.731162
       2.478306     4.164495     1.673889
       4.418571    -1.455649     1.664357
      -0.319982    -5.098888     1.682343
      -5.270497    -1.671725     1.678633
      -3.527616     4.084953     1.679157
       3.135661     3.275369     1.675558
       3.783423    -2.360375     1.672126
      -1.395878    -4.774441     1.687762
      -5.288583    -0.552632     1.685920
      -2.467248     4.446908     1.687024
       3.783504     2.377656     1.672343
       3.135799    -3.258101     1.675056
      -2.467132    -4.429690     1.686778
      -5.288586     0.569931     1.685932
      -1.396106     4.791670     1.688144
       4.418661     1.472713     1.664507
       2.478732    -4.147300     1.673106
      -3.527580    -4.067731     1.679015
      -5.270504     1.689019     1.678667
      -0.320312     5.116125     1.682873
       4.192894     2.224250    -3.055179
       3.126751    -3.682564    -3.064463
      -2.859039    -4.515360    -3.086208
      -5.491116     0.913863    -3.087905
      -1.136227     5.091396    -3.085015
       4.196424     1.114829    -3.068375
       2.065945    -4.044668    -3.082648
      -3.527045    -3.619962    -3.095034
      -4.845163     1.825271    -3.096003
      -0.069200     4.758337    -3.091800
       4.204590     0.006212    -3.068166
       0.999004    -4.398013    -3.091365
      -4.189978    -2.716622    -3.098431
      -4.189766     2.734100    -3.098430
       0.999318     4.414657    -3.091179
       4.199310    -1.103455    -3.065237
      -0.069571    -4.741330    -3.091871
      -4.845315    -1.807748    -3.096010
      -3.526782     3.637397    -3.095039
       2.065845     4.060841    -3.082049
       4.181970    -2.207410    -3.057410
      -1.136606    -5.074171    -3.085052
      -5.491194    -0.896291    -3.087911
      -2.858724     4.532752    -3.086206
       3.124690     3.698737    -3.062893
       0.333635     0.567648    -6.024708
       0.333498    -0.550609    -6.024776
      -0.730585    -0.896439    -6.025563
      -1.388753     0.008666    -6.026118
      -0.730429     0.913674    -6.025561
       1.109666     1.130178    -5.449507
       1.109398    -1.113432    -5.449702
      -1.026714    -1.807825    -5.452032
      -2.347748     0.008719    -5.453084
      -1.026454     1.825096    -5.452035
       1.121194     0.008392    -5.464652
       0.044957    -1.472448    -5.465693
      -1.697323    -0.906827    -5.467188
      -1.697188     0.924193    -5.467186
       0.045220     1.489506    -5.465661
       1.884511     1.690324    -4.861547
       1.884221    -1.673945    -4.861871
      -1.322020    -2.716600    -4.867922
      -3.304243     0.008755    -4.869457
      -1.321693     2.733906    -4.867927
       1.902395     0.570134    -4.890014
       0.822337    -2.040199    -4.892046
      -1.997849    -1.820790    -4.895176
      -2.660194     0.927558    -4.895683
      -0.248724     2.405446    -4.893554
       1.902177    -0.553726    -4.890097
      -0.249064    -2.388334    -4.893553
      -2.660315    -0.910102    -4.895687
      -1.997620     1.838182    -4.895176
       0.822685     2.056992    -4.891974
       2.655681     2.245519    -4.261710
       2.655689    -2.229844    -4.262227
      -1.615599    -3.619861    -4.274473
      -4.254946     0.008777    -4.276425
      -1.615243     3.637191    -4.274471
       2.677058     1.129177    -4.294804
       1.597210    -2.600434    -4.298459
      -2.293002    -2.728985    -4.304988
      -3.616127     0.927576    -4.305999
      -0.543793     3.313571    -4.303421
       2.684665     0.007753    -4.305544
       0.528765    -2.957107    -4.311984
      -2.961847    -1.824751    -4.315735
      -2.961640     1.842214    -4.315728
       0.529150     2.974003    -4.311970
       2.676563    -1.113094    -4.294712
      -0.544167    -3.296402    -4.303423
      -3.616237    -0.910064    -4.306008
      -2.292717     2.746392    -4.304989
       1.597526     2.616945    -4.298408
       3.419478     2.791478    -3.652462
       3.420809    -2.777709    -3.652625
      -1.906665    -4.515280    -3.673856
      -5.197039     0.008791    -3.676053
      -1.906300     4.532616    -3.673844
       3.440473     1.681241    -3.682353
       2.365123    -3.148758    -3.687942
      -2.580958    -3.625790    -3.700283
      -4.558776     0.924252    -3.701698
      -0.838173     4.208300    -3.698892
       3.452166     0.565344    -3.696349
       1.301459    -3.510543    -3.706930
      -3.251431    -2.728957    -3.713731
      -3.912011     1.838209    -3.714238
       0.231779     3.875607    -3.710173
       3.452932    -0.551128    -3.695184
       0.231400    -3.858639    -3.710217
      -3.912195    -1.820707    -3.714249
      -3.251179     2.746413    -3.713726
       1.301760     3.527217    -3.706881
       3.438661    -1.665118    -3.682465
      -0.838551    -4.191101    -3.698918
      -4.558874    -0.906707    -3.701706
      -2.580649     3.643195    -3.700282
       2.365125     3.165091    -3.688028
      -0.383661     0.008425     6.113433
       1.362292     5.383328     2.621573
       5.192841     0.008409     2.583507
       1.362657    -5.366165     2.620833
       4.178468     3.335075    -3.042926
       4.188294    -3.314173    -3.030373
       1.503415     0.008381     6.041634
       0.855530     0.913093     6.059856
       0.855538    -0.896339     6.059765
       2.448420     0.008415     5.456529
       1.158729     1.823758     5.487837
       1.808100    -0.901649     5.478659
       1.808087     0.918466     5.478736
       1.158767    -1.806963     5.487638
       3.390396     0.008444     4.867497
       1.456048     2.731008     4.905142
       2.753863    -0.903386     4.894333
       2.109585     1.827867     4.906225
       2.109624    -1.811003     4.906039
       2.753853     0.920269     4.894407
       1.456136    -2.714171     4.904779
       4.328401     0.008456     4.273650
       1.746653     3.633696     4.312096
       3.693641    -0.903110     4.300294
       2.403718     2.733306     4.318040
       3.053160    -1.812310     4.315471
       3.053134     1.829243     4.315647
       2.403805    -2.716393     4.317685
       3.693639     0.920044     4.300372
       1.746823    -3.616804     4.311538
       5.263144     0.008440     3.675381
       2.030662     4.530826     3.709705
       4.625279    -0.900097     3.697778
       2.688820     3.629716     3.717448
       3.987642    -1.807947     3.712299
       3.341748     2.729879     3.718778
       3.341810    -2.712894     3.718450
       3.987639     1.824923     3.712456
       2.688993    -3.612747     3.716891
       4.625280     0.917031     3.697852
       2.030946    -4.513856     3.708973
       5.555229    -0.890499     3.091218
       2.968790     4.519464     3.111087
       4.915030    -1.796994     3.100404
       3.621629     3.619841     3.110324
       4.270786    -2.701105     3.106736
       4.270752     2.718116     3.106981
       3.621781    -3.602804     3.109831
       4.915027     1.813935     3.100495
       2.969079    -4.502449     3.110335
       5.555199     0.907363     3.091264
       6.027889     0.563905     2.146209
       6.027813    -0.547188     2.146046
       5.864500     1.124164     1.202359
       5.864254    -1.107473     1.202060
       5.875944     0.008371     1.196776
       5.696098     1.682986     0.258215
       5.695383    -1.666429     0.257748
       5.718368     0.567571     0.251453
       5.718263    -0.550964     0.251464
       5.523512     2.241581    -0.687674
       5.520421    -2.224014    -0.687221
       5.548897     1.126622    -0.695040
       5.559680     0.008043    -0.697069
       5.548420    -1.110425    -0.694367
       5.340649    -2.780336    -1.632584
       5.368962     1.688553    -1.643265
       5.384654     0.567485    -1.643985
       5.384340    -0.552073    -1.643168
       5.367061    -1.668061    -1.639028
       5.196915     1.125003    -2.592911
       5.203460     0.006174    -2.590795
       5.197038    -1.111735    -2.589051
       5.178156    -2.228675    -2.585299
       4.702455    -3.692073    -1.633828
       4.240543     4.068402    -0.680186
       4.888530    -3.140264    -0.681927
       4.890983     3.159615    -0.687317
       4.242618    -4.048061    -0.679783
       3.770898     4.415127     0.274300
       5.068866    -2.585619     0.264578
       4.427486     3.513334     0.270333
       4.427560    -3.495410     0.270398
       5.069129     2.603189     0.264486
       3.772150    -4.397189     0.272986
       3.290368     4.756368     1.224251
       5.238845    -2.025876     1.210069
       3.951261     3.858472     1.222961
       4.602043    -2.937786     1.217862
       4.602098     2.955164     1.218076
       3.951537    -3.841052     1.222359
       5.239004     2.042895     1.210171
       3.291093    -4.738956     1.223151
       2.800066     5.090303     2.170833
       5.398177    -1.461690     2.152075
       3.462853     4.192464     2.169350
       4.763101    -2.371406     2.161471
       4.117425     3.293706     2.167594
       4.117474    -3.276508     2.167191
       4.763172     2.388491     2.161627
       3.463150    -4.175270     2.168645
       5.398241     1.478584     2.152172
       2.800567    -5.073088     2.169822