
       0.140045    -0.431019     1.215900
       0.412441    -1.269364     0.667349
      -0.575816    -0.951125     0.669030
      -0.574398     0.084986     0.671067
       0.414742     0.406378     0.671069
       1.024901    -0.431020     0.669032
      -0.133386    -1.272569    -0.215823
      -0.743361    -0.435037    -0.213645
      -0.130388     0.401294    -0.210974
       0.857100     0.084985    -0.213643
       0.855911    -0.951126    -0.215822
       0.141354    -0.435038    -0.760426
       0.425275     0.447938     1.721900
       1.062967    -0.427570     1.719925
       0.424368    -1.306076     1.719314
      -0.608642    -0.970710     1.719922
      -0.607350     0.112417     1.721899
       1.349921     0.447937     1.150440
       1.348012    -1.306076     1.148474
      -0.322873    -1.848981     1.148471
      -1.355402    -0.431077     1.150436
      -0.320234     0.985574     1.151852
       1.173461     0.985572     0.228702
       0.141631     1.316496     0.229163
       1.811727     0.112415     0.226833
       1.810536    -0.970712     0.224795
       1.171614    -1.848982     0.224832
       0.138950    -2.184515     0.224831
      -0.894183    -1.849530     0.224792
      -1.531794    -0.973963     0.226829
      -1.528656     0.107600     0.228698
      -0.888401     0.981818     0.229162
       1.635138    -0.431080    -0.697811
       0.600951    -1.849531    -0.699248
      -1.069469    -1.309862    -0.697814
      -1.064349     0.440296    -0.692126
       0.602278     0.981817    -0.692124
       0.888195     0.107598    -1.264991
       0.887925    -0.973965    -1.268632
      -0.145859    -1.309863    -1.268634
      -0.781805    -0.435019    -1.264993
      -0.143059     0.440295    -1.261512
       0.138771    -0.427102     2.264876
       0.704137     1.300029     1.139321
       1.963701    -0.427103     1.137012
       0.702174    -2.161072     1.136150
      -1.337624    -1.499771     1.137008
      -1.333800     0.637862     1.139318
       1.615534     0.637859    -0.683462
       1.615175    -1.499773    -0.687914
      -0.425156    -2.162718    -0.687917
      -1.681917    -0.433550    -0.683467
      -0.419965     1.292519    -0.679522
       0.140872    -0.433551    -1.810007
       0.427196     0.464612     2.777826
       1.073827    -0.423492     2.776333
       0.427041    -1.314307     2.776088
      -0.619828    -0.973795     2.776330
      -0.618708     0.124776     2.777824
       0.714566     1.344631     2.203652
       2.002988    -0.423493     2.202083
       0.714229    -2.198176     2.202046
      -1.371532    -1.519943     2.202078
      -1.368457     0.667815     2.203649
       1.371610     0.469999     2.219321
       1.371189    -1.320362     2.218643
      -0.333230    -1.874162     2.218640
      -1.385919    -0.425978     2.219318
      -0.331335     1.019733     2.220520
       1.651437     1.344630     1.624637
       2.292022    -1.314308     1.623472
      -0.042943    -2.748296     1.623617
      -2.128582    -0.972217     1.624381
      -1.077060     1.551879     1.625285
       2.293509     0.464610     1.624387
       1.650147    -2.198177     1.623619
      -1.081755    -2.410517     1.623468
      -2.126399     0.117135     1.624631
      -0.040818     1.888575     1.625286
       1.471954     1.888574     0.690346
       0.426351     2.222118     0.689851
       2.761254     0.124773     0.688903
       2.760417    -0.973798     0.687234
       1.471405    -2.748297     0.687703
       0.425018    -3.088289     0.687701
      -1.660839    -2.410354     0.687228
      -2.307241    -1.522083     0.688896
      -2.300914     0.662693     0.690341
      -1.651057     1.547126     0.689848
       1.935378     1.551876    -0.236495
      -0.145160     2.218705    -0.234878
       2.582998     0.667811    -0.238473
       2.582965    -1.519946    -0.241924
       1.935847    -2.410519    -0.241504
      -0.149262    -3.088013    -0.241507
      -1.196257    -2.747892    -0.241929
      -2.482217    -0.977980    -0.238480
      -2.477923     0.117906    -0.236501
      -1.186687     1.880292    -0.234879
       0.900033     1.903073    -0.241317
       2.604820    -0.425982    -0.247084
       0.900105    -2.770233    -0.248013
      -1.856956    -1.875703    -0.247090
      -1.846741     1.010590    -0.241321
       2.134269     1.019731     0.696700
       2.133432    -1.874164     0.694167
      -0.624376    -2.770231     0.694163
      -2.326044    -0.429515     0.696694
      -0.618348     1.903074     0.697090
       2.404074     0.117131    -1.175342
       1.357427    -2.410356    -1.178154
      -1.374082    -2.200064    -1.177410
      -2.005916     0.454963    -1.168241
       0.320628     1.880291    -1.166446
       2.404825    -0.972221    -1.177405
       0.318596    -2.747894    -1.178156
      -2.013780    -1.318319    -1.175348
      -1.364599     1.332727    -1.166449
       1.355401     1.547123    -1.168236
       0.896638     0.117903    -2.322085
       0.896787    -0.977983    -2.326809
      -0.150665    -1.318321    -2.326811
      -0.794690    -0.431644    -2.322087
      -0.147823     0.454961    -2.316600
       1.646468     0.662689    -1.749264
       1.648003    -1.522087    -1.755567
      -0.438595    -2.200065    -1.755570
      -1.721535    -0.431643    -1.749269
      -0.433027     1.332726    -1.742189
       1.663387    -0.429519    -1.768899
       0.609457    -1.875705    -1.771410
      -1.093238    -1.325202    -1.768903
      -1.087547     0.459003    -1.759698
       0.610052     1.010588    -1.759695
       0.137433    -0.422988     3.321402
       0.993983     2.202487     1.608303
       2.909283    -0.422991     1.608312
       0.993999    -3.059217     1.608337
      -2.105033    -2.052244     1.608305
      -2.098744     1.197597     1.608299
       2.377100     1.197593    -1.157911
       2.379914    -2.052248    -1.163531
      -0.719104    -3.059181    -1.163536
      -2.627038    -0.428353    -1.157918
      -0.711692     2.190365    -1.151551
       0.139185    -0.428355    -2.867531
       0.427696     0.475705     3.842266
       1.079459    -0.419775     3.841512
       0.428040    -1.317384     3.841588
      -0.626572    -0.974099     3.841510
      -0.625636     0.133457     3.842265
       0.718524     1.369837     3.271434
       2.021664    -0.419808     3.271138
       0.719480    -2.214343     3.271553
      -1.388811    -1.527940     3.271133
      -1.386477     0.685879     3.271431
       1.381852     0.483717     3.288867
       1.382157    -1.325772     3.289112
      -0.338925    -1.884986     3.289110
      -1.402272    -0.420901     3.288863
      -0.338004     1.040253     3.289444
       1.005223     2.253499     2.681557
       2.953192    -0.419776     2.683487
       1.007459    -3.100647     2.684212
      -2.142449    -2.075453     2.683480
      -2.137824     1.232260     2.681553
       1.672620     1.377486     2.706366
       2.323739    -1.325773     2.707185
      -0.047623    -2.781242     2.707464
      -2.164206    -0.974481     2.706795
      -1.097426     1.590743     2.706492
       2.323658     0.483717     2.706802
       1.673296    -2.222080     2.707466
      -1.100679    -2.438436     2.707180
      -2.162851     0.131264     2.706361
      -0.047188     1.931986     2.706493
       1.948903     2.253498     2.098334
       3.244585    -1.317387     2.100875
       0.244712    -3.654818     2.101524
      -2.905156    -1.522720     2.100862
      -1.843315     2.122699     2.097843
       2.604719     1.369835     2.105708
       2.604393    -2.214344     2.106619
      -0.805441    -3.322268     2.106614
      -2.912436    -0.422800     2.105700
      -0.802176     2.468830     2.104195
       3.245348     0.475703     2.100870
       1.950270    -3.100648     2.101526
      -1.850586    -2.972911     2.100868
      -2.901274     0.677578     2.098327
       0.243573     2.800772     2.097846
       1.767440     2.800770     1.156049
       0.713644     3.134026     1.154701
       3.716414     0.133453     1.158743
       3.716156    -0.974103     1.157569
       1.770211    -3.654820     1.158718
       0.716119    -3.997316     1.158716
      -2.433870    -2.972370     1.157560
      -3.085085    -2.076492     1.158734
      -3.076145     1.226992     1.156042
      -2.419489     2.116008     1.154697
       2.240796     2.468828     0.223544
       0.138171     3.138506     0.223562
       3.546109     0.685875     0.222940
       3.546883    -1.527945     0.220721
       2.244412    -3.322271     0.221710
       0.137018    -4.007006     0.221707
      -1.971382    -3.320941     0.220714
      -3.272008    -1.529469     0.222931
      -3.263984     0.680213     0.223537
      -1.956553     2.457887     0.223559
       1.193399     2.820048     0.219371
       3.568762    -0.420905     0.216610
       1.197652    -3.685988     0.216930
      -2.639785    -2.438188     0.216601
      -2.623065     1.580002     0.219366
       2.700729     2.122695    -0.710517
      -0.436925     3.126661    -0.706967
       3.354522     1.232255    -0.712887
       3.358310    -2.075458    -0.716160
       2.706680    -2.972915    -0.715664
      -0.442309    -3.996085    -0.715668
      -1.497000    -3.653047    -0.716167
      -3.438164    -0.974826    -0.712897
      -3.432623     0.129845    -0.710525
      -1.484326     2.786338    -0.706968
       1.661659     2.479837    -0.717143
       3.387902     0.131259    -0.724177
       1.668226    -3.343268    -0.725166
      -2.168881    -2.780320    -0.725201
      -2.801921     1.029529    -0.717149
       0.613706     2.816317    -0.716240
       3.388895    -0.974486    -0.725194
       0.615506    -3.685318    -0.725168
      -2.818019    -1.885170    -0.724186
      -2.151888     1.917720    -0.716244
       2.911545     1.590739     0.228824
       2.913610    -2.438439     0.226225
      -0.923878    -3.685317     0.226220
      -3.290502    -0.424432     0.228815
      -0.915079     2.816319     0.228597
       2.441862     1.931984     1.168183
       3.093434    -1.884989     1.167805
      -0.341587    -3.685986     1.168228
      -3.113998    -0.976635     1.168768
      -1.384551     2.479840     1.165509
       3.093325     1.040250     1.168777
       2.442918    -2.781244     1.168232
      -1.394671    -3.343265     1.167799
      -3.111103     0.127714     1.168176
      -0.337494     2.820050     1.165510
       3.174298     0.677572    -1.656565
       2.123816    -2.972375    -1.659231
      -1.676254    -3.100068    -1.658909
      -2.954686     0.468816    -1.647661
       0.031490     2.786337    -1.643790
       3.185883    -0.422805    -1.663250
       1.079044    -3.320943    -1.664544
      -2.328908    -2.214672    -1.663258
      -2.314370     1.356621    -1.650018
       1.074964     2.457885    -1.650013
       3.178298    -1.522726    -1.658902
       0.028922    -3.653048    -1.659234
      -2.966322    -1.317640    -1.656574
      -1.663242     2.235684    -1.643792
       2.114830     2.116004    -1.647654
       0.899617     0.129841    -3.387984
       0.899972    -0.974830    -3.394000
      -0.155092    -1.317642    -3.394001
      -0.804115    -0.423736    -3.387987
      -0.152322     0.468813    -3.379609
       1.659648     0.680209    -2.819421
       1.662692    -1.529474    -2.826867
      -0.446135    -2.214674    -2.826870
      -1.742493    -0.425215    -2.819425
      -0.440789     1.356620    -2.807949
       1.676227    -0.424436    -2.840778
       0.612535    -1.885173    -2.844375
      -1.106611    -1.328636    -2.840782
      -1.099955     0.473397    -2.826834
       0.611633     1.029526    -2.826832
       2.409701     1.226987    -2.234380
       2.416101    -2.076497    -2.241170
      -0.734124    -3.100069    -2.241175
      -2.670687    -0.423734    -2.234387
      -0.726416     2.235684    -2.222780
       2.436185     0.127709    -2.260220
       1.374288    -2.438192    -2.264221
      -1.398328    -2.223143    -2.262549
      -2.036472     0.473398    -2.248037
       0.321738     1.917718    -2.245021
       2.438008    -0.976640    -2.262544
       0.321319    -2.780322    -2.264222
      -2.045974    -1.328636    -2.260227
      -1.387493     1.362354    -2.245024
       1.369288     1.579998    -2.248032
       0.136296    -0.419495     4.388520
       1.284489     3.116588     2.078352
       3.864249    -0.419499     2.084530
       1.288854    -3.966688     2.085426
      -2.879670    -2.610734     2.084520
      -2.871065     1.766364     2.078346
       3.142918     1.766359    -1.638482
       3.152283    -2.610740    -1.643414
      -1.015688    -3.964998    -1.643420
      -3.580909    -0.418348    -1.638491
      -1.006342     3.097204    -1.628308
       0.135936    -0.418352    -3.935617
       0.428070     0.483651     4.916612
       1.083301    -0.417109     4.916661
       0.428634    -1.319217     4.917035
      -0.631250    -0.974201     4.916658
      -0.630611     0.139664     4.916610
       0.720844     1.386658     4.346163
       2.033206    -0.417083     4.347311
       0.722483    -2.223588     4.348082
      -1.399752    -1.532521     4.347306
      -1.398243     0.698124     4.346160
       1.388290     0.492983     4.364062
       1.388942    -1.328589     4.365041
      -0.342762    -1.891254     4.365039
      -1.412929    -0.417190     4.364058
      -0.342614     1.054436     4.363807
       1.011409     2.286232     3.758568
       2.979059    -0.417084     3.762744
       1.015068    -3.124068     3.763908
      -2.164961    -2.088480     3.762737
      -2.162072     1.255104     3.758564
       1.684388     1.398914     3.787774
       2.342324    -1.331014     3.789979
      -0.050033    -2.799704     3.790379
      -2.185654    -0.975518     3.788826
      -1.111006     1.616114     3.786800
       2.341616     0.495483     3.788832
       1.686095    -2.235601     3.790381
      -1.112636    -2.453600     3.789974
      -2.184970     0.141682     3.787769
      -0.051117     1.960493     3.786802
       1.296799     3.174580     3.158386
       3.913114    -0.417111     3.167748
       1.303863    -4.012884     3.169190
      -2.920609    -2.637526     3.167739
      -2.915113     1.806045     3.158380
       1.971190     2.294490     3.189464
       3.283042    -1.328591     3.194428
       0.243196    -3.694383     3.195229
      -2.945340    -1.530557     3.193398
      -1.870504     2.167162     3.187412
       2.634595     1.398914     3.200517
       2.636159    -2.235602     3.203212
      -0.818648    -3.358138     3.203207
      -2.953701    -0.416837     3.200509
      -0.817989     2.517493     3.196302
       3.282461     0.492981     3.193406
       1.974749    -3.131766     3.195231
      -1.875116    -3.004581     3.194421
      -2.943402     0.697640     3.189457
       0.239433     2.852723     3.187415
       2.244993     3.174579     2.572372
       4.206227    -1.319221     2.582365
       0.537220    -4.569885     2.583526
      -3.687094    -2.081012     2.581660
      -2.617089     2.701474     2.569277
       2.909441     2.286231     2.585525
       3.565925    -2.223590     2.590746
      -0.520043    -4.239396     2.591185
      -3.699163    -0.973601     2.588409
      -1.573191     3.053250     2.578816
       3.564946     1.386656     2.588419
       2.912575    -3.124069     2.591190
      -1.577903    -3.894924     2.590739
      -3.697607     0.139467     2.585516
      -0.521927     3.394827     2.578818
       4.206102     0.483647     2.581670
       2.251488    -4.012885     2.583528
      -2.627493    -3.539635     2.582356
      -3.682216     1.248709     2.572364
       0.529373     3.723824     2.569282
       2.061291     3.723822     1.622509
       1.001345     4.054401     1.620212
       4.679561     0.139659     1.634759
       4.679888    -0.974206     1.634210
       2.070510    -4.569886     1.635905
       1.011035    -4.914132     1.635903
      -3.213486    -3.538923     1.634199
      -3.867936    -2.637595     1.634747
      -3.856433     1.801034     1.622501
      -3.193229     2.691499     1.620206
       2.539979     3.394824     0.686465
       0.423920     4.061791     0.685914
       4.512635     0.698118     0.693054
       4.514332    -1.532526     0.692219
       2.550188    -4.239399     0.693687
       0.428714    -4.928709     0.693684
      -2.751373    -3.893301     0.692209
      -4.061142    -2.087675     0.693042
      -4.050317     1.253504     0.686456
      -2.730424     3.036880     0.685910
       1.483813     3.741007     0.682359
       4.535210    -0.417195     0.687924
       1.496166    -4.604719     0.689306
      -3.423840    -3.003252     0.687913
      -3.399343     2.154371     0.682353
       3.010121     3.053246    -0.253813
      -0.155128     4.057901    -0.251009
       4.328672     1.255098    -0.252918
       4.333692    -2.088486    -0.253633
       3.022883    -3.894928    -0.252690
      -0.156177    -4.927869    -0.252694
      -2.278445    -4.236903    -0.253642
      -4.239695    -1.528938    -0.252929
      -4.229892     0.700819    -0.253823
      -2.259676     3.374091    -0.251012
       1.959399     3.408277    -0.258432
       4.365033     0.141676    -0.260336
       1.974867    -4.270882    -0.259396
      -2.958994    -3.355655    -0.260485
      -3.588523     1.605645    -0.258440
       0.904079     3.746151    -0.257654
       4.366283    -0.975524    -0.260474
       0.912665    -4.616013    -0.259397
      -3.614658    -2.451087    -0.260347
      -2.933349     2.499293    -0.257659
       3.468438     2.701469    -1.191768
      -0.732155     4.041586    -1.184662
       4.128627     1.806038    -1.194870
       4.139450    -2.637533    -1.195597
       3.484781    -3.539640    -1.195219
      -0.738691    -4.911931    -1.195225
      -1.798575    -4.566917    -1.195605
      -4.401688    -0.965634    -1.194882
      -4.393906     0.146834    -1.191779
      -1.783260     3.700061    -1.184664
       2.424113     3.057839    -1.198228
       4.169073     0.697634    -1.206273
       2.442681    -3.914999    -1.205811
      -2.476751    -3.691352    -1.206252
      -3.758499     1.048983    -1.198236
       1.375281     3.403803    -1.200051
       4.183562    -0.416843    -1.210541
       1.387408    -4.269991    -1.210082
      -3.139553    -2.796271    -1.210551
      -3.113329     1.945362    -1.200058
       0.321981     3.732791    -1.195034
       4.173461    -1.530564    -1.206243
       0.325016    -4.603071    -1.205814
      -3.782905    -1.886125    -1.206284
      -2.454568     2.830634    -1.195038
       3.687426     2.167157    -0.247562
       3.695751    -3.004586    -0.248548
      -1.223869    -4.603070    -0.248555
      -4.257013    -0.414152    -0.247573
      -1.212860     3.732793    -0.246455
       3.224675     2.517490     0.697810
       3.887436    -2.453605     0.699774
      -0.640177    -4.616011     0.700307
      -4.092045    -0.975428     0.699799
      -1.688401     3.403805     0.693399
       3.883873     1.616110     0.699810
       3.231139    -3.358142     0.700313
      -1.702807    -4.269988     0.699766
      -4.088562     0.141271     0.697800
      -0.634767     3.746153     0.693401
       2.743830     2.852721     1.639619
       4.057487    -1.891258     1.645548
      -0.052585    -4.604718     1.646481
      -3.901417    -1.531199     1.645116
      -2.155826     3.057843     1.632317
       3.409874     1.960490     1.647802
       3.412583    -2.799707     1.650375
      -1.115211    -4.270879     1.650368
      -3.910997    -0.418209     1.647792
      -1.107421     3.408279     1.636958
       4.056323     1.054432     1.645127
       2.749127    -3.694385     1.646485
      -2.170923    -3.914995     1.645539
      -3.896597     0.695112     1.639610
      -0.053263     3.741009     1.632320
       3.947540     1.248702    -2.143063
       2.898791    -3.538928    -2.143378
      -1.978913    -4.010052    -2.143273
      -3.909738     0.486272    -2.131532
      -0.262084     3.700059    -2.124798
       3.966185     0.139460    -2.150946
       1.849586    -3.893305    -2.151327
      -2.639086    -3.120861    -2.151052
      -3.269243     1.378537    -2.135419
       0.786060     3.374088    -2.133371
       3.969468    -0.973608    -2.151043
       0.792091    -4.236906    -2.151328
      -3.290676    -2.218441    -2.150956
      -2.619172     2.267660    -2.133376
       1.834592     3.036876    -2.135412
       3.958031    -2.081018    -2.143265
      -0.265031    -4.566918    -2.143383
      -3.927589    -1.310087    -2.143074
      -1.962808     3.147460    -2.124800
       2.877224     2.691493    -2.131522
       0.899075     0.146829    -4.463005
       0.899777    -0.965638    -4.471352
      -0.160335    -1.310090    -4.471354
      -0.813659    -0.409672    -4.463007
      -0.157992     0.486269    -4.450227
       1.664657     0.700814    -3.896837
       1.669837    -1.528943    -3.905204
      -0.452224    -2.218444    -3.905207
      -1.758654    -0.411489    -3.896842
      -0.447908     1.378534    -3.879091
       1.682374    -0.414157    -3.918298
       0.612847    -1.886129    -3.922995
      -1.117623    -1.323933    -3.918302
      -1.109366     0.490604    -3.897572
       0.609135     1.048979    -3.897570
       2.425357     1.253498    -3.315712
       2.436085    -2.087681    -3.322446
      -0.743714    -3.120862    -3.322451
      -2.698934    -0.411488    -3.315719
      -0.736803     2.267658    -3.296738
       2.452606     0.141265    -3.344846
       1.383673    -2.451092    -3.349471
      -1.413549    -2.232712    -3.347071
      -2.055108     0.491552    -3.325250
       0.318976     1.945359    -3.321329
       2.455950    -0.975434    -3.347066
       0.321312    -2.796275    -3.349473
      -2.067224    -1.327319    -3.344852
      -1.401503     1.386341    -3.321331
       1.373696     1.605640    -3.325246
       3.175872     1.801028    -2.723682
       3.191964    -2.637602    -2.728490
      -1.031999    -4.010053    -2.728496
      -3.627945    -0.409670    -2.723692
      -1.022669     3.147459    -2.705835
       3.209136     0.695106    -2.751953
       2.146483    -3.003257    -2.754720
      -1.701941    -3.129213    -2.753807
      -2.989959     0.490606    -2.735307
       0.028857     2.830632    -2.729872
       3.222892    -0.418215    -2.761173
       1.090325    -3.355659    -2.763090
      -2.361544    -2.232712    -2.761181
      -2.343904     1.386342    -2.738898
       1.081391     2.499290    -2.738893
       3.216213    -1.531205    -2.753800
       0.028739    -3.691355    -2.754723
      -3.004810    -1.323931    -2.751962
      -1.687145     2.273068    -2.729874
       2.130561     2.154366    -2.735300
       0.135484    -0.416999     5.469137
       1.575523     4.044983     2.549256
       4.831144    -0.417003     2.567074
       1.587524    -4.885901     2.568688
      -3.663372    -3.177043     2.567062
      -3.652215     2.346385     2.549249
       3.913450     2.346378    -2.126567
       3.934365    -3.177050    -2.128576
      -1.315535    -4.882849    -2.128583
      -4.545208    -0.402011    -2.126578
      -1.303928     4.013078    -2.109815
       0.130630    -0.402015    -5.016391
       0.429621     0.492110     6.009307
       1.089392    -0.415549     6.010042
       0.430119    -1.323793     6.010648
      -0.637097    -0.976520     6.010039
      -0.636841     0.145595     6.009306
       0.724162     1.401902     5.436130
       2.045365    -0.415502     5.438468
       0.725784    -2.233754     5.439492
      -1.410521    -1.538389     5.438463
      -1.409891     0.708505     5.436127
       1.394530     0.499995     5.452680
       1.395221    -1.331697     5.454131
      -0.346017    -1.897461     5.454129
      -1.422101    -0.415186     5.452676
      -0.346299     1.065772     5.451602
       1.017410     2.311671     4.848675
       3.000364    -0.415471     4.854714
       1.021206    -3.142965     4.856155
      -2.183147    -2.099699     4.854707
      -2.181881     1.272156     4.848670
       1.694141     1.414832     4.879011
       2.357368    -1.335149     4.882052
      -0.051685    -2.814463     4.882534
      -2.202436    -0.977729     4.880490
      -1.121988     1.635283     4.876859
       2.356490     0.503559     4.880496
       1.696104    -2.246571     4.882536
      -1.122380    -2.465789     4.882047
      -2.202219     0.148826     4.879006
      -0.053502     1.982455     4.876861
       1.307469     3.217108     4.249240
       3.949580    -0.415504     4.261604
       1.314828    -4.046636     4.263404
      -2.951059    -2.657661     4.261594
      -2.948745     1.834178     4.249234
       1.987263     2.324964     4.285467
       3.312373    -1.335149     4.291829
       0.243741    -3.723670     4.292777
      -2.974953    -1.538998     4.290338
      -1.893054     2.199145     4.281567
       2.656917     1.419072     4.299001
       2.659142    -2.250712     4.302606
      -0.828363    -3.383873     4.302601
      -2.983612    -0.413650     4.298993
      -0.829651     2.553380     4.291986
       3.311377     0.503558     4.290347
       1.991521    -3.155781     4.292779
      -1.894993    -3.027128     4.291822
      -2.974321     0.712845     4.285461
       0.238874     2.891852     4.281570
       1.591963     4.114040     3.639765
       4.888338    -0.415552     3.662175
       1.605099    -4.939994     3.664160
      -3.710499    -3.209488     3.662163
      -3.706109     2.392590     3.639758
       2.271287     3.224743     3.675033
       4.254344    -1.331700     3.687104
       0.538342    -4.619175     3.688410
      -3.734933    -2.095565     3.685825
      -2.653367     2.753438     3.669502
       2.944295     2.324963     3.693992
       3.608534    -2.246573     3.700595
      -0.530812    -4.286419     3.701070
      -3.749153    -0.975093     3.697250
      -1.598148     3.111570     3.681892
       3.606264     1.414831     3.697260
       2.948924    -3.155782     3.701075
      -1.598868    -3.938563     3.700588
      -3.748573     0.150315     3.693983
      -0.536018     3.456677     3.681893
       4.253357     0.499992     3.685836
       2.279550    -4.053422     3.688413
      -2.659089    -3.578014     3.687095
      -3.732977     1.273836     3.675024
       0.528176     3.787186     3.669506
       2.543550     4.114039     3.051655
       5.183717    -1.323798     3.072776
       0.832989    -5.500967     3.074319
      -4.482185    -2.648225     3.071717
      -3.398775     3.292731     3.044586
       3.215909     3.217106     3.069765
       4.540633    -2.233758     3.081797
      -0.230753    -5.169572     3.082682
      -4.495628    -1.533425     3.078827
      -2.353908     3.650554     3.052223
       3.881777     2.311668     3.078407
       3.886763    -3.142967     3.085152
      -1.297070    -4.827300     3.085145
      -4.499195    -0.411479     3.078395
      -1.299413     3.999163     3.054528
       4.538356     1.401899     3.078840
       3.225277    -4.046638     3.082687
      -2.360483    -4.476070     3.081788
      -4.492701     0.712422     3.069754
      -0.241402     4.336950     3.052226
       5.182743     0.492105     3.071730
       2.559483    -4.939995     3.074321
      -3.415610    -4.117893     3.072765
      -4.475956     1.833260     3.051645
       0.814236     4.661623     3.044592
       2.359026     4.661622     2.089864
       1.287930     4.987374     2.083916
       5.659682     0.145589     2.117859
       5.660451    -0.976526     2.117959
       2.377214    -5.500969     2.119939
       1.310182    -5.847669     2.119938
      -4.005415    -4.117161     2.117946
      -4.664356    -3.208900     2.117845
      -4.648532     2.384725     2.089854
      -3.973470     3.277838     2.083909
       2.837953     4.336947     1.149089
       0.709780     4.992889     1.148446
       5.492738     0.708499     1.170087
       5.495107    -1.538395     1.170571
       2.860419    -5.169574     1.172242
       0.724475    -5.863586     1.172239
      -3.541387    -4.474535     1.170558
      -4.860164    -2.655369     1.170073
      -4.845151     1.840551     1.149078
      -3.508977     3.622129     1.148441
       1.770881     4.670050     1.145370
       5.512999    -0.415192     1.166568
       1.798298    -5.534588     1.168515
      -4.216065    -3.576362     1.166555
      -4.177665     2.737248     1.145362
       3.313173     3.999159     0.203807
       0.129365     4.992133     0.209311
       5.312550     1.272149     0.216879
       5.318511    -2.099706     0.218449
       3.339498    -4.827304     0.219602
       0.135713    -5.868278     0.219597
      -3.068586    -4.824843     0.218437
      -5.045693    -2.093453     0.216865
      -5.031061     1.287948     0.203795
      -3.038965     3.962678     0.209306
       2.249302     4.341659     0.200926
       5.348777     0.148819     0.212256
       2.283010    -5.205288     0.214264
      -3.753701    -3.935777     0.212714
      -4.371689     2.190365     0.200917
       1.192198     4.678656     0.203317
       5.350200    -0.977736     0.212726
       1.212602    -5.553085     0.214263
      -4.414723    -3.023540     0.212242
      -3.714557     3.084352     0.203311
       3.782699     3.650549    -0.740391
      -0.451586     4.982792    -0.730693
       5.119355     1.834170    -0.737103
       5.131439    -2.657668    -0.733640
       3.812072    -4.476075    -0.733043
      -0.453052    -5.861900    -0.733049
      -2.589276    -5.166285    -0.733651
      -5.219740    -1.525211    -0.737117
      -5.206005     0.729937    -0.740403
      -2.563473     4.296597    -0.730696
       2.722165     3.998103    -0.744794
       5.163193     0.712838    -0.743776
       2.760226    -4.857438    -0.741252
      -3.276256    -4.282662    -0.742170
      -4.552304     1.634481    -0.744804
       1.669331     4.344976    -0.743746
       5.179451    -0.413657    -0.746033
       1.695231    -5.217374    -0.744555
      -3.947117    -3.379064    -0.746045
      -3.904430     2.533949    -0.743754
       0.610637     4.673930    -0.738604
       5.167836    -1.539005    -0.742158
       0.622068    -5.552169    -0.741255
      -4.596102    -2.458155    -0.743789
      -3.241284     3.422363    -0.738610
       4.243150     3.292724    -1.678361
      -1.030244     4.964582    -1.666985
       4.912931     2.392582    -1.687076
       4.934927    -3.209496    -1.680978
       4.275873    -4.117900    -1.680811
      -1.038803    -5.844746    -1.680818
      -2.105936    -5.497215    -1.680988
      -5.380964    -0.952113    -1.687090
      -5.368191     0.169805    -1.678374
      -2.084623     4.621992    -1.666987
       3.186572     3.641490    -1.685994
       4.956488     1.273829    -1.695335
       3.227048    -4.493447    -1.691954
      -2.786647    -4.614896    -1.692263
      -4.718401     1.073004    -1.686005
       2.137845     3.991602    -1.687964
       4.980419     0.150307    -1.700806
       2.168219    -4.856552    -1.699109
      -3.458659    -3.718162    -1.699874
      -4.075756     1.972678    -1.687973
       1.083871     4.330104    -1.685067
       4.983599    -0.975101    -1.699862
       1.100493    -5.203478    -1.699110
      -4.117585    -2.805818    -1.700818
      -3.422040     2.866042    -1.685074
       0.026996     4.654648    -1.677414
       4.967019    -2.095573    -1.692252
       0.030455    -5.532084    -1.691958
      -4.758615    -1.882805    -1.695349
      -2.757773     3.749820    -1.677418
       4.468731     2.753432    -0.732176
       4.487017    -3.578021    -0.729421
      -1.526958    -5.532083    -0.729429
      -5.233704    -0.399085    -0.732189
      -1.512389     4.654649    -0.726027
       4.007901     3.111565     0.217180
       4.686184    -3.027134     0.224450
      -0.941204    -5.552168     0.224895
      -5.075707    -0.969437     0.221581
      -1.991887     4.330107     0.215847
       4.676151     2.199139     0.221594
       4.024936    -3.938568     0.224902
      -2.011893    -5.203475     0.224441
      -5.071393     0.161518     0.217167
      -0.933708     4.673931     0.215848
       3.532900     3.456673     1.167176
       4.868571    -2.465794     1.179453
      -0.350662    -5.553084     1.180409
      -4.896059    -1.535886     1.177467
      -2.465834     3.991607     1.157253
       4.209898     2.553375     1.177388
       4.218809    -3.383878     1.183292
      -1.424093    -5.217371     1.183284
      -4.906718    -0.408798     1.177375
      -1.411773     4.344979     1.160472
       4.863761     1.635277     1.177481
       3.547713    -4.286423     1.180414
      -2.489397    -4.856547     1.179443
      -4.889961     0.719915     1.167164
      -0.351314     4.678657     1.157256
       3.045895     3.787184     2.113478
       5.033053    -1.897466     2.129696
       0.240912    -5.534587     2.131028
      -4.696548    -2.094885     2.128299
      -2.933081     3.641495     2.096142
       3.722719     2.891848     2.128445
       4.390172    -2.814467     2.137328
      -0.829365    -5.205285     2.137809
      -4.713542    -0.974147     2.133149
      -1.883557     3.998107     2.101685
       4.385917     1.982451     2.133162
       3.730559    -3.723674     2.137815
      -1.897422    -4.857434     2.137319
      -4.711535     0.151389     2.128434
      -0.826208     4.341662     2.101687
       5.030923     1.065767     2.128312
       3.058246    -4.619178     2.131032
      -2.956524    -4.493441     2.129685
      -4.690238     1.273558     2.113467
       0.232486     4.670052     2.096146
       4.731197     1.833251    -2.638661
       3.685630    -4.117168    -2.635359
      -2.287787    -4.935580    -2.635262
      -4.872213     0.511745    -2.622026
      -0.558709     4.621991    -2.610049
       4.754881     0.712414    -2.645539
       2.630741    -4.474541    -2.644009
      -2.953061    -4.040961    -2.644108
      -4.229618     1.404188    -2.624928
       0.492883     4.296594    -2.619618
       4.765512    -0.411488    -2.647482
       1.567694    -4.824847    -2.646928
      -3.613504    -3.134000    -2.647493
      -3.580174     2.296982    -2.624532
       1.546292     3.962674    -2.624525
       4.764302    -1.533434    -2.644098
       0.501767    -5.166288    -2.644012
      -4.265517    -2.218496    -2.645551
      -2.924222     3.186308    -2.619623
       2.596475     3.622124    -2.624918
       4.751929    -2.648233    -2.635252
      -0.561714    -5.497216    -2.635365
      -4.905169    -1.297799    -2.638675
      -2.264730     4.067670    -2.610051
       3.640910     3.277831    -2.622014
       0.899568     0.169799    -5.552045
       0.897483    -0.952119    -5.567366
      -0.166422    -1.297803    -5.567367
      -0.827557    -0.391379    -5.552047
      -0.166267     0.511741    -5.530447
       1.665982     0.729930    -4.987505
       1.675061    -1.525217    -4.998318
      -0.458638    -2.218499    -4.998321
      -1.776837    -0.388711    -4.987509
      -0.456241     1.404185    -4.956992
       1.685714    -0.399092    -5.008604
       0.611770    -1.882810    -5.014414
      -1.129177    -1.313707    -5.008608
      -1.117828     0.514144    -4.974272
       0.602147     1.072999    -4.974269
       2.432259     1.287942    -4.408769
       2.450488    -2.093460    -4.416008
      -0.751967    -3.134003    -4.416012
      -2.724761    -0.387679    -4.408776
      -0.746329     2.296979    -4.375936
       2.462255     0.161512    -4.438861
       1.390190    -2.458160    -4.443504
      -1.426921    -2.235025    -4.440751
      -2.068820     0.517231    -4.404791
       0.312986     1.972674    -4.400351
       2.468130    -0.969444    -4.440745
       0.320197    -2.805822    -4.443505
      -2.086928    -1.316610    -4.438867
      -1.412710     1.411960    -4.400354
       1.369700     1.634476    -4.404787
       3.194603     1.840544    -3.819739
       3.220089    -2.655376    -3.823774
      -1.044302    -4.040963    -3.823780
      -3.666323    -0.388709    -3.819749
      -1.035290     3.186306    -3.787042
       3.230818     0.719908    -3.851730
       2.164172    -3.023545    -3.853719
      -1.720658    -3.148607    -3.852581
      -3.014544     0.517232    -3.820305
       0.023227     2.866039    -3.814356
       3.247443    -0.408805    -3.862150
       1.097933    -3.379068    -3.864043
      -2.386935    -2.239529    -3.862157
      -2.363873     1.414667    -3.824848
       1.080900     2.533944    -3.824843
       3.242757    -1.535893    -3.852574
       0.026357    -3.718165    -3.853722
      -3.036927    -1.316609    -3.851738
      -1.703400     2.305023    -3.814358
       2.134803     2.190359    -3.820298
       3.948126     2.384717    -3.223148
       3.980231    -3.208907    -3.224778
      -1.333913    -4.935580    -3.224785
      -4.595794    -0.391376    -3.223160
      -1.321664     4.067670    -3.192896
       3.987896     1.273550    -3.249889
       2.928889    -3.576369    -3.249249
      -2.007928    -4.048283    -3.248906
      -3.949201     0.514147    -3.224395
      -0.266996     3.749818    -3.216795
       4.010805     0.151381    -3.262243
       1.868972    -3.935783    -3.262273
      -2.676342    -3.148606    -3.261938
      -3.303997     1.411962    -3.231479
       0.788932     3.422359    -3.229408
       4.015919    -0.974155    -3.261929
       0.801377    -4.282665    -3.262274
      -3.333779    -2.235023    -3.262254
      -2.649866     2.305024    -3.229413
       1.843065     3.084347    -3.231472
       4.003979    -2.094892    -3.248897
      -0.267372    -4.614898    -3.249254
      -3.974840    -1.313704    -3.249900
      -1.988078     3.190603    -3.216798
       2.892769     2.737241    -3.224386
       0.134974    -0.415435     6.579879
       1.864989     5.009713     3.017623
       5.824847    -0.415441     3.063361
       1.894555    -5.830843     3.065477
      -4.468215    -3.759865     3.063347
      -4.453454     2.956723     3.017614
       4.690696     2.956715    -2.633755
       4.738193    -3.759873    -2.626499
      -1.623269    -5.826841    -2.626508
      -5.532759    -0.365093    -2.633769
      -1.605058     4.939865    -2.597059
       0.118636    -0.365098    -6.126507
       1.001234     5.940693     1.620030
      -4.301875     4.217605     1.620023
       2.065621     5.615547     1.621256
      -4.971866     3.328925     1.621246
       0.416928     5.939727     0.674598
      -3.828591     4.560272     0.674592
       2.546555     5.288277     0.667203
      -5.168582     2.781473     0.667193
       1.483561     5.621997     0.669318
      -4.504759     3.676271     0.669310
      -0.167020     5.933773    -0.270254
      -3.352666     4.898692    -0.270258
       3.024229     4.948782    -0.285639
      -5.355476     2.226047    -0.285651
       1.964052     5.293417    -0.283078
      -4.700346     3.128019    -0.283087
       0.900645     5.622112    -0.277277
      -4.033234     4.018994    -0.277283
      -0.750207     5.921678    -1.213874
      -2.873747     5.231697    -1.213877
       3.498108     4.596932    -1.235891
      -5.532037     1.662855    -1.235904
       2.440078     4.947563    -1.235124
      -4.882169     2.568417    -1.235134
       1.380031     5.287069    -1.230635
      -4.224130     3.466164    -1.230643
       0.316046     5.610832    -1.222832
      -3.553652     4.353489    -1.222837
      -1.331685     5.904071    -2.154731
      -2.392970     5.559238    -2.154732
       3.967569     4.233700    -2.182616
      -5.698333     1.093052    -2.182629
       2.908968     4.586378    -2.181476
      -5.049206     2.000606    -2.181488
       1.852020     4.930896    -2.180015
      -4.396621     2.900586    -2.180024
       0.791756     5.265208    -2.174246
      -3.735354     3.794258    -2.174252
      -0.269569     5.588174    -2.164823
      -3.066559     4.679375    -2.164827
      -1.815710     5.588175    -1.209260
      -2.298781     5.265211    -0.264198
      -1.235065     5.610834    -0.264197
      -2.778110     4.930900     0.681549
      -1.717878     5.287072     0.683969
      -0.650780     5.622113     0.681552
      -3.252103     4.586383     1.626256
      -2.195965     4.947567     1.630095
      -1.131543     5.293420     1.630096
      -0.064812     5.621999     1.626261
      -3.726548     4.233707     2.572587
      -2.669821     4.596938     2.576081
      -1.607965     4.948787     2.577200
      -0.542093     5.288280     2.576084
       0.526318     5.615549     2.572593
      -0.857062     5.559236    -3.103971
      -5.207743     1.429584    -3.123219
       0.199474     5.231694    -3.113223
      -4.553804     2.328261    -3.122713
       1.257651     4.898688    -3.119578
      -3.896833     3.223891    -3.119585
       2.315591     4.560266    -3.122704
      -3.236486     4.115281    -3.113228
       3.372868     4.217598    -3.123207
      -2.574256     5.001285    -3.103973
      -0.464491     1.429580    -6.054696
      -1.124795     0.533862    -6.072846
       0.596196     1.093047    -6.072844
      -0.756490     2.328257    -5.469571
      -2.084607     0.540832    -5.500717
       0.306918     2.000601    -5.491739
      -1.424213     1.438122    -5.491741
       1.368602     1.662849    -5.500713
      -1.047500     3.223889    -4.880561
      -3.039371     0.543297    -4.917830
       0.016381     2.900582    -4.907396
      -2.382317     1.443871    -4.919116
       1.078659     2.568412    -4.919111
      -1.718162     2.336994    -4.907398
       2.139571     2.226040    -4.917823
      -1.337132     4.115279    -4.287088
      -3.987708     0.540834    -4.324542
      -0.274186     3.794255    -4.313362
      -3.334366     1.443872    -4.330720
       0.788391     3.466160    -4.328536
      -2.675171     2.340778    -4.328541
       1.848880     3.128013    -4.330712
      -2.008378     3.230781    -4.313364
       2.908237     2.781466    -4.324532
      -1.625013     5.001284    -3.690635
      -4.928679     0.533865    -3.721928
      -0.564851     4.679373    -3.710960
      -4.275017     1.438124    -3.729856
       0.495524     4.353485    -3.725354
      -3.620906     2.336996    -3.731443
       1.555728     4.018989    -3.731436
      -2.959796     3.230782    -3.725358
       2.613259     3.676265    -3.729846
      -2.293487     4.117704    -3.710963
       3.673593     3.328917    -3.721916
      -1.914494     5.892211    -3.097740