
       0.130643    -0.030788    -0.009540
       0.130774    -0.030822     1.091754
       0.130646    -0.958189     0.540994
       1.012935    -0.317359     0.540761
       0.675994     0.719443     0.540770
      -0.414727     0.719419     0.541040
      -0.751770    -0.317399     0.541288
       0.130872    -0.958169    -0.560040
       1.012991    -0.317333    -0.560236
       0.676022     0.719478    -0.560236
      -0.414574     0.719527    -0.559994
      -0.751524    -0.317322    -0.559807
       0.130910    -0.030768    -1.110939
       0.130891    -1.888098    -0.009534
       1.897571    -0.604703    -0.009840
       1.222800     1.471751    -0.009843
      -0.961350     1.471920    -0.009453
      -1.636417    -0.604886    -0.009047
       0.130887    -0.958858     1.641769
       0.131400    -0.958825    -1.661024
       1.013829    -0.317598     1.641575
       1.013935    -0.317552    -1.661129
       0.676748     0.719892     1.641597
       0.676765     0.719980    -1.661149
      -0.414682     0.719877     1.641853
      -0.414361     0.720097    -1.661039
      -0.752036    -0.317684     1.642011
      -0.751478    -0.317542    -1.660981
       1.017831    -1.251331     1.090640
       1.018052    -1.251325    -1.110040
       1.017377    -1.250755    -0.009669
       1.566152     0.435376     1.090478
       1.566101     0.435417    -1.110134
       1.565322     0.435206    -0.009803
       0.130964     1.477775     1.090742
       0.131005     1.477892    -1.110105
       0.130730     1.477154    -0.009646
      -1.304883     0.435162     1.091326
      -1.304164     0.435558    -1.110006
      -1.304244     0.435202    -0.009219
      -0.756515    -1.251389     1.091105
      -0.755631    -1.251312    -1.109942
      -0.755884    -1.250760    -0.009321
       0.130825    -1.888737     1.090124
       0.131314    -1.888784    -1.109278
       1.898303    -0.604929     1.089780
       1.898339    -0.604915    -1.109489
       1.223406     1.472215     1.089805
       1.223319     1.472297    -1.109524
      -0.961489     1.472316     1.090327
      -0.961261     1.472571    -1.109348
      -1.637327    -0.605335     1.090871
      -1.636185    -0.605004    -1.109291
       0.131294    -0.030856     2.192731
       0.131460    -0.030799    -2.212151
       0.131234    -2.821011    -0.558128
       0.131003    -2.820940     0.539024
       2.785010    -0.893000    -0.558460
       2.785011    -0.893012     0.538600
       1.771324     2.226466    -0.558497
       1.771413     2.226425     0.538600
      -1.509340     2.226989    -0.558212
      -1.509356     2.226857     0.539260
      -2.523028    -0.893407    -0.558405
      -2.524211    -0.893731     0.539742
       0.131606    -0.960057     2.742178
       0.132037    -0.960077    -2.761691
       0.131319    -1.890764     2.189744
       0.131878    -1.890873    -2.209075
       1.015554    -0.317988     2.742032
       1.015554    -0.317996    -2.761706
       1.900620    -0.605583     2.189392
       1.900588    -0.605597    -2.209178
       0.678167     0.720771     2.742078
       0.678008     0.720865    -2.761755
       1.225175     1.473766     2.189451
       1.224893     1.473894    -2.209253
      -0.414451     0.720874     2.742352
      -0.414287     0.721004    -2.761825
      -0.961712     1.474012     2.190104
      -0.961625     1.474217    -2.209355
      -0.752343    -0.318100     2.742355
      -0.751789    -0.318035    -2.761881
      -1.638655    -0.606088     2.190301
      -1.637112    -0.605762    -2.209609
       1.019387    -1.252883     2.190658
       1.019623    -1.252928    -2.210200
       1.568440     0.435902     2.190480
       1.568253     0.435950    -2.210262
       0.131716     1.479640     2.190848
       0.131594     1.479786    -2.210372
      -1.305871     0.435686     2.191447
      -1.304978     0.436089    -2.210643
      -0.757129    -1.253002     2.191094
      -0.755979    -1.252957    -2.210354
       1.907157    -1.543856     1.638328
       1.907259    -1.543870    -1.657980
       1.905539    -1.542265    -0.559108
       1.905477    -1.542270     0.539536
       1.021613    -2.187121     1.638496
       1.021891    -2.187184    -1.657889
       1.020477    -2.185273    -0.558973
       1.020335    -2.185262     0.539700
       2.119495     1.190333     1.638164
       2.119224     1.190390    -1.658081
       2.117117     1.189531    -0.559227
       2.117197     1.189508     0.539392
       2.457627     0.149507     1.638162
       2.457439     0.149541    -1.658059
       2.455186     0.149154    -0.559215
       2.455238     0.149137     0.539397
      -0.415722     2.237029     1.638753
      -0.415900     2.237131    -1.658106
      -0.416161     2.234979    -0.559016
      -0.416152     2.234919     0.539810
       0.678842     2.236886     1.638478
       0.678600     2.236975    -1.658134
       0.678004     2.234836    -0.559154
       0.678056     2.234796     0.539589
      -2.196259     0.148535     1.639949
      -2.194357     0.149451    -1.658722
      -2.193507     0.148928    -0.558907
      -2.194364     0.148490     0.540756
      -1.856915     1.190211     1.639679
      -1.856282     1.190766    -1.658579
      -1.855321     1.189849    -0.558997
      -1.855660     1.189545     0.540421
      -0.759620    -2.187050     1.638907
      -0.758593    -2.187227    -1.657973
      -0.758205    -2.185253    -0.558872
      -0.758682    -2.185197     0.539981
      -1.646008    -1.544112     1.639260
      -1.643894    -1.543986    -1.658185
      -1.643393    -1.542337    -0.558822
      -1.644314    -1.542443     0.540300
       0.131234    -2.822381     1.636565
       0.131678    -2.822575    -1.655758
       2.786652    -0.893500     1.636074
       2.786601    -0.893486    -1.655980
       1.772711     2.227553     1.636113
       1.772399     2.227658    -1.656059
      -1.509400     2.228036     1.637045
      -1.509578     2.228202    -1.656119
      -2.526382    -0.894612     1.637792
      -2.523225    -0.893837    -1.656842
       0.132111    -0.030881     3.293607
       0.132125    -0.030890    -3.313253
       0.131526    -3.757409    -1.103770
       0.131208    -3.756998    -0.009513
       0.131223    -3.757212     1.084701
       3.675702    -1.182375    -1.104143
       3.675342    -1.182287    -0.010006
       3.675751    -1.182418     1.084111
       2.321844     2.983983    -1.104218
       2.321633     2.983722    -0.010043
       2.322114     2.983911     1.084109
      -2.059524     2.984721    -1.104033
      -2.059545     2.984521    -0.009440
      -2.059178     2.984628     1.085106
      -3.412365    -1.182871    -1.106127
      -3.413510    -1.183035    -0.010917
      -3.415757    -1.183472     1.084874
       0.132681    -0.962027     3.842534
       0.132662    -0.962167    -3.862187
       0.132345    -1.894301     3.289014
       0.132450    -1.894506    -3.308449
       0.132075    -2.826884     2.734880
       0.132183    -2.827164    -2.754127
       1.018264    -0.318599     3.842347
       1.017974    -0.318723    -3.862134
       1.904603    -0.606689     3.288586
       1.904353    -0.606781    -3.308465
       2.791360    -0.894911     2.734281
       2.791150    -0.894937    -2.754260
       0.680277     0.722311     3.842427
       0.679758     0.722354    -3.862217
       1.228077     1.476551     3.288684
       1.227458     1.476667    -3.308583
       1.776044     2.231108     2.734362
       1.775412     2.231231    -2.754385
      -0.414339     0.722574     3.842843
      -0.414669     0.722469    -3.862467
      -0.962263     1.477113     3.289618
      -0.962792     1.476960    -3.308985
      -1.510359     2.231995     2.735688
      -1.511218     2.231744    -2.754809
      -0.753059    -0.318727     3.842734
      -0.752854    -0.318829    -3.862594
      -1.640705    -0.607188     3.289340
      -1.639485    -0.607106    -3.309430
      -2.529616    -0.896076     2.735433
      -2.526342    -0.895520    -2.755885
       1.022044    -1.255465     3.290010
       1.022016    -1.255627    -3.309697
       1.572195     0.436839     3.289815
       1.571752     0.436848    -3.309743
       0.132841     1.482863     3.290303
       0.132289     1.482926    -3.309981
      -1.307417     0.436843     3.291017
      -1.307040     0.436889    -3.310585
      -0.757786    -1.255635     3.290473
      -0.757114    -1.255740    -3.310053
       1.910974    -1.546894     2.736596
       1.910926    -1.546985    -2.756365
       1.024138    -2.191170     2.736771
       1.024220    -2.191339    -2.756315
       2.123986     1.192439     2.736424
       2.123455     1.192503    -2.756463
       2.462576     0.149976     2.736410
       2.462184     0.149992    -2.756426
      -0.415324     2.241513     2.737188
      -0.415987     2.241490    -2.756718
       0.680659     2.241279     2.736835
       0.680043     2.241347    -2.756622
      -2.199184     0.149238     2.738347
      -2.197570     0.149788    -2.757889
      -1.859106     1.192646     2.738442
      -1.859055     1.192758    -2.757585
      -0.760462    -2.191192     2.737320
      -0.759789    -2.191486    -2.756538
      -1.648174    -1.547234     2.737476
      -1.646280    -1.547280    -2.756980
       2.799447    -1.837618     2.182672
       2.799393    -1.837619    -2.202540
       2.795841    -1.834384    -1.105799
       2.795258    -1.833582    -0.009878
       2.795811    -1.834409     1.086011
       1.915281    -2.485591     2.183903
       1.915321    -2.485642    -2.203535
       1.911876    -2.481301    -1.106511
       1.910799    -2.480064    -0.009732
       1.911765    -2.481307     1.086997
       1.025774    -3.126150     2.182994
       1.025882    -3.126289    -2.202380
       1.023476    -3.122095    -1.105582
       1.022604    -3.121372    -0.009599
       1.023277    -3.122051     1.086324
       2.674902     1.947778     2.182504
       2.674367     1.947859    -2.202673
       2.670114     1.945775    -1.105937
       2.669207     1.945591    -0.010026
       2.670368     1.945728     1.085851
       3.017907     0.906715     2.183577
       3.017452     0.906775    -2.203717
       3.012240     0.905196    -1.106738
       3.010797     0.904733    -0.010008
       3.012456     0.905156     1.086687
       3.352179    -0.137185     2.182513
       3.351849    -0.137134    -2.202618
       3.347139    -0.137738    -1.105896
       3.346273    -0.138117    -0.009997
       3.347287    -0.137778     1.085870
      -0.963622     2.999308     2.183466
      -0.964385     2.999130    -2.202850
      -0.964389     2.994624    -1.105809
      -0.964732     2.993689    -0.009572
      -0.964150     2.994636     1.086588
       0.132341     3.003553     2.184176
       0.131712     3.003486    -2.203842
       0.131126     2.998160    -1.106667
       0.130949     2.996628    -0.009732
       0.131347     2.998163     1.087142
       1.228430     2.998786     2.182841
       1.227846     2.998821    -2.202749
       1.226650     2.994287    -1.105908
       1.226652     2.993351    -0.009891
       1.226888     2.994252     1.086088
      -3.090909    -0.139191     2.185277
      -3.087159    -0.137626    -2.204747
      -3.084109    -0.138365    -1.106787
      -3.084658    -0.139385    -0.009170
      -3.086989    -0.139564     1.088343
      -2.753824     0.905880     2.186912
      -2.752865     0.906664    -2.205770
      -2.748958     0.905051    -1.107602
      -2.748226     0.904101    -0.009012
      -2.750152     0.904120     1.089259
      -2.409839     1.948204     2.185134
      -2.410361     1.948324    -2.203909
      -2.407337     1.946467    -1.106337
      -2.406710     1.946243    -0.009294
      -2.407430     1.946002     1.087645
      -0.762487    -3.125925     2.183509
      -0.761980    -3.126426    -2.202515
      -0.760520    -3.122090    -1.105600
      -0.760375    -3.121249    -0.009460
      -0.761133    -3.121788     1.086634
      -1.652770    -2.485417     2.184865
      -1.651287    -2.485940    -2.203805
      -1.648973    -2.481389    -1.106483
      -1.648866    -2.480046    -0.009340
      -1.650283    -2.481159     1.087738
      -2.538784    -1.838023     2.184083
      -2.534901    -1.838073    -2.203474
      -2.532702    -1.834609    -1.106129
      -2.533463    -1.833846    -0.009471
      -2.535423    -1.834849     1.087304
       0.131796    -3.758876     2.179801
       0.131947    -3.759214    -2.198918
       3.677648    -1.182970     2.179111
       3.677484    -1.182926    -2.199191
       2.323679     2.985194     2.179150
       2.323088     2.985311    -2.199310
      -2.058498     2.986268     2.180621
      -2.059546     2.986005    -2.199583
      -3.419736    -1.185026     2.181137
      -3.412564    -1.183576    -2.201862
       0.133134    -0.030895     4.395085
       0.132786    -0.031024    -4.414842
       0.131778    -4.698524    -1.648587
       0.131392    -4.697861    -0.556144
       0.131180    -4.697755     0.537228
       0.131474    -4.698190     1.629602
       4.570820    -1.473191    -1.649028
       4.570215    -1.473044    -0.556698
       4.570244    -1.473087     0.536542
       4.570934    -1.473295     1.628842
       2.875101     3.745298    -1.649133
       2.874640     3.744907    -0.556771
       2.874803     3.744869     0.536498
       2.875619     3.745185     1.628827
      -2.612181     3.746008    -1.648915
      -2.613379     3.745601    -0.556098
      -2.613147     3.745547     0.537398
      -2.611226     3.746167     1.630105
      -4.305842    -1.473907    -1.654230
      -4.307263    -1.473407    -0.562230
      -4.308639    -1.473339     0.531314
      -4.311842    -1.474138     1.625834
       0.133889    -0.965634     4.944757
       0.133203    -0.965935    -4.964348
       0.133579    -1.900292     4.389025
       0.132945    -1.900621    -4.408388
       0.133243    -2.835248     3.833345
       0.132642    -2.835593    -3.852518
       0.132847    -3.768870     3.278325
       0.132375    -3.769236    -3.297382
       1.022652    -0.319711     4.944405
       1.021931    -0.319971    -4.964261
       1.911057    -0.608551     4.388397
       1.910470    -0.608739    -4.408354
       2.799852    -0.897500     3.832544
       2.799380    -0.897594    -3.852590
       3.687511    -1.186055     3.277455
       3.687141    -1.186048    -3.297586
       0.683434     0.725234     4.944514
       0.682433     0.725171    -4.964369
       1.232503     1.481380     4.388529
       1.231462     1.481421    -4.408504
       1.781732     2.237801     3.832662
       1.780712     2.237887    -3.852755
       2.330225     2.993155     3.277538
       2.329259     2.993267    -3.297746
      -0.415073     0.725597     4.945220
      -0.416112     0.725228    -4.964763
      -0.964105     1.482196     4.389937
      -0.965496     1.481615    -4.409176
      -1.513251     2.239123     3.834625
      -1.515053     2.238283    -3.853578
      -2.061871     2.994891     3.279822
      -2.063908     2.993912    -3.298609
      -0.755097    -0.319820     4.945151
      -0.755585    -0.320136    -4.964921
      -1.644527    -0.608943     4.389546
      -1.644336    -0.609221    -4.409695
      -2.534973    -0.898462     3.833662
      -2.533222    -0.898500    -3.854785
      -3.426437    -1.188089     3.277857
      -3.420705    -1.187330    -3.301063
       1.025857    -1.259388     4.389359
       1.025370    -1.259698    -4.409131
       1.577651     0.438314     4.389134
       1.576855     0.438249    -4.409177
       0.134073     1.487809     4.389744
       0.132937     1.487716    -4.409505
      -1.310177     0.438587     4.390888
      -1.310852     0.438159    -4.410354
      -0.759023    -1.259557     4.390105
      -0.759362    -1.259904    -4.409612
       1.917166    -1.551540     3.834082
       1.916800    -1.551745    -3.853954
       1.027790    -2.197786     3.834300
       1.027411    -2.198092    -3.853937
       2.130808     1.196137     3.833915
       2.129962     1.196174    -3.854063
       2.470368     0.150482     3.833881
       2.469705     0.150451    -3.854008
      -0.415515     2.248679     3.834879
      -0.416869     2.248415    -3.854504
       0.683441     2.248324     3.834388
       0.682325     2.248301    -3.854286
      -2.203768     0.150364     3.836427
      -2.203748     0.150037    -3.856027
      -1.862993     1.196899     3.836704
      -1.864200     1.196232    -3.855652
      -0.761552    -2.197936     3.835131
      -0.761956    -2.198355    -3.854236
      -1.651336    -1.551888     3.835294
      -1.651014    -1.552273    -3.854840
       2.807872    -1.842769     3.278695
       2.807595    -1.842850    -3.298650
       1.921214    -2.492815     3.279805
       1.920968    -2.492982    -3.299554
       1.029064    -3.135210     3.279059
       1.028760    -3.135475    -3.298541
       2.682849     1.953593     3.278538
       2.682005     1.953680    -3.298794
       3.026967     0.909404     3.279470
       3.026250     0.909459    -3.299707
       3.362065    -0.137703     3.278524
       3.361512    -0.137675    -3.298717
      -0.965161     3.008411     3.279742
      -0.966701     3.007916    -3.299224
       0.133664     3.012688     3.280175
       0.132453     3.012484    -3.299979
       1.232755     3.007656     3.278926
       1.231719     3.007641    -3.298933
      -3.096922    -0.138679     3.281690
      -3.095290    -0.138513    -3.301730
      -2.759547     0.909692     3.283676
      -2.760394     0.909148    -3.302405
      -2.414613     1.954777     3.282177
      -2.416421     1.953893    -3.300700
      -0.763493    -3.135255     3.279848
      -0.763918    -3.135764    -3.298732
      -1.655876    -2.492921     3.281189
      -1.655860    -2.493551    -3.300013
      -2.543690    -1.843242     3.280271
      -2.541885    -1.843721    -3.300001
       3.697162    -2.133878     2.723250
       3.696966    -2.133844    -2.743297
       3.688614    -2.127777    -1.648545
       3.687979    -2.126227    -0.556143
       3.687976    -2.126260     0.536196
       3.688655    -2.127843     1.628558
       2.813962    -2.786462     2.725035
       2.813804    -2.786484    -2.744868
       2.806186    -2.778884    -1.650355
       2.803599    -2.775765    -0.556512
       2.803566    -2.775794     0.536830
       2.806168    -2.778929     1.630612
       1.924196    -3.432912     2.725183
       1.924043    -3.433000    -2.744782
       1.918776    -3.423646    -1.650248
       1.916282    -3.420403    -0.556381
       1.916215    -3.420423     0.536975
       1.918699    -3.423658     1.630760
       1.030659    -4.071178     2.723725
       1.030493    -4.071385    -2.743049
       1.026883    -4.061734    -1.648248
       1.025230    -4.060723    -0.555769
       1.025113    -4.060709     0.536630
       1.026724    -4.061650     1.629023
       3.234338     2.709664     2.723073
       3.233533     2.709786    -2.743460
       3.225076     2.704029    -1.648711
       3.223364     2.704093    -0.556309
       3.223521     2.704065     0.536022
       3.225553     2.703948     1.628385
       3.581989     1.668023     2.724719
       3.581272     1.668124    -2.745084
       3.571648     1.663584    -1.650596
       3.567902     1.662329    -0.556783
       3.568045     1.662302     0.536529
       3.572080     1.663511     1.630297
       3.921759     0.621998     2.724737
       3.921158     0.622094    -2.745054
       3.910633     0.620357    -1.650569
       3.906833     0.619259    -0.556758
       3.906952     0.619229     0.536555
       3.910992     0.620279     1.630319
       4.252558    -0.425116     2.723110
       4.252114    -0.425017    -2.743372
       4.241847    -0.425080    -1.648634
       4.240476    -0.426049    -0.556242
       4.240555    -0.426086     0.536082
       4.242092    -0.425168     1.628429
      -1.514021     3.767082     2.724422
      -1.515570     3.766430    -2.743787
      -1.513813     3.756701    -1.648755
      -1.515115     3.755076    -0.555962
      -1.514945     3.755135     0.536807
      -1.513112     3.756979     1.629493
      -0.416465     3.775442     2.725534
      -0.417705     3.775019    -2.745245
      -0.417106     3.764504    -1.650568
      -0.417537     3.760546    -0.556515
      -0.417384     3.760605     0.537039
      -0.416520     3.764717     1.630991
       0.683045     3.775063     2.725257
       0.681998     3.774870    -2.745179
       0.679879     3.764376    -1.650567
       0.679426     3.760432    -0.556604
       0.679575     3.760459     0.536864
       0.680407     3.764470     1.630752
       1.780968     3.765937     2.723411
       1.780031     3.765944    -2.743521
       1.776553     3.756266    -1.648687
       1.776843     3.754726    -0.556208
       1.776996     3.754715     0.536212
       1.777054     3.756236     1.628638
      -3.990510    -0.427968     2.726942
      -3.985180    -0.426158    -2.747823
      -3.976982    -0.425709    -1.651517
      -3.977530    -0.427668    -0.557501
      -3.979579    -0.428183     0.536969
      -3.983676    -0.427943     1.632051
      -3.654853     0.621235     2.730531
      -3.654785     0.621351    -2.749082
      -3.645139     0.619736    -1.653459
      -3.641592     0.617689    -0.556833
      -3.643046     0.616865     0.539186
      -3.647605     0.618042     1.635200
      -3.313692     1.668396     2.730497
      -3.315431     1.667726    -2.748542
      -3.306721     1.663118    -1.653096
      -3.302658     1.661537    -0.556803
      -3.302914     1.660985     0.538765
      -3.306713     1.662344     1.634882
      -2.965932     2.710848     2.727335
      -2.967983     2.710020    -2.745667
      -2.961592     2.704528    -1.649607
      -2.960438     2.705218    -0.555927
      -2.960284     2.704950     0.537448
      -2.960785     2.704280     1.631049
      -0.765903    -4.071008     2.724374
      -0.766134    -4.071633    -2.743181
      -0.763390    -4.061773    -1.648293
      -0.762497    -4.060603    -0.555713
      -0.762790    -4.060394     0.536869
      -0.763865    -4.061161     1.629413
      -1.659532    -3.432656     2.726401
      -1.659602    -3.433514    -2.744991
      -1.655298    -3.423822    -1.650298
      -1.653673    -3.420303    -0.556186
      -1.654177    -3.420054     0.537530
      -1.656280    -3.423051     1.631632
      -2.549910    -2.786055     2.727011
      -2.549051    -2.787313    -2.745394
      -2.542600    -2.779249    -1.650548
      -2.541169    -2.775839    -0.556216
      -2.542103    -2.775692     0.537798
      -2.544920    -2.778465     1.632146
      -3.436357    -2.133855     2.725281
      -3.431224    -2.134925    -2.745418
      -3.424280    -2.128206    -1.650157
      -3.425240    -2.126409    -0.557162
      -3.426692    -2.126447     0.536417
      -3.430022    -2.128406     1.630597
       0.132385    -4.697689     2.722414
       4.570715    -1.473145     2.721531
       2.875965     3.744621     2.721560
      -2.608021     3.746596     2.723971
      -4.319197    -1.477520     2.721471
       4.584827    -2.422596    -1.099713
       4.584524    -2.421386    -0.010059
       4.584848    -2.422690     1.079583
       4.585655    -2.424917     2.166593
       3.706241    -3.080442    -2.189031
       3.700297    -3.074670    -1.099013
       3.699519    -3.073314    -0.009938
       3.700276    -3.074749     1.079119
       3.706323    -3.080526     2.169092
       2.818971    -3.729335    -2.190574
       2.814026    -3.722918    -1.099775
       2.812811    -3.721488    -0.009803
       2.813963    -3.722994     1.080142
       2.819020    -3.729392     2.170876
       1.927682    -4.372713    -2.188809
       1.923620    -4.365465    -1.098756
       1.922300    -4.364420    -0.009661
       1.923489    -4.365520     1.079397
       1.927673    -4.372722     2.169368
       1.030126    -5.005190    -1.099212
       1.028731    -5.004536    -0.009494
       1.029864    -5.005151     1.080175
       1.032297    -5.006396     2.167223
       3.782328     3.465395    -1.099888
       3.781109     3.465576    -0.010252
       3.782689     3.465328     1.079370
       3.785503     3.465038     2.166407
       4.136605     2.426230    -2.189293
       4.129239     2.422670    -1.099292
       4.127773     2.422480    -0.010245
       4.129572     2.422602     1.078789
       4.137266     2.426104     2.168760
       4.479561     1.381842    -2.190923
       4.471939     1.379459    -1.100156
       4.470281     1.378899    -0.010214
       4.472236     1.379383     1.079714
       4.480144     1.381705     2.170448
       4.816010     0.335345    -2.189234
       4.807912     0.334065    -1.099231
       4.806601     0.333309    -0.010174
       4.808154     0.333974     1.078867
       4.816486     0.335191     2.168832
       5.140213    -0.713400    -1.099784
       5.139301    -0.714317    -0.010137
       5.140375    -0.713508     1.079491
       5.142375    -0.712104     2.166489
      -2.066741     4.521569    -1.099573
      -2.067564     4.520325    -0.009550
      -2.066341     4.521773     1.080412
      -2.063409     4.524789     2.167897
      -0.967530     4.537492    -2.189265
      -0.967302     4.529245    -1.099044
      -0.967832     4.527712    -0.009764
      -0.966896     4.529482     1.079471
      -0.966450     4.538029     2.169602
       0.131755     4.540779    -2.190870
       0.131015     4.532728    -1.099974
       0.130849     4.530919    -0.009881
       0.131414     4.532893     1.080178
       0.132739     4.541132     2.170996
       1.230979     4.537275    -2.189240
       1.229215     4.529179    -1.099147
       1.229402     4.527652    -0.009976
       1.229605     4.529246     1.079172
       1.231876     4.537419     2.169204
       2.328192     4.521579    -1.099809
       2.328708     4.520423    -0.010076
       2.328571     4.521555     1.079635
       2.328501     4.523584     2.166659
      -4.875405    -0.715061    -1.105166
      -4.876944    -0.715860    -0.014582
      -4.879595    -0.716419     1.078219
      -4.886232    -0.716787     2.172082
      -4.547215     0.334453    -2.195306
      -4.537687     0.332743    -1.101103
      -4.538330     0.330529    -0.009195
      -4.541972     0.330427     1.083660
      -4.549968     0.332589     2.177440
      -4.212207     1.380465    -2.195567
      -4.201940     1.376821    -1.101696
      -4.199478     1.375116    -0.008492
      -4.202660     1.375407     1.084642
      -4.211008     1.380335     2.178491
      -3.869510     2.424483    -2.194036
      -3.860815     2.419620    -1.100277
      -3.859428     2.419677    -0.008880
      -3.860431     2.418744     1.082377
      -3.867665     2.424777     2.176265
      -3.519053     3.466068    -1.099955
      -3.519233     3.466137    -0.009045
      -3.518456     3.465667     1.081703
      -3.516017     3.465180     2.170667
      -0.767001    -5.005114    -1.099240
      -0.766207    -5.004260    -0.009381
      -0.767550    -5.004606     1.080509
      -0.768726    -5.005735     2.167615
      -1.663707    -4.373039    -2.188850
      -1.660525    -4.365411    -1.098638
      -1.659776    -4.364018    -0.009272
      -1.661270    -4.364671     1.080161
      -1.664053    -4.372006     2.170365
      -2.554962    -3.729872    -2.190640
      -2.551014    -3.722925    -1.099556
      -2.550464    -3.721140    -0.009130
      -2.552249    -3.722050     1.081432
      -2.555786    -3.728319     2.172591
      -3.442046    -3.081166    -2.189529
      -3.437422    -3.074752    -1.098945
      -3.437541    -3.073160    -0.008893
      -3.439643    -3.074050     1.081549
      -3.444617    -3.078829     2.172671
      -4.321461    -2.422349    -1.103785
      -4.321990    -2.421084    -0.013680
      -4.324069    -2.421830     1.077849
      -4.330107    -2.425206     2.170019
       0.132198    -4.698114    -2.741421
       4.570457    -1.473042    -2.741758
       2.875079     3.744782    -2.741905
      -2.610020     3.745759    -2.742740
      -4.303288    -1.474507    -2.747132
       0.133380    -0.031171    -5.518891
       0.131899    -5.651078    -2.222349
       0.131534    -5.647357    -1.111448
       0.131210    -5.646598    -0.009374
       0.131032    -5.647122     1.092708
       5.476780    -1.767552    -2.222907
       5.473263    -1.766457    -1.112098
       5.472624    -1.766313    -0.010129
       5.473331    -1.766576     1.091831
       3.434970     4.515945    -2.223018
       3.432686     4.513081    -1.112190
       3.432330     4.512568    -0.010208
       3.433057     4.513003     1.091769
      -3.172512     4.515558    -2.222986
      -3.172577     4.512808    -1.112099
      -3.172280     4.512286    -0.009120
      -3.172291     4.512679     1.093728
      -5.211604    -1.767162    -2.233838
      -5.210643    -1.765584    -1.124897
      -5.210426    -1.766385    -0.025883
      -5.211938    -1.767631     1.069671
       0.133671    -0.967731    -6.083293
       0.133362    -1.911487    -5.518739
       0.133025    -2.852150    -4.958315
       0.132724    -3.793419    -4.398671
       0.132524    -4.739251    -3.837458
       1.023773    -0.320536    -6.083285
       1.921032    -0.612134    -5.518709
       2.815346    -0.902758    -4.958350
       3.710322    -1.193572    -4.398812
       4.609756    -1.485807    -3.837704
       0.683856     0.726335    -6.083348
       1.238207     1.489995    -5.518859
       1.790767     2.251118    -4.958538
       2.343751     3.012715    -4.399009
       2.899517     3.777991    -3.837899
      -0.416454     0.726313    -6.083843
      -0.971138     1.490085    -5.519727
      -1.523900     2.251387    -4.959685
      -2.076984     3.013201    -4.400358
      -2.632810     3.778668    -3.839470
      -0.756387    -0.320745    -6.084035
      -1.653880    -0.612744    -5.520204
      -2.548261    -0.903950    -4.960705
      -3.443247    -1.195437    -4.402305
      -4.342909    -1.488309    -3.842836
       1.030612    -1.266399    -5.515895
       1.585038     0.440650    -5.515953
       0.133477     1.495789    -5.516308
      -1.317960     0.440453    -5.517311
      -0.763698    -1.266696    -5.516408
       1.926443    -1.559599    -4.957011
       1.032352    -2.209386    -4.957023
       2.140584     1.202467    -4.957141
       2.482110     0.151193    -4.957071
      -0.419146     2.260085    -4.957685
       0.685752     2.259991    -4.957375
      -2.215133     0.150581    -4.959330
      -1.873711     1.202367    -4.958990
      -0.766067    -2.209753    -4.957328
      -1.659797    -1.560338    -4.957983
       2.822024    -1.851434    -4.398464
       1.929787    -2.504702    -4.400127
       1.032864    -3.151601    -4.398411
       2.694760     1.964375    -4.398636
       3.040220     0.913804    -4.400266
       3.378196    -0.139176    -4.398532
      -0.972279     3.023076    -4.399246
       0.133084     3.026904    -4.400615
       1.238601     3.022829    -4.398782
      -3.111111    -0.140441    -4.401806
      -2.773326     0.913249    -4.403207
      -2.427927     1.964453    -4.400922
      -0.767247    -3.152015    -4.398595
      -1.663847    -2.505505    -4.400650
      -2.555544    -1.852704    -4.399908
       3.719238    -2.143073    -3.839035
       2.827175    -2.798229    -3.842897
       1.931443    -3.449106    -3.842834
       1.032755    -4.095193    -3.838861
       3.249286     2.727788    -3.839228
       3.596631     1.676845    -3.843106
       3.938797     0.623768    -3.843068
       4.275504    -0.430616    -3.839112
      -1.526838     3.786779    -3.839805
      -0.420582     3.792254    -3.843382
       0.686312     3.792098    -3.843260
       1.792886     3.786356    -3.839297
      -4.008288    -0.432681    -3.843620
      -3.671644     0.622286    -3.847309
      -3.329523     1.676529    -3.846846
      -2.982367     2.728133    -3.841902
      -0.767678    -4.095628    -3.838990
      -1.666202    -3.449900    -3.843098
      -2.561571    -2.799448    -3.843549
      -3.452984    -2.144826    -3.841129
       4.626265    -2.431923    -3.275752
       4.585538    -2.424799    -2.186754
       3.726660    -3.090789    -3.284346
       2.830594    -3.744968    -3.286454
       1.931603    -4.395105    -3.284155
       1.027090    -5.047143    -3.275446
       1.032451    -5.006524    -2.186362
       3.804247     3.501270    -3.275967
       3.784784     3.465161    -2.186951
       4.152810     2.442084    -3.284601
       4.498031     1.387696    -3.286779
       4.838515     0.331767    -3.284539
       5.179114    -0.730020    -3.275834
       5.142062    -0.711932    -2.186834
      -2.091349     4.553864    -3.276590
      -2.064556     4.524200    -2.187143
      -0.976626     4.557931    -3.284734
       0.132573     4.560243    -3.286814
       1.241853     4.557600    -3.284603
       2.356823     4.553285    -3.275950
       2.327691     4.523664    -2.186899
      -4.911830    -0.733134    -3.281843
      -4.872615    -0.713962    -2.193260
      -4.571248     0.328879    -3.290326
      -4.229537     1.385963    -3.292562
      -3.885237     2.442421    -3.289319
      -3.536911     3.501975    -3.278730
      -3.517927     3.464925    -2.189030
      -0.762247    -5.047602    -3.275532
      -0.768468    -5.006582    -2.186421
      -1.666814    -4.395828    -3.284281
      -2.565728    -3.746008    -3.286676
      -3.461574    -3.092177    -3.285124
      -4.360854    -2.433734    -3.279137
      -4.320006    -2.424947    -2.190505
       5.492995    -2.729591    -1.665723
       5.492194    -2.727525    -0.560669
       5.492191    -2.727595     0.540386
       4.632322    -3.387899    -2.723499
       4.607978    -3.389085    -1.634395
       4.607515    -3.383892    -0.551568
       4.607493    -3.383953     0.531495
       4.607977    -3.389227     1.614306
       3.734992    -4.045436    -2.729398
       3.722984    -4.039071    -1.639433
       3.720843    -4.034900    -0.553076
       3.720798    -4.034960     0.533265
       3.722939    -4.039202     1.619596
       2.836844    -4.698017    -2.729266
       2.834008    -4.684950    -1.639295
       2.830326    -4.681857    -0.552935
       2.830242    -4.681920     0.533400
       2.833886    -4.685079     1.619720
       1.934260    -5.348297    -2.723123
       1.942363    -5.325779    -1.633973
       1.937138    -5.323896    -0.551132
       1.936988    -5.323947     0.531919
       1.942095    -5.325866     1.614694
       1.041633    -5.963688    -1.664948
       1.039457    -5.962361    -0.559867
       1.039200    -5.962341     0.541194
       4.354879     4.234170    -1.665849
       4.352605     4.234261    -0.560847
       4.352794     4.234224     0.540133
       4.715251     3.211714    -2.723767
       4.708726     3.188661    -1.634669
       4.703626     3.190079    -0.551881
       4.703808     3.190039     0.531137
       4.709265     3.188539     1.613916
       5.063294     2.155103    -2.729780
       5.053474     2.146106    -1.639831
       5.048868     2.145629    -0.553499
       5.049035     2.145581     0.532821
       5.053970     2.145964     1.619144
       5.406381     1.099237    -2.729748
       5.393062     1.101028    -1.639796
       5.389029     1.098765    -0.553455
       5.389175     1.098705     0.532875
       5.393495     1.100859     1.619205
       5.745898     0.039853    -2.723680
       5.726997     0.054973    -1.634575
       5.723671     0.050885    -0.551759
       5.723788     0.050812     0.531292
       5.727344     0.054769     1.614091
       6.055343    -0.998797    -1.665731
       6.053520    -1.000159    -0.560683
       6.053600    -1.000247     0.540356
      -2.620814     5.303015    -1.665141
      -2.622607     5.300529    -0.560027
      -2.622491     5.300570     0.541188
      -1.535087     5.330597    -2.723611
      -1.516672     5.316906    -1.634334
      -1.520410     5.312268    -0.551399
      -1.520251     5.312397     0.531768
      -1.515998     5.317333     1.614639
      -0.422702     5.335011    -2.729575
      -0.418309     5.322672    -1.639560
      -0.419889     5.317993    -0.553141
      -0.419694     5.318110     0.533262
      -0.417580     5.323045     1.619639
       0.687418     5.334899    -2.729619
       0.680712     5.322664    -1.639623
       0.681160     5.318036    -0.553206
       0.681370     5.318107     0.533203
       0.681444     5.322890     1.619588
       1.799802     5.330317    -2.723676
       1.778814     5.317009    -1.634537
       1.781317     5.312545    -0.551633
       1.781530     5.312567     0.531518
       1.779521     5.317079     1.614399
       2.882457     5.303752    -1.665816
       2.882914     5.301623    -0.560692
       2.883126     5.301606     0.540451
      -5.787381    -0.995003    -1.680434
      -5.786473    -0.999879    -0.575239
      -5.787415    -1.001877     0.521767
      -5.475690     0.033209    -2.728915
      -5.439228     0.052442    -1.640962
      -5.440261     0.048792    -0.555946
      -5.441575     0.046733     0.532936
      -5.447398     0.046367     1.624040
      -5.130463     1.094205    -2.736145
      -5.109157     1.095351    -1.641425
      -5.101900     1.092482    -0.551837
      -5.102812     1.090920     0.536889
      -5.109153     1.092758     1.626810
      -4.787341     2.150975    -2.736175
      -4.770785     2.137855    -1.641610
      -4.763303     2.134777    -0.552388
      -4.763490     2.133626     0.535678
      -4.769753     2.136887     1.624850
      -4.443411     3.212643    -2.727023
      -4.426803     3.177349    -1.638222
      -4.424470     3.178882    -0.552506
      -4.424460     3.178079     0.535040
      -4.425332     3.176528     1.620444
      -4.091691     4.229024    -1.668062
      -4.087884     4.231009    -0.560205
      -4.087939     4.230431     0.542650
      -0.778156    -5.963734    -1.665179
      -0.776774    -5.962159    -0.559990
      -0.777078    -5.961877     0.541257
      -1.669613    -5.348915    -2.723195
      -1.678826    -5.325847    -1.633960
      -1.674355    -5.323565    -0.550891
      -1.674626    -5.323200     0.532491
      -1.680040    -5.324494     1.615615
      -2.572276    -4.698824    -2.729224
      -2.570512    -4.685066    -1.639093
      -2.567548    -4.681491    -0.552419
      -2.567830    -4.681086     0.534371
      -2.572235    -4.683083     1.621182
      -3.470474    -4.046373    -2.729424
      -3.459599    -4.039156    -1.639187
      -3.458185    -4.034491    -0.552313
      -3.458568    -4.034181     0.534837
      -3.462423    -4.036207     1.622197
      -4.367858    -3.388750    -2.724211
      -4.344759    -3.388902    -1.634637
      -4.345121    -3.383389    -0.550442
      -4.345547    -3.383129     0.535256
      -4.349441    -3.384986     1.622091
      -5.229446    -2.729265    -1.677286
      -5.229800    -2.727340    -0.574482
      -5.230330    -2.728585     0.521651
       0.134272    -0.030892     5.499161
       0.131326    -5.650681     2.203473
       5.476965    -1.767735     2.202625
       3.435728     4.515817     2.202596
      -3.171501     4.515822     2.204453
      -5.217107    -1.769360     2.163808
       5.493037    -2.729760     1.645438
       1.041130    -5.963610     1.646191
       4.355444     4.234061     1.645130
       6.055586    -0.999028     1.645390
      -2.620226     5.303259     1.646173
       2.883130     5.303708     1.645570
      -5.791207    -1.003860     1.616277
      -4.091258     4.228403     1.650296
      -0.779259    -5.962807     1.646484
      -5.234413    -2.730484     1.615466
       0.134999    -0.967231     6.063953
       0.134657    -1.911020     5.499578
       0.134279    -2.851747     4.939304
       0.133825    -3.793078     4.379741
       1.024957    -0.320158     6.063439
       1.922000    -0.611872     5.498721
       2.816133    -0.902606     4.938262
       3.710957    -1.193532     4.378639
       0.685366     0.726553     6.063498
       1.239676     1.490080     5.498852
       1.792176     2.251123     4.938407
       2.345090     3.012665     4.378763
      -0.414684     0.726813     6.064601
      -0.968979     1.490926     5.500780
      -1.521331     2.252642     4.941015
      -2.074184     3.014760     4.381827
      -0.754999    -0.320199     6.064804
      -1.652468    -0.612034     5.501051
      -2.546512    -0.902948     4.941553
      -3.440372    -1.193799     4.383243
       1.031584    -1.265953     5.496114
       1.586210     0.440794     5.495856
       0.135171     1.496043     5.496542
      -1.316147     0.441187     5.498377
      -0.762338    -1.266071     5.497326
       1.927187    -1.559285     4.937079
       1.033246    -2.208950     4.937369
       2.141755     1.202477     4.936927
       2.483068     0.151275     4.936873
      -0.417140     2.260588     4.938051
       0.687355     2.260145     4.937408
      -2.213017     0.151620     4.940744
      -1.871317     1.203528     4.940556
      -0.764649    -2.209179     4.938545
      -1.658167    -1.559516     4.939235
       2.822596    -1.851259     4.378445
       1.930413    -2.504405     4.380304
       1.033677    -3.151221     4.378907
       2.695908     1.964308     4.378322
       3.041200     0.913771     4.379958
       3.378995    -0.139170     4.378271
      -0.970004     3.023899     4.379766
       0.134880     3.027274     4.380721
       1.240090     3.022934     4.378696
      -3.108180    -0.138735     4.383835
      -2.770343     0.914974     4.385443
      -2.425056     1.966089     4.382830
      -0.765878    -3.151547     4.379946
      -1.662022    -2.504834     4.382389
      -2.553070    -1.851604     4.381793
       3.719675    -2.143032     3.818936
       2.827617    -2.798090     3.822992
       1.931961    -3.448876     3.823158
       1.033402    -4.094882     3.819499
       3.250393     2.727669     3.818797
       3.597611     1.676744     3.822688
       3.939631     0.623678     3.822695
       4.276171    -0.430703     3.818791
      -1.524473     3.787837     3.820438
      -0.418658     3.792893     3.823578
       0.687903     3.792407     3.823243
       1.794274     3.786424     3.819116
      -4.003279    -0.429316     3.827221
      -3.667364     0.625256     3.830653
      -3.326017     1.678919     3.829473
      -2.979366     2.730060     3.823857
      -0.766527    -4.095249     3.820323
      -1.664471    -3.449422     3.824865
      -2.558744    -2.798768     3.826125
      -3.448141    -2.143284     3.824572
       3.726968    -3.090789     3.264357
       2.830916    -3.744906     3.266693
       1.931945    -4.394973     3.264643
       4.153758     2.441936     3.264036
       4.498869     1.387540     3.266271
       4.839217     0.331587     3.264098
      -0.974763     4.558770     3.265000
       0.134206     4.560774     3.266860
       1.243311     4.557841     3.264498
      -4.564178     0.335498     3.275803
      -4.224962     1.389991     3.276311
      -3.881869     2.445140     3.271839
      -1.665439    -4.395506     3.265902
      -2.563183    -3.745790     3.268930
      -3.456069    -3.092558     3.269071
       0.133348    -4.738943     3.818569
       4.610262    -1.485888     3.817447
       2.900794     3.777886     3.817540
      -2.630010     3.780310     3.820991
      -4.335543    -1.484722     3.824409
       4.626590    -2.431999     3.255554
       1.027424    -5.046920     3.256222
       3.805290     3.501119     3.255392
       5.179664    -0.730242     3.255440
      -2.089258     4.554961     3.257306
       2.358186     4.553286     3.255663
      -4.899841    -0.719324     3.270316
      -3.533993     3.504098     3.260576
      -0.761367    -5.047319     3.256797
      -4.344228    -2.435326     3.266792
      -5.235434    -1.776685     3.263381
       4.632515    -3.388003     2.703387
       3.735170    -4.045500     2.709530
       2.836997    -4.698044     2.709649
       1.934340    -5.348250     2.703769
       4.716130     3.211515     2.703008
       5.064095     2.154880     2.709084
       5.407084     1.098979     2.709144
       5.746471     0.039548     2.703169
      -1.533439     5.331433     2.703864
      -0.421108     5.335665     2.709612
       0.688924     5.335295     2.709546
       1.801236     5.330452     2.703488
      -5.804569    -1.008671     2.714495
      -5.462847     0.047436     2.720338
      -5.124816     1.100862     2.722229
      -4.783662     2.154863     2.719583
      -4.440364     3.215405     2.709336
      -1.668727    -5.348688     2.704779
      -2.570699    -4.698693     2.711252
      -3.467142    -4.046941     2.712423
      -4.359054    -3.391809     2.712217
      -5.248597    -2.733608     2.711176
      -6.361234    -0.223903    -1.129270
      -6.360471    -0.227068    -0.026962
      -6.363328    -0.229403     1.068957
      -6.373437    -0.234523     2.166053
      -6.040699     0.804760    -2.177079
      -6.023205     0.820039    -1.087811
      -6.021175     0.815577    -0.004851
      -6.024344     0.813088     1.079646
      -6.033642     0.816295     2.168737
      -5.697684     1.862286    -2.182159
      -5.686832     1.858754    -1.092596
      -5.683388     1.856981    -0.007635
      -5.687254     1.854326     1.077613
      -5.694004     1.867808     2.166976
      -5.354311     2.919496    -2.177943
      -5.349068     2.896957    -1.089276
      -5.344940     2.898030    -0.008229
      -5.349140     2.894106     1.072893
      -5.351486     2.923199     2.161249
      -5.008304     3.941062    -1.114574
      -5.005517     3.941705    -0.008561
      -5.008429     3.938949     1.097537