
      -0.021165    -0.299997    -0.007110
      -0.021108    -0.300485     1.094155
      -0.020921    -1.227855     0.543359
       0.861262    -0.587075     0.543216
       0.524047     0.450306     0.543368
      -0.566886     0.450563     0.543478
      -0.903630    -0.586611     0.543616
      -0.020750    -1.227842    -0.557511
       0.861307    -0.587078    -0.557766
       0.524100     0.450317    -0.557937
      -0.566720     0.450666    -0.557654
      -0.903404    -0.586523    -0.557351
      -0.020971    -0.300446    -1.108470
      -0.020468    -2.157989    -0.007073
       1.746221    -0.874611    -0.007363
       1.070756     1.202518    -0.007380
      -1.113862     1.203908    -0.007087
      -1.788156    -0.873997    -0.006691
      -0.020793    -1.229262     1.644043
      -0.020433    -1.229250    -1.658377
       0.861957    -0.588101     1.644069
       0.862036    -0.588138    -1.658692
       0.524599     0.449807     1.644458
       0.524695     0.449825    -1.659104
      -0.566966     0.450000     1.644365
      -0.566602     0.450216    -1.658742
      -0.903983    -0.587790     1.644273
      -0.903490    -0.587609    -1.658398
       0.866453    -1.521625     1.092870
       0.866569    -1.521667    -1.107334
       0.866089    -1.520719    -0.007205
       1.414257     0.165313     1.093378
       1.414246     0.165276    -1.108099
       1.413622     0.165524    -0.007338
      -0.021605     1.208557     1.093777
      -0.021459     1.208645    -1.108293
      -0.021755     1.208508    -0.007226
      -1.457009     0.166214     1.093701
      -1.456345     0.166616    -1.107675
      -1.456345     0.166782    -0.006890
      -0.908096    -1.521385     1.093222
      -0.907412    -1.521282    -1.107164
      -0.907521    -1.520372    -0.006890
      -0.020519    -2.158961     1.092329
      -0.020234    -2.159010    -1.106547
       1.746787    -0.875201     1.092270
       1.746793    -0.875270    -1.107022
       1.071280     1.202569     1.093360
       1.071298     1.202580    -1.108150
      -1.114136     1.203732     1.093253
      -1.113822     1.203999    -1.107527
      -1.789050    -0.874941     1.093049
      -1.788048    -0.874550    -1.106678
      -0.020792    -0.301697     2.195208
      -0.020630    -0.301671    -2.209731
      -0.020079    -3.091244    -0.555476
      -0.020168    -3.091183     0.541319
       2.634025    -1.162979    -0.556003
       2.634047    -1.162933     0.541117
       1.618900     1.956182    -0.557271
       1.618912     1.956185     0.542337
      -1.661868     1.959506    -0.556730
      -1.662003     1.959347     0.542502
      -2.674688    -1.162756    -0.555852
      -2.675661    -1.163141     0.541957
      -0.020316    -1.231738     2.744483
      -0.020093    -1.231789    -2.759040
      -0.020186    -2.161912     2.191788
      -0.019969    -2.162025    -2.206157
       0.863357    -0.589876     2.744662
       0.863326    -0.590008    -2.759391
       1.748713    -0.876972     2.191954
       1.748632    -0.877142    -2.206776
       0.525771     0.449131     2.745191
       0.525750     0.449114    -2.759949
       1.072886     1.202795     2.193521
       1.072822     1.202788    -2.208386
      -0.567005     0.449352     2.744967
      -0.566743     0.449498    -2.759590
      -1.114622     1.203795     2.193100
      -1.114314     1.204074    -2.207580
      -0.904458    -0.589741     2.744664
      -0.904005    -0.589604    -2.759265
      -1.790441    -0.877067     2.192422
      -1.789140    -0.876590    -2.206787
       0.867687    -1.524139     2.192765
       0.867740    -1.524271    -2.207356
       1.416194     0.164670     2.193681
       1.416094     0.164571    -2.208515
      -0.020996     1.208955     2.194201
      -0.020889     1.209054    -2.208860
      -1.458139     0.165220     2.193821
      -1.457305     0.165693    -2.208215
      -0.908761    -1.524050     2.193027
      -0.907941    -1.523944    -2.207332
       1.755894    -1.814701     1.640472
       1.755848    -1.814825    -1.655164
       1.754557    -1.812492    -0.556510
       1.754550    -1.812458     0.541889
       0.870397    -2.457996     1.640459
       0.870420    -2.458112    -1.654910
       0.869362    -2.455588    -0.556325
       0.869315    -2.455557     0.541977
       1.967105     0.919783     1.642289
       1.966977     0.919697    -1.657232
       1.964962     0.919433    -0.557488
       1.964995     0.919460     0.542619
       2.305703    -0.121218     1.641362
       2.305564    -0.121338    -1.656289
       2.303739    -0.120922    -0.557047
       2.303776    -0.120885     0.542191
      -0.568931     1.967624     1.642569
      -0.568802     1.967749    -1.657110
      -0.568959     1.966721    -0.557311
      -0.569046     1.966658     0.542896
       0.526367     1.966456     1.642772
       0.526383     1.966490    -1.657534
       0.525442     1.965309    -0.557550
       0.525411     1.965289     0.542866
      -2.347994    -0.121121     1.642123
      -2.346390    -0.120157    -1.656183
      -2.345397    -0.119613    -0.556575
      -2.346115    -0.120030     0.542953
      -2.009450     0.921437     1.642497
      -2.008757     0.922046    -1.656719
      -2.007659     0.922054    -0.556978
      -2.007996     0.921766     0.543020
      -0.911017    -2.457827     1.640751
      -0.910400    -2.457919    -1.654842
      -0.909830    -2.455374    -0.556164
      -0.910145    -2.455349     0.542224
      -1.797461    -1.814766     1.641131
      -1.795822    -1.814498    -1.655077
      -1.795175    -1.812161    -0.556142
      -1.795899    -1.812310     0.542531
      -0.019977    -3.093195     1.638554
      -0.019908    -3.093366    -1.652785
       2.635276    -1.164174     1.638608
       2.635170    -1.164323    -1.653536
       1.620666     1.957148     1.641659
       1.620587     1.957125    -1.656638
      -1.662813     1.959823     1.641278
      -1.662607     1.960123    -1.655633
      -2.677769    -1.165097     1.639877
      -2.675096    -1.164083    -1.653927
      -0.020265    -0.303287     3.296290
      -0.020249    -0.303341    -3.311007
      -0.019827    -4.028023    -1.100889
      -0.019899    -4.027384    -0.007040
      -0.019804    -4.027861     1.086773
       3.525080    -1.452150    -1.101630
       3.525077    -1.451617    -0.007513
       3.525180    -1.452043     1.086587
       2.168848     2.711998    -1.104790
       2.167897     2.711382    -0.007541
       2.168918     2.712033     1.089689
      -2.211713     2.717675    -1.104351
      -2.211062     2.716972    -0.007099
      -2.211822     2.717428     1.090100
      -3.564195    -1.452557    -1.103083
      -3.564946    -1.452352    -0.008391
      -3.566713    -1.453578     1.087009
      -0.019561    -1.235291     3.844973
      -0.019788    -1.235474    -3.859646
      -0.019451    -2.166780     3.291010
      -0.019738    -2.166994    -3.305462
      -0.019348    -3.098732     2.736669
      -0.019742    -3.098986    -2.750939
       0.865660    -0.592237     3.845261
       0.865356    -0.592519    -3.860087
       1.752172    -0.879781     3.291386
       1.751874    -0.880085    -3.306291
       2.639285    -1.167233     2.736994
       2.639003    -1.167509    -2.751987
       0.527636     0.448768     3.845981
       0.527325     0.448662    -3.860837
       1.075635     1.203609     3.293145
       1.075348     1.203536    -3.308097
       1.624097     1.959136     2.740205
       1.623853     1.959061    -2.755254
      -0.567266     0.449076     3.845800
      -0.567416     0.449002    -3.860549
      -1.115586     1.204580     3.292683
      -1.115711     1.204589    -3.307276
      -1.664431     1.961371     2.739470
      -1.664592     1.961439    -2.753913
      -0.905389    -0.592258     3.845267
      -0.905282    -0.592275    -3.860144
      -1.792605    -0.880135     3.291600
      -1.791660    -0.879826    -3.306625
      -2.681050    -1.168481     2.737614
      -2.678341    -1.167511    -2.752823
       0.869884    -1.528131     3.292142
       0.869642    -1.528410    -3.306859
       1.419508     0.163773     3.293359
       1.419205     0.163578    -3.308323
      -0.020056     1.209992     3.294047
      -0.020241     1.209998    -3.308840
      -1.459866     0.164123     3.293537
      -1.459477     0.164323    -3.308234
      -0.909570    -1.528187     3.292373
      -0.909258    -1.528201    -3.306951
       1.759096    -1.819004     2.738652
       1.758842    -1.819263    -2.753449
       0.872506    -2.463126     2.738543
       0.872235    -2.463375    -2.753123
       1.971258     0.920251     2.740953
       1.970965     0.920090    -2.756006
       2.309990    -0.122412     2.739980
       2.309685    -0.122635    -2.755014
      -0.568725     1.969734     2.741327
      -0.568845     1.969777    -2.756022
       0.528224     1.968820     2.741679
       0.528053     1.968808    -2.756555
      -2.351014    -0.122730     2.740667
      -2.349669    -0.121953    -2.755303
      -2.011919     0.921376     2.741183
      -2.011611     0.921733    -2.755614
      -0.911929    -2.463083     2.738906
      -0.911770    -2.463254    -2.753125
      -1.799616    -1.819278     2.739142
      -1.798284    -1.819090    -2.753597
       2.648113    -2.108966     2.184793
       2.647869    -2.109168    -2.199679
       2.645118    -2.104711    -1.103125
       2.644851    -2.103451    -0.007394
       2.645196    -2.104626     1.088309
       1.764052    -2.757050     2.185713
       1.763789    -2.757230    -2.200392
       1.760971    -2.751929    -1.103688
       1.760184    -2.750328    -0.007268
       1.761033    -2.751863     1.089110
       0.874617    -3.397596     2.184687
       0.874301    -3.397784    -2.199136
       0.872364    -3.392799    -1.102698
       0.871755    -3.391794    -0.007146
       0.872410    -3.392727     1.088357
       2.522133     1.676929     2.188452
       2.521876     1.676784    -2.203595
       2.517360     1.675242    -1.105954
       2.515743     1.674740    -0.007519
       2.517471     1.675313     1.090886
       2.864875     0.635466     2.188424
       2.864586     0.635284    -2.203555
       2.859774     0.635012    -1.105875
       2.858171     0.634727    -0.007509
       2.859906     0.635101     1.090824
       3.199960    -0.408516     2.186164
       3.199677    -0.408722    -2.201278
       3.195834    -0.407883    -1.104086
       3.195174    -0.408038    -0.007508
       3.195962    -0.407786     1.089042
      -1.117893     2.729491     2.188648
      -1.117970     2.729522    -2.203233
      -1.117373     2.726857    -1.105653
      -1.117273     2.725816    -0.007186
      -1.117461     2.726775     1.091211
      -0.020271     2.731625     2.189663
      -0.020369     2.731611    -2.204443
      -0.021248     2.728257    -1.106371
      -0.021579     2.726984    -0.007306
      -0.021281     2.728235     1.091708
       1.076916     2.726746     2.189142
       1.076771     2.726697    -2.204111
       1.074534     2.723251    -1.106165
       1.073856     2.721969    -0.007429
       1.074557     2.723261     1.091275
      -3.241889    -0.410397     2.187481
      -3.238988    -0.408548    -2.201973
      -3.235826    -0.407466    -1.104202
      -3.236064    -0.407901    -0.006963
      -3.238013    -0.408671     1.090335
      -2.905721     0.635548     2.189416
      -2.904778     0.636571    -2.203643
      -2.900920     0.636948    -1.105559
      -2.900123     0.636537    -0.006823
      -2.901949     0.636068     1.091688
      -2.563193     1.679526     2.188783
      -2.563081     1.679988    -2.202998
      -2.559779     1.679456    -1.105462
      -2.558825     1.678996    -0.007000
      -2.560147     1.678944     1.091364
      -0.913785    -3.397403     2.185073
      -0.913844    -3.397742    -2.199073
      -0.912201    -3.392703    -1.102590
      -0.911856    -3.391654    -0.006962
      -0.912463    -3.392501     1.088623
      -1.804108    -2.757000     2.186383
      -1.803276    -2.757231    -2.200290
      -1.800891    -2.751866    -1.103434
      -1.800596    -2.750290    -0.006829
      -1.801772    -2.751808     1.089709
      -2.689985    -2.109721     2.185766
      -2.686950    -2.109303    -2.200015
      -2.684715    -2.104802    -1.103106
      -2.685226    -2.103749    -0.006947
      -2.686829    -2.105301     1.089341
      -0.019339    -4.030241     2.181544
      -0.019738    -4.030526    -2.195695
       3.526209    -1.454084     2.181710
       3.525959    -1.454314    -2.196796
       2.172588     2.714857     2.187344
       2.172390     2.714771    -2.202493
      -2.213901     2.719362     2.186806
      -2.214031     2.719510    -2.201131
      -3.570620    -1.456929     2.183335
      -3.564563    -1.454689    -2.198515
      -0.019577    -0.305055     4.398132
      -0.019894    -0.305251    -4.412937
      -0.019689    -4.969528    -1.645443
      -0.019723    -4.968468    -0.553452
      -0.019730    -4.968386     0.539470
      -0.019440    -4.969259     1.631405
       4.420005    -1.743082    -1.646323
       4.420935    -1.741057    -0.554058
       4.420998    -1.741001     0.538898
       4.420213    -1.742900     1.631137
       2.720544     3.470114    -1.648910
       2.719046     3.469507    -0.554451
       2.719088     3.469534     0.539220
       2.720693     3.470198     1.633655
      -2.764584     3.479270    -1.649192
      -2.762586     3.477614    -0.554405
      -2.762638     3.477467     0.540247
      -2.764558     3.479034     1.634966
      -4.458061    -1.743807    -1.650369
      -4.459326    -1.742219    -0.558819
      -4.459850    -1.742739     0.533975
      -4.461968    -1.745746     1.627983
      -0.018703    -1.240615     4.947395
      -0.019554    -1.240980    -4.961999
      -0.018563    -2.174312     4.391064
      -0.019571    -2.174664    -4.405435
      -0.018485    -3.108414     3.835039
      -0.019622    -3.108743    -3.849226
      -0.018531    -4.041325     3.279881
      -0.019659    -4.041641    -3.293961
       0.869639    -0.595220     4.947757
       0.868937    -0.595673    -4.962641
       1.758093    -0.883546     4.391645
       1.757476    -0.883996    -4.406618
       2.647008    -1.171862     3.835722
       2.646467    -1.172274    -3.850775
       3.534927    -1.459547     3.280584
       3.534457    -1.459909    -3.295715
       0.530491     0.449607     4.948863
       0.529770     0.449357    -4.963771
       1.079757     1.206074     4.393828
       1.079146     1.205884    -4.408847
       1.629386     1.963234     3.838966
       1.628889     1.963068    -3.854080
       2.178984     2.720696     3.284902
       2.178587     2.720537    -3.300103
      -0.568348     0.449958     4.948938
      -0.569103     0.449612    -4.963609
      -1.117710     1.206959     4.393729
      -1.118509     1.206590    -4.408231
      -1.667508     1.964931     3.838500
      -1.668317     1.964553    -3.852862
      -2.217837     2.723843     3.283991
      -2.218515     2.723559    -3.298282
      -0.907697    -0.595315     4.948095
      -0.908232    -0.595566    -4.962868
      -1.796639    -0.883958     4.392159
      -1.796671    -0.883998    -4.407202
      -2.686608    -1.172974     3.836132
      -2.685364    -1.172544    -3.851903
      -3.577556    -1.462088     3.280371
      -3.572831    -1.460455    -3.297730
       0.873227    -1.533682     4.391637
       0.872535    -1.534137    -4.406427
       1.424452     0.163090     4.393271
       1.423852     0.162771    -4.408333
      -0.019038     1.212300     4.394427
      -0.019680     1.212140    -4.409292
      -1.462776     0.163362     4.393929
      -1.463303     0.163127    -4.408520
      -0.911056    -1.533798     4.392101
      -0.911700    -1.534048    -4.406590
       1.764629    -1.825253     3.836206
       1.764036    -1.825671    -3.851095
       0.875675    -2.471126     3.836004
       0.874910    -2.471534    -3.850661
       1.977506     0.921370     3.839030
       1.976985     0.921116    -3.854183
       2.317070    -0.124170     3.838031
       2.316536    -0.124510    -3.853162
      -0.568843     1.973496     3.839972
      -0.569437     1.973339    -3.854753
       0.530737     1.972913     3.840233
       0.530231     1.972792    -3.855204
      -2.355750    -0.124410     3.839202
      -2.355812    -0.124383    -3.853831
      -2.015846     0.922152     3.839840
      -2.016520     0.921883    -3.854132
      -0.913213    -2.471219     3.836603
      -0.914116    -2.471504    -3.850700
      -1.802931    -1.825590     3.836924
      -1.803097    -1.825694    -3.851397
       2.655611    -2.115799     3.280782
       2.655099    -2.116147    -3.295747
       1.769313    -2.765595     3.281428
       1.768691    -2.765933    -3.296209
       0.877459    -3.407800     3.280528
       0.876638    -3.408134    -3.295053
       2.529500     1.679947     3.284904
       2.529056     1.679724    -3.300129
       2.873253     0.635442     3.284893
       2.872778     0.635164    -3.300112
       3.208777    -0.411503     3.282822
       3.208300    -0.411825    -3.298014
      -1.119014     2.734271     3.285591
      -1.119524     2.734102    -3.300272
      -0.018883     2.737234     3.286842
      -0.019300     2.737111    -3.301736
       1.080851     2.732713     3.286039
       1.080464     2.732588    -3.301093
      -3.248210    -0.412854     3.284375
      -3.247166    -0.412127    -3.299173
      -2.911650     0.635376     3.286590
      -2.912086     0.635422    -3.300694
      -2.568023     1.681427     3.285708
      -2.568764     1.681213    -3.299812
      -0.914889    -3.407828     3.281129
      -0.915943    -3.408160    -3.295008
      -1.807237    -2.765756     3.282409
      -1.807870    -2.766049    -3.296204
      -2.694955    -2.116525     3.281775
      -2.693898    -2.116443    -3.296324
       3.545437    -2.405987     2.725368
       3.545003    -2.406274    -2.740409
       3.537916    -2.398216    -1.645841
       3.538079    -2.395394    -0.553594
       3.538138    -2.395350     0.538643
       3.538122    -2.398065     1.630851
       2.662514    -3.058573     2.726733
       2.661999    -3.058823    -2.741599
       2.655335    -3.049777    -1.647388
       2.653363    -3.045763    -0.553877
       2.653421    -3.045735     0.539142
       2.655565    -3.049665     1.632600
       1.772924    -3.705007     2.726678
       1.772294    -3.705234    -2.741349
       1.767759    -3.694771    -1.647171
       1.765765    -3.690863    -0.553724
       1.765820    -3.690846     0.539211
       1.768017    -3.694683     1.632592
       0.879496    -4.343166     2.725165
       0.878724    -4.343415    -2.739574
       0.875652    -4.332835    -1.645113
       0.874407    -4.331346    -0.553098
       0.874448    -4.331320     0.538832
       0.875925    -4.332722     1.630782
       3.080864     2.438558     2.731213
       3.080499     2.438355    -2.746516
       3.072409     2.433485    -1.651300
       3.068133     2.432006    -0.555354
       3.068196     2.432047     0.540146
       3.072610     2.433609     1.636054
       3.427554     1.395516     2.731804
       3.427145     1.395276    -2.747105
       3.417942     1.393418    -1.652005
       3.412951     1.392271    -0.555773
       3.413028     1.392321     0.540576
       3.418180     1.393566     1.636765
       3.767676     0.349437     2.730927
       3.767250     0.349171    -2.746216
       3.757205     0.350339    -1.650993
       3.752877     0.349737    -0.555180
       3.752959     0.349790     0.539991
       3.757455     0.350499     1.635763
       4.099263    -0.697615     2.727743
       4.098847    -0.697904    -2.743011
       4.090214    -0.695058    -1.647137
       4.089841    -0.695441    -0.553994
       4.089918    -0.695387     0.538816
       4.090450    -0.694891     1.631923
      -1.669590     3.495442     2.732047
      -1.669942     3.495308    -2.746630
      -1.667661     3.490113    -1.651298
      -1.666735     3.487358    -0.555289
      -1.666779     3.487325     0.540917
      -1.667645     3.490086     1.636819
      -0.568822     3.500273     2.733637
      -0.569133     3.500134    -2.748433
      -0.569105     3.493574    -1.652540
      -0.569203     3.489910    -0.555808
      -0.569220     3.489912     0.541211
      -0.569058     3.493612     1.637854
       0.531718     3.499472     2.733519
       0.531426     3.499341    -2.748490
       0.528919     3.491873    -1.652720
       0.527850     3.487726    -0.555920
       0.527856     3.487740     0.541099
       0.529000     3.491930     1.637835
       1.630812     3.492112     2.732176
       1.630520     3.491980    -2.747313
       1.625499     3.484253    -1.651721
       1.623866     3.480606    -0.555416
       1.623891     3.480625     0.540381
       1.625614     3.484320     1.636644
      -4.140582    -0.701369     2.729669
      -4.137108    -0.698596    -2.744728
      -4.128728    -0.695587    -1.648372
      -4.129054    -0.696277    -0.554732
      -4.130229    -0.696904     0.539124
      -4.133414    -0.698290     1.633989
      -3.806199     0.347659     2.733202
      -3.806113     0.348626    -2.747086
      -3.796556     0.350476    -1.651252
      -3.793018     0.349887    -0.554731
      -3.794083     0.349170     0.541251
      -3.798408     0.348606     1.637455
      -3.465874     1.395391     2.733840
      -3.466473     1.395647    -2.747672
      -3.458340     1.395477    -1.652007
      -3.454272     1.394815    -0.555356
      -3.454659     1.394320     0.541573
      -3.458809     1.394445     1.638127
      -3.120290     2.441336     2.732206
      -3.120852     2.441358    -2.746236
      -3.114805     2.439284    -1.651072
      -3.111608     2.438221    -0.555129
      -3.111732     2.437922     0.541118
      -3.114855     2.438744     1.637021
      -0.917120    -4.343061     2.725695
      -0.918066    -4.343471    -2.739482
      -0.915135    -4.332823    -1.644992
      -0.914011    -4.331277    -0.552930
      -0.914096    -4.331137     0.539106
      -0.915061    -4.332390     1.631132
      -1.810813    -3.704964     2.727620
      -1.811613    -3.705420    -2.741179
      -1.807298    -3.694867    -1.646934
      -1.805537    -3.690902    -0.553369
      -1.805807    -3.690780     0.539767
      -1.807675    -3.694426     1.633312
      -2.701151    -3.058658     2.728257
      -2.701121    -3.059247    -2.741561
      -2.694779    -3.050133    -1.647154
      -2.693259    -3.046173    -0.553361
      -2.693898    -3.046234     0.540066
      -2.696333    -3.049898     1.633847
      -3.587361    -2.406892     2.726861
      -3.583364    -2.406856    -2.741620
      -3.576568    -2.398746    -1.646753
      -3.577390    -2.396205    -0.554232
      -3.578390    -2.396584     0.538800
      -3.581118    -2.399859     1.632478
      -0.018719    -4.969485     2.723847
       4.418456    -1.745580     2.724551
       2.727741     3.477259     2.731511
      -2.769021     3.483940     2.730317
      -4.469418    -1.751341     2.724118
       4.435218    -2.690836    -1.096953
       4.435264    -2.688814    -0.007540
       4.435369    -2.690734     1.081859
       4.435181    -2.695211     2.168862
       3.555232    -3.351715    -2.185859
       3.550319    -3.344243    -1.096147
       3.549942    -3.342233    -0.007448
       3.550485    -3.344172     1.081234
       3.555645    -3.351523     2.170903
       2.667829    -4.000951    -2.187298
       2.663754    -3.993295    -1.096889
       2.662914    -3.991369    -0.007354
       2.663931    -3.993258     1.082159
       2.668309    -4.000808     2.172515
       1.776395    -4.644406    -2.185505
       1.773018    -4.636242    -1.095877
       1.772043    -4.634821    -0.007246
       1.773188    -4.636222     1.081355
       1.776920    -4.644295     2.170922
       0.879201    -5.276080    -1.096319
       0.878138    -5.275165    -0.007094
       0.879316    -5.276024     1.082095
       0.881468    -5.277814     2.168664
       3.623198     3.191285    -1.099179
       3.621680     3.191724    -0.007675
       3.623329     3.191378     1.083815
       3.632129     3.196122     2.177584
       3.980753     2.155540    -2.194214
       3.971058     2.152030    -1.100668
       3.967949     2.151322    -0.007675
       3.971220     2.152138     1.085304
       3.981080     2.155747     2.178816
       4.323661     1.110900    -2.194123
       4.313170     1.110157    -1.100582
       4.310133     1.109522    -0.007675
       4.313349     1.110271     1.085219
       4.324016     1.111121     2.178728
       4.660161     0.064699    -2.191963
       4.650229     0.065773    -1.098498
       4.649598     0.065086    -0.007670
       4.650411     0.065888     1.083146
       4.660522     0.064928     2.176579
       4.989223    -0.981984    -1.097918
       4.989842    -0.981451    -0.007658
       4.989395    -0.981868     1.082589
       4.987618    -0.983289     2.171046
      -2.217727     4.253350    -1.100677
      -2.216893     4.251960    -0.007163
      -2.217776     4.253311     1.086297
      -2.220506     4.258690     2.180050
      -1.118799     4.262982    -2.195946
      -1.117603     4.255910    -1.101504
      -1.117137     4.253697    -0.007283
      -1.117601     4.255947     1.086896
      -1.118620     4.263104     2.181250
      -0.017891     4.264481    -2.195985
      -0.018843     4.256151    -1.101519
      -0.018940     4.253519    -0.007393
      -0.018806     4.256211     1.086703
      -0.017697     4.264619     2.181100
       1.082003     4.261157    -2.195207
       1.078678     4.252057    -1.101102
       1.078189     4.249357    -0.007496
       1.078739     4.252119     1.086089
       1.082207     4.261288     2.180143
       2.175030     4.242394    -1.099372
       2.175142     4.241614    -0.007594
       2.175109     4.242455     1.084171
       2.179524     4.251125     2.178327
      -5.027516    -0.983388    -1.101118
      -5.028516    -0.983545    -0.010854
      -5.029016    -0.985794     1.080911
      -5.033165    -0.990262     2.174738
      -4.698510     0.063432    -2.192801
      -4.688886     0.064529    -1.098607
      -4.689252     0.063057    -0.006881
      -4.691680     0.062145     1.085587
      -4.700078     0.060208     2.179810
      -4.362518     1.109785    -2.194668
      -4.352504     1.109810    -1.100498
      -4.349976     1.108728    -0.006779
      -4.353270     1.108319     1.087175
      -4.362363     1.108364     2.181385
      -4.020238     2.156065    -2.195226
      -4.012151     2.154490    -1.100989
      -4.009689     2.153442    -0.006894
      -4.012349     2.153589     1.087274
      -4.019910     2.155360     2.181518
      -3.669000     3.199777    -1.100425
      -3.667355     3.198815    -0.006969
      -3.669058     3.199223     1.086474
      -3.674498     3.202209     2.180138
      -0.918554    -5.276068    -1.096151
      -0.917496    -5.275066    -0.006854
      -0.918637    -5.275719     1.082468
      -0.919746    -5.277366     2.169043
      -1.815727    -4.644593    -2.185225
      -1.812445    -4.636346    -1.095516
      -1.811478    -4.634819    -0.006737
      -1.812702    -4.635896     1.082104
      -1.815297    -4.644002     2.171799
      -2.707162    -4.001370    -2.186969
      -2.703263    -3.993672    -1.096401
      -2.702524    -3.991759    -0.006589
      -2.703950    -3.993262     1.083350
      -2.707146    -4.000536     2.173983
      -3.594402    -3.352405    -2.185806
      -3.589883    -3.345030    -1.095717
      -3.589822    -3.343320    -0.006295
      -3.591456    -3.345071     1.083498
      -3.595960    -3.351224     2.174100
      -4.474013    -2.691746    -1.100320
      -4.474281    -2.690328    -0.010872
      -4.475745    -2.692335     1.079963
      -4.481204    -2.697647     2.171727
      -0.019649    -4.969838    -2.737892
       4.418071    -1.745899    -2.739772
       2.727433     3.477105    -2.746803
      -2.769441     3.483859    -2.744574
      -4.455568    -1.746463    -2.743173
      -0.019596    -0.307291    -5.517425
      -0.019657    -5.922549    -2.219099
      -0.019651    -5.918267    -1.108569
      -0.019658    -5.917293    -0.006920
      -0.019690    -5.918085     1.094746
       5.326163    -2.035942    -2.220328
       5.324727    -2.032471    -1.110014
       5.324353    -2.031791    -0.007630
       5.324874    -2.032353     1.094746
       3.273438     4.229873    -2.191938
       3.273039     4.231539    -1.099459
       3.272597     4.231828    -0.007681
       3.273134     4.231611     1.084088
      -3.323701     4.248717    -2.191555
      -3.320040     4.245627    -1.098810
      -3.319050     4.244886    -0.007023
      -3.320137     4.245367     1.084694
      -5.364645    -2.036170    -2.228839
      -5.363525    -2.033431    -1.120299
      -5.362945    -2.033829    -0.021646
      -5.363459    -2.036476     1.073031
      -0.019388    -1.244398    -6.081303
      -0.019464    -2.187120    -5.515926
      -0.019551    -3.126785    -4.954998
      -0.019618    -4.067215    -4.395076
      -0.019637    -5.012454    -3.833661
       0.870498    -0.598072    -6.082230
       1.767687    -0.889198    -5.517517
       2.661984    -1.179322    -4.957081
       3.557018    -1.469494    -4.397486
       4.456587    -1.760945    -3.836395
       0.530720     0.448289    -6.083978
       1.085264     1.211906    -5.520765
       1.637637     1.972708    -4.962081
       2.189745     2.733545    -4.404942
       2.742587     3.495720    -3.847822
      -0.569546     0.448489    -6.083954
      -1.123899     1.212245    -5.520554
      -1.675903     1.973135    -4.961652
      -2.227505     2.733943    -4.404519
      -2.779797     3.496021    -3.847955
      -0.909281    -0.598022    -6.082596
      -1.806470    -0.889347    -5.518221
      -2.700677    -1.179791    -4.958225
      -3.595628    -1.470303    -4.399269
      -4.495303    -1.762053    -3.839167
       0.877401    -1.542508    -5.513396
       1.431568     0.163120    -5.515897
      -0.019338     1.217662    -5.517518
      -1.470425     0.163238    -5.516338
      -0.916261    -1.542506    -5.513588
       1.773190    -1.835200    -4.954301
       0.879437    -2.484339    -4.953743
       1.986897     0.924678    -4.958389
       2.328443    -0.125887    -4.956886
      -0.571366     1.981581    -4.959819
       0.533099     1.981452    -4.960003
      -2.367249    -0.126063    -4.957800
      -2.025564     0.924836    -4.958810
      -0.918441    -2.484385    -4.953789
      -1.812029    -1.835389    -4.954645
       2.668846    -2.126474    -4.395660
       1.776916    -2.779122    -4.396689
       0.880281    -3.425600    -4.394753
       2.540438     1.686066    -4.401783
       2.886093     0.636479    -4.401551
       3.224443    -0.415700    -4.398387
      -1.123181     2.743808    -4.403084
      -0.018692     2.747795    -4.404456
       1.085650     2.743728    -4.403213
      -3.263170    -0.416289    -4.399704
      -2.924761     0.636098    -4.402587
      -2.578713     1.686047    -4.402295
      -0.919446    -3.425686    -4.394705
      -1.815927    -2.779352    -4.396713
      -2.707611    -2.126970    -4.396243
       3.566282    -2.417402    -3.836185
       2.674532    -3.072088    -3.839459
       1.779012    -3.722609    -3.839156
       0.880457    -4.368481    -3.835084
       3.093620     2.448296    -3.845485
       3.441432     1.399147    -3.846599
       3.784453     0.347084    -3.844749
       4.121857    -0.706429    -3.839117
      -1.674996     3.505989    -3.847320
      -0.570375     3.512193    -3.849335
       0.534464     3.512359    -3.848965
       1.638673     3.506198    -3.846599
      -4.160528    -0.707441    -3.840809
      -3.823174     0.346038    -3.845994
      -3.479829     1.398064    -3.847949
      -3.131358     2.447612    -3.846697
      -0.919723    -4.368598    -3.834992
      -1.818198    -3.722874    -3.839004
      -2.713545    -3.072590    -3.839480
      -3.605021    -2.418216    -3.837239
       4.473852    -2.705263    -3.273006
       4.434847    -2.695458    -2.183997
       3.574453    -3.363945    -3.280959
       2.678501    -4.017971    -3.282890
       1.779518    -4.667962    -3.280521
       0.874946    -5.319984    -3.271625
       0.880971    -5.277956    -2.182954
       3.647659     3.212603    -3.288205
       3.631849     3.195942    -2.192979
       3.996216     2.163009    -3.291403
       4.341617     1.110935    -3.291379
       4.684342     0.055698    -3.287042
       5.025575    -1.005466    -3.275794
       4.987276    -0.983525    -2.186406
      -2.227065     4.269694    -3.292572
      -2.220656     4.258643    -2.194536
      -1.121674     4.276421    -3.294809
      -0.016783     4.279316    -3.294624
       1.088299     4.277033    -3.292997
       2.193142     4.270229    -3.288989
       2.179311     4.250997    -2.193563
      -5.064346    -1.006924    -3.278101
      -5.024710    -0.984486    -2.189118
      -4.723163     0.053995    -3.288146
      -4.380372     1.108729    -3.292549
      -4.034347     2.160113    -3.293757
      -3.685185     3.210056    -3.291990
      -3.674748     3.202584    -2.194119
      -0.914178    -5.320121    -3.271500
      -0.920264    -5.277983    -2.182810
      -1.818768    -4.668244    -3.280278
      -2.717720    -4.018459    -3.282636
      -3.613583    -3.364666    -3.281064
      -4.512871    -2.706257    -3.275043
      -4.472644    -2.695687    -2.186670
       5.342944    -2.997146    -1.662432
       5.343017    -2.993259    -0.557876
       5.343096    -2.993206     0.542703
       4.480529    -3.660076    -2.719934
       4.458021    -3.658352    -1.631070
       4.458440    -3.651617    -0.548759
       4.458523    -3.651578     0.533722
       4.458314    -3.658206     1.616018
       3.583279    -4.317852    -2.725861
       3.572793    -4.309396    -1.636191
       3.571430    -4.304026    -0.550329
       3.571515    -4.304006     0.535445
       3.573115    -4.309300     1.621286
       2.685089    -4.970526    -2.725806
       2.683472    -4.955888    -1.636141
       2.680453    -4.951888    -0.550256
       2.680529    -4.951889     0.535540
       2.683797    -4.955845     1.621395
       1.782393    -5.620762    -2.719646
       1.791491    -5.596972    -1.630879
       1.786848    -5.594405    -0.548506
       1.786893    -5.594416     0.534023
       1.791759    -5.596950     1.616350
       0.890552    -6.234956    -1.662097
       0.888877    -6.233053    -0.557332
       0.888852    -6.233023     0.543332
       4.183319     3.953245    -1.637898
       4.180849     3.954181    -0.551579
       4.180911     3.954234     0.536099
       4.551598     2.929836    -2.735044
       4.535585     2.915492    -1.640623
       4.528381     2.912924    -0.551644
       4.528459     2.912984     0.536150
       4.535819     2.915663     1.625115
       4.898661     1.877078    -2.736893
       4.880339     1.873153    -1.641918
       4.872987     1.871829    -0.552117
       4.873075     1.871890     0.536612
       4.880602     1.873333     1.626401
       5.242614     0.822707    -2.734873
       5.220344     0.829232    -1.640502
       5.212747     0.828921    -0.551619
       5.212841     0.828981     0.536114
       5.220621     0.829412     1.624986
       5.588806    -0.237643    -2.724746
       5.553150    -0.214417    -1.636367
       5.552888    -0.215530    -0.551306
       5.552982    -0.215471     0.535820
       5.553429    -0.214241     1.620870
       5.901373    -1.261970    -1.666327
       5.899626    -1.264830    -0.558942
       5.899716    -1.264775     0.543505
      -2.772421     5.031523    -1.644264
      -2.768797     5.029392    -0.552714
      -2.768845     5.029362     0.538430
      -1.672078     5.042635    -2.741232
      -1.666935     5.028462    -1.644839
      -1.664095     5.023748    -0.553003
      -1.664114     5.023761     0.538465
      -1.666883     5.028533     1.630244
      -0.567629     5.047008    -2.739731
      -0.566738     5.030248    -1.643605
      -0.565778     5.024537    -0.552597
      -0.565774     5.024572     0.537826
      -0.566645     5.030363     1.628796
       0.537637     5.047158    -2.738690
       0.533056     5.029479    -1.642968
       0.532006     5.023111    -0.552413
       0.532026     5.023149     0.537440
       0.533176     5.029599     1.627968
       1.644515     5.043048    -2.735990
       1.631466     5.024033    -1.641197
       1.629217     5.017133    -0.551815
       1.629248     5.017169     0.536655
       1.631601     5.024146     1.626017
       2.727145     5.009914    -1.638098
       2.727208     5.008975    -0.551700
       2.727246     5.009012     0.536364
      -5.940549    -1.262059    -1.674595
      -5.939017    -1.265979    -0.568852
      -5.939419    -1.267230     0.528591
      -5.627773    -0.240133    -2.725695
      -5.590790    -0.216017    -1.637249
      -5.591713    -0.217862    -0.551952
      -5.592454    -0.219640     0.537056
      -5.595581    -0.223809     1.626760
      -5.281786     0.819500    -2.735168
      -5.258951     0.827073    -1.640348
      -5.251543     0.826379    -0.550854
      -5.251676     0.825284     0.537954
      -5.259462     0.823275     1.628299
      -4.937828     1.872388    -2.738203
      -4.919421     1.871144    -1.642440
      -4.912794     1.869673    -0.551726
      -4.912819     1.868888     0.538327
      -4.919430     1.869203     1.629253
      -4.591072     2.922114    -2.740230
      -4.577125     2.916011    -1.644067
      -4.572113     2.913181    -0.552430
      -4.572165     2.912606     0.538729
      -4.577094     2.914860     1.630395
      -4.237581     3.967862    -1.643952
      -4.235238     3.964968    -0.552390
      -4.235366     3.964536     0.538566
      -0.929808    -6.234995    -1.661978
      -0.928135    -6.233025    -0.557172
      -0.928149    -6.232855     0.543573
      -1.821546    -5.621029    -2.719327
      -1.830744    -5.597117    -1.630504
      -1.826080    -5.594471    -0.548007
      -1.826061    -5.594278     0.534716
      -1.831166    -5.596212     1.617263
      -2.724309    -4.970951    -2.725383
      -2.722776    -4.956231    -1.635624
      -2.719704    -4.952234    -0.549547
      -2.719674    -4.952093     0.536553
      -2.723656    -4.954942     1.622771
      -3.622582    -4.318420    -2.725504
      -3.612185    -4.309957    -1.635659
      -3.610754    -4.304789    -0.549427
      -3.610791    -4.304878     0.536979
      -3.614072    -4.308065     1.623717
      -4.519942    -3.660606    -2.720080
      -4.497526    -3.659000    -1.630923
      -4.497929    -3.652869    -0.547442
      -4.497994    -3.653197     0.537421
      -4.501182    -3.656622     1.623594
      -5.382154    -2.998205    -1.672951
      -5.382404    -2.995480    -0.570839
      -5.382507    -2.997387     0.524280
      -0.018787    -0.306909     5.502655
      -0.019432    -5.922245     2.205183
       5.326484    -2.035700     2.205052
       3.273660     4.230012     2.176545
      -3.323585     4.248558     2.177319
      -5.367705    -2.041104     2.166305
       3.298294     4.261869    -3.288596
      -3.335380     4.262593    -3.290883
       5.343210    -2.996969     1.647255
       0.890678    -6.234852     1.648038
       4.202118     3.987816    -2.726784
       4.183506     3.953392     1.622398
       5.901640    -1.261801     1.650880
      -2.782124     5.041778    -2.741456
      -2.772425     5.031500     1.629890
       2.758096     5.037863    -2.727235
       2.727287     5.010021     1.622748
      -5.941618    -1.270912     1.622302
      -4.246306     3.977713    -2.740848
      -4.237658     3.967047     1.629989
      -0.930121    -6.234344     1.648415
      -5.385868    -3.001380     1.617188
      -0.017949    -1.243806     6.066937
      -0.017837    -2.186604     5.501755
      -0.017775    -3.126375     4.940978
      -0.017830    -4.066901     4.381132
       0.871637    -0.597459     6.067358
       1.768664    -0.888617     5.502518
       2.662826    -1.178790     4.941993
       3.557749    -1.469015     4.382320
       0.531875     0.448706     6.069093
       1.086226     1.212250     5.505726
       1.638425     1.973001     4.946933
       2.190382     2.733805     4.389703
      -0.568176     0.449038     6.069545
      -1.122478     1.212893     5.506293
      -1.674499     1.973880     4.947496
      -2.226281     2.734667     4.390378
      -0.907913    -0.597489     6.068333
      -1.804975    -0.888833     5.504097
      -2.698715    -1.179199     4.944245
      -3.592418    -1.469375     4.385656
       0.878556    -1.541882     5.498600
       1.432493     0.163572     5.500792
      -0.018223     1.218002     5.502658
      -1.468929     0.163803     5.502211
      -0.914682    -1.541947     5.499514
       1.774160    -1.834629     4.939356
       0.880715    -2.483772     4.939078
       1.987673     0.925037     4.943176
       2.329232    -0.125430     4.941696
      -0.570257     1.981957     4.945037
       0.533986     1.981717     4.944979
      -2.365374    -0.125378     4.944042
      -2.023941     0.925569     4.944919
      -0.916591    -2.483922     4.940009
      -1.810059    -1.834825     4.940940
       2.669673    -2.125979     4.380634
       1.777949    -2.778620     4.381841
       0.881647    -3.425129     4.380220
       2.541089     1.686375     4.386498
       2.886767     0.636854     4.386268
       3.225133    -0.415266     4.383140
      -1.122151     2.744226     4.388396
      -0.017867     2.748064     4.389493
       1.086343     2.743958     4.388098
      -3.260382    -0.415163     4.386657
      -2.922664     0.637116     4.389210
      -2.577151     1.686886     4.388488
      -0.917470    -3.425373     4.381058
      -1.813556    -2.778991     4.383461
      -2.704669    -2.126383     4.383242
       3.566997    -2.416975     3.821092
       2.675388    -3.071676     3.824527
       1.780082    -3.722214     3.824421
       0.881797    -4.368108     3.820658
       3.094162     2.448576     3.830133
       3.442014     1.399473     3.831247
       3.785056     0.347448     3.829410
       4.122465    -0.706033     3.823807
      -1.674164     3.506369     3.832712
      -0.569665     3.512476     3.834466
       0.535066     3.512587     3.833922
       1.639208     3.506411     3.831409
      -4.155520    -0.704961     3.829522
      -3.820077     0.347839     3.833453
      -3.477924     1.399193     3.834565
      -3.130106     2.448347     3.832824
      -0.917817    -4.368416     3.821342
      -1.815768    -3.722763     3.825780
      -2.710065    -3.072490     3.827088
      -3.599635    -2.417544     3.825950
       3.575182    -3.363594     3.265957
       2.679362    -4.017667     3.268054
       1.780525    -4.667692     3.265887
       3.996705     2.163302     3.275972
       4.342139     1.111250     3.275953
       4.684877     0.056028     3.271628
      -1.121150     4.276674     3.280045
      -0.016303     4.279549     3.279675
       1.088737     4.277240     3.277883
      -4.718084     0.058574     3.277022
      -4.377939     1.110609     3.279690
      -4.033035     2.160924     3.280162
      -1.816560    -4.668356     3.266943
      -2.714396    -4.018896     3.269933
      -3.607399    -3.365967     3.270161
      -0.017978    -5.012196     3.819760
       4.457227    -1.760514     3.821153
       2.743097     3.495961     3.832496
      -2.778898     3.496572     3.833771
      -4.487652    -1.759552     3.826596
       4.474493    -2.704865     3.257833
       0.876072    -5.319721     3.257286
       3.648101     3.212865     3.272774
       5.026108    -1.005126     3.260400
      -2.226519     4.269945     3.278032
       2.193553     4.270430     3.273717
      -5.052014    -0.994245     3.271700
      -3.684393     3.210482     3.278027
      -0.912395    -5.320079     3.257808
      -4.495942    -2.709000     3.268371
       3.298695     4.262099     3.273179
      -3.334869     4.262865     3.276639
      -5.388142    -2.049277     3.264243
       4.481171    -3.659734     2.704852
       3.584003    -4.317577     2.710930
       2.685889    -4.970310     2.711031
       1.783223    -5.620575     2.705072
       4.202457     3.988070     2.711258
       4.551988     2.930105     2.719518
       4.899090     1.877358     2.721362
       5.243065     0.822991     2.719344
       5.589262    -0.237359     2.709230
      -2.781847     5.041869     2.726983
      -1.671767     5.042807     2.726574
      -0.567303     5.047215     2.724876
       0.537964     5.047360     2.723653
       1.644835     5.043234     2.720782
       2.758407     5.038047     2.711861
      -5.960844    -1.278646     2.714282
      -5.620205    -0.230597     2.718248
      -5.279325     0.822155     2.723142
      -4.936688     1.873060     2.724922
      -4.590423     2.922217     2.726503
      -4.245989     3.977738     2.726820
      -1.819671    -5.621306     2.706008
      -2.721807    -4.971549     2.712482
      -3.618383    -4.319999     2.713600
      -4.510387    -3.664953     2.713407
      -5.399902    -3.006564     2.712517
       3.832838     5.002593    -1.672398
       3.830529     5.000324    -0.560180
       3.830574     5.000366     0.544704
       3.832992     5.002717     1.656916
       4.752446     4.723844    -1.114308
       4.750525     4.724921    -0.007787
       4.752561     4.723966     1.098732
       5.113855     3.701439    -2.176776
       5.107549     3.679729    -1.088644
       5.103550     3.681926    -0.007810
       5.107690     3.679859     1.073021
       5.114137     3.701688     2.161144
       5.463303     2.646478    -2.181951
       5.453433     2.639843    -1.092763
       5.449943     2.640034    -0.007823
       5.453597     2.639975     1.077116
       5.463626     2.646732     2.166300
       5.808857     1.592941    -2.182070
       5.795268     1.598667    -1.092822
       5.792472     1.596826    -0.007830
       5.795448     1.598795     1.077161
       5.809206     1.593193     2.166407
       6.153007     0.536444    -2.176921
       6.133900     0.558139    -1.088726
       6.131960     0.554204    -0.007828
       6.134087     0.558260     1.073068
       6.153369     0.536691     2.161261
       6.472878    -0.487711    -1.113760
       6.471555    -0.490272    -0.007808
       6.473066    -0.487596     1.098143
      -2.221922     5.822540    -2.193842
      -2.209860     5.815241    -1.098725
      -2.207443     5.813627    -0.007227
      -2.209882     5.815263     1.084241
      -2.221784     5.822635     2.179305
      -1.117961     5.823638    -2.185294
      -1.112818     5.814057    -1.094856
      -1.110909     5.811865    -0.007365
      -1.112813     5.814122     1.080111
      -1.117795     5.823789     2.170523
      -0.013473     5.824924    -2.183908
      -0.015591     5.814359    -1.094107
      -0.013846     5.811851    -0.007474
      -0.015555     5.814440     1.079151
      -0.013273     5.825096     2.168935
       1.093009     5.822659    -2.182773
       1.082177     5.811664    -1.093311
       1.084440     5.808672    -0.007567
       1.082238     5.811745     1.078171
       1.093230     5.822824     2.167619
       2.203472     5.816769    -2.177386
       2.178924     5.804708    -1.089086
       2.182431     5.801766    -0.007656
       2.178996     5.804784     1.073771
       2.203697     5.816925     2.162058
       3.281842     5.790747    -1.114614
       3.283394     5.789435    -0.007732
       3.281923     5.790826     1.099149
      -6.512280    -0.488615    -1.119572
      -6.511703    -0.492049    -0.013685
      -6.513883    -0.491299     1.092472
      -6.192449     0.532308    -2.176153
      -6.172475     0.555784    -1.087557
      -6.170500     0.550278    -0.005585
      -6.171639     0.552423     1.076712
      -6.191389     0.530208     2.165723
      -5.848686     1.587569    -2.181852
      -5.834323     1.595531    -1.092218
      -5.832064     1.591390    -0.006367
      -5.834041     1.592955     1.079526
      -5.848188     1.586313     2.168901
      -5.504625     2.637915    -2.183969
      -5.494364     2.635928    -1.093662
      -5.492527     2.632591    -0.006647
      -5.494387     2.634076     1.080357
      -5.504301     2.637040     2.170512
      -5.161455     3.687502    -2.192707
      -5.155821     3.678202    -1.097821
      -5.154710     3.675009    -0.006861
      -5.156046     3.676777     1.084106
      -5.161318     3.686813     2.178937