
       0.268167    -0.144170    -0.008906
       0.268650    -0.144260     1.092341
       0.267949    -1.071838     0.541336
       1.150749    -0.430435     0.541534
       0.814079     0.606486     0.541897
      -0.276820     0.606188     0.541820
      -0.614382    -0.431253     0.541450
       0.267907    -1.071897    -0.559549
       1.150655    -0.430660    -0.559332
       0.813922     0.606261    -0.559140
      -0.276976     0.606060    -0.559483
      -0.614425    -0.431285    -0.559654
       0.268548    -0.144398    -1.110262
       0.267843    -2.001964    -0.009206
       2.035412    -0.717642    -0.008916
       1.361047     1.359229    -0.008409
      -0.823313     1.358402    -0.008796
      -1.499941    -0.718862    -0.009215
       0.268915    -1.072606     1.642122
       0.268839    -1.072734    -1.660417
       1.152123    -0.430738     1.642200
       1.151920    -0.431263    -1.660210
       0.815243     0.606760     1.642562
       0.814917     0.606225    -1.660271
      -0.276202     0.606434     1.642815
      -0.276527     0.606148    -1.660724
      -0.613943    -0.431618     1.642382
      -0.614035    -0.431654    -1.660676
       1.155679    -1.364678     1.091041
       1.155605    -1.364915    -1.109181
       1.154818    -1.364188    -0.009039
       1.704550     0.322950     1.091384
       1.704185     0.322093    -1.108982
       1.703408     0.322492    -0.008701
       0.269677     1.364918     1.092123
       0.269060     1.364311    -1.109508
       0.269016     1.364192    -0.008563
      -1.166744     0.321349     1.091969
      -1.166871     0.321311    -1.110067
      -1.166740     0.321205    -0.009011
      -0.619244    -1.365451     1.091384
      -0.619261    -1.365420    -1.109774
      -0.619464    -1.364914    -0.009170
       0.268419    -2.002582     1.090394
       0.268403    -2.002640    -1.108836
       2.036408    -0.717707     1.090483
       2.036294    -0.718219    -1.108400
       1.362123     1.360024     1.091298
       1.361432     1.358994    -1.108456
      -0.823111     1.358901     1.091887
      -0.823437     1.358722    -1.109607
      -1.499946    -0.719138     1.091130
      -1.499995    -0.719064    -1.109594
       0.269789    -0.144625     2.193370
       0.269671    -0.144820    -2.211536
       0.268481    -2.934976    -0.557883
       0.268482    -2.934968     0.539299
       2.923013    -1.005944    -0.557337
       2.923020    -1.005691     0.539466
       1.909276     2.113905    -0.557602
       1.909971     2.114970     0.540183
      -1.370780     2.112453    -0.558616
      -1.370644     2.112458     0.540984
      -2.387927    -1.006771    -0.558915
      -2.387921    -1.006849     0.540269
       0.270489    -1.074129     2.742714
       0.270497    -1.074200    -2.761134
       0.269936    -2.004717     2.190106
       0.269975    -2.004746    -2.208627
       1.154434    -0.431584     2.742617
       1.154304    -0.432078    -2.760893
       2.039189    -0.718654     2.189929
       2.039108    -0.719282    -2.208024
       0.817155     0.607104     2.742887
       0.816898     0.606515    -2.761176
       1.364311     1.361169     2.190535
       1.363488     1.359716    -2.208615
      -0.275473     0.606832     2.743441
      -0.275669     0.606634    -2.761658
      -0.823101     1.360084     2.191960
      -0.823344     1.359986    -2.209936
      -0.613458    -0.432406     2.743042
      -0.613504    -0.432303    -2.761469
      -1.500241    -0.720016     2.191015
      -1.500271    -0.719775    -2.209566
       1.157915    -1.366370     2.190945
       1.157886    -1.366665    -2.209232
       1.707235     0.323131     2.191130
       1.706807     0.321974    -2.209161
       0.270721     1.366302     2.192216
       0.270032     1.365490    -2.210154
      -1.167085     0.321635     2.192372
      -1.167193     0.321726    -2.210639
      -0.618733    -1.367112     2.191619
      -0.618711    -1.366979    -2.210138
       2.045439    -1.657057     1.638649
       2.045416    -1.657382    -1.656786
       2.043276    -1.655615    -0.558170
       2.043307    -1.655463     0.540155
       1.159878    -2.300731     1.638653
       1.159873    -2.300871    -1.657033
       1.157902    -2.298983    -0.558354
       1.157921    -2.298913     0.540055
       2.258377     1.078824     1.639229
       2.257564     1.076778    -1.656944
       2.255269     1.076856    -0.557992
       2.255669     1.077724     0.540685
       2.596076     0.037226     1.638855
       2.595907     0.036143    -1.656701
       2.593365     0.036375    -0.558026
       2.593468     0.036862     0.540353
      -0.277042     2.123446     1.641033
      -0.277789     2.122922    -1.658639
      -0.277792     2.121237    -0.558704
      -0.277391     2.121504     0.541467
       0.818250     2.124641     1.640349
       0.816747     2.123011    -1.657854
       0.816266     2.121943    -0.558188
       0.816965     2.122664     0.541356
      -2.057990     0.034984     1.640602
      -2.057997     0.035191    -1.659010
      -2.057029     0.034905    -0.559246
      -2.057009     0.034860     0.540933
      -1.718323     1.076278     1.641089
      -1.718372     1.076419    -1.659179
      -1.717433     1.075321    -0.559167
      -1.717376     1.075314     0.541233
      -0.621604    -2.301106     1.639542
      -0.621559    -2.300962    -1.658166
      -0.621822    -2.299327    -0.558884
      -0.621829    -2.299367     0.540340
      -1.508461    -1.657805     1.640143
      -1.508416    -1.657581    -1.658793
      -1.508146    -1.656167    -0.559228
      -1.508155    -1.656233     0.540660
       0.269618    -2.936393     1.636873
       0.269645    -2.936380    -1.655504
       2.924933    -1.006262     1.636699
       2.924975    -1.006783    -1.654657
       1.912221     2.116764     1.637880
       1.910450     2.113902    -1.655720
      -1.371230     2.114069     1.640261
      -1.371340     2.114213    -1.658038
      -2.388731    -1.007754     1.639039
      -2.388720    -1.007482    -1.657738
       0.271260    -0.145187     3.294431
       0.271249    -0.145288    -3.312835
       0.269242    -3.871431    -1.103620
       0.268692    -3.871284    -0.009364
       0.269240    -3.871466     1.084872
       3.813978    -1.295342    -1.102756
       3.813414    -1.294957    -0.008897
       3.813883    -1.294980     1.084920
       2.459091     2.870926    -1.105094
       2.459215     2.872111    -0.010338
       2.460774     2.874073     1.084998
      -1.919665     2.869000    -1.106058
      -1.919257     2.867854    -0.008787
      -1.919682     2.868717     1.088432
      -3.278910    -1.295554    -1.106591
      -3.278136    -1.295072    -0.009422
      -3.278946    -1.295786     1.087726
       0.272372    -1.076627     3.843387
       0.272579    -1.076482    -3.861927
       0.272057    -2.008545     3.289649
       0.272241    -2.008415    -3.308267
       0.271785    -2.940951     2.735397
       0.271910    -2.940824    -2.754103
       1.157695    -0.433012     3.843091
       1.157818    -0.433133    -3.861515
       2.043673    -0.720570     3.289135
       2.043822    -0.720819    -3.307340
       2.930069    -1.008332     2.734805
       2.930295    -1.008587    -2.752819
       0.819776     0.607761     3.843370
       0.819782     0.607430    -3.862012
       1.367613     1.362857     3.289513
       1.367115     1.361608    -3.308408
       1.916048     2.119310     2.735306
       1.914437     2.116233    -2.754590
      -0.275010     0.607621     3.844231
      -0.274830     0.607799    -3.862615
      -0.823641     1.362099     3.291616
      -0.823352     1.362452    -3.309730
      -1.372754     2.117163     2.738869
      -1.372260     2.117799    -2.756721
      -0.613445    -0.433684     3.843853
      -0.613336    -0.433276    -3.862402
      -1.501352    -0.721634     3.290555
      -1.501269    -0.721104    -3.309210
      -2.390717    -1.009635     2.737178
      -2.390621    -1.009090    -2.755958
       1.161305    -1.369387     3.290340
       1.161469    -1.369490    -3.308777
       1.711341     0.323026     3.290410
       1.711201     0.322254    -3.308775
       0.271996     1.368370     3.291793
       0.271804     1.367914    -3.310131
      -1.168073     0.322016     3.292204
      -1.167974     0.322464    -3.310637
      -0.618272    -1.370025     3.291378
      -0.618132    -1.369685    -3.310051
       2.049869    -1.660424     2.736735
       2.050008    -1.660621    -2.755027
       1.163330    -2.304894     2.736866
       1.163449    -2.304940    -2.755368
       2.263123     1.079874     2.737146
       2.262531     1.077949    -2.755456
       2.601297     0.036785     2.736976
       2.601341     0.035969    -2.754979
      -0.276951     2.126770     2.739688
      -0.277099     2.126639    -2.757582
       0.820107     2.127733     2.738587
       0.819034     2.126236    -2.756911
      -2.060115     0.035111     2.739353
      -2.059989     0.035631    -2.757898
      -1.720358     1.078053     2.739965
      -1.720142     1.078584    -2.758243
      -0.621000    -2.305210     2.738313
      -0.620866    -2.304902    -2.757060
      -1.509136    -1.661041     2.738789
      -1.509009    -1.660599    -2.757565
       2.938069    -1.950893     2.182874
       2.938175    -1.951082    -2.201005
       2.933957    -1.947704    -1.104545
       2.933194    -1.946731    -0.008971
       2.933971    -1.947480     1.086544
       2.054084    -2.599133     2.183897
       2.054138    -2.599233    -2.202255
       2.049821    -2.594946    -1.105529
       2.048524    -2.593657    -0.009094
       2.049849    -2.594819     1.087291
       1.164819    -3.239957     2.183023
       1.164869    -3.239952    -2.201607
       1.161275    -3.236016    -1.104999
       1.160121    -3.235363    -0.009234
       1.161290    -3.235973     1.086497
       2.814113     1.837446     2.183707
       2.812889     1.833629    -2.201943
       2.808063     1.832823    -1.105047
       2.807282     1.833870    -0.008890
       2.809170     1.835388     1.087380
       3.156369     0.794733     2.184455
       3.156369     0.793091    -2.202205
       3.150628     0.792411    -1.105355
       3.149076     0.792766    -0.008746
       3.150835     0.793755     1.087797
       3.490508    -0.249866     2.183168
       3.490811    -0.250552    -2.200961
       3.485560    -0.250594    -1.104482
       3.484483    -0.250476    -0.008855
       3.485472    -0.249900     1.086727
      -0.826343     2.884276     2.187426
      -0.826294     2.884679    -2.204917
      -0.826007     2.880027    -1.107152
      -0.825658     2.878434    -0.008614
      -0.825543     2.880073     1.089800
       0.270907     2.889249     2.187438
       0.269820     2.888427    -2.205041
       0.268931     2.884060    -1.107036
       0.269406     2.882977    -0.008323
       0.270211     2.885026     1.090021
       1.368681     2.887224     2.185221
       1.365931     2.883973    -2.203476
       1.364346     2.881025    -1.105767
       1.365125     2.881325    -0.008512
       1.366442     2.883521     1.088610
      -2.952360    -0.252224     2.186550
      -2.952194    -0.251733    -2.205226
      -2.949469    -0.251890    -1.107693
      -2.948475    -0.252050    -0.009271
      -2.949522    -0.252093     1.089112
      -2.615241     0.792318     2.187804
      -2.614986     0.792826    -2.206230
      -2.612033     0.791052    -1.108157
      -2.610918     0.790391    -0.009106
      -2.612103     0.790873     1.089879
      -2.271640     1.834206     2.187542
      -2.271245     1.834797    -2.205671
      -2.268594     1.831682    -1.107679
      -2.267546     1.830659    -0.008934
      -2.268673     1.831498     1.089724
      -0.623130    -3.239772     2.184716
      -0.623036    -3.239501    -2.203542
      -0.623172    -3.235768    -1.106111
      -0.622977    -3.235275    -0.009358
      -0.623202    -3.235890     1.087364
      -1.513875    -2.598634     2.186790
      -1.513755    -2.598253    -2.205654
      -1.513007    -2.594154    -1.107804
      -1.512568    -2.592916    -0.009369
      -1.513055    -2.594334     1.089030
      -2.400673    -1.951047     2.186206
      -2.400550    -1.950595    -2.205108
      -2.399086    -1.947463    -1.107688
      -2.398531    -1.946435    -0.009392
      -2.399138    -1.947675     1.088869
       0.271194    -3.872986     2.180151
       0.271250    -3.872865    -2.198948
       3.816057    -1.295932     2.179688
       3.816332    -1.296216    -2.197570
       2.464737     2.877156     2.180906
       2.461013     2.870610    -2.200491
      -1.921890     2.872392     2.186142
      -1.921296     2.873190    -2.203809
      -3.281468    -1.297764     2.184388
      -3.281357    -1.297258    -2.203306
       0.272875    -0.145930     4.396261
       0.273086    -0.145742    -4.414786
       0.270282    -4.812278    -1.648412
       0.268026    -4.812557    -0.555988
       0.268038    -4.812586     0.537120
       0.270288    -4.812384     1.629516
       4.709442    -1.586200    -1.647306
       4.708456    -1.585748    -0.555305
       4.708417    -1.585516     0.537624
       4.709213    -1.585801     1.629559
       3.011867     3.631178    -1.652964
       3.010879     3.633120    -0.561478
       3.011286     3.634476     0.531515
       3.014102     3.636973     1.625587
      -2.470125     3.628006    -1.650087
      -2.469931     3.626323    -0.555581
      -2.469965     3.626105     0.538093
      -2.470590     3.627260     1.632543
      -4.174088    -1.586023    -1.651518
      -4.171964    -1.584628    -0.556813
      -4.171990    -1.584770     0.537762
      -4.174186    -1.586460     1.632444
       0.274286    -1.080932     4.946010
       0.274753    -1.080430    -4.964626
       0.274252    -2.015000     4.390072
       0.274630    -2.014596    -4.408774
       0.274248    -2.949493     3.834297
       0.274521    -2.949159    -3.853075
       0.274037    -3.882843     3.279204
       0.274202    -3.882562    -3.298056
       1.162603    -0.435157     4.945512
       1.163082    -0.434699    -4.963877
       2.050633    -0.723526     4.389182
       2.051125    -0.723121    -4.407320
       2.939066    -1.011974     3.833166
       2.939567    -1.011594    -3.851111
       3.826399    -1.299955     3.278016
       3.826888    -1.299682    -3.295840
       0.823398     0.609483     4.946071
       0.823814     0.609746    -4.964626
       1.372331     1.365983     4.389890
       1.372483     1.365611    -4.408850
       1.921776     2.123564     3.833573
       1.921192     2.121768    -3.853545
       2.471471     2.882328     3.277498
       2.468867     2.876936    -3.299604
      -0.275423     0.609485     4.947276
      -0.274772     0.610255    -4.965581
      -0.825400     1.365683     4.392534
      -0.824430     1.366723    -4.410524
      -1.375879     2.122439     3.837891
      -1.374524     2.123779    -3.855586
      -1.926439     2.879365     3.283923
      -1.924871     2.880857    -3.301448
      -0.614857    -0.435600     4.946844
      -0.614501    -0.434774    -4.965464
      -1.504383    -0.724104     4.391412
      -1.504100    -0.723212    -4.410151
      -2.395036    -1.012587     3.836028
      -2.394785    -1.011713    -3.854884
      -3.286855    -1.301097     3.281447
      -3.286619    -1.300282    -3.300425
       1.165797    -1.374006     4.389860
       1.166242    -1.373734    -4.408390
       1.717080     0.323026     4.390092
       1.717480     0.323141    -4.408393
       0.273380     1.371593     4.391976
       0.273967     1.372000    -4.410214
      -1.170314     0.322631     4.392582
      -1.169889     0.323575    -4.411106
      -0.618543    -1.374414     4.391513
      -0.618226    -1.373779    -4.410309
       2.056693    -1.665719     3.834194
       2.057104    -1.665539    -3.852586
       1.167901    -2.311877     3.834471
       1.168230    -2.311676    -3.853081
       2.269951     1.081358     3.834846
       2.270161     1.080824    -3.853213
       2.609366     0.035724     3.834650
       2.609855     0.035883    -3.852548
      -0.277232     2.131787     3.838133
      -0.276237     2.132626    -3.855838
       0.822632     2.132329     3.836824
       0.822894     2.132104    -3.855211
      -2.063967     0.035154     3.837958
      -2.063603     0.036096    -3.856622
      -1.723957     1.080722     3.838549
      -1.723300     1.081817    -3.856931
      -0.620744    -2.312093     3.836635
      -0.620479    -2.311564    -3.855499
      -1.510959    -1.665992     3.837146
      -1.510709    -1.665280    -3.856039
       2.947055    -1.956589     3.278705
       2.947407    -1.956451    -3.296936
       2.060841    -2.606620     3.279614
       2.061097    -2.606509    -3.298094
       1.169329    -3.249049     3.279073
       1.169530    -3.248881    -3.297748
       2.821860     1.840282     3.279613
       2.821675     1.838285    -3.298205
       3.165515     0.795241     3.280464
       3.166058     0.794932    -3.298106
       3.500715    -0.251822     3.279218
       3.501304    -0.251653    -3.296893
      -0.828312     2.891067     3.284248
      -0.826908     2.892390    -3.301516
       0.271667     2.895612     3.284277
       0.272420     2.896141    -3.301766
       1.372234     2.892787     3.281624
       1.371498     2.891160    -3.300472
      -2.957399    -0.252707     3.283454
      -2.957049    -0.251845    -3.302235
      -2.620476     0.794503     3.284966
      -2.619917     0.795483    -3.303534
      -2.276670     1.838895     3.284468
      -2.275737     1.840090    -3.302699
      -0.622350    -3.248889     3.281661
      -0.622157    -3.248434    -3.300580
      -1.515130    -2.606219     3.283632
      -1.514916    -2.605615    -3.302596
      -2.403696    -1.956365     3.282882
      -2.403476    -1.955648    -3.301874
       3.836083    -2.247320     2.723349
       3.836343    -2.247270    -2.741417
       3.827159    -2.241064    -1.646942
       3.826111    -2.239342    -0.554912
       3.826129    -2.239220     0.537029
       3.827117    -2.240866     1.628975
       2.953233    -2.900087     2.724849
       2.953387    -2.900021    -2.743170
       2.944713    -2.892472    -1.648989
       2.941561    -2.889313    -0.555533
       2.941593    -2.889247     0.537406
       2.944729    -2.892374     1.630780
       2.063860    -3.546679     2.724916
       2.063968    -3.546590    -2.743456
       2.057269    -3.537479    -1.649228
       2.053988    -3.534341    -0.555705
       2.054015    -3.534308     0.537318
       2.057289    -3.537445     1.630780
       1.170862    -4.185046     2.723674
       1.170947    -4.184904    -2.742422
       1.165324    -4.175717    -1.647774
       1.162522    -4.175008    -0.555467
       1.162539    -4.175005     0.536822
       1.165334    -4.175745     1.629089
       3.373095     2.599923     2.724559
       3.372418     2.594552    -2.743632
       3.362729     2.590463    -1.648813
       3.360627     2.592201    -0.556349
       3.361141     2.593580     0.536664
       3.364774     2.595920     1.630303
       3.719849     1.555271     2.726288
       3.720711     1.553973    -2.743531
       3.710192     1.550636    -1.649141
       3.705995     1.550498    -0.555357
       3.706162     1.551433     0.538081
       3.710212     1.553108     1.631878
       4.059904     0.508662     2.725719
       4.060703     0.508403    -2.743127
       4.049425     0.507474    -1.648880
       4.045148     0.507091    -0.555312
       4.045076     0.507645     0.537835
       4.049020     0.508660     1.631396
       4.390925    -0.538455     2.723794
       4.391574    -0.538472    -2.741390
       4.380599    -0.538009    -1.646902
       4.378809    -0.538523    -0.554837
       4.378703    -0.538181     0.537203
       4.380174    -0.537358     1.629235
      -1.379228     3.649994     2.730626
      -1.377777     3.651495    -2.747686
      -1.375581     3.642252    -1.652411
      -1.375255     3.637693    -0.556354
      -1.375057     3.637535     0.539209
      -1.375664     3.641592     1.635204
      -0.280032     3.657338     2.731526
      -0.278864     3.658647    -2.748302
      -0.279826     3.649329    -1.653057
      -0.279835     3.644392    -0.556586
      -0.279250     3.644566     0.539930
      -0.279108     3.649257     1.636161
       0.820871     3.658407     2.730670
       0.820656     3.658253    -2.747976
       0.816585     3.649108    -1.652427
       0.816498     3.645324    -0.556038
       0.817770     3.646559     0.539746
       0.819069     3.651119     1.635453
       1.921945     3.653906     2.726704
       1.918420     3.649185    -2.746402
       1.913278     3.641941    -1.650220
       1.914329     3.642241    -0.556628
       1.915497     3.644122     0.537344
       1.917670     3.647861     1.632015
      -3.851401    -0.540759     2.729817
      -3.851068    -0.539995    -2.748716
      -3.845429    -0.539414    -1.653427
      -3.842554    -0.539351    -0.557474
      -3.842604    -0.539481     0.538697
      -3.845601    -0.539835     1.634601
      -3.515962     0.507612     2.731635
      -3.515448     0.508439    -2.750337
      -3.509201     0.506476    -1.654459
      -3.505765     0.505285    -0.557750
      -3.505842     0.505164     0.539245
      -3.509467     0.506053     1.635871
      -3.175307     1.553969     2.731721
      -3.174540     1.554926    -2.750197
      -3.168205     1.550264    -1.654408
      -3.164602     1.547988    -0.557605
      -3.164709     1.547869     0.539387
      -3.168587     1.549810     1.636072
      -2.828909     2.596855     2.730673
      -2.827828     2.598023    -2.748789
      -2.822019     2.590859    -1.653160
      -2.819044     2.588172    -0.556831
      -2.819158     2.588036     0.538946
      -2.822498     2.590316     1.635145
      -0.624679    -4.184127     2.726560
      -0.624568    -4.183740    -2.745542
      -0.624940    -4.174705    -1.649375
      -0.624640    -4.174540    -0.555969
      -0.624646    -4.174611     0.537088
      -0.624979    -4.174923     1.630452
      -1.518484    -3.545172     2.729918
      -1.518331    -3.544658    -2.748948
      -1.517225    -3.534893    -1.653323
      -1.515816    -3.531159    -0.557192
      -1.515838    -3.531260     0.538273
      -1.517303    -3.535198     1.634359
      -2.409413    -2.898304     2.730747
      -2.409233    -2.897698    -2.749829
      -2.406632    -2.889998    -1.654260
      -2.404958    -2.886115    -0.557806
      -2.404989    -2.886236     0.538838
      -2.406732    -2.890362     1.635244
      -3.297210    -2.246338     2.729348
      -3.297020    -2.245664    -2.748466
      -3.293222    -2.240578    -1.653362
      -3.291374    -2.237810    -0.557544
      -3.291407    -2.237942     0.538529
      -3.293326    -2.240979     1.634304
       0.273571    -4.811505     2.723103
       4.709256    -1.586366     2.721992
       3.021315     3.642530     2.720948
      -2.476129     3.635328     2.730558
      -4.180158    -1.589944     2.727741
       4.723242    -2.535696    -1.098102
       4.722728    -2.534259    -0.008867
       4.723274    -2.535432     1.080321
       4.724411    -2.537819     2.166864
       3.845398    -3.193948    -2.187278
       3.838607    -3.188150    -1.097648
       3.837579    -3.186668    -0.009020
       3.838683    -3.188031     1.079571
       3.845384    -3.193913     2.169119
       2.958235    -3.843079    -2.189081
       2.952132    -3.836790    -1.098676
       2.950580    -3.835310    -0.009150
       2.952201    -3.836738     1.080348
       2.958237    -3.843107     2.170687
       2.066946    -4.486636    -2.187718
       2.061296    -4.479641    -1.097989
       2.059531    -4.478606    -0.009279
       2.061348    -4.479627     1.079413
       2.066949    -4.486700     2.169096
       1.166919    -5.119538    -1.098878
       1.165037    -5.118935    -0.009400
       1.166961    -5.119567     1.080066
       1.171429    -5.120699     2.167152
       3.918568     3.353648    -1.102705
       3.917148     3.354690    -0.013257
       3.919024     3.356220     1.077611
       3.925331     3.360452     2.169255
       4.275324     2.313043    -2.187848
       4.266960     2.311027    -1.097780
       4.265193     2.311751    -0.008353
       4.267057     2.313319     1.081459
       4.274008     2.316208     2.172056
       4.618718     1.268791    -2.188970
       4.610251     1.267450    -1.098392
       4.608145     1.267548    -0.008560
       4.609836     1.268863     1.081407
       4.617551     1.270059     2.172063
       4.955268     0.222295    -2.187192
       4.946474     0.221731    -1.097473
       4.944707     0.221469    -0.008680
       4.946018     0.222646     1.080178
       4.954421     0.222950     2.169892
       5.278788    -0.825991    -1.098072
       5.277519    -0.826511    -0.008772
       5.278480    -0.825327     1.080558
       5.280395    -0.824489     2.167154
      -1.925875     4.400225    -1.100071
      -1.926491     4.398722    -0.008453
      -1.925745     4.399630     1.083070
      -1.928795     4.408671     2.177016
      -0.830546     4.420290    -2.195091
      -0.830021     4.409872    -1.101404
      -0.829798     4.406608    -0.008202
      -0.829434     4.409470     1.084911
      -0.831474     4.418885     2.178624
       0.268685     4.423365    -2.195005
       0.266449     4.413166    -1.101153
       0.266984     4.410398    -0.007824
       0.268043     4.413543     1.085428
       0.268527     4.422296     2.179238
       1.366934     4.419053    -2.194152
       1.363295     4.410025    -1.100099
       1.365095     4.410354    -0.008545
       1.367022     4.413619     1.084009
       1.369835     4.421313     2.177564
       2.464540     4.407838    -1.104111
       2.465210     4.409418    -0.014052
       2.467311     4.411523     1.078295
       2.471777     4.417274     2.171863
      -4.741326    -0.826665    -1.102951
      -4.739804    -0.826335    -0.009490
      -4.741455    -0.826993     1.083954
      -4.747528    -0.828487     2.177726
      -4.410813     0.221477    -2.197981
      -4.403745     0.220435    -1.103565
      -4.401556     0.220141    -0.009372
      -4.403958     0.220116     1.084793
      -4.411263     0.220780     2.179143
      -4.071957     1.268988    -2.197821
      -4.064361     1.265517    -1.103366
      -4.061967     1.264547    -0.009260
      -4.064668     1.265201     1.084804
      -4.072609     1.268243     2.179165
      -3.728816     2.314056    -2.196824
      -3.721219     2.308077    -1.102715
      -3.718895     2.306702    -0.009127
      -3.721606     2.307753     1.084407
      -3.729676     2.313221     2.178403
      -3.373139     3.347809    -1.100714
      -3.372415     3.347574    -0.008933
      -3.373527     3.347444     1.082785
      -3.381005     3.353583     2.176880
      -0.629044    -5.118256    -1.099996
      -0.629724    -5.118733    -0.009503
      -0.629037    -5.118411     1.080972
      -0.626901    -5.117189     2.169642
      -1.522772    -4.481755    -2.194491
      -1.521133    -4.471977    -1.100687
      -1.520325    -4.471730    -0.009531
      -1.521160    -4.472184     1.081608
      -1.522849    -4.482170     2.175379
      -2.414219    -3.838288    -2.196986
      -2.411366    -3.828733    -1.102985
      -2.410002    -3.826336    -0.009563
      -2.411419    -3.828988     1.083842
      -2.414336    -3.838788     2.177808
      -3.303606    -3.189240    -2.197628
      -3.299774    -3.182101    -1.103497
      -3.298375    -3.180015    -0.009594
      -3.299842    -3.182388     1.084294
      -3.303749    -3.189799     2.178389
      -4.187849    -2.532629    -1.102933
      -4.186681    -2.531366    -0.009613
      -4.187919    -2.532939     1.083693
      -4.192336    -2.537766     2.177265
       0.273630    -4.811282    -2.742041
       4.709720    -1.586353    -2.739762
       3.013324     3.628021    -2.745516
      -2.474654     3.636766    -2.748002
      -4.179948    -1.589198    -2.746850
       0.275063    -0.146189    -5.519286
       0.269176    -5.764576    -2.222519
       0.266375    -5.762085    -1.112055
       0.265938    -5.761512    -0.009485
       0.266406    -5.762167     1.093078
       5.615841    -1.880663    -2.220964
       5.611783    -1.879245    -1.110415
       5.610890    -1.878762    -0.008755
       5.611707    -1.878707     1.092913
       3.570252     4.402790    -2.232424
       3.567358     4.402758    -1.124057
       3.567663     4.402431    -0.025626
       3.570076     4.403117     1.069325
      -3.021771     4.388712    -2.193004
      -3.023427     4.388736    -1.100484
      -3.023736     4.388264    -0.008655
      -3.023612     4.388231     1.083075
      -5.078675    -1.879941    -2.193967
      -5.074649    -1.877451    -1.101305
      -5.073755    -1.876742    -0.009621
      -5.074708    -1.877790     1.082054
       0.276720    -1.082262    -6.084367
       0.276646    -2.025585    -5.519837
       0.276655    -2.965851    -4.959541
       0.276514    -3.906820    -4.399989
       0.276125    -4.852451    -3.838867
       1.166358    -0.435631    -6.083182
       2.062981    -0.726896    -5.517814
       2.956721    -1.017140    -4.956887
       3.851196    -1.307588    -4.396961
       4.750232    -1.599535    -3.835543
       0.826522     0.610422    -6.084219
       1.380577     1.373721    -5.519705
       1.932767     2.134504    -4.959672
       2.485275     2.895980    -4.400871
       3.040569     3.661589    -3.841105
      -0.273534     0.610846    -6.085764
      -0.828298     1.374400    -5.522445
      -1.380994     2.135075    -4.963598
      -1.933776     2.895498    -4.406296
      -2.487630     3.656972    -3.849032
      -0.613553    -0.435566    -6.085853
      -1.511168    -0.726620    -5.522492
      -2.405327    -1.016292    -4.963678
      -3.299303    -1.305617    -4.406655
      -4.194731    -1.595248    -3.850210
       1.172846    -1.380720    -5.515394
       1.726922     0.325171    -5.515365
       0.276020     1.379456    -5.517763
      -1.175077     0.325551    -5.519347
      -0.620579    -1.380526    -5.518158
       2.068001    -1.673682    -4.955679
       1.174672    -2.323160    -4.956343
       2.282055     1.086637    -4.956404
       2.623394     0.036216    -4.955632
      -0.276539     2.143190    -4.960040
       0.827937     2.143096    -4.958895
      -2.072076     0.036759    -4.961691
      -1.730684     1.087179    -4.961757
      -0.622454    -2.322901    -4.959509
      -1.516353    -1.672955    -4.960733
       2.962985    -1.965270    -4.396642
       2.071268    -2.618333    -4.398588
       1.175318    -3.265037    -4.397729
       2.835812     1.848382    -4.398035
       3.181090     0.798695    -4.398598
       3.518987    -0.253619    -4.396591
      -0.829398     2.905212    -4.403174
       0.275367     2.909336    -4.403196
       1.380353     2.905605    -4.400698
      -2.967435    -0.252350    -4.405035
      -2.629918     0.799328    -4.406268
      -2.284747     1.848449    -4.404855
      -0.623174    -3.264722    -4.401213
      -1.519506    -2.617376    -4.404502
      -2.411176    -1.963588    -4.404361
       3.859716    -2.256679    -3.836934
       2.967964    -2.911770    -3.840974
       2.072876    -3.562564    -3.841323
       1.175119    -4.208513    -3.838269
       3.389826     2.611984    -3.839129
       3.737113     1.561880    -3.841427
       4.079226     0.509402    -3.840954
       4.415904    -0.544605    -3.836904
      -1.383153     3.667105    -3.846664
      -0.278071     3.673525    -3.847821
       0.828183     3.674275    -3.846450
       1.934154     3.669188    -3.842072
      -3.862791    -0.541496    -3.849381
      -3.527308     0.510973    -3.851235
      -3.185991     1.561833    -3.850693
      -2.838824     2.610187    -3.848111
      -0.623461    -4.208144    -3.841904
      -1.521179    -3.561463    -3.847885
      -2.415667    -2.909559    -3.850099
      -3.306215    -2.253665    -3.848914
       4.766407    -2.545308    -3.273436
       4.724500    -2.538021    -2.184745
       3.866940    -3.204230    -3.282283
       2.971238    -3.858501    -3.284657
       2.072728    -4.508696    -3.282831
       1.168701    -5.160738    -3.275098
       1.171421    -5.120591    -2.185994
       3.944144     3.386455    -3.277109
       3.921720     3.350981    -2.188909
       4.292770     2.327721    -3.283076
       4.638113     1.273687    -3.284648
       4.978595     0.217955    -3.282262
       5.319216    -0.843775    -3.273432
       5.281110    -0.825001    -2.184741
      -1.938672     4.430350    -3.289203
      -1.927739     4.410042    -2.193951
      -0.832840     4.437435    -3.292331
       0.274329     4.440634    -3.292350
       1.383485     4.440059    -3.289007
       2.498036     4.436375    -3.279997
       2.464328     4.404762    -2.191701
      -4.759715    -0.830457    -3.294762
      -4.747239    -0.827808    -2.196759
      -4.424466     0.222906    -3.296827
      -4.085707     1.274633    -3.296460
      -3.741949     2.324970    -3.294629
      -3.393969     3.373710    -3.290376
      -3.379991     3.354576    -2.194918
      -0.617859    -5.160045    -3.278368
      -0.626878    -5.116888    -2.188709
      -1.521492    -4.507597    -3.289915
      -2.418738    -3.855397    -3.294832
      -3.311782    -3.201272    -3.296122
      -4.202492    -2.544671    -3.294370
      -4.192187    -2.537158    -2.196539
       5.631758    -2.842751    -1.663844
       5.630462    -2.840448    -0.559056
       5.630514    -2.840203     0.541630
       4.772295    -3.501203    -2.721358
       4.746728    -3.502482    -1.632594
       4.745705    -3.497170    -0.550225
       4.745788    -3.497043     0.532292
       4.746866    -3.502247     1.614597
       3.875171    -4.158936    -2.727513
       3.861653    -4.152824    -1.637860
       3.858765    -4.148626    -0.551996
       3.858837    -4.148561     0.533771
       3.861777    -4.152731     1.619596
       2.977209    -4.811687    -2.727630
       2.972368    -4.799045    -1.637965
       2.967683    -4.796022    -0.552116
       2.967737    -4.795991     0.533638
       2.972461    -4.799021     1.619460
       2.074666    -5.462005    -2.721845
       2.080035    -5.440017    -1.632958
       2.073542    -5.438308    -0.550619
       2.073585    -5.438297     0.531889
       2.080112    -5.440033     1.614212
       1.178051    -6.077528    -1.664438
       1.174387    -6.076404    -0.559808
       1.174426    -6.076410     0.540864
       4.490749     4.122668    -1.676082
       4.488283     4.123885    -0.573932
       4.489804     4.123909     0.521330
       4.854132     3.098382    -2.722199
       4.845844     3.077314    -1.633060
       4.840073     3.079688    -0.549553
       4.840058     3.080108     0.535343
       4.843830     3.082807     1.621484
       5.202781     2.041716    -2.727556
       5.191650     2.034280    -1.637686
       5.186251     2.034626    -0.551418
       5.186118     2.035040     0.535029
       5.189827     2.037763     1.621780
       5.546130     0.985793    -2.727415
       5.531779     0.988773    -1.637630
       5.527029     0.987200    -0.551519
       5.526753     0.987564     0.534619
       5.530483     0.990956     1.620865
       5.885676    -0.073651    -2.721330
       5.865892    -0.057606    -1.632489
       5.861959    -0.061108    -0.549975
       5.861707    -0.060757     0.532768
       5.865010    -0.056077     1.615334
       6.194260    -1.111555    -1.663915
       6.191905    -1.112409    -0.559117
       6.191734    -1.112049     0.541618
      -2.477418     5.168483    -1.638664
      -2.478887     5.166206    -0.552268
      -2.478568     5.165979     0.535530
      -1.390351     5.202646    -2.735722
      -1.381639     5.182768    -1.641211
      -1.381155     5.174882    -0.552092
      -1.380534     5.174633     0.535923
      -1.381734     5.181671     1.624955
      -0.281871     5.207311    -2.737446
      -0.283845     5.188451    -1.642326
      -0.284453     5.180897    -0.552281
      -0.283352     5.180776     0.536856
      -0.283252     5.187276     1.626870
       0.827195     5.208411    -2.735397
       0.813847     5.188922    -1.640723
       0.812496     5.181722    -0.551230
       0.814305     5.182137     0.537576
       0.816555     5.188164     1.627445
       1.942404     5.209651    -2.727358
       1.908138     5.180643    -1.639755
       1.910451     5.181411    -0.555247
       1.912951     5.182019     0.533461
       1.917110     5.187000     1.624334
       3.011939     5.189548    -1.679580
       3.015267     5.187354    -0.574736
       3.017658     5.187524     0.521959
      -5.652833    -1.113673    -1.646626
      -5.649733    -1.110896    -0.555138
      -5.649795    -1.111089     0.535961
      -5.323274    -0.063725    -2.743383
      -5.308238    -0.063233    -1.647012
      -5.302927    -0.062012    -0.555204
      -5.303039    -0.062197     0.536249
      -5.308586    -0.063830     1.628028
      -4.986050     0.988028    -2.741701
      -4.969875     0.983683    -1.645589
      -4.964206     0.982806    -0.554602
      -4.964369     0.982632     0.535799
      -4.970381     0.983090     1.626747
      -4.644542     2.039261    -2.740464
      -4.629191     2.029429    -1.644754
      -4.623532     2.026439    -0.554221
      -4.623739     2.026281     0.535592
      -4.629849     2.028839     1.626075
      -4.298492     3.090713    -2.737535
      -4.284482     3.072420    -1.642747
      -4.278673     3.068117    -0.553386
      -4.278894     3.067978     0.535029
      -4.285233     3.071832     1.624327
      -3.932413     4.110169    -1.639351
      -3.931460     4.109854    -0.552931
      -3.931617     4.109730     0.535088
      -0.644378    -6.072299    -1.668434
      -0.640869    -6.071505    -0.560909
      -0.640850    -6.071592     0.541808
      -1.521358    -5.458620    -2.727177
      -1.532716    -5.417264    -1.638500
      -1.531587    -5.417530    -0.553287
      -1.531583    -5.417638     0.534106
      -1.532713    -5.417561     1.619291
      -2.422261    -4.802016    -2.737661
      -2.422347    -4.778335    -1.642971
      -2.419842    -4.771427    -0.553753
      -2.419854    -4.771560     0.534484
      -2.422388    -4.778719     1.623687
      -3.317344    -4.149455    -2.740807
      -3.310532    -4.132580    -1.645129
      -3.307429    -4.126816    -0.554569
      -3.307452    -4.126965     0.535215
      -3.310605    -4.133015     1.625763
      -4.208568    -3.495232    -2.742822
      -4.198536    -3.484040    -1.646730
      -4.194570    -3.480235    -0.555207
      -4.194602    -3.480397     0.535785
      -4.198633    -3.484515     1.627297
      -5.093984    -2.835990    -1.646576
      -5.090714    -2.834693    -0.555136
      -5.090750    -2.834865     0.535692
       0.274545    -0.146845     5.500787
       0.269187    -5.764763     2.203519
       5.615632    -1.879997     2.203332
       3.575056     4.406909     2.163045
      -3.022837     4.387459     2.175564
      -5.078825    -1.880614     2.174702
       5.631820    -2.842253     1.646339
       1.178125    -6.077586     1.645489
       4.493977     4.126732     1.614388
       6.193729    -1.110255     1.646453
      -2.477616     5.167325     1.621765
       3.022567     5.189890     1.615954
      -5.653037    -1.114281     1.627430
      -3.933083     4.109577     1.621414
      -0.644354    -6.072553     1.649328
      -5.094092    -2.836498     1.627122
       0.276005    -1.083160     6.065762
       0.276085    -2.026316     5.501102
       0.276232    -2.966451     4.940719
       0.276219    -3.907319     4.381094
       1.165501    -0.436645     6.065071
       2.062161    -0.727886     5.499877
       2.955971    -1.018114     4.939101
       3.850545    -1.308449     4.379259
       0.825618     0.609352     6.066224
       1.379529     1.372653     5.501777
       1.931363     2.133171     4.941728
       2.482936     2.893730     4.382993
      -0.274530     0.609399     6.067780
      -0.829755     1.372682     5.504769
      -1.382991     2.133101     4.946210
      -1.936148     2.893425     4.389047
      -0.614215    -0.436834     6.067236
      -1.511701    -0.727874     5.503719
      -2.405780    -1.017495     4.944779
      -3.299702    -1.306742     4.387636
       1.172124    -1.381403     5.496851
       1.725950     0.324155     5.497492
       0.274792     1.378017     5.500092
      -1.175825     0.324119     5.500818
      -0.621080    -1.381487     5.499301
       2.067311    -1.674298     4.937267
       1.174125    -2.323670     4.937669
       2.280837     1.085412     4.938836
       2.622455     0.035135     4.938051
      -0.278376     2.141313     4.942896
       0.826334     2.141419     4.941585
      -2.072711     0.035400     4.942955
      -1.731772     1.085528     4.943367
      -0.622853    -2.323681     4.940567
      -1.516743    -1.673948     4.941768
       2.962367    -1.965837     4.378384
       2.070770    -2.618744     4.380031
       1.174934    -3.265436     4.378988
       2.834103     1.846431     4.381058
       3.179960     0.797251     4.381510
       3.518160    -0.254691     4.379146
      -0.831851     2.903026     4.386388
       0.272806     2.907009     4.386756
       1.377859     2.903289     4.384031
      -2.968003    -0.253592     4.386173
      -2.630817     0.797855     4.387607
      -2.286229     1.846650     4.386626
      -0.623475    -3.265382     4.382222
      -1.519818    -2.618207     4.385461
      -2.411504    -1.964568     4.385304
       3.859212    -2.257127     3.818825
       2.967561    -2.912114     3.822573
       2.072565    -3.562862     3.822710
       1.174882    -4.208834     3.819469
       3.386998     2.607932     3.823638
       3.735693     1.559495     3.825130
       4.078297     0.507984     3.823895
       4.415217    -0.545515     3.819445
      -1.385898     3.664910     3.829940
      -0.281427     3.670903     3.831804
       0.824003     3.671002     3.831181
       1.929371     3.665312     3.827035
      -3.863307    -0.542614     3.830414
      -3.528093     0.509703     3.832436
      -3.187180     1.560321     3.832124
      -2.840557     2.608385     3.829998
      -0.623658    -4.208719     3.822861
      -1.521414    -3.562182     3.828793
      -2.415932    -2.910397     3.830960
      -3.306502    -2.254600     3.829747
       3.866681    -3.204459     3.264054
       2.971037    -3.858724     3.266200
       2.072574    -4.508919     3.264158
       4.291538     2.322505     3.268083
       4.637190     1.271419     3.268034
       4.977905     0.216803     3.265061
      -0.836329     4.435076     3.276230
       0.269094     4.437413     3.277515
       1.374803     4.435143     3.275966
      -4.425157     0.221810     3.277920
      -4.086710     1.273402     3.277717
      -3.743312     2.323544     3.276128
      -1.521628    -4.508227     3.270759
      -2.418928    -3.856121     3.275618
      -3.312006    -3.202077     3.276849
       0.275959    -4.852876     3.819896
       4.749689    -1.600166     3.817887
       3.034954     3.655647     3.823839
      -2.490074     3.654983     3.831799
      -4.195081    -1.596294     3.831069
       4.766075    -2.545515     3.255471
       1.168600    -5.160995     3.256218
       3.940621     3.370365     3.265691
       5.318691    -0.844484     3.255911
      -1.941320     4.428404     3.272427
       2.480776     4.429019     3.269998
      -4.760175    -0.831478     3.275685
      -3.395709     3.372058     3.272315
      -0.617922    -5.160561     3.259252
      -4.202734    -2.545551     3.275065
       4.772191    -3.501238     2.703288
       3.875104    -4.159050     2.709207
       2.977158    -4.811827     2.709094
       2.074638    -5.462163     2.703074
       4.854472     3.089190     2.711207
       5.202385     2.038432     2.711642
       5.545573     0.984365     2.710587
       5.885214    -0.074408     2.704103
      -1.393405     5.200826     2.719531
      -0.286422     5.204960     2.722265
       0.819139     5.204953     2.722934
       1.924529     5.201512     2.720533
      -5.323861    -0.064723     2.724361
      -4.986890     0.986988     2.722809
      -4.645653     2.038147     2.721727
      -4.299837     3.089502     2.719053
      -1.521380    -5.459164     2.707935
      -2.422354    -4.802634     2.718358
      -3.317488    -4.150142     2.721425
      -4.208745    -3.495983     2.723374
      -3.044441     4.422302    -3.289674
      -5.095482    -1.886689    -3.293253
      -2.504534     5.197233    -2.727600
      -5.665567    -1.119713    -2.743777
      -3.949383     4.148198    -2.728507
      -5.105996    -2.841115    -2.743401
       3.589575     4.421707     3.262465
      -3.046680     4.420520     3.272436
      -5.095773    -1.887674     3.273983
       4.502941     4.138579     2.709697
      -2.506980     5.195624     2.710771
       3.034281     5.200620     2.714099
      -5.665954    -1.120708     2.724574
      -3.950871     4.146885     2.710483
      -5.106187    -2.841926     2.723931
      -3.583641     5.159540    -1.673250
      -3.582120     5.156499    -0.561001
      -3.582003     5.156396     0.543923
      -3.583806     5.159003     1.655987
      -3.034257     5.947847    -1.114891
      -3.035537     5.946074    -0.008302
      -3.033321     5.947417     1.098315
      -1.950361     5.975714    -2.177209
      -1.931532     5.962778    -1.088976
      -1.934454     5.959283    -0.007980
      -1.930152     5.962124     1.073036
      -1.952976     5.974424     2.161112
      -0.838991     5.981972    -2.182172
      -0.835636     5.970294    -1.092837
      -0.836397     5.966641    -0.007645
      -0.833230     5.969469     1.077610
      -0.842501     5.980480     2.166799
       0.269915     5.984857    -2.182028
       0.260296     5.973485    -1.092523
       0.261822     5.969988    -0.007015
       0.264636     5.972440     1.078794
       0.263956     5.982935     2.168163
       1.381384     5.985265    -2.176277
       1.354672     5.973604    -1.087326
       1.358658     5.970395    -0.004255
       1.361913     5.972425     1.080355
       1.368354     5.981963     2.169341
       2.453067     5.973325    -1.128769
       2.455982     5.971609    -0.026387
       2.459414     5.973376     1.069561
       2.472517     5.980921     2.166515
      -6.234960    -0.345604    -2.196137
      -6.224325    -0.336384    -1.101038
      -6.222113    -0.334674    -0.009547
      -6.224548    -0.336842     1.081936
      -6.235440    -0.346597     2.177012
      -5.894774     0.704657    -2.187403
      -5.884111     0.706595    -1.096981
      -5.881521     0.707639    -0.009508
      -5.884433     0.706167     1.077957
      -5.895452     0.703676     2.168361
      -5.554594     1.755488    -2.185844
      -5.545247     1.750225    -1.096065
      -5.542433     1.751023    -0.009465
      -5.545661     1.749836     1.077124
      -5.555480     1.754508     2.166885
      -5.210418     2.807113    -2.184507
      -5.203353     2.793449    -1.095077
      -5.199929     2.794614    -0.009387
      -5.203821     2.793123     1.076286
      -5.211472     2.806141     2.165693
      -4.861589     3.861392    -2.178851
      -4.857704     3.834374    -1.090576
      -4.853900     3.836771    -0.009218
      -4.858131     3.834128     1.072105
      -4.862707     3.860432     2.160329
      -4.503469     4.879006    -1.115603
      -4.501688     4.880037    -0.008757
      -4.503663     4.878794     1.098012
      -1.556984    -6.376580    -1.115688
      -1.553452    -6.376510    -0.009615
      -1.556945    -6.376807     1.096457
      -2.430783    -5.756876    -2.179101
      -2.446615    -5.731119    -1.090830
      -2.441388    -5.731168    -0.009690
      -2.446598    -5.731384     1.071447
      -2.430755    -5.757397     2.159705
      -3.328061    -5.103835    -2.184821
      -3.331179    -5.088065    -1.095344
      -3.327150    -5.087317    -0.009747
      -3.331193    -5.088364     1.075849
      -3.328089    -5.104417     2.165323
      -4.220651    -4.452001    -2.186885
      -4.215688    -4.443097    -1.096673
      -4.212489    -4.442436    -0.009796
      -4.215724    -4.443421     1.077081
      -4.220723    -4.452632     2.167292
      -5.112818    -3.801254    -2.195516
      -5.102349    -3.798927    -1.100696
      -5.099427    -3.798830    -0.009836
      -5.102403    -3.799272     1.081025
      -5.112924    -3.801927     2.175847