
       0.327947    -0.116298    -0.004839
       0.328330    -0.116426     1.096706
       0.327966    -1.044036     0.545621
       1.210233    -0.402880     0.545693
       0.873408     0.634307     0.545958
      -0.216974     0.634227     0.546005
      -0.554120    -0.403190     0.545839
       0.327938    -1.044071    -0.555559
       1.210171    -0.403022    -0.555375
       0.873312     0.634174    -0.555275
      -0.217054     0.634164    -0.555594
      -0.554137    -0.403203    -0.555757
       0.328278    -0.116502    -1.106453
       0.327580    -1.974315    -0.005031
       2.094598    -0.690360    -0.004864
       1.419927     1.387061    -0.004522
      -0.763778     1.386465    -0.004770
      -1.438696    -0.690444    -0.005031
       0.328665    -1.044843     1.646664
       0.328615    -1.044918    -1.656650
       1.211450    -0.403237     1.646583
       1.211320    -0.403576    -1.656395
       0.874402     0.634520     1.646898
       0.874224     0.634211    -1.656495
      -0.216643     0.634345     1.647295
      -0.216784     0.634220    -1.657034
      -0.553955    -0.403620     1.647179
      -0.553983    -0.403622    -1.657153
       1.215058    -1.337275     1.095378
       1.214997    -1.337441    -1.105276
       1.214298    -1.336746    -0.004931
       1.763511     0.350373     1.095619
       1.763269     0.349844    -1.105173
       1.762478     0.350070    -0.004720
       0.328630     1.392735     1.096315
       0.328298     1.392417    -1.105713
       0.328199     1.392177    -0.004618
      -1.106312     0.349608     1.096467
      -1.106349     0.349600    -1.106324
      -1.106044     0.349563    -0.004905
      -0.558682    -1.337373     1.095937
      -0.558691    -1.337350    -1.105981
      -0.558658    -1.336800    -0.005007
       0.327984    -1.974951     1.094782
       0.327961    -1.974992    -1.104861
       2.095534    -0.690486     1.094739
       2.095434    -0.690837    -1.104516
       1.420819     1.387649     1.095389
       1.420403     1.387043    -1.104607
      -0.763812     1.386836     1.096153
      -0.763958     1.386766    -1.105775
      -1.438988    -0.690782     1.095923
      -1.438995    -0.690730    -1.106007
       0.329237    -0.116835     2.197977
       0.329197    -0.116932    -2.207873
       0.327153    -2.907530    -0.553725
       0.327164    -2.907519     0.543563
       2.981870    -0.978849    -0.553385
       2.981898    -0.978675     0.543599
       1.967905     2.141908    -0.553560
       1.968280     2.142476     0.544167
      -1.312193     2.140086    -0.554646
      -1.312121     2.140092     0.545090
      -2.325370    -0.977896    -0.554962
      -2.325377    -0.977944     0.544759
       0.329816    -1.046405     2.747395
       0.329817    -1.046437    -2.757455
       0.329059    -1.977101     2.194626
       0.329053    -1.977126    -2.204751
       1.213528    -0.404073     2.747175
       1.213459    -0.404401    -2.757152
       2.098184    -0.691362     2.194368
       2.098096    -0.691842    -2.204249
       0.876070     0.634838     2.747474
       0.875983     0.634512    -2.757417
       1.422832     1.388728     2.194982
       1.422388     1.387870    -2.204729
      -0.216309     0.634617     2.748109
      -0.216318     0.634579    -2.758027
      -0.764196     1.387835     2.196400
      -0.764225     1.387858    -2.206183
      -0.553895    -0.404485     2.748043
      -0.553872    -0.404379    -2.758098
      -1.439898    -0.691796     2.196214
      -1.439874    -0.691629    -2.206353
       1.217054    -1.338974     2.195474
       1.217003    -1.339195    -2.205460
       1.766051     0.350555     2.195641
       1.765791     0.349810    -2.205446
       0.329397     1.393995     2.196690
       0.329096     1.393606    -2.206418
      -1.107236     0.349703     2.197128
      -1.107218     0.349798    -2.207089
      -0.558777    -1.339125     2.196424
      -0.558760    -1.339031    -2.206548
       2.104324    -1.629867     1.643052
       2.104271    -1.630140    -1.652952
       2.102261    -1.628414    -0.554178
       2.102291    -1.628298     0.544347
       1.218662    -2.273436     1.643110
       1.218625    -2.273561    -1.653151
       1.216877    -2.271678    -0.554306
       1.216898    -2.271622     0.544313
       2.316826     1.106014     1.643533
       2.316320     1.104758    -1.653128
       2.313993     1.104615    -0.554106
       2.314261     1.105118     0.544718
       2.654805     0.064415     1.643224
       2.654649     0.063686    -1.652963
       2.652131     0.063757    -0.554142
       2.652227     0.064060     0.544469
      -0.218743     2.151095     1.645366
      -0.219091     2.150866    -1.654897
      -0.219037     2.149172    -0.554836
      -0.218824     2.149307     0.545548
       0.876345     2.152067     1.644619
       0.875548     2.151194    -1.654012
       0.874998     2.149941    -0.554327
       0.875389     2.150347     0.545335
      -1.997002     0.063504     1.645368
      -1.996953     0.063636    -1.655426
      -1.995319     0.063625    -0.555310
      -1.995324     0.063597     0.545310
      -1.658829     1.104268     1.645466
      -1.658787     1.104360    -1.655331
      -1.657414     1.103489    -0.555195
      -1.657402     1.103486     0.545425
      -0.562001    -2.273259     1.644029
      -0.561989    -2.273171    -1.654217
      -0.561711    -2.271456    -0.554794
      -0.561711    -2.271480     0.544655
      -1.447394    -1.629457     1.644962
      -1.447359    -1.629315    -1.655169
      -1.446359    -1.627717    -0.555243
      -1.446367    -1.627758     0.545088
       0.328008    -2.908928     1.641216
       0.327991    -2.908936    -1.651406
       2.983784    -0.979167     1.641016
       2.983755    -0.979585    -1.650831
       1.970200     2.143896     1.642089
       1.969187     2.142207    -1.651565
      -1.312936     2.141602     1.644474
      -1.312955     2.141694    -1.654139
      -2.326946    -0.979030     1.644162
      -2.326910    -0.978860    -1.654399
       0.330400    -0.117434     3.299161
       0.330453    -0.117452    -3.309196
       0.326532    -3.844112    -1.099386
       0.326109    -3.843964    -0.005121
       0.326560    -3.844120     1.089133
       3.872561    -1.268357    -1.098871
       3.872032    -1.268087    -0.004888
       3.872544    -1.268098     1.089101
       2.517681     2.899380    -1.100279
       2.517526     2.899927    -0.005731
       2.518445     2.900878     1.089289
      -1.862270     2.895881    -1.102081
      -1.861804     2.894854    -0.004764
      -1.862249     2.895780     1.092508
      -3.214661    -1.266090    -1.102431
      -3.213739    -1.265536    -0.005167
      -3.214700    -1.266230     1.092084
       0.331243    -1.048932     3.848066
       0.331365    -1.048810    -3.858194
       0.330638    -1.980937     3.294170
       0.330703    -1.980859    -3.304353
       0.329716    -2.913446     2.739730
       0.329731    -2.913389    -2.749964
       1.216549    -0.405424     3.847718
       1.216645    -0.405513    -3.857791
       2.102524    -0.693077     3.293665
       2.102569    -0.693374    -3.303628
       2.988867    -0.980949     2.739224
       2.988918    -0.981337    -2.749081
       0.878448     0.635508     3.848086
       0.878561     0.635371    -3.858230
       1.425999     1.390464     3.294249
       1.425822     1.389756    -3.304482
       1.973936     2.146489     2.740027
       1.973088     2.144616    -2.750342
      -0.216242     0.635337     3.848913
      -0.215976     0.635569    -3.858908
      -0.765135     1.389728     3.296067
      -0.764769     1.390072    -3.305915
      -1.314699     2.144606     2.743057
      -1.314288     2.145030    -2.752776
      -0.554361    -0.405824     3.848823
      -0.554224    -0.405502    -3.858948
      -1.441763    -0.693572     3.295838
      -1.441650    -0.693205    -3.306038
      -2.330067    -0.981197     2.742704
      -2.329960    -0.980845    -2.752991
       1.220150    -1.341948     3.294978
       1.220201    -1.342059    -3.305058
       1.770040     0.350613     3.295084
       1.769985     0.350086    -3.305102
       0.330448     1.396052     3.296450
       0.330534     1.395938    -3.306390
      -1.108936     0.349890     3.296992
      -1.108751     0.350237    -3.307045
      -0.559083    -1.342153     3.296209
      -0.558994    -1.341914    -3.306425
       2.108610    -1.633118     2.741301
       2.108616    -1.633368    -2.751298
       1.221817    -2.277558     2.741458
       1.221823    -2.277648    -2.751573
       2.321537     1.107272     2.741736
       2.321200     1.105991    -2.751675
       2.660013     0.064266     2.741501
       2.659984     0.063575    -2.751333
      -0.218814     2.154383     2.744181
      -0.218692     2.154472    -2.753876
       0.878078     2.155132     2.743192
       0.877671     2.154435    -2.753052
      -2.000228     0.063265     2.744271
      -2.000063     0.063608    -2.754408
      -1.661575     1.105782     2.744364
      -1.661320     1.106137    -2.754335
      -0.562233    -2.277434     2.742802
      -0.562181    -2.277240    -2.753066
      -1.449242    -1.632902     2.743757
      -1.449156    -1.632614    -2.754042
       2.996641    -1.923710     2.187329
       2.996631    -1.923990    -2.197226
       2.992548    -1.920656    -1.100637
       2.991826    -1.919731    -0.004897
       2.992579    -1.920453     1.090814
       2.112391    -2.571910     2.188430
       2.112359    -2.572079    -2.198453
       2.108247    -2.567801    -1.101582
       2.107023    -2.566528    -0.004961
       2.108288    -2.567673     1.091631
       1.222634    -3.212657     2.187513
       1.222602    -3.212713    -2.197672
       1.219287    -3.208773    -1.100964
       1.218240    -3.208120    -0.005044
       1.219322    -3.208718     1.090856
       2.872121     1.864347     2.188070
       2.871435     1.861902    -2.197911
       2.866606     1.860928    -1.101008
       2.865667     1.861534    -0.004827
       2.867315     1.862387     1.091472
       3.214856     0.822000     2.188811
       3.214804     0.820813    -2.198514
       3.209060     0.819971    -1.101584
       3.207444     0.820000    -0.004860
       3.209236     0.820750     1.091932
       3.549181    -0.222581     2.187523
       3.549273    -0.223204    -2.197262
       3.544067    -0.223355    -1.100667
       3.543001    -0.223438    -0.004893
       3.544066    -0.222935     1.090917
      -0.768604     2.911749     2.191732
      -0.768513     2.912000    -2.201212
      -0.768072     2.907419    -1.103366
      -0.767778     2.905850    -0.004636
      -0.767800     2.907481     1.093996
       0.328554     2.916647     2.191850
       0.328103     2.916336    -2.201299
       0.327286     2.911922    -1.103251
       0.327530     2.910645    -0.004427
       0.327975     2.912451     1.094157
       1.425916     2.914082     2.189709
       1.424513     2.912348    -2.199329
       1.422908     2.909217    -1.101692
       1.423340     2.909039    -0.004507
       1.424053     2.910623     1.092688
      -2.891003    -0.223539     2.191434
      -2.890848    -0.223240    -2.201664
      -2.886661    -0.222818    -1.103805
      -2.885157    -0.222840    -0.005076
      -2.886720    -0.222936     1.093631
      -2.555957     0.820201     2.192121
      -2.555736     0.820498    -2.202198
      -2.551786     0.819233    -1.104151
      -2.550304     0.818743    -0.004978
      -2.551860     0.819137     1.094158
      -2.213608     1.861547     2.191607
      -2.213319     1.861864    -2.201505
      -2.210156     1.859084    -1.103616
      -2.208919     1.858199    -0.004870
      -2.210222     1.859006     1.093822
      -0.565312    -3.212163     2.188919
      -0.565296    -3.212003    -2.199225
      -0.564793    -3.208225    -1.101884
      -0.564357    -3.207689    -0.005119
      -0.564792    -3.208295     1.091627
      -1.454680    -2.570660     2.191210
      -1.454625    -2.570423    -2.201546
      -1.452741    -2.566129    -1.103705
      -1.451889    -2.564772    -0.005129
      -1.452763    -2.566239     1.093425
      -2.339337    -1.922425     2.191140
      -2.339253    -1.922143    -2.201506
      -2.336250    -1.918599    -1.103753
      -2.335197    -1.917339    -0.005146
      -2.336286    -1.918730     1.093440
       0.328262    -3.845578     2.184386
       0.328235    -3.845530    -2.194670
       3.874754    -1.268765     2.183999
       3.874828    -1.269152    -2.193782
       2.521721     2.903374     2.185394
       2.519663     2.899322    -2.195636
      -1.864440     2.899493     2.190169
      -1.864113     2.899887    -2.199791
      -3.218589    -1.268567     2.189718
      -3.218488    -1.268255    -2.200099
       0.331700    -0.118189     4.400974
       0.331905    -0.117997    -4.411072
       0.326417    -4.784983    -1.644081
       0.324293    -4.785264    -0.551700
       0.324319    -4.785275     0.541383
       0.326480    -4.785026     1.633748
       4.767816    -1.559287    -1.643466
       4.766880    -1.558931    -0.551374
       4.766863    -1.558814     0.541658
       4.767751    -1.558939     1.633751
       3.070430     3.660175    -1.646718
       3.069290     3.661720    -0.555012
       3.069593     3.661869     0.537600
       3.071060     3.662560     1.630637
      -2.413667     3.654193    -1.646082
      -2.413414     3.652619    -0.551613
      -2.413395     3.652552     0.542095
      -2.413824     3.653900     1.636527
      -4.106496    -1.555433    -1.646489
      -4.105415    -1.554370    -0.552064
      -4.105440    -1.554455     0.541597
      -4.106579    -1.555695     1.636005
       0.332780    -1.053238     4.950569
       0.333057    -1.052866    -4.960738
       0.332386    -1.987386     4.394483
       0.332555    -1.987123    -4.404713
       0.331779    -2.921942     3.838531
       0.331860    -2.921754    -3.848811
       0.330848    -3.855336     3.283328
       0.330854    -3.855196    -3.293648
       1.221260    -0.407447     4.950090
       1.221569    -0.407147    -4.960133
       2.109363    -0.695797     4.393679
       2.109604    -0.695694    -4.403629
       2.997812    -0.984245     3.837566
       2.997996    -0.984324    -3.847421
       3.885100    -1.272334     3.282317
       3.885248    -1.272574    -3.292105
       0.881901     0.637297     4.950735
       0.882276     0.637581    -4.960804
       1.430705     1.393748     4.394654
       1.430954     1.393660    -4.404905
       1.979825     2.151065     3.838528
       1.979670     2.150079    -3.849275
       2.528659     2.909066     3.282853
       2.527385     2.905598    -3.294695
      -0.216966     0.637220     4.951795
      -0.216389     0.637856    -4.961713
      -0.767182     1.393315     4.396814
      -0.766354     1.394113    -4.406554
      -1.317977     2.149888     3.841896
      -1.316976     2.150773    -3.851513
      -1.868915     2.906535     3.287763
      -1.867952     2.907355    -3.297328
      -0.556224    -0.407779     4.951579
      -0.555928    -0.407162    -4.961741
      -1.445582    -0.696206     4.396407
      -1.445335    -0.695580    -4.406655
      -2.335746    -0.984506     3.841374
      -2.335529    -0.983925    -3.851705
      -3.226180    -1.272537     3.287199
      -3.225988    -1.272018    -3.297616
       1.224381    -1.346481     4.394519
       1.224591    -1.346352    -4.404659
       1.775746     0.350855     4.394731
       1.776024     0.350908    -4.404728
       0.331722     1.399401     4.396614
       0.332333     1.399873    -4.406434
      -1.111841     0.350389     4.397166
      -1.111428     0.351077    -4.407261
      -0.560064    -1.346662     4.396146
      -0.559870    -1.346215    -4.406433
       2.115290    -1.638241     3.838839
       2.115430    -1.638293    -3.848909
       1.226104    -2.284463     3.839113
       1.226211    -2.284410    -3.849296
       2.328515     1.109228     3.839456
       2.328675     1.108814    -3.849459
       2.668128     0.063624     3.839137
       2.668349     0.063478    -3.848954
      -0.219108     2.159544     3.842577
      -0.218198     2.160283    -3.852114
       0.880734     2.159998     3.841537
       0.881259     2.160190    -3.851348
      -2.005299     0.062947     3.842639
      -2.004957     0.063581    -3.852841
      -1.665848     1.108264     3.842768
      -1.665276     1.108998    -3.852783
      -0.562782    -2.284404     3.840941
      -0.562665    -2.284059    -3.851276
      -1.452345    -1.638119     3.841880
      -1.452184    -1.637643    -3.852234
       3.005591    -1.929162     3.283272
       3.005670    -1.929340    -3.293242
       2.119013    -2.579271     3.284284
       2.119056    -2.579362    -3.294383
       1.226917    -3.221675     3.283628
       1.226940    -3.221655    -3.293843
       2.880157     1.868002     3.284158
       2.880124     1.866521    -3.294194
       3.224201     0.823268     3.284799
       3.224440     0.822680    -3.294477
       3.559469    -0.223955     3.283561
       3.559688    -0.224268    -3.293275
      -0.770426     2.918725     3.288455
      -0.769412     2.919578    -3.297819
       0.329583     2.923325     3.288727
       0.330442     2.923956    -3.298055
       1.429784     2.920006     3.286437
       1.429879     2.919483    -3.296308
      -2.898139    -0.224781     3.288168
      -2.897843    -0.224233    -3.298458
      -2.562373     0.821893     3.289042
      -2.561926     0.822500    -3.299194
      -2.219059     1.866071     3.288374
      -2.218398     1.866773    -3.298323
      -0.565182    -3.221255     3.285693
      -0.565129    -3.220978    -3.296057
      -1.457297    -2.578390     3.287801
      -1.457197    -2.578006    -3.298199
      -2.344570    -1.928209     3.287651
      -2.344426    -1.927750    -3.298073
       3.894494    -2.220029     2.727810
       3.894526    -2.220288    -2.737668
       3.885459    -2.214122    -1.643097
       3.884467    -2.212462    -0.550933
       3.884479    -2.212362     0.541175
       3.885477    -2.213871     1.633301
       3.011286    -2.872801     2.729431
       3.011271    -2.872972    -2.739418
       3.002760    -2.865437    -1.645109
       2.999704    -2.862311    -0.551497
       2.999731    -2.862239     0.541625
       3.002814    -2.865265     1.635190
       2.121401    -3.519352     2.729510
       2.121367    -3.519437    -2.739629
       2.114868    -3.510319    -1.645287
       2.111720    -3.507184    -0.551613
       2.111748    -3.507140     0.541586
       2.114929    -3.510218     1.635223
       1.227736    -4.157651     2.728119
       1.227689    -4.157643    -2.738371
       1.222275    -4.148446    -1.643694
       1.219615    -4.147719    -0.551297
       1.219641    -4.147702     0.541109
       1.222334    -4.148419     1.633483
       3.430718     2.626992     2.729051
       3.430830     2.623105    -2.739133
       3.421201     2.618984    -1.644303
       3.418981     2.620375    -0.551723
       3.419365     2.621058     0.541201
       3.422518     2.622243     1.634522
       3.778398     1.583238     2.730264
       3.778909     1.581836    -2.739795
       3.768382     1.578398    -1.645386
       3.764102     1.577938    -0.551608
       3.764155     1.578267     0.541800
       3.768434     1.579866     1.635851
       4.118536     0.536555     2.729879
       4.118914     0.535878    -2.739477
       4.107648     0.534872    -1.645150
       4.103371     0.534281    -0.551499
       4.103318     0.534464     0.541731
       4.107464     0.535605     1.635516
       4.449601    -0.510834     2.728006
       4.449841    -0.511281    -2.737699
       4.438910    -0.510875    -1.643128
       4.437153    -0.511522    -0.550956
       4.437102    -0.511389     0.541197
       4.438748    -0.510421     1.633419
      -1.321682     3.677384     2.734657
      -1.320899     3.678113    -2.743947
      -1.318540     3.668946    -1.648647
      -1.318203     3.664433    -0.552512
      -1.318053     3.664410     0.543232
      -1.318491     3.668693     1.639331
      -0.222223     3.685105     2.735678
      -0.221437     3.685874    -2.744731
      -0.222245     3.676565    -1.649429
      -0.222340     3.671543    -0.552861
      -0.221975     3.671717     0.543906
      -0.221775     3.676584     1.640349
       0.878333     3.685916     2.735073
       0.878674     3.686217    -2.744064
       0.874760     3.677082    -1.648509
       0.874507     3.673066    -0.552156
       0.875219     3.673802     0.543668
       0.876144     3.678119     1.639641
       1.978238     3.680186     2.731773
       1.976868     3.677851    -2.741619
       1.971790     3.670566    -1.645475
       1.972572     3.670402    -0.551944
       1.973173     3.671239     0.541758
       1.974312     3.673889     1.636349
      -3.790545    -0.512398     2.734246
      -3.790291    -0.511933    -2.744620
      -3.781331    -0.510016    -1.649189
      -3.777286    -0.509921    -0.553003
      -3.777324    -0.509994     0.542701
      -3.781463    -0.510261     1.638858
      -3.457738     0.534802     2.735392
      -3.457370     0.535288    -2.745644
      -3.449212     0.534361    -1.650145
      -3.444708     0.533501    -0.553507
      -3.444763     0.533437     0.543365
      -3.449402     0.534127     1.639955
      -3.117982     1.580729     2.735462
      -3.117486     1.581254    -2.745572
      -3.110345     1.577195    -1.650063
      -3.106204     1.575213    -0.553418
      -3.106270     1.575161     0.543451
      -3.110584     1.576968     1.640029
      -2.771848     2.623575     2.734499
      -2.771230     2.624160    -2.744400
      -2.765118     2.617312    -1.648945
      -2.761907     2.614815    -0.552732
      -2.761958     2.614769     0.542977
      -2.765366     2.617077     1.639107
      -0.568388    -4.156547     2.730539
      -0.568395    -4.156321    -2.740930
      -0.568335    -4.147334    -1.644954
      -0.567756    -4.147140    -0.551656
      -0.567746    -4.147179     0.541328
      -0.568316    -4.147458     1.634600
      -1.461783    -3.517357     2.733781
      -1.461737    -3.517042    -2.744210
      -1.459611    -3.507265    -1.648854
      -1.457591    -3.503415    -0.552864
      -1.457596    -3.503475     0.542504
      -1.459631    -3.507448     1.638466
      -2.351637    -2.870183     2.734618
      -2.351547    -2.869806    -2.745090
      -2.346789    -2.861802    -1.649872
      -2.344041    -2.857530    -0.553470
      -2.344057    -2.857603     0.543070
      -2.346840    -2.862025     1.639442
      -3.236599    -2.217545     2.733824
      -3.236473    -2.217125    -2.744330
      -3.229217    -2.211145    -1.649073
      -3.226390    -2.207694    -0.553029
      -3.226413    -2.207774     0.542591
      -3.229288    -2.211390     1.638606
       0.329699    -4.784089     2.727259
       4.767922    -1.559013     2.726254
       3.075603     3.667467     2.726489
      -2.419043     3.662142     2.734364
      -4.115463    -1.560053     2.733785
       4.781384    -2.508884    -1.094208
       4.780884    -2.507519    -0.004836
       4.781411    -2.508679     1.084523
       4.782614    -2.510858     2.171224
       3.903181    -3.167010    -2.183442
       3.896491    -3.161258    -1.093688
       3.895485    -3.159806    -0.004899
       3.896552    -3.161113     1.083872
       3.903247    -3.166793     2.173580
       3.015575    -3.816007    -2.185201
       3.009596    -3.809747    -1.094665
       3.008083    -3.808276    -0.004975
       3.009663    -3.809647     1.084699
       3.015659    -3.815866     2.175196
       2.123720    -4.459401    -2.183732
       2.118186    -4.452404    -1.093903
       2.116465    -4.451361    -0.005060
       2.118252    -4.452345     1.083772
       2.123812    -4.459328     2.173574
       1.223141    -5.092146    -1.094686
       1.221289    -5.091523    -0.005139
       1.223208    -5.092132     1.084402
       1.227715    -5.093271     2.171550
       3.976882     3.382109    -1.096680
       3.975615     3.382901    -0.006843
       3.977890     3.383345     1.084055
       3.981925     3.386939     2.174715
       4.333355     2.340927    -2.184027
       4.324924     2.338661    -1.094071
       4.323035     2.338889    -0.004959
       4.324845     2.339118     1.084350
       4.332501     2.343501     2.175105
       4.676740     1.296310    -2.185265
       4.668273     1.294823    -1.094666
       4.666169     1.294583    -0.004857
       4.668001     1.295117     1.085029
       4.676066     1.297493     2.175868
       5.013348     0.249567    -2.183474
       5.004577     0.248901    -1.093693
       5.002878     0.248417    -0.004850
       5.004350     0.249172     1.084029
       5.012921     0.250277     2.173880
       5.336985    -0.799004    -1.094238
       5.335781    -0.799685    -0.004857
       5.336857    -0.798733     1.084540
       5.339065    -0.797366     2.171303
      -1.869463     4.426397    -1.096274
      -1.870170     4.424964    -0.004622
      -1.869298     4.426190     1.087027
      -1.871747     4.435626     2.180917
      -0.773747     4.446899    -2.191498
      -0.773184     4.436474    -1.097759
      -0.773189     4.433181    -0.004487
      -0.772735     4.436361     1.088846
      -0.773979     4.446327     2.182572
       0.325973     4.450563    -2.191467
       0.323723     4.440259    -1.097631
       0.323846     4.437201    -0.004303
       0.324782     4.440553     1.089226
       0.326173     4.450037     2.183044
       1.424943     4.447322    -2.189744
       1.421295     4.438232    -1.095777
       1.422614     4.437936    -0.004229
       1.423659     4.440174     1.087969
       1.426829     4.447934     2.181836
       2.522585     4.436759    -1.097818
       2.522924     4.437528    -0.007658
       2.524546     4.437459     1.083756
       2.528385     4.440393     2.177160
      -4.672449    -0.797544    -1.096904
      -4.671705    -0.798009    -0.005216
      -4.672537    -0.797729     1.086460
      -4.682132    -0.799073     2.180512
      -4.352294     0.248039    -2.192446
      -4.342582     0.247836    -1.098535
      -4.339806     0.247291    -0.005147
      -4.342719     0.247665     1.088225
      -4.352590     0.247646     2.182098
      -4.015222     1.294769    -2.192927
      -4.006596     1.291941    -1.098807
      -4.003840     1.290987    -0.005077
      -4.006775     1.291785     1.088629
      -4.015612     1.294374     2.182697
      -3.672602     2.339699    -2.192300
      -3.664648     2.334106    -1.098381
      -3.662131     2.332815    -0.004991
      -3.664843     2.333967     1.088366
      -3.673061     2.339296     2.182219
      -3.317004     3.373706    -1.096580
      -3.316167     3.373542    -0.004872
      -3.317159     3.373574     1.086796
      -3.324456     3.379834     2.180813
      -0.573435    -5.090882    -1.095600
      -0.574024    -5.091301    -0.005195
      -0.573395    -5.090968     1.085199
      -0.571421    -5.089686     2.173787
      -1.467258    -4.454084    -2.189805
      -1.465091    -4.444366    -1.096210
      -1.464141    -4.443986    -0.005217
      -1.465081    -4.444487     1.085765
      -1.467251    -4.454331     2.179339
      -2.358235    -3.810261    -2.191996
      -2.354153    -3.800600    -1.098312
      -2.352516    -3.797951    -0.005243
      -2.354168    -3.800754     1.087816
      -2.358272    -3.810565     2.181477
      -3.245769    -3.160729    -2.192048
      -3.239300    -3.152707    -1.098393
      -3.237578    -3.150037    -0.005269
      -3.239336    -3.152880     1.087846
      -3.245841    -3.161071     2.181477
      -4.120239    -2.500104    -1.096851
      -4.120120    -2.498610    -0.005287
      -4.120289    -2.500291     1.086268
      -4.127550    -2.507131     2.180077
       0.329635    -4.783986    -2.737622
       4.768052    -1.559392    -2.735995
       3.072056     3.657261    -2.739677
      -2.418319     3.662794    -2.743908
      -4.115300    -1.559593    -2.744294
       0.333498    -0.118551    -5.515459
       0.324735    -5.737170    -2.217906
       0.321935    -5.734784    -1.107602
       0.321497    -5.734216    -0.005185
       0.321996    -5.734818     1.097226
       5.674063    -1.853776    -2.217012
       5.670079    -1.852444    -1.106492
       5.669222    -1.852091    -0.004816
       5.670047    -1.852177     1.096869
       3.628637     4.431819    -2.223499
       3.625556     4.431698    -1.114672
       3.625969     4.431024    -0.015592
       3.628682     4.430279     1.079226
      -2.965873     4.414425    -2.189007
      -2.967475     4.414538    -1.096541
      -2.967779     4.414140    -0.004736
      -2.967486     4.414365     1.087039
      -5.000102    -1.845793    -2.189490
      -5.001517    -1.845034    -1.097057
      -5.001610    -1.844629    -0.005294
      -5.001571    -1.845237     1.086462
       0.334698    -1.054836    -6.080258
       0.334245    -1.998202    -5.515594
       0.333703    -2.938484    -4.955129
       0.332952    -3.879441    -4.395449
       0.332001    -4.825058    -3.834243
       1.224534    -0.408123    -6.079387
       2.121208    -0.699477    -5.514106
       3.014955    -0.989853    -4.953204
       3.909403    -1.280446    -4.393248
       4.808392    -1.572520    -3.831761
       0.884736     0.638160    -6.080328
       1.438828     1.401619    -5.515767
       1.991020     2.162600    -4.955508
       2.543464     2.924256    -4.396240
       3.098588     3.689914    -3.835742
      -0.215494     0.638345    -6.081693
      -0.770566     1.401661    -5.518292
      -1.323735     2.161931    -4.959374
      -1.877048     2.921877    -4.402053
      -2.431401     3.682903    -3.844824
      -0.555457    -0.408094    -6.081742
      -1.453175    -0.699219    -5.518397
      -2.347564    -0.988974    -4.959564
      -3.241893    -1.278390    -4.402335
      -4.137712    -1.568108    -3.845200
       1.230906    -1.353368    -5.511614
       1.785245     0.352853    -5.511687
       0.334097     1.407176    -5.513940
      -1.117170     0.352925    -5.515168
      -0.562745    -1.353159    -5.513948
       2.126092    -1.646429    -4.952014
       1.232357    -2.295911    -4.952527
       2.340399     1.114514    -4.952689
       2.681736     0.063769    -4.952059
      -0.218804     2.170674    -4.956287
       0.886046     2.170994    -4.955072
      -2.014434     0.063989    -4.957379
      -1.673188     1.114216    -4.957329
      -0.565139    -2.295569    -4.955016
      -1.458787    -1.645674    -4.956409
       3.021068    -1.938138    -4.392994
       2.128999    -2.591190    -4.394925
       1.232464    -3.237821    -4.393813
       2.894101     1.876438    -4.394132
       3.239400     0.826394    -4.395023
       3.577285    -0.226237    -4.393023
      -0.772168     2.932266    -4.399460
       0.333110     2.936980    -4.399543
       1.438452     2.933677    -4.396672
      -2.910255    -0.225364    -4.400380
      -2.572835     0.826040    -4.401486
      -2.227770     1.874984    -4.400260
      -0.566513    -3.237344    -4.396483
      -1.462686    -2.590043    -4.399684
      -2.354113    -1.936358    -4.399712
       3.917754    -2.229676    -3.833246
       3.025688    -2.884729    -3.837312
       2.130093    -3.535439    -3.837576
       1.231681    -4.181248    -3.834220
       3.447997     2.640141    -3.834856
       3.795306     1.589675    -3.837753
       4.137435     0.536884    -3.837375
       4.474119    -0.517379    -3.833273
      -1.326473     3.693646    -3.842917
      -0.220885     3.700689    -3.844307
       0.885879     3.702035    -3.842680
       1.992155     3.697399    -3.837597
      -3.806374    -0.515068    -3.843745
      -3.470930     0.537028    -3.845794
      -3.129471     1.587834    -3.845730
      -2.782379     2.636180    -3.843544
      -0.567478    -4.180687    -3.837110
      -1.465188    -3.533905    -3.842832
      -2.359790    -2.882034    -3.844654
      -3.250099    -2.226347    -3.843293
       4.824331    -2.518482    -3.269695
       4.782606    -2.511183    -2.180960
       3.924586    -3.177309    -3.278550
       3.028464    -3.831451    -3.280886
       2.129432    -4.481458    -3.278920
       1.224927    -5.133284    -3.270921
       1.227612    -5.093262    -2.181847
       4.002204     3.414433    -3.272199
       3.980432     3.379880    -2.183517
       4.350842     2.355465    -3.279252
       4.696177     1.301211    -3.280985
       5.036679     0.245290    -3.278599
       5.377334    -0.816570    -3.269726
       5.339309    -0.797921    -2.180993
      -1.882465     4.456407    -3.285404
      -1.871396     4.436149    -2.190163
      -0.776219     4.464049    -3.288791
       0.331374     4.467825    -3.288868
       1.441000     4.467883    -3.284883
       2.555733     4.464651    -3.274775
       2.522767     4.434098    -2.185861
      -4.704415    -0.805724    -3.286274
      -4.681932    -0.798676    -2.190977
      -4.369275     0.247370    -3.290006
      -4.029904     1.299561    -3.291039
      -3.685925     2.350265    -3.289869
      -3.337995     3.399230    -3.285989
      -3.323985     3.380261    -2.190672
      -0.562582    -5.132527    -3.273666
      -0.571477    -5.089518    -2.184218
      -1.466312    -4.479752    -3.284984
      -2.363975    -3.827238    -3.289359
      -3.257804    -3.173025    -3.289312
      -4.148282    -2.516526    -3.285905
      -4.127450    -2.506757    -2.190685
       5.689715    -2.816025    -1.659950
       5.688449    -2.813797    -0.555133
       5.688476    -2.813665     0.545621
       4.829793    -3.474464    -2.717549
       4.804423    -3.475694    -1.628701
       4.803445    -3.470421    -0.546199
       4.803488    -3.470324     0.536494
       4.804532    -3.475439     1.618972
       3.932324    -4.132015    -2.723659
       3.918930    -4.125907    -1.633922
       3.916101    -4.121742    -0.547908
       3.916149    -4.121673     0.538042
       3.919048    -4.125729     1.624036
       3.033921    -4.784550    -2.723692
       3.029117    -4.771947    -1.633956
       3.024487    -4.768939    -0.547976
       3.024534    -4.768891     0.537936
       3.029235    -4.771827     1.623901
       2.130987    -5.434619    -2.717755
       2.136259    -5.412703    -1.628824
       2.129782    -5.410972    -0.546411
       2.129829    -5.410942     0.536191
       2.136381    -5.412635     1.618593
       1.233855    -6.050025    -1.660081
       1.230214    -6.048855    -0.555495
       1.230262    -6.048842     0.545128
       4.548745     4.150769    -1.666062
       4.546284     4.151742    -0.562359
       4.548585     4.151018     0.536928
       4.912283     3.125885    -2.718327
       4.903875     3.104946    -1.629339
       4.898008     3.107088    -0.546513
       4.898216     3.106547     0.536888
       4.903449     3.104879     1.620391
       5.260782     2.069176    -2.723825
       5.249597     2.061754    -1.633996
       5.244193     2.061920    -0.547835
       5.244166     2.061721     0.538357
       5.248845     2.062183     1.624629
       5.604100     1.013162    -2.723696
       5.589734     1.016081    -1.633908
       5.585023     1.014362    -0.547804
       5.584919     1.014345     0.538275
       5.589174     1.016645     1.624390
       5.943677    -0.046347    -2.717588
       5.923913    -0.030435    -1.628722
       5.920031    -0.034073    -0.546185
       5.919941    -0.033995     0.536559
       5.923556    -0.029863     1.619092
       6.252358    -1.084488    -1.660011
       6.250046    -1.085462    -0.555207
       6.249992    -1.085341     0.545530
      -2.421412     5.194270    -1.634888
      -2.422926     5.192043    -0.548500
      -2.422775     5.191944     0.539286
      -1.334137     5.228781    -2.732100
      -1.325344     5.208913    -1.637581
      -1.324923     5.201072    -0.548455
      -1.324659     5.200926     0.539541
      -1.325019     5.208500     1.628690
      -0.225405     5.233968    -2.733966
      -0.227235     5.215068    -1.638832
      -0.227986     5.207447    -0.548804
      -0.227558     5.207268     0.540258
      -0.226286     5.214587     1.630475
       0.883894     5.235635    -2.731955
       0.870828     5.216157    -1.637363
       0.869177     5.208651    -0.548111
       0.869892     5.208520     0.540250
       0.873454     5.215715     1.630293
       1.999436     5.237500    -2.722576
       1.966015     5.209891    -1.634309
       1.967857     5.209806    -0.548974
       1.969372     5.210076     0.539822
       1.973365     5.212251     1.629333
       3.069645     5.218727    -1.670081
       3.072529     5.216212    -0.564493
       3.073497     5.216228     0.532628
      -5.573121    -1.084810    -1.635674
      -5.572159    -1.085298    -0.549276
      -5.572204    -1.085402     0.538730
      -5.269581    -0.044273    -2.733339
      -5.247703    -0.038203    -1.638649
      -5.240464    -0.038368    -0.549358
      -5.240534    -0.038464     0.538928
      -5.247918    -0.038524     1.628201
      -4.931176     1.010474    -2.735664
      -4.913172     1.008326    -1.640205
      -4.906639     1.007135    -0.549885
      -4.906730     1.007051     0.539557
      -4.913461     1.008021     1.629856
      -4.589077     2.063217    -2.735598
      -4.573272     2.054317    -1.640138
      -4.567321     2.051361    -0.549819
      -4.567425     2.051292     0.539616
      -4.573613     2.054037     1.629906
      -4.242814     3.115414    -2.733131
      -4.228713     3.097591    -1.638438
      -4.222800     3.093391    -0.549146
      -4.222897     3.093341     0.539127
      -4.229059     3.097340     1.628377
      -3.876753     4.135590    -1.635288
      -3.875698     4.135318    -0.548866
      -3.875746     4.135281     0.539140
      -0.589323    -6.044783    -1.663870
      -0.585986    -6.044015    -0.556463
      -0.585955    -6.044063     0.546031
      -1.467099    -5.430502    -2.722533
      -1.477954    -5.389560    -1.634076
      -1.476679    -5.389613    -0.548876
      -1.476660    -5.389675     0.538388
      -1.477903    -5.389730     1.623568
      -2.368450    -4.773141    -2.732687
      -2.367588    -4.750012    -1.638212
      -2.364826    -4.742929    -0.549209
      -2.364821    -4.743009     0.538652
      -2.367574    -4.750243     1.627645
      -3.264841    -4.119674    -2.734710
      -3.255285    -4.103516    -1.639644
      -3.251636    -4.097007    -0.549736
      -3.251642    -4.097097     0.539110
      -3.255303    -4.103781     1.629010
      -4.158734    -3.463716    -2.732797
      -4.140023    -3.452976    -1.638327
      -4.135248    -3.447001    -0.549280
      -4.135263    -3.447098     0.538595
      -4.140071    -3.453267     1.627634
      -5.018115    -2.796787    -1.635554
      -5.018164    -2.794206    -0.549217
      -5.018187    -2.794311     0.538499
       0.333106    -0.119077     5.505386
       0.324825    -5.737250     2.207509
       5.673980    -1.853270     2.207355
       3.632002     4.432618     2.171400
      -2.966264     4.413941     2.179464
      -5.000220    -1.846201     2.178880
      -2.988617     4.447894    -3.285514
      -5.038192    -1.859407    -3.285983
       5.689780    -2.815668     1.650427
       1.233979    -6.050007     1.649708
       4.554442     4.151006     1.640616
       6.252157    -1.083925     1.650337
      -2.448523     5.222957    -2.723783
      -2.421300     5.193874     1.625630
       3.076444     5.217382     1.625738
      -5.609108    -1.105264    -2.724690
      -5.573245    -1.085136     1.625106
      -3.893796     4.173322    -2.724321
      -3.877013     4.135362     1.625501
      -0.589253    -6.044926     1.653434
      -5.056843    -2.803932    -2.724416
      -5.018192    -2.797101     1.624833
       0.334281    -1.055469     6.070113
       0.333974    -1.998690     5.505348
       0.333548    -2.938851     4.944823
       0.332892    -3.879718     4.385099
       1.224047    -0.408824     6.069483
       2.120799    -0.699978     5.504251
       3.014650    -0.990144     4.943403
       3.909201    -1.280501     4.383478
       0.884066     0.637296     6.070632
       1.438054     1.400701     5.506187
       1.989995     2.161371     4.946074
       2.541760     2.922182     4.387178
      -0.216283     0.637252     6.071992
      -0.771707     1.400427     5.508770
      -1.325164     2.160643     4.949957
      -1.878558     2.920685     4.392639
      -0.555945    -0.409042     6.071584
      -1.453579    -0.700123     5.508130
      -2.347912    -0.989805     4.949208
      -3.242197    -1.279135     4.391893
       1.230537    -1.353782     5.501467
       1.784653     0.352191     5.501928
       0.333100     1.406025     5.504517
      -1.117796     0.351888     5.505079
      -0.563043    -1.353847     5.503632
       2.125797    -1.646647     4.941923
       1.232131    -2.296165     4.942307
       2.339698     1.113743     4.943112
       2.681282     0.063301     4.942379
      -0.220236     2.169294     4.947124
       0.884695     2.169553     4.946021
      -2.014964     0.063047     4.947139
      -1.674058     1.113098     4.947329
      -0.565324    -2.296096     4.944635
      -1.459026    -1.646360     4.946014
       3.020860    -1.938173     4.382990
       2.128837    -2.591260     4.384776
       1.232354    -3.237976     4.383559
       2.893215     1.875305     4.384914
       3.238913     0.825853     4.385582
       3.576979    -0.226461     4.383378
      -0.773881     2.930877     4.390375
       0.331092     2.935245     4.390885
       1.436263     2.931547     4.388352
      -2.910712    -0.226188     4.390044
      -2.573529     0.825088     4.391290
      -2.228815     1.873878     4.390332
      -0.566611    -3.237763     4.386072
      -1.462832    -2.590589     4.389238
      -2.354320    -1.937008     4.389252
       3.917636    -2.229538     3.823342
       3.025601    -2.884652     3.827273
       2.130043    -3.535438     3.827413
       1.231668    -4.181342     3.823937
       3.446653     2.638045     3.826502
       3.794762     1.588879     3.828634
       4.137114     0.536687     3.827879
       4.473911    -0.517328     3.823597
      -1.328141     3.692489     3.833770
      -0.223168     3.699117     3.835659
       0.882583     3.699648     3.834909
       1.987815     3.693710     3.831126
      -3.806769    -0.515780     3.833330
      -3.471500     0.536242     3.835492
      -3.130264     1.586947     3.835577
      -2.783429     2.635198     3.833650
      -0.567498    -4.181036     3.826676
      -1.465262    -3.534358     3.832362
      -2.359919    -2.882566     3.834147
      -3.250283    -2.226944     3.832758
       3.924576    -3.177118     3.268644
       3.028484    -3.831339     3.270844
       2.129483    -4.481422     3.268733
       4.350721     2.353350     3.270348
       4.695897     1.300920     3.271532
       5.036413     0.245468     3.268981
      -0.778169     4.462985     3.279965
       0.327968     4.466150     3.280860
       1.434270     4.464693     3.278859
      -4.369746     0.246716     3.279619
      -4.030530     1.298863     3.280763
      -3.686699     2.349515     3.279746
      -1.466315    -4.480137     3.274490
      -2.364038    -3.827685     3.278818
      -3.257917    -3.173524     3.278721
       0.332032    -4.825278     3.823849
       4.808276    -1.572337     3.822004
       3.094162     3.684707     3.827566
      -2.432759     3.681924     3.835360
      -4.137977    -1.568774     3.834669
       4.824290    -2.518201     3.259897
       1.225023    -5.133332     3.260598
       4.002199     3.404354     3.265869
       5.377192    -0.816264     3.260004
      -1.883810     4.455592     3.276173
       2.540114     4.457471     3.273955
      -4.704751    -0.806349     3.275777
      -3.338890     3.398442     3.276104
      -0.562514    -5.132832     3.263200
      -4.148438    -2.517072     3.275279
       3.653652     4.450046     3.261452
      -2.989675     4.447160     3.275992
      -5.038411    -1.860016     3.275359
       4.829861    -3.474182     2.707783
       3.932423    -4.131817     2.713751
       3.034044    -4.784419     2.713619
       2.131143    -5.434554     2.707511
       4.911502     3.127240     2.710135
       5.260183     2.070059     2.714325
       5.603614     1.013840     2.714089
       5.943335    -0.045722     2.707919
      -2.449481     5.222433     2.714476
      -1.335333     5.228154     2.723156
      -0.227439     5.233213     2.725522
       0.879319     5.234397     2.724930
       1.986305     5.233622     2.720608
       3.087774     5.234878     2.717472
      -5.609384    -1.105854     2.714100
      -5.269963    -0.044848     2.722866
      -4.931676     1.009901     2.725286
      -4.589679     2.062639     2.725332
      -4.243476     3.114828     2.723028
      -3.894469     4.172726     2.714457
      -1.467032    -5.430829     2.712001
      -2.368444    -4.773516     2.722107
      -3.264886    -4.120096     2.724065
      -4.158818    -3.464179     2.722095
      -5.056955    -2.804437     2.713681
      -3.527905     5.185051    -1.669245
      -3.526456     5.182083    -0.557090
      -3.526389     5.182048     0.547701
      -3.527875     5.184850     1.659769
      -5.907825    -2.138836    -1.669864
      -5.904982    -2.137389    -0.557733
      -5.905010    -2.137497     0.547036
      -5.907919    -2.139155     1.659163
      -2.978442     5.973444    -1.111113
      -2.979836     5.971776    -0.004598
      -2.977993     5.973266     1.101924
      -1.894393     6.001568    -2.173563
      -1.875598     5.988660    -1.085370
      -1.878674     5.985288    -0.004441
      -1.874965     5.988358     1.076481
      -1.894815     6.001113     2.164593
      -0.782947     6.008246    -2.178652
      -0.779562     5.996563    -1.089358
      -0.780531     5.993003    -0.004255
      -0.778569     5.996076     1.080838
      -0.783312     6.007752     2.169998
       0.326021     6.011690    -2.178646
       0.316470     6.000252    -1.089227
       0.317670     5.996656    -0.003952
       0.318004     5.999377     1.081363
       0.325858     6.011098     2.170560
       1.437405     6.012832    -2.173311
       1.410818     6.001080    -1.084760
       1.414230     5.997527    -0.003039
       1.412837     5.999550     1.078994
       1.437776     6.011621     2.167984
       2.509755     6.001526    -1.115889
       2.511889     5.999988    -0.010223
       2.511731     6.002656     1.095622
      -6.487037    -1.370982    -1.112133
      -6.486195    -1.372675    -0.005309
      -6.487131    -1.371220     1.101515
      -6.178028    -0.336233    -2.174953
      -6.159315    -0.317527    -1.086644
      -6.157490    -0.321439    -0.005267
      -6.159448    -0.317757     1.076107
      -6.178326    -0.336781     2.164399
      -5.840056     0.722362    -2.180243
      -5.826680     0.728103    -1.090817
      -5.824286     0.725774    -0.005232
      -5.826858     0.727893     1.080350
      -5.840449     0.721838     2.169764
      -5.499487     1.777086    -2.180890
      -5.489181     1.773704    -1.091284
      -5.486617     1.772799    -0.005192
      -5.489391     1.773528     1.080894
      -5.499957     1.776591     2.170488
      -5.154989     2.830532    -2.180121
      -5.147572     2.817973    -1.090701
      -5.144325     2.818334    -0.005127
      -5.147786     2.817844     1.080436
      -5.155502     2.830069     2.169839
      -4.806121     3.885581    -2.174679
      -4.802003     3.859404    -1.086373
      -4.798277     3.861400    -0.005015
      -4.802173     3.859328     1.076320
      -4.806625     3.885143     2.164590
      -4.447842     4.904282    -1.111596
      -4.446175     4.905061    -0.004777
      -4.447886     4.904228     1.102011
      -1.502504    -6.348567    -1.111226
      -1.499544    -6.348093    -0.005246
      -1.502443    -6.348700     1.100733
      -2.377821    -5.727323    -2.174558
      -2.392284    -5.702565    -1.086288
      -2.387815    -5.701953    -0.005302
      -2.392242    -5.702725     1.075683
      -2.377739    -5.727639     2.163942
      -3.276079    -5.073071    -2.179733
      -3.277129    -5.058470    -1.090428
      -3.274407    -5.056426    -0.005347
      -3.277112    -5.058652     1.079733
      -3.276042    -5.073430     2.169036
      -4.171119    -4.418382    -2.179625
      -4.161616    -4.411112    -1.090396
      -4.160621    -4.407791    -0.005388
      -4.161622    -4.411310     1.079620
      -4.171121    -4.418774     2.168847
      -5.066306    -3.759624    -2.174430
      -5.043629    -3.760369    -1.086283
      -5.044390    -3.755940    -0.005420
      -5.043654    -3.760581     1.075442
      -5.066341    -3.760049     2.163589
      -5.926840    -3.099701    -1.111913
      -5.927189    -3.097614    -0.005430
      -5.926883    -3.099920     1.101051