
      -0.191857     0.287403     0.007056
      -0.191969     0.287781     1.108677
      -0.191998    -0.640058     0.557838
       0.690441     0.001076     0.558022
       0.353497     1.037999     0.557803
      -0.737058     1.037918     0.557548
      -1.074170     0.000807     0.557438
      -0.192188    -0.640070    -0.543768
       0.690394     0.001056    -0.543567
       0.353463     1.037971    -0.543367
      -0.737201     1.037827    -0.543507
      -1.074400     0.000746    -0.543806
      -0.192096     0.287735    -1.094471
      -0.191896    -1.570030     0.007034
       1.574903    -0.286472     0.007323
       0.900583     1.790366     0.007305
      -1.283730     1.790191     0.007015
      -1.958997    -0.287017     0.006641
      -0.192171    -0.639925     1.659302
      -0.192580    -0.639957    -1.645034
       0.690598     0.001525     1.659422
       0.690517     0.001490    -1.644890
       0.353462     1.039105     1.658897
       0.353422     1.039034    -1.644390
      -0.737634     1.039066     1.658579
      -0.737928     1.038865    -1.644358
      -1.074853     0.001338     1.658709
      -1.075346     0.001198    -1.644691
       0.694764    -0.932524     1.108594
       0.694600    -0.932534    -1.094189
       0.694471    -0.932328     0.007171
       1.243204     0.754152     1.108247
       1.243237     0.754131    -1.093640
       1.242856     0.753703     0.007281
      -0.191742     1.796729     1.107487
      -0.191812     1.796628    -1.093137
      -0.191573     1.795747     0.007148
      -1.627015     0.753941     1.107305
      -1.627624     0.753621    -1.093473
      -1.626574     0.753257     0.006835
      -1.078794    -0.932946     1.107975
      -1.079551    -0.933008    -1.094106
      -1.078714    -0.932822     0.006839
      -0.191813    -1.570375     1.108057
      -0.192217    -1.570340    -1.093890
       1.575341    -0.286394     1.108292
       1.575322    -0.286394    -1.093618
       0.900652     1.791158     1.107128
       0.900687     1.791102    -1.092491
      -1.284135     1.791083     1.106648
      -1.284339     1.790873    -1.092545
      -1.959208    -0.286693     1.106814
      -1.960234    -0.286970    -1.093285
      -0.192417     0.288694     2.210119
      -0.192554     0.288627    -2.195709
      -0.191296    -2.502017    -0.542813
      -0.191093    -2.502069     0.556934
       2.461235    -0.575071    -0.542447
       2.461222    -0.575076     0.557263
       1.449488     2.545092    -0.541252
       1.449445     2.545115     0.556021
      -1.832104     2.544958    -0.541452
      -1.832063     2.545063     0.555490
      -2.846830    -0.575858    -0.542045
      -2.845829    -0.575590     0.555843
      -0.192712    -0.639925     2.760317
      -0.192991    -0.639951    -2.745809
      -0.192168    -1.571405     2.208483
      -0.192568    -1.571352    -2.194114
       0.690983     0.002219     2.760376
       0.691020     0.002225    -2.745736
       1.576607    -0.286167     2.208640
       1.576669    -0.286130    -2.193892
       0.353399     1.041064     2.759715
       0.353507     1.040983    -2.745103
       0.901020     1.793551     2.207021
       0.901185     1.793467    -2.192316
      -0.738854     1.041009     2.759360
      -0.738999     1.040839    -2.744918
      -1.285678     1.793477     2.206394
      -1.285792     1.793253    -2.192142
      -1.076401     0.002148     2.759681
      -1.076832     0.001997    -2.745193
      -1.961209    -0.286182     2.207022
      -1.962519    -0.286564    -2.192762
       0.695403    -0.933183     2.209370
       0.695270    -0.933158    -2.194827
       1.244257     0.755491     2.208818
       1.244399     0.755475    -2.194100
      -0.192328     1.799344     2.207682
      -0.192296     1.799208    -2.193206
      -1.628986     0.755469     2.207622
      -1.629705     0.755069    -2.193428
      -1.080058    -0.933427     2.208719
      -1.080984    -0.933525    -2.194435
       1.583391    -1.224642     1.657707
       1.583361    -1.224620    -1.643060
       1.581988    -1.223689    -0.543021
       1.582024    -1.223688     0.557590
       0.698135    -1.867851     1.657610
       0.697960    -1.867817    -1.643182
       0.697351    -1.866342    -0.543159
       0.697458    -1.866345     0.557463
       1.795917     1.509323     1.656500
       1.796100     1.509312    -1.641689
       1.794754     1.508069    -0.542344
       1.794702     1.508075     0.557085
       2.133781     0.468034     1.657455
       2.133936     0.468043    -1.642628
       2.132076     0.467304    -0.542780
       2.132033     0.467305     0.557534
      -0.739194     2.556191     1.655140
      -0.739153     2.556080    -1.640806
      -0.738593     2.553558    -0.542136
      -0.738569     2.553612     0.556367
       0.355539     2.556205     1.655397
       0.355644     2.556133    -1.640821
       0.355881     2.553613    -0.542049
       0.355869     2.553645     0.556554
      -2.518079     0.468285     1.655280
      -2.519552     0.467528    -1.641441
      -2.516885     0.466705    -0.542677
      -2.516214     0.467014     0.556183
      -2.180049     1.509340     1.655038
      -2.180500     1.508893    -1.641062
      -2.178351     1.507566    -0.542370
      -2.178108     1.507775     0.556196
      -1.081645    -1.868294     1.657217
      -1.082549    -1.868203    -1.643105
      -1.081242    -1.866853    -0.543280
      -1.080806    -1.866889     0.557132
      -1.967385    -1.225154     1.656350
      -1.969214    -1.225321    -1.642398
      -1.967154    -1.224551    -0.543100
      -1.966342    -1.224463     0.556618
      -0.191324    -2.503820     1.656440
      -0.191667    -2.503691    -1.642195
       2.463059    -0.575177     1.656696
       2.463138    -0.575148    -1.641834
       1.449563     2.546767     1.653696
       1.449733     2.546714    -1.638886
      -1.833153     2.546777     1.652936
      -1.833122     2.546587    -1.638824
      -2.846867    -0.575077     1.653965
      -2.849592    -0.575847    -1.640013
      -0.193097     0.289875     3.311465
      -0.193066     0.289828    -3.296866
      -0.190481    -3.436711    -1.090232
      -0.190138    -3.435732     0.007047
      -0.190240    -3.436855     1.104375
       3.350167    -0.864603    -1.089756
       3.348996    -0.864558     0.007482
       3.350090    -0.864616     1.104738
       2.000568     3.302454    -1.086780
       2.000744     3.302086     0.007454
       2.000428     3.302480     1.101705
      -2.382432     3.302639    -1.086962
      -2.382225     3.302244     0.006979
      -2.382531     3.302769     1.100958
      -3.738112    -0.866006    -1.087036
      -3.736020    -0.865830     0.008345
      -3.735511    -0.865332     1.103020
      -0.193551    -0.640509     3.861215
      -0.193365    -0.640470    -3.846588
      -0.192998    -1.573506     3.308229
      -0.192886    -1.573412    -3.293753
      -0.192155    -2.507297     2.755087
      -0.192066    -2.507133    -2.740761
       0.691945     0.002935     3.861237
       0.692271     0.003040    -3.846502
       1.578991    -0.285922     3.308330
       1.579274    -0.285806    -3.293498
       2.466712    -0.575347     2.755288
       2.466958    -0.575261    -2.740357
       0.353552     1.043917     3.860470
       0.353969     1.043876    -3.845763
       0.901879     1.797564     3.306632
       0.902297     1.797501    -3.291845
       1.450758     2.551417     2.752256
       1.451142     2.551366    -2.737382
      -0.740768     1.043798     3.860023
      -0.740472     1.043786    -3.845470
      -1.288385     1.797361     3.305794
      -1.288034     1.797350    -3.291460
      -1.836292     2.551242     2.751199
      -1.835844     2.551252    -2.737047
      -1.078968     0.002983     3.860529
      -1.079025     0.002913    -3.845772
      -1.965059    -0.285679     3.306831
      -1.965976    -0.285986    -3.291920
      -2.851385    -0.574731     2.752819
      -2.854103    -0.575559    -2.737717
       0.696415    -0.934429     3.309338
       0.696575    -0.934306    -3.294663
       1.246150     0.757706     3.308706
       1.246514     0.757734    -3.293861
      -0.193226     1.803561     3.307297
      -0.192869     1.803480    -3.292697
      -1.632521     0.757722     3.307318
      -1.632756     0.757524    -3.292856
      -1.082561    -0.934457     3.308718
      -1.082961    -0.934512    -3.294141
       1.585959    -1.226436     2.756696
       1.586112    -1.226339    -2.741938
       0.699187    -1.870771     2.756627
       0.699266    -1.870655    -2.742049
       1.798456     1.512524     2.755351
       1.798833     1.512529    -2.740435
       2.137178     0.469667     2.756330
       2.137511     0.469714    -2.741395
      -0.740814     2.561370     2.753496
      -0.740463     2.561323    -2.739034
       0.355344     2.561409     2.753826
       0.355693     2.561350    -2.739147
      -2.522713     0.470159     2.753895
      -2.523885     0.469515    -2.739551
      -2.184264     1.512581     2.753445
      -2.184299     1.512335    -2.739342
      -1.084037    -1.870973     2.756212
      -1.084475    -1.870852    -2.741897
      -1.970957    -1.226527     2.755426
      -1.972453    -1.226685    -2.740905
       2.475206    -1.517957     2.203953
       2.475353    -1.517909    -2.189103
       2.471557    -1.515850    -1.091321
       2.470281    -1.514979     0.007371
       2.471532    -1.515856     1.106094
       1.590646    -2.165401     2.204477
       1.590734    -2.165349    -2.189814
       1.588098    -2.162063    -1.091875
       1.587151    -2.160811     0.007248
       1.588137    -2.162065     1.106423
       0.701573    -2.806635     2.203788
       0.701611    -2.806549    -2.189322
       0.700456    -2.802504    -1.091559
       0.699995    -2.801085     0.007130
       0.700579    -2.802528     1.105886
       2.350394     2.266928     2.201531
       2.350741     2.266933    -2.186534
       2.347954     2.264142    -1.089270
       2.347175     2.263938     0.007449
       2.347796     2.264143     1.104196
       2.692802     1.225154     2.203847
       2.693141     1.225181    -2.188833
       2.688930     1.222770    -1.091077
       2.687315     1.222134     0.007451
       2.688771     1.222762     1.106011
       3.027468     0.180718     2.203806
       3.027761     0.180754    -2.188780
       3.023088     0.179600    -1.091105
       3.021371     0.179155     0.007461
       3.022956     0.179591     1.106056
      -1.288477     3.318383     2.199396
      -1.288132     3.318404    -2.185068
      -1.287049     3.313246    -1.088588
      -1.287023     3.312140     0.007086
      -1.287116     3.313285     1.102809
      -0.192106     3.322994     2.200684
      -0.191803     3.322998    -2.186123
      -0.191189     3.317093    -1.089356
      -0.190969     3.315380     0.007208
      -0.191269     3.317113     1.103815
       0.904308     3.318344     2.199945
       0.904613     3.318326    -2.185178
       0.904812     3.313173    -1.088543
       0.905228     3.312047     0.007335
       0.904705     3.313195     1.103241
      -3.412063     0.182003     2.200193
      -3.414740     0.180530    -2.186049
      -3.409648     0.179103    -1.089527
      -3.407469     0.178910     0.006897
      -3.407659     0.179959     1.103191
      -3.078227     1.226031     2.200552
      -3.078771     1.225333    -2.186759
      -3.073855     1.222738    -1.089938
      -3.072021     1.222295     0.006773
      -3.073173     1.223315     1.103549
      -2.735271     2.267222     2.199308
      -2.735045     2.266960    -2.185425
      -2.731106     2.263935    -1.088838
      -2.730118     2.263672     0.006903
      -2.731001     2.264264     1.102687
      -1.084483    -2.807027     2.203549
      -1.084849    -2.806709    -2.189448
      -1.082823    -2.802854    -1.091706
      -1.081681    -2.801581     0.006948
      -1.082225    -2.803053     1.105695
      -1.974160    -2.165981     2.203675
      -1.975501    -2.165711    -2.189565
      -1.972322    -2.162782    -1.091858
      -1.970614    -2.161666     0.006767
      -1.970990    -2.162879     1.105614
      -2.858742    -1.518328     2.201798
      -2.862112    -1.518555    -2.187416
      -2.858136    -1.517054    -1.090368
      -2.856179    -1.516290     0.006909
      -2.855699    -1.516725     1.104130
      -0.191027    -3.441183     2.202093
      -0.191027    -3.440968    -2.187887
       3.354478    -0.865088     2.202403
       3.354689    -0.865040    -2.187373
       1.999847     3.304651     2.196982
       2.000176     3.304618    -2.182014
      -2.383908     3.304750     2.195873
      -2.383448     3.304732    -2.181841
      -3.736971    -0.864112     2.198395
      -3.743118    -0.865904    -2.183304
      -0.193937     0.291188     4.413359
      -0.193552     0.291223    -4.398676
      -0.189947    -4.374221    -1.634260
      -0.189327    -4.372920    -0.539828
      -0.189193    -4.373017     0.553890
      -0.189808    -4.374456     1.648369
       4.241855    -1.154699    -1.633665
       4.240217    -1.154979    -0.539270
       4.240168    -1.154980     0.554381
       4.241687    -1.154714     1.648801
       2.553773     4.063598    -1.631352
       2.555536     4.062563    -0.539012
       2.555455     4.062570     0.554052
       2.553507     4.063618     1.646420
      -2.935523     4.064217    -1.631622
      -2.935230     4.063401    -0.539584
      -2.935263     4.063478     0.553445
      -2.935852     4.064312     1.645539
      -4.633774    -1.156966    -1.627930
      -4.630370    -1.158015    -0.534001
      -4.629662    -1.158118     0.558734
      -4.629539    -1.156209     1.650222
      -0.194560    -0.642587     4.964029
      -0.193727    -0.642414    -4.949482
      -0.194085    -1.577695     4.408874
      -0.193207    -1.577513    -4.394494
      -0.193337    -2.513514     3.853829
      -0.192462    -2.513330    -3.839587
      -0.192274    -3.449477     3.299635
      -0.191580    -3.449285    -3.285469
       0.694306     0.003294     4.964038
       0.695048     0.003525    -4.949254
       1.583379    -0.286149     4.408953
       1.583995    -0.285936    -4.394057
       2.473043    -0.576113     3.854006
       2.473549    -0.575949    -3.839013
       3.362772    -0.866434     3.299920
       3.363189    -0.866328    -3.284838
       0.354567     1.048215     4.963026
       0.355406     1.048270    -4.948265
       0.904060     1.803745     4.407002
       0.904821     1.803753    -4.392150
       1.453942     2.559461     3.851107
       1.454613     2.559454    -3.836173
       2.003386     3.314036     3.295958
       2.003967     3.314027    -3.280946
      -0.743795     1.048032     4.962380
      -0.742888     1.048239    -4.947898
      -1.292715     1.803388     4.405813
      -1.291702     1.803688    -4.391560
      -1.841883     2.559007     3.849552
      -1.840796     2.559389    -3.835480
      -2.390337     3.313651     3.294200
      -2.389279     3.314027    -3.280237
      -1.083271     0.003399     4.963120
      -1.082673     0.003514    -4.948471
      -1.971509    -0.285805     4.407277
      -1.971429    -0.285823    -4.392355
      -2.859934    -0.575268     3.851780
      -2.861143    -0.575672    -3.836128
      -3.746943    -0.864624     3.297478
      -3.751642    -0.866125    -3.280239
       0.698100    -0.936670     4.409563
       0.698728    -0.936414    -4.394821
       1.249390     0.760691     4.408725
       1.250067     0.760795    -4.393783
      -0.194256     1.809636     4.406911
      -0.193433     1.809678    -4.392242
      -1.637896     0.760619     4.406967
      -1.637219     0.760790    -4.392597
      -1.086333    -0.936570     4.408776
      -1.085740    -0.936442    -4.394307
       1.589955    -1.229280     3.855135
       1.590445    -1.229073    -3.840286
       0.700729    -1.875404     3.855085
       0.701310    -1.875171    -3.840426
       1.802851     1.517779     3.853568
       1.803480     1.517826    -3.838557
       2.142588     0.471975     3.854529
       2.143161     0.472084    -3.839496
      -0.743437     2.569378     3.851120
      -0.742595     2.569492    -3.836582
       0.355762     2.569481     3.851557
       0.356476     2.569493    -3.836788
      -2.530431     0.472272     3.851717
      -2.530218     0.472271    -3.837358
      -2.190971     1.517586     3.851093
      -2.190082     1.517870    -3.837109
      -1.087846    -1.875373     3.854459
      -1.087124    -1.875183    -3.840282
      -1.977252    -1.229063     3.853737
      -1.977170    -1.229004    -3.839227
       2.481475    -1.521252     3.300750
       2.481865    -1.521121    -3.285816
       1.594512    -2.170652     3.301480
       1.594923    -2.170497    -3.286707
       0.702836    -2.813589     3.300616
       0.703341    -2.813410    -3.286058
       2.355516     2.274311     3.298362
       2.356085     2.274338    -3.283289
       2.699329     1.229799     3.300500
       2.699875     1.229860    -3.285400
       3.034950     0.182234     3.300374
       3.035441     0.182320    -3.285267
      -1.292658     3.328036     3.295418
      -1.291827     3.328232    -3.281014
      -0.193259     3.332837     3.296619
      -0.192578     3.332923    -3.281957
       0.906036     3.328148     3.296118
       0.906641     3.328169    -3.281273
      -3.421828     0.183369     3.296534
      -3.422701     0.182780    -3.282094
      -3.087095     1.230195     3.296567
      -3.086419     1.230297    -3.282884
      -2.743061     2.274218     3.295343
      -2.742043     2.274537    -3.281578
      -1.088184    -2.813679     3.300159
      -1.087467    -2.813405    -3.286167
      -1.980521    -2.170762     3.300436
      -1.980172    -2.170470    -3.286443
      -2.867291    -1.520933     3.298793
      -2.868490    -1.520971    -3.284112
       3.372575    -1.813058     2.746916
       3.372888    -1.812995    -2.731898
       3.364299    -1.809352    -1.636528
       3.360830    -1.807095    -0.540389
       3.360800    -1.807092     0.555304
       3.364169    -1.809362     1.651486
       2.487739    -2.464612     2.747922
       2.488047    -2.464544    -2.733070
       2.481735    -2.459078    -1.637655
       2.478452    -2.455764    -0.541082
       2.478441    -2.455755     0.555783
       2.481640    -2.459078     1.652420
       1.598008    -3.111057     2.747841
       1.598332    -3.110976    -2.733167
       1.594616    -3.103577    -1.637758
       1.592283    -3.099563    -0.541196
       1.592299    -3.099552     0.555672
       1.594564    -3.103580     1.652324
       0.704921    -3.751286     2.746674
       0.705265    -3.751158    -2.732222
       0.703927    -3.742096    -1.636854
       0.702657    -3.738228    -0.540732
       0.702718    -3.738239     0.554984
       0.703943    -3.742150     1.651208
       2.907916     3.029100     2.743261
       2.908414     3.029118    -2.728113
       2.902905     3.021847    -1.632197
       2.902185     3.021997    -0.538951
       2.902093     3.021994     0.554010
       2.902621     3.021839     1.647292
       3.254928     1.986825     2.746534
       3.255425     1.986867    -2.731364
       3.247783     1.980161    -1.636073
       3.243730     1.978189    -0.540138
       3.243634     1.978182     0.555208
       3.247489     1.980140     1.651185
       3.594404     0.940189     2.747404
       3.594873     0.940238    -2.732222
       3.586144     0.936506    -1.637069
       3.581248     0.934614    -0.540721
       3.581157     0.934609     0.555801
       3.585866     0.936484     1.652191
       3.926728    -0.107984     2.746638
       3.927141    -0.107933    -2.731453
       3.917578    -0.108566    -1.636255
       3.913108    -0.109749    -0.540258
       3.913033    -0.109752     0.555348
       3.917344    -0.108583     1.651383
      -1.840799     4.085813     2.739822
      -1.840065     4.086040    -2.725537
      -1.836800     4.075547    -1.631052
      -1.837153     4.073580    -0.538967
      -1.837194     4.073582     0.553109
      -1.837064     4.075494     1.645259
      -0.742553     4.094738     2.741638
      -0.741938     4.094910    -2.727090
      -0.739827     4.083710    -1.632880
      -0.739335     4.079347    -0.539351
      -0.739384     4.079331     0.553741
      -0.740069     4.083639     1.647336
       0.357411     4.094731     2.741892
       0.357953     4.094826    -2.727146
       0.357578     4.083568    -1.632888
       0.358157     4.079157    -0.539281
       0.358099     4.079147     0.553896
       0.357339     4.083527     1.647556
       1.455565     4.085819     2.740665
       1.456068     4.085844    -2.725743
       1.454818     4.075179    -1.631124
       1.456427     4.073015    -0.538777
       1.456358     4.073016     0.553609
       1.454574     4.075180     1.645995
      -4.311858    -0.105098     2.741704
      -4.315065    -0.107483    -2.727051
      -4.305918    -0.109271    -1.632637
      -4.301824    -0.110145    -0.538890
      -4.300803    -0.109848     0.554227
      -4.301621    -0.107452     1.646818
      -3.981876     0.941850     2.741825
      -3.981564     0.941299    -2.728634
      -3.972528     0.937278    -1.634114
      -3.968425     0.935906    -0.540195
      -3.967873     0.936245     0.553381
      -3.971408     0.938415     1.647309
      -3.642298     1.987884     2.741470
      -3.641416     1.987934    -2.728026
      -3.632689     1.981449    -1.633592
      -3.629046     1.979723    -0.539901
      -3.628894     1.979990     0.553388
      -3.632625     1.982055     1.647098
      -3.294592     3.029566     2.739723
      -3.293629     3.029748    -2.726051
      -3.285696     3.022467    -1.631393
      -3.284170     3.022101    -0.539233
      -3.284175     3.022272     0.552941
      -3.285983     3.022796     1.645136
      -1.087871    -3.751527     2.746282
      -1.087460    -3.751163    -2.732363
      -1.084813    -3.742310    -1.637037
      -1.082442    -3.738675    -0.540923
      -1.082166    -3.738842     0.554837
      -1.084441    -3.742721     1.650980
      -1.981886    -3.111594     2.747103
      -1.981571    -3.111040    -2.733382
      -1.976788    -3.103992    -1.638040
      -1.973485    -3.100322    -0.541560
      -1.972889    -3.100487     0.555229
      -1.975802    -3.104537     1.651803
      -2.872023    -2.465290     2.746513
      -2.872645    -2.464577    -2.732746
      -2.866089    -2.459811    -1.637286
      -2.862362    -2.457118    -0.541246
      -2.861098    -2.457057     0.554602
      -2.863519    -2.460206     1.650959
      -3.755416    -1.813081     2.744284
      -3.759751    -1.812898    -2.729341
      -3.752348    -1.810798    -1.633847
      -3.749072    -1.809772    -0.539122
      -3.747779    -1.809577     0.554623
      -3.747048    -1.810200     1.648131
      -0.191041    -4.384152     2.746201
       4.251271    -1.156497     2.746604
       2.550277     4.064729     2.739950
      -2.936004     4.064543     2.738069
      -4.629052    -1.152720     2.742923
       4.254183    -2.100548    -1.084131
       4.253717    -2.099775     0.007534
       4.254088    -2.100539     1.099213
       4.262461    -2.105163     2.193284
       3.380803    -2.758229    -2.179783
       3.372859    -2.752409    -1.085925
       3.370790    -2.750352     0.007435
       3.372781    -2.752388     1.100818
       3.380569    -2.758237     2.194727
       2.492880    -3.406950    -2.180420
       2.487329    -3.399639    -1.086367
       2.485519    -3.397238     0.007330
       2.487275    -3.399605     1.101060
       2.492655    -3.406950     2.195182
       1.601510    -4.050932    -2.179974
       1.598098    -4.041780    -1.086135
       1.596704    -4.039237     0.007218
       1.598090    -4.041749     1.100613
       1.601313    -4.050947     2.194541
       0.705728    -4.678448    -1.084576
       0.705102    -4.677845     0.007094
       0.705811    -4.678478     1.098813
       0.707691    -4.687892     2.192917
       3.461564     3.782198    -1.082772
       3.462165     3.782143     0.007597
       3.461362     3.782188     1.097980
       3.458918     3.782261     2.186580
       3.810583     2.741695    -2.176902
       3.802956     2.735060    -1.083351
       3.801820     2.735255     0.007610
       3.802745     2.735044     1.098583
       3.810162     2.741663     2.192166
       4.152997     1.697134    -2.179066
       4.143849     1.691665    -1.085425
       4.140806     1.690424     0.007615
       4.143639     1.691651     1.100668
       4.152584     1.697102     2.194341
       4.489244     0.649970    -2.179096
       4.479127     0.647226    -1.085482
       4.475999     0.646020     0.007615
       4.478934     0.647219     1.100727
       4.488861     0.649944     2.194374
       4.808212    -0.398550    -1.083926
       4.807080    -0.399746     0.007615
       4.808052    -0.398550     1.099170
       4.817794    -0.397364     2.192997
      -2.388541     4.840547    -1.082278
      -2.388974     4.839175     0.007029
      -2.388648     4.840539     1.096371
      -2.388324     4.843116     2.183110
      -1.290875     4.857025    -2.171211
      -1.289130     4.848325    -1.081541
      -1.289220     4.846532     0.007182
      -1.289262     4.848251     1.095934
      -1.291334     4.856826     2.185666
      -0.191298     4.860372    -2.172810
      -0.190387     4.851712    -1.082347
      -0.190090     4.849600     0.007291
      -0.190539     4.851644     1.096952
      -0.191744     4.860216     2.187468
       0.908413     4.856658    -2.171191
       0.908570     4.847693    -1.081417
       0.909278     4.845813     0.007388
       0.908405     4.847656     1.096210
       0.907987     4.856574     2.186025
       2.008745     4.839173    -1.082036
       2.009798     4.837559     0.007481
       2.008572     4.839165     1.097012
       2.005553     4.842717     2.184163
      -5.201269    -0.399142    -1.080051
      -5.198921    -0.399838     0.010818
      -5.199550    -0.398552     1.100305
      -5.200820    -0.394615     2.186679
      -4.877146     0.651450    -2.174345
      -4.869891     0.649298    -1.083659
      -4.867550     0.648923     0.006242
      -4.868603     0.650232     1.095770
      -4.876583     0.653416     2.185942
      -4.540082     1.699695    -2.174290
      -4.533231     1.695863    -1.083542
      -4.531201     1.695560     0.006533
      -4.532908     1.696628     1.096480
      -4.540557     1.700430     2.187162
      -4.197038     2.744881    -2.172096
      -4.190177     2.739994    -1.082288
      -4.188551     2.739902     0.006681
      -4.190217     2.740532     1.095589
      -4.197695     2.745162     2.185410
      -3.843078     3.783372    -1.082642
      -3.841756     3.783557     0.006798
      -3.843196     3.783721     1.096212
      -3.845745     3.784217     2.182984
      -1.084343    -4.678932    -1.084729
      -1.082708    -4.678538     0.006935
      -1.083977    -4.679336     1.098597
      -1.088069    -4.688380     2.192491
      -1.982563    -4.051200    -2.180262
      -1.977462    -4.042565    -1.086517
      -1.974990    -4.040409     0.006840
      -1.976782    -4.043155     1.100123
      -1.982387    -4.051946     2.193864
      -2.874919    -3.407369    -2.180722
      -2.867856    -3.400817    -1.086850
      -2.864845    -3.398887     0.006718
      -2.866380    -3.401543     1.100055
      -2.874186    -3.408586     2.193889
      -3.764408    -2.758442    -2.179454
      -3.756680    -2.754626    -1.085457
      -3.754150    -2.753768     0.006813
      -3.753054    -2.754882     1.098351
      -3.761245    -2.760112     2.192317
      -4.645623    -2.105554    -1.080843
      -4.643929    -2.106990     0.010793
      -4.643048    -2.106610     1.100941
      -4.641355    -2.104259     2.188823
      -0.190687    -4.383928    -2.732085
       4.251610    -1.156443    -2.731431
       2.550764     4.064705    -2.724847
      -2.935093     4.064768    -2.724144
      -4.642968    -1.156983    -2.723961
      -0.194008     0.292767    -5.503110
      -0.189871    -5.313802    -2.177210
      -0.188952    -5.314901    -1.084793
      -0.188378    -5.314933     0.006989
      -0.188706    -5.315106     1.098805
       5.135572    -1.445006    -2.176531
       5.136111    -1.446517    -1.084125
       5.135807    -1.446958     0.007620
       5.135995    -1.446510     1.099376
       3.114887     4.832995    -2.205096
       3.115607     4.829387    -1.094820
       3.115536     4.828642     0.007571
       3.115425     4.829392     1.109969
      -3.495670     4.835042    -2.205251
      -3.493442     4.831600    -1.094834
      -3.492940     4.831012     0.006860
      -3.493497     4.831786     1.108538
      -5.539887    -1.450985    -2.166198
      -5.533826    -1.452187    -1.073004
      -5.531895    -1.454011     0.021537
      -5.532128    -1.454648     1.120031
      -0.194134    -0.642077    -6.069720
      -0.193579    -1.585948    -5.506471
      -0.192856    -2.526274    -4.947652
      -0.192043    -3.466419    -4.390338
      -0.191237    -4.408004    -3.833068
       0.695668     0.004697    -6.069283
       1.592860    -0.287492    -5.505784
       2.486575    -0.578846    -4.946842
       3.380069    -0.870440    -4.389522
       4.274976    -1.162659    -3.832303
       0.355670     1.050968    -6.067814
       0.910327     1.813838    -5.503014
       1.463263     2.574179    -4.942460
       2.016787     3.334963    -4.382710
       2.573240     4.099417    -3.821435
      -0.744129     1.050972    -6.067390
      -1.298288     1.813826    -5.502244
      -1.850718     2.574157    -4.941436
      -2.403684     3.334988    -4.381514
      -2.959517     4.099590    -3.820040
      -1.084169     0.004776    -6.068509
      -1.981052    -0.287141    -5.504125
      -2.874577    -0.578058    -4.944105
      -3.767902    -0.869168    -4.385408
      -4.662466    -1.161154    -3.826325
       0.702780    -0.941136    -5.502738
       1.256816     0.764833    -5.501269
      -0.193950     1.819226    -5.499203
      -1.644914     0.764953    -5.499975
      -1.090511    -0.941003    -5.502275
       1.598280    -1.234849    -4.944777
       0.705199    -1.883911    -4.944979
       1.812519     1.525767    -4.942246
       2.153496     0.474791    -4.943620
      -0.745943     2.582538    -4.939691
       0.358650     2.582535    -4.939974
      -2.541374     0.475248    -4.941356
      -2.200232     1.525930    -4.940542
      -1.091727    -1.883759    -4.944850
      -1.985566    -1.234434    -4.943810
       2.492901    -1.527392    -4.387680
       1.602107    -2.179643    -4.388939
       0.706684    -2.825456    -4.387998
       2.367050     2.286829    -4.383661
       2.711603     1.236438    -4.386825
       3.048559     0.183667    -4.386852
      -1.298611     3.344626    -4.380765
      -0.193257     3.348468    -4.382441
       0.911999     3.344586    -4.381186
      -3.436322     0.184775    -4.383555
      -3.099283     1.237057    -4.383989
      -2.754400     2.287039    -4.381562
      -1.091669    -2.825310    -4.388094
      -1.988057    -2.179314    -4.388640
      -2.879685    -1.526650    -4.386193
       3.388011    -1.819818    -3.830971
       2.498332    -2.473807    -3.833154
       1.604599    -3.123223    -3.833261
       0.707781    -3.767361    -3.831350
       2.922190     3.049428    -3.824242
       3.268309     1.998534    -3.829932
       3.608907     0.945343    -3.831735
       3.943775    -0.108416    -3.830368
      -1.852839     4.107520    -3.821097
      -0.746264     4.113027    -3.824919
       0.360645     4.112985    -3.825027
       1.467000     4.107362    -3.821537
      -4.331242    -0.106284    -3.826139
      -3.996916     0.947035    -3.827537
      -3.655885     1.999242    -3.826275
      -3.309065     3.049697    -3.821765
      -1.091069    -3.767217    -3.831478
      -1.988870    -3.123041    -3.833382
      -2.883642    -2.473480    -3.832657
      -3.773873    -1.818954    -3.829019
       4.285268    -2.112584    -3.273424
       4.262703    -2.105148    -2.178168
       3.395203    -2.767577    -3.277292
       2.502268    -3.419356    -3.278472
       1.606474    -4.067211    -3.277484
       0.708472    -4.711328    -3.273850
       0.707812    -4.687796    -2.178582
       3.477591     3.822366    -3.260741
       3.459325     3.782277    -2.171340
       3.825071     2.763069    -3.272041
       4.167783     1.707544    -3.276392
       4.506374     0.652895    -3.276324
       4.840896    -0.401634    -3.272906
       4.818124    -0.397347    -2.177722
      -2.416784     4.873948    -3.257623
      -2.387875     4.843266    -2.168949
      -1.301690     4.878081    -3.266255
      -0.192281     4.880532    -3.268432
       0.917067     4.877925    -3.266324
       2.031939     4.873599    -3.258173
       2.005952     4.842718    -2.169146
      -5.227394    -0.397829    -3.268457
      -5.208793    -0.398200    -2.171824
      -4.895108     0.656463    -3.270473
      -4.556777     1.710094    -3.270339
      -4.212400     2.763649    -3.267338
      -3.864169     3.822615    -3.258145
      -3.845012     3.783984    -2.169333
      -1.090149    -4.711148    -3.273870
      -1.088109    -4.687916    -2.178617
      -1.988979    -4.067160    -3.277651
      -2.885721    -3.419455    -3.278513
      -3.779713    -2.767972    -3.276376
      -4.668891    -2.112424    -3.271336
      -4.651451    -2.104519    -2.174527
       5.151787    -2.397512    -1.622762
       5.151139    -2.396612    -0.536391
       5.151090    -2.396600     0.551607
       4.294871    -3.060861    -2.720542
       4.273365    -3.052988    -1.625885
       4.267423    -3.048640    -0.536620
       4.267383    -3.048623     0.551659
       4.273202    -3.052966     1.640943
       3.401173    -3.715292    -2.723008
       3.387603    -3.703047    -1.627585
       3.382820    -3.698263    -0.537295
       3.382791    -3.698235     0.552142
       3.387455    -3.703007     1.642461
       2.505651    -4.365919    -2.723099
       2.497792    -4.349508    -1.627681
       2.494516    -4.343622    -0.537398
       2.494509    -4.343584     0.552037
       2.497680    -4.349455     1.642359
       1.607044    -5.013625    -2.720828
       1.605767    -4.991004    -1.626186
       1.603279    -4.984134    -0.536941
       1.603314    -4.984100     0.551337
       1.605738    -4.990970     1.640639
       0.710784    -5.623806    -1.623316
       0.709987    -5.623014    -0.536964
       0.710100    -5.623024     0.551053
       4.035165     4.544625    -1.650960
       4.031887     4.545912    -0.543579
       4.031785     4.545903     0.558894
       4.384444     3.531776    -2.709528
       4.368997     3.492212    -1.621108
       4.367856     3.492953    -0.535940
       4.367747     3.492944     0.551305
       4.368674     3.492187     1.636483
       4.727298     2.470153    -2.719659
       4.712849     2.451898    -1.625208
       4.706291     2.447731    -0.536231
       4.706182     2.447724     0.551614
       4.712523     2.451878     1.640603
       5.068415     1.414594    -2.721654
       5.051025     1.407090    -1.626610
       5.044079     1.403907    -0.536724
       5.043972     1.403905     0.552109
       5.050711     1.407080     1.642006
       5.406027     0.358487    -2.719720
       5.384412     0.360745    -1.625271
       5.376866     0.358658    -0.536246
       5.376769     0.358661     0.551619
       5.384126     0.360747     1.640659
       5.709082    -0.686261    -1.622490
       5.707442    -0.688437    -0.536174
       5.707362    -0.688429     0.551532
      -2.942892     5.622856    -1.648156
      -2.943269     5.620316    -0.543422
      -2.943257     5.620362     0.557287
      -1.859572     5.650483    -2.705328
      -1.838843     5.636385    -1.616551
      -1.841276     5.631479    -0.534141
      -1.841297     5.631451     0.548486
      -1.839044     5.636264     1.630943
      -0.747000     5.654961    -2.711286
      -0.740191     5.642021    -1.621601
      -0.740494     5.636913    -0.535657
      -0.740547     5.636872     0.550240
      -0.740454     5.641877     1.636214
       0.363367     5.654787    -2.711182
       0.359477     5.641678    -1.621488
       0.361311     5.636463    -0.535559
       0.361237     5.636432     0.550316
       0.359182     5.641572     1.636267
       1.475946     5.649945    -2.705098
       1.458477     5.635251    -1.616207
       1.462563     5.630002    -0.533830
       1.462479     5.629986     0.548746
       1.458173     5.635199     1.631139
       2.563165     5.620447    -1.647346
       2.565293     5.617324    -0.542776
       2.565204     5.617321     0.557833
      -6.118965    -0.684482    -1.617254
      -6.113901    -0.685634    -0.524382
      -6.112709    -0.687085     0.570689
      -5.801095     0.367106    -2.713581
      -5.788717     0.365961    -1.623739
      -5.784120     0.365171    -0.537511
      -5.783880     0.364975     0.547417
      -5.787188     0.370140     1.630946
      -5.464854     1.421789    -2.713880
      -5.454321     1.414887    -1.623936
      -5.449800     1.414352    -0.537097
      -5.449717     1.414327     0.549427
      -5.453901     1.417598     1.635761
      -5.122810     2.476322    -2.712787
      -5.114512     2.462061    -1.623004
      -5.109620     2.462210    -0.536673
      -5.109720     2.462325     0.549557
      -5.114536     2.463669     1.635748
      -4.775162     3.532553    -2.706293
      -4.769640     3.505818    -1.617470
      -4.764350     3.507356    -0.534824
      -4.764470     3.507515     0.548012
      -4.769803     3.506835     1.630608
      -4.415897     4.551937    -1.648503
      -4.413399     4.551960    -0.543641
      -4.413478     4.552118     0.557137
      -1.089148    -5.624421    -1.623339
      -1.086566    -5.623811    -0.536978
      -1.086294    -5.624062     0.550815
      -1.988040    -5.013625    -2.720832
      -1.984655    -4.991760    -1.626367
      -1.980215    -4.985604    -0.537204
      -1.979877    -4.986014     0.550804
      -1.984039    -4.992662     1.639936
      -2.887376    -4.366360    -2.723179
      -2.877152    -4.350749    -1.628140
      -2.871486    -4.345880    -0.537897
      -2.871025    -4.346475     0.551187
      -2.876017    -4.352273     1.641226
      -3.783623    -3.716555    -2.722516
      -3.767584    -3.705116    -1.627907
      -3.760053    -3.701895    -0.537809
      -3.759317    -3.702684     0.550591
      -3.764953    -3.707863     1.639849
      -4.679205    -3.064921    -2.717912
      -4.655542    -3.055721    -1.626703
      -4.650451    -3.057097    -0.537046
      -4.648817    -3.058082     0.551801
      -4.647126    -3.059219     1.637067
      -5.551193    -2.411769    -1.622182
      -5.547283    -2.413640    -0.528580
      -5.546243    -2.414403     0.568634
      -0.194899     0.292594     5.517756
      -0.189850    -5.314085     2.191282
       5.135315    -1.445019     2.191805
       3.114498     4.832996     2.220255
      -3.495992     4.835189     2.219050
      -5.534553    -1.453055     2.228404
      -0.190549    -5.354427    -3.273712
       5.174606    -1.456325    -3.272998
      -5.561097    -1.456427    -3.264033
       5.193158    -2.402044    -2.711747
       5.151617    -2.397499     1.637992
       0.702808    -5.664300    -2.712253
       0.710914    -5.623879     1.637493
       4.034858     4.544600     1.666285
       5.744789    -0.703193    -2.711323
       5.708847    -0.686248     1.637868
      -2.943026     5.622888     1.662079
       2.562862     5.620431     1.662407
      -6.133384    -0.688701    -2.712555
      -6.114160    -0.684771     1.672753
      -4.415996     4.552679     1.661964
      -1.083318    -5.663992    -2.712176
      -1.088705    -5.625009     1.637206
      -5.571044    -2.416812    -2.714143
      -5.545197    -2.418289     1.674239
      -0.195579    -0.642442     6.084007
      -0.195119    -1.586262     5.520615
      -0.194423    -2.526501     4.961694
      -0.193433    -3.466561     4.404364
       0.694479     0.004348     6.084044
       1.591869    -0.287790     5.520699
       2.485757    -0.579081     4.961868
       3.379397    -0.870608     4.404641
       0.354385     1.050786     6.082561
       0.909199     1.813724     5.517892
       1.462277     2.574106     4.957429
       2.015927     3.334913     4.397757
      -0.745642     1.050604     6.081635
      -1.299897     1.813295     5.516297
      -1.852370     2.573465     4.955341
      -2.405273     3.334226     4.395345
      -1.085603     0.004404     6.082650
      -1.982585    -0.287594     5.518128
      -2.876553    -0.578710     4.957962
      -3.771121    -0.870264     4.398885
       0.701665    -0.941523     5.517473
       1.255798     0.764645     5.516250
      -0.195247     1.819050     5.513877
      -1.646524     0.764484     5.513930
      -1.092073    -0.941422     5.516283
       1.597397    -1.235164     4.959677
       0.704074    -1.884264     4.959636
       1.811615     1.525662     4.957315
       2.152653     0.474616     4.958711
      -0.747292     2.582250     4.954235
       0.357542     2.582423     4.954797
      -2.543312     0.474565     4.954945
      -2.201991     1.525236     4.954208
      -1.093481    -1.884117     4.958632
      -1.987518    -1.234971     4.957453
       2.492200    -1.527619     4.402673
       1.601280    -2.179919     4.403777
       0.705615    -2.825734     4.402560
       2.366244     2.286765     4.398788
       2.710839     1.236335     4.401988
       3.047849     0.183526     4.402016
      -1.299961     3.344222     4.395176
      -0.194365     3.348273     4.397166
       0.911056     3.344498     4.396092
      -3.439069     0.183561     4.396445
      -3.101402     1.235994     4.397132
      -2.756153     2.286167     4.395099
      -1.093414    -2.825545     4.401800
      -1.990366    -2.179706     4.401916
      -2.882658    -1.527353     4.399123
       3.387452    -1.819962     3.846040
       2.497715    -2.473982     3.848074
       1.603872    -3.123422     3.848005
       0.706914    -3.767561     3.845827
       2.921476     3.049381     3.839434
       3.267613     1.998465     3.845151
       3.608248     0.945258     3.846967
       3.943172    -0.108511     3.845601
      -1.854098     4.107064     3.835400
      -0.747329     4.112734     3.839531
       0.359736     4.112822     3.839838
       1.466191     4.107284     3.836511
      -4.336028    -0.108819     3.837318
      -3.999773     0.945152     3.839822
      -3.657878     1.997970     3.839389
      -3.310666     3.048780     3.835304
      -1.092475    -3.767353     3.845252
      -1.991048    -3.123227     3.846672
      -2.887210    -2.473808     3.845103
      -3.779474    -1.819858     3.840181
       3.394734    -2.767666     3.292285
       2.501759    -3.419454     3.293296
       1.605932    -4.067329     3.292117
       3.824453     2.763014     3.287335
       4.167181     1.707486     3.291698
       4.505810     0.652842     3.291635
      -1.302622     4.877734     3.280761
      -0.193122     4.880287     3.283143
       0.916299     4.877785     3.281205
      -4.899312     0.651980     3.281265
      -4.559160     1.707922     3.282929
      -4.214066     2.762358     3.280560
      -1.990454    -4.067253     3.291153
      -2.888722    -3.419327     3.291276
      -3.786447    -2.767215     3.287410
      -0.192243    -4.408101     3.847123
       4.274421    -1.162764     3.847510
       2.572485     4.099381     3.836560
      -2.960954     4.098872     3.833829
      -4.670258    -1.163562     3.838708
       4.284821    -2.112660     3.288576
       0.707929    -4.711473     3.288245
       3.476971     3.822320     3.276014
       4.840388    -0.401681     3.288217
      -2.417801     4.873536     3.271835
       2.031212     4.873540     3.273226
      -5.239506    -0.409663     3.275009
      -3.865575     3.821677     3.271724
      -1.090987    -4.711266     3.287734
      -4.686423    -2.109469     3.277587
      -0.191071    -5.354523     3.287801
       5.174150    -1.456371     3.288297
       5.192805    -2.402070     2.727002
       4.294514    -3.060892     2.735629
       3.400808    -3.715316     2.737918
       2.505294    -4.365944     2.737822
       1.606736    -5.013685     2.735341
       0.702592    -5.664424     2.726544
       4.383917     3.531732     2.724923
       4.726774     2.470113     2.735067
       5.067909     1.414565     2.737065
       5.405559     0.358475     2.735125
       5.744370    -0.703184     2.726729
      -1.860309     5.650176     2.719766
      -0.747732     5.654685     2.725931
       0.362656     5.654594     2.725987
       1.475259     5.649846     2.720059
      -5.806255     0.358349     2.720131
      -5.467274     1.418279     2.725663
      -5.124429     2.474527     2.725575
      -4.776455     3.531348     2.719503
      -1.083577    -5.664152     2.726107
      -1.988571    -5.013899     2.734457
      -2.888603    -4.366462     2.736361
      -3.787020    -3.715862     2.734439
      -4.690634    -3.061774     2.725281
      -0.188578    -6.267593    -1.657537
      -0.187919    -6.264505    -0.545476
      -0.187680    -6.264612     0.559327
      -0.188111    -6.267891     1.671502
       6.042113    -1.741521    -1.656825
       6.038806    -1.741077    -0.544705
       6.038746    -1.741065     0.560059
       6.041921    -1.741503     1.672188
       6.059297    -2.703216    -1.099146
       6.059454    -2.701403     0.007673
       6.059196    -2.703190     1.114493
       5.201336    -3.358645    -2.162061
       5.174963    -3.362863    -1.073771
       5.175623    -3.358660     0.007595
       5.174875    -3.362831     1.088966
       5.201078    -3.358640     2.177267
       4.305706    -4.016446    -2.167482
       4.291251    -4.013301    -1.078071
       4.290518    -4.010015     0.007505
       4.291179    -4.013254     1.093087
       4.305453    -4.016432     2.182510
       3.410233    -4.669590    -2.168267
       3.403603    -4.660861    -1.078676
       3.401913    -4.658593     0.007408
       3.403567    -4.660792     1.093500
       3.410003    -4.669560     2.183106
       2.512299    -5.319374    -2.167673
       2.513383    -5.304920    -1.078272
       2.510447    -5.303246     0.007293
       2.513418    -5.304834     1.092872
       2.512128    -5.319344     2.182297
       1.609849    -5.967842    -2.162459
       1.621586    -5.944329    -1.074195
       1.617397    -5.943696     0.007146
       1.621738    -5.944258     1.088516
       1.609777    -5.967860     2.176836
       0.720768    -6.581401    -1.099909
       0.719105    -6.581076     0.006889
       0.721085    -6.581432     1.113725
       4.952465     4.253631    -1.098221
       4.949664     4.254910     0.007745
       4.952251     4.253611     1.113713
       5.295638     3.236584    -2.161456
       5.292632     3.208002    -1.073203
       5.288512     3.210055     0.007767
       5.292413     3.207988     1.088738
       5.295207     3.236567     2.176992
       5.637810     2.179293    -2.166595
       5.629917     2.166807    -1.077300
       5.626353     2.166679     0.007769
       5.629699     2.166804     1.092838
       5.637385     2.179289     2.182136
       5.977105     1.123533    -2.166456
       5.964981     1.123178    -1.077236
       5.962055     1.121008     0.007762
       5.964773     1.123189     1.092761
       5.976700     1.123547     2.181985
       6.314113     0.064395    -2.161241
       6.296039     0.078266    -1.073105
       6.293882     0.074174     0.007749
       6.295852     0.078291     1.088605
       6.313744     0.064431     2.176751
       6.622225    -0.975378    -1.098754
       6.621116    -0.977326     0.007724
       6.622063    -0.975342     1.114205
      -1.096788    -6.582194    -1.099593
      -1.094139    -6.582200     0.006927
      -1.096052    -6.582799     1.113443
      -1.989778    -5.967803    -2.162258
      -1.998020    -5.946014    -1.074138
      -1.992915    -5.945905     0.006788
      -1.997202    -5.946926     1.087721
      -1.989518    -5.968427     2.175917
      -2.892895    -5.319727    -2.167668
      -2.889538    -5.307761    -1.078508
      -2.885816    -5.306718     0.006600
      -2.888524    -5.309167     1.091720
      -2.892632    -5.320601     2.181026
      -3.792223    -4.670330    -2.168227
      -3.778599    -4.665850    -1.079034
      -3.776362    -4.664270     0.006319
      -3.777350    -4.668054     1.091629
      -3.791840    -4.671638     2.181076
      -4.692122    -4.017043    -2.165573
      -4.664427    -4.022499    -1.076585
      -4.663962    -4.020633     0.005533
      -4.663144    -4.025687     1.087325
      -4.691673    -4.019411     2.175903
      -5.555331    -3.379255    -1.092509
      -5.553495    -3.377807     0.013547
      -5.552486    -3.380486     1.119338