
       0.156587    -0.104339     0.007021
       0.156792    -0.104689     1.108378
       0.156455    -1.032344     0.557673
       1.038971    -0.391022     0.557703
       0.702280     0.646430     0.557546
      -0.388448     0.646167     0.557280
      -0.725719    -0.391497     0.557551
       0.156422    -1.032302    -0.543285
       1.038905    -0.391031    -0.543181
       0.702065     0.646550    -0.543481
      -0.388663     0.646361    -0.543810
      -0.725821    -0.391282    -0.543710
       0.156664    -0.104577    -1.094238
       0.156080    -1.962811     0.007289
       1.923481    -0.678740     0.007387
       1.249240     1.399524     0.007063
      -0.935752     1.398868     0.006511
      -1.610329    -0.679081     0.006877
       0.156775    -1.033426     1.658593
       0.156729    -1.033348    -1.644130
       1.039727    -0.391824     1.658551
       1.039560    -0.391894    -1.644000
       0.702897     0.646129     1.658543
       0.702379     0.646365    -1.644341
      -0.388407     0.645871     1.658499
      -0.388925     0.646305    -1.644573
      -0.725807    -0.392302     1.658780
      -0.726052    -0.391816    -1.644694
       1.043412    -1.325864     1.107469
       1.043435    -1.325941    -1.092851
       1.042939    -1.325121     0.007290
       1.592411     0.362103     1.107720
       1.592112     0.361954    -1.093257
       1.591720     0.362220     0.007237
       0.157343     1.404705     1.107623
       0.156408     1.405206    -1.093838
       0.156774     1.404776     0.006800
      -1.278199     0.361068     1.107678
      -1.278677     0.361957    -1.094060
      -1.278027     0.361672     0.006680
      -0.730393    -1.326133     1.107748
      -0.730417    -1.325927    -1.093499
      -0.730228    -1.325378     0.007092
       0.156249    -1.963595     1.106913
       0.156332    -1.963568    -1.092308
       1.924085    -0.679210     1.106985
       1.924007    -0.679380    -1.092212
       1.249935     1.399605     1.107338
       1.249344     1.399652    -1.093241
      -0.935516     1.398466     1.106819
      -0.936425     1.399465    -1.093422
      -1.610694    -0.679774     1.107608
      -1.610819    -0.679265    -1.093730
       0.157183    -0.105470     2.209677
       0.156980    -0.105343    -2.195327
       0.155664    -2.896314    -0.541160
       0.155583    -2.896308     0.555907
       2.810678    -0.967901    -0.541097
       2.810653    -0.967815     0.556059
       1.797668     2.154315    -0.542521
       1.798087     2.154569     0.556519
      -1.485475     2.153765    -0.542340
      -1.484592     2.152614     0.555976
      -2.496868    -0.967405    -0.542860
      -2.496888    -0.967632     0.556622
       0.157245    -1.035340     2.759322
       0.157317    -1.035347    -2.744751
       0.156753    -1.966019     2.206656
       0.157000    -1.966047    -2.191982
       1.041046    -0.393208     2.759262
       1.040885    -0.393439    -2.744656
       1.925954    -0.680761     2.206740
       1.925886    -0.681086    -2.191944
       0.703824     0.645934     2.759363
       0.703299     0.646022    -2.745009
       1.251220     1.400100     2.207212
       1.250481     1.399953    -2.193172
      -0.388673     0.645702     2.759563
      -0.389251     0.646138    -2.745068
      -0.936152     1.398815     2.207300
      -0.937378     1.400198    -2.192912
      -0.726288    -0.393498     2.759723
      -0.726509    -0.393082    -2.745341
      -1.611970    -0.681058     2.207857
      -1.612071    -0.680502    -2.193734
       1.044718    -1.327984     2.207562
       1.044840    -1.328179    -2.192847
       1.594133     0.361646     2.207964
       1.593711     0.361288    -2.193499
       0.157713     1.405289     2.208216
       0.156481     1.405903    -2.194029
      -1.279349     0.360595     2.208393
      -1.280020     0.361763    -2.194232
      -0.730943    -1.328110     2.208103
      -0.730862    -1.327885    -2.193707
       1.932294    -1.619081     1.655341
       1.932475    -1.619292    -1.640438
       1.930936    -1.617163    -0.541788
       1.930887    -1.617090     0.556645
       1.046620    -2.262410     1.655299
       1.046853    -2.262569    -1.640473
       1.045439    -2.260381    -0.541838
       1.045372    -2.260332     0.556599
       2.145473     1.117625     1.656395
       2.144945     1.116911    -1.642096
       2.143381     1.116961    -0.542639
       2.143619     1.117237     0.557061
       2.483105     0.075247     1.656045
       2.482935     0.074786    -1.641349
       2.481273     0.075298    -0.542198
       2.481355     0.075486     0.556914
      -0.389989     2.162471     1.656365
      -0.392119     2.164002    -1.642437
      -0.391505     2.162478    -0.543177
      -0.390538     2.161796     0.556549
       0.705568     2.163668     1.656518
       0.704037     2.163762    -1.642601
       0.703912     2.162601    -0.543042
       0.704645     2.162513     0.556896
      -2.169009     0.073998     1.656787
      -2.169330     0.075188    -1.642956
      -2.167406     0.075273    -0.543354
      -2.167249     0.074706     0.556844
      -1.830919     1.115038     1.656274
      -1.832072     1.117342    -1.642438
      -1.830282     1.116559    -0.543267
      -1.829763     1.115548     0.556450
      -0.733955    -2.262348     1.655883
      -0.733759    -2.262274    -1.641389
      -0.733275    -2.260419    -0.542341
      -0.733322    -2.260469     0.556758
      -1.619261    -1.618804     1.656631
      -1.619136    -1.618583    -1.642455
      -1.617940    -1.616869    -0.542957
      -1.617954    -1.616994     0.556993
       0.156003    -2.897882     1.653402
       0.156280    -2.897933    -1.638614
       2.811837    -0.968902     1.653645
       2.811945    -0.969097    -1.638653
       1.799577     2.155698     1.655078
       1.798774     2.154982    -1.641433
      -1.484598     2.152314     1.654612
      -1.486801     2.155330    -1.640369
      -2.498741    -0.968857     1.655907
      -2.498611    -0.968502    -1.642015
       0.157618    -0.106462     3.311036
       0.157457    -0.106466    -3.296491
       0.155067    -3.833214    -1.086594
       0.154680    -3.832958     0.007447
       0.154840    -3.833157     1.101505
       3.701275    -1.258020    -1.086618
       3.701052    -1.257676     0.007591
       3.701053    -1.257991     1.101814
       2.348083     2.911345    -1.090271
       2.347680     2.911271     0.006640
       2.349053     2.912734     1.103282
      -2.037583     2.911777    -1.087441
      -2.036210     2.909779     0.008519
      -2.035227     2.908292     1.103992
      -3.385972    -1.256802    -1.090246
      -3.385033    -1.256231     0.006822
      -3.386228    -1.256923     1.103933
       0.157800    -1.038185     3.860084
       0.158134    -1.038416    -3.845415
       0.157542    -1.970148     3.306194
       0.158055    -1.970347    -3.291438
       0.157034    -2.902637     2.751845
       0.157574    -2.902817    -2.736993
       1.043108    -0.395056     3.860081
       1.043113    -0.395546    -3.845402
       1.929226    -0.683262     3.306367
       1.929320    -0.683743    -3.291498
       2.815764    -0.971732     2.752216
       2.816045    -0.971955    -2.737131
       0.705164     0.646241     3.860309
       0.704943     0.645928    -3.845900
       1.253155     1.401405     3.306752
       1.252799     1.400765    -3.292828
       1.801956     2.157863     2.753068
       1.801538     2.156592    -2.739849
      -0.389445     0.646065     3.860699
      -0.389808     0.646261    -3.845854
      -0.937800     1.400280     3.307560
      -0.938771     1.401498    -3.292282
      -1.486617     2.154453     2.754097
      -1.488737     2.157718    -2.738187
      -0.727527    -0.395014     3.860624
      -0.727506    -0.394993    -3.846091
      -1.614484    -0.682824     3.307490
      -1.614322    -0.682766    -3.293241
      -2.502411    -0.970808     2.754364
      -2.502005    -0.970975    -2.740413
       1.046879    -1.331430     3.307188
       1.047208    -1.331807    -3.292352
       1.596973     0.361032     3.307799
       1.596707     0.360377    -3.293292
       0.157759     1.406863     3.308323
       0.156937     1.407116    -3.293839
      -1.281637     0.360568     3.308469
      -1.282085     0.361315    -3.293915
      -0.731960    -1.331297     3.307883
      -0.731601    -1.331301    -3.293348
       1.935565    -1.622984     2.753699
       1.935952    -1.623325    -2.738714
       1.048947    -2.266939     2.753643
       1.049413    -2.267239    -2.738718
       2.148893     1.118029     2.755001
       2.148481     1.116972    -2.740791
       2.486997     0.074089     2.754821
       2.486947     0.073492    -2.740064
      -0.390698     2.165005     2.755698
      -0.392475     2.166453    -2.741013
       0.706217     2.166270     2.755342
       0.705137     2.165939    -2.741437
      -2.172651     0.073682     2.755716
      -2.172763     0.074414    -2.741631
      -1.833896     1.115996     2.755514
      -1.834951     1.118126    -2.740875
      -0.734788    -2.266612     2.754540
      -0.734325    -2.266680    -2.739933
      -1.621668    -1.622233     2.755329
      -1.621259    -1.622247    -2.740984
       2.824003    -1.913910     2.199922
       2.824428    -1.914061    -2.184771
       2.821165    -1.909977    -1.088203
       2.820657    -1.908843     0.007549
       2.820974    -1.909880     1.103312
       1.939854    -2.561547     2.200772
       1.940294    -2.561791    -2.185693
       1.936780    -2.556925    -1.088978
       1.935695    -2.555454     0.007502
       1.936580    -2.556797     1.104003
       1.050224    -3.201960     2.199787
       1.050686    -3.202196    -2.184765
       1.047795    -3.197824    -1.088250
       1.046828    -3.197016     0.007466
       1.047583    -3.197711     1.103208
       2.700385     1.875911     2.202193
       2.699788     1.874163    -2.188401
       2.696058     1.873462    -1.090898
       2.695016     1.873708     0.007138
       2.696644     1.874664     1.105038
       3.041932     0.832229     2.203214
       3.041866     0.831317    -2.188600
       3.037388     0.831360    -1.090892
       3.035983     0.831475     0.007379
       3.037535     0.832077     1.105572
       3.376251    -0.213317     2.201413
       3.376557    -0.213554    -2.186378
       3.372644    -0.212918    -1.089171
       3.371906    -0.213050     0.007465
       3.372510    -0.212663     1.104113
      -0.939476     2.921888     2.202695
      -0.942864     2.925377    -2.187801
      -0.942057     2.921885    -1.090760
      -0.940960     2.919772     0.006868
      -0.939411     2.919298     1.104573
       0.157807     2.927530     2.203651
       0.155764     2.928052    -2.189666
       0.155555     2.924577    -1.091845
       0.156395     2.922981     0.006756
       0.157630     2.923934     1.105528
       1.255528     2.925645     2.202342
       1.254215     2.924199    -2.189070
       1.252920     2.921450    -1.091325
       1.253285     2.920714     0.006914
       1.254431     2.922229     1.105024
      -3.063224    -0.213731     2.202978
      -3.062821    -0.213393    -2.189316
      -3.058415    -0.212544    -1.091698
      -3.056830    -0.212739     0.006727
      -3.058526    -0.213239     1.105258
      -2.728267     0.829944     2.203402
      -2.728594     0.831857    -2.189510
      -2.724456     0.831279    -1.091963
      -2.722647     0.830282     0.006520
      -2.723974     0.829468     1.105335
      -2.385699     1.870915     2.202278
      -2.387661     1.875406    -2.187557
      -2.384403     1.873608    -1.090669
      -2.382599     1.872014     0.006779
      -2.382764     1.870386     1.104323
      -0.737536    -3.201439     2.200838
      -0.737101    -3.201554    -2.186144
      -0.736352    -3.197581    -1.089126
      -0.735876    -3.196972     0.007293
      -0.736534    -3.197571     1.103743
      -1.626830    -2.560155     2.202922
      -1.626425    -2.560265    -2.188491
      -1.624335    -2.555795    -1.091044
      -1.623433    -2.554381     0.007121
      -1.624482    -2.555824     1.105343
      -2.511398    -1.912269     2.202799
      -2.510971    -1.912450    -2.188661
      -2.507778    -1.908697    -1.091274
      -2.506671    -1.907388     0.006949
      -2.507920    -1.908757     1.105253
       0.155983    -3.834756     2.196637
       0.156473    -3.834916    -2.181684
       3.702076    -1.259766     2.197098
       3.702515    -1.259705    -2.181828
       2.351646     2.915494     2.199660
       2.350915     2.913402    -2.187390
      -2.035203     2.907951     2.200111
      -2.039672     2.914874    -2.183702
      -3.390593    -1.258889     2.201457
      -3.390023    -1.259240    -2.187741
       0.158030    -0.107526     4.413077
       0.158074    -0.107815    -4.398441
       0.154988    -4.774373    -1.631103
       0.153043    -4.774481    -0.538926
       0.152911    -4.774441     0.553963
       0.154574    -4.774239     1.646163
       4.596051    -1.549539    -1.631169
       4.596542    -1.548127    -0.538807
       4.596376    -1.548139     0.554283
       4.595572    -1.549718     1.646628
       2.901179     3.671729    -1.635525
       2.899674     3.671060    -0.541328
       2.900471     3.672278     0.552221
       2.902731     3.674830     1.646526
      -2.591936     3.673629    -1.628256
      -2.590378     3.670912    -0.533382
      -2.589438     3.669390     0.560226
      -2.588082     3.667418     1.652322
      -4.277716    -1.547227    -1.634287
      -4.276568    -1.546059    -0.540025
      -4.276766    -1.546086     0.553497
      -4.278292    -1.546937     1.647808
       0.158400    -1.042724     4.962718
       0.159076    -1.043289    -4.947994
       0.158442    -1.976841     4.406567
       0.159253    -1.977308    -4.391745
       0.158334    -2.911361     3.850652
       0.159160    -2.911752    -3.835739
       0.157873    -3.844714     3.295562
       0.158650    -3.845043    -3.280561
       1.046755    -0.397434     4.962829
       1.047080    -0.398245    -4.948072
       1.934888    -0.686607     4.406886
       1.935287    -0.687271    -4.391899
       2.823355    -0.976024     3.851182
       2.823919    -0.976297    -3.835940
       3.710799    -1.264870     3.296200
       3.711511    -1.264704    -3.280752
       0.707382     0.647836     4.963298
       0.707657     0.646985    -4.948982
       1.256282     1.404424     4.407503
       1.256593     1.403168    -4.393769
       1.805786     2.162034     3.851727
       1.806162     2.160154    -3.838871
       2.356026     2.920640     3.296536
       2.356202     2.918015    -3.284995
      -0.391210     0.647828     4.963755
      -0.391098     0.647530    -4.948984
      -0.940942     1.403851     4.408640
      -0.941169     1.404345    -4.393220
      -1.490989     2.159825     3.853863
      -1.491981     2.162004    -3.837069
      -2.040258     2.914509     3.300245
      -2.043508     2.920426    -3.280874
      -0.730328    -0.396976     4.963421
      -0.729884    -0.397531    -4.948979
      -1.619157    -0.685232     4.407988
      -1.618547    -0.685934    -4.393865
      -2.508831    -0.973634     3.852873
      -2.508017    -0.974676    -3.839079
      -3.398812    -1.262145     3.298758
      -3.397876    -1.263422    -3.285187
       1.050127    -1.336372     4.406912
       1.050736    -1.336983    -4.391973
       1.601320     0.360743     4.408017
       1.601453     0.359750    -4.393425
       0.157620     1.410062     4.408709
       0.157637     1.409580    -4.394314
      -1.285475     0.361229     4.408667
      -1.285303     0.361081    -4.394213
      -0.733792    -1.335861     4.407882
      -0.733056    -1.336265    -4.393279
       1.941136    -1.628767     3.851442
       1.941784    -1.629248    -3.836367
       1.052326    -2.274262     3.851351
       1.053057    -2.274738    -3.836336
       2.154142     1.119094     3.853359
       2.154237     1.117737    -3.839119
       2.493577     0.072472     3.853201
       2.493886     0.071766    -3.838263
      -0.392639     2.170134     3.854449
      -0.392961     2.170525    -3.839601
       0.706924     2.170896     3.853809
       0.707050     2.169809    -3.840163
      -2.178504     0.073863     3.853929
      -2.178017     0.073392    -3.840041
      -1.839058     1.118895     3.854061
      -1.839202     1.119578    -3.839345
      -0.736077    -2.273616     3.852673
      -0.735278    -2.273972    -3.837968
      -1.625511    -1.627289     3.853428
      -1.624702    -1.627785    -3.838990
       2.831646    -1.920344     3.296057
       2.832346    -1.920534    -3.280837
       1.945450    -2.569550     3.296645
       1.946157    -2.569906    -3.281505
       1.053679    -3.211377     3.295872
       1.054412    -3.211755    -3.280782
       2.706220     1.878070     3.298790
       2.706195     1.876149    -3.285188
       3.049508     0.831864     3.300024
       3.049882     0.831033    -3.285239
       3.384764    -0.216175     3.298373
       3.385392    -0.216296    -3.283087
      -0.942961     2.928709     3.300211
      -0.944177     2.930860    -3.284542
       0.156560     2.934165     3.300735
       0.156577     2.933736    -3.286855
       1.256903     2.931333     3.299008
       1.257087     2.929266    -3.286275
      -3.071010    -0.214151     3.299462
      -3.070126    -0.215128    -3.286047
      -2.735384     0.832476     3.300177
      -2.734914     0.832543    -3.286437
      -2.391741     1.875869     3.299581
      -2.392558     1.878322    -3.284245
      -0.738041    -3.210516     3.297534
      -0.737292    -3.210848    -3.282752
      -1.630056    -2.567705     3.299421
      -1.629292    -2.568138    -3.284860
      -2.517254    -1.917678     3.299217
      -2.516421    -1.918397    -3.284981
       3.721015    -2.211598     2.740733
       3.721702    -2.211492    -2.725362
       3.713855    -2.204051    -1.630757
       3.713551    -2.201648    -0.538492
       3.713433    -2.201644     0.553800
       3.713473    -2.204081     1.646080
       2.838100    -2.863494     2.741921
       2.838762    -2.863629    -2.726647
       2.831132    -2.855143    -1.632448
       2.828539    -2.851461    -0.538924
       2.828421    -2.851421     0.554153
       2.830756    -2.855043     1.647695
       1.948446    -3.509403     2.741862
       1.949111    -3.509671    -2.726632
       1.943265    -3.499843    -1.632456
       1.940442    -3.496290    -0.538949
       1.940319    -3.496230     0.554116
       1.942880    -3.499672     1.647649
       1.054978    -4.147239     2.740470
       1.055658    -4.147540    -2.725287
       1.050732    -4.137822    -1.630753
       1.048306    -4.136829    -0.538560
       1.048180    -4.136770     0.553665
       1.050337    -4.137643     1.645888
       3.258477     2.637837     2.744733
       3.257716     2.635017    -2.732205
       3.251249     2.632123    -1.636515
       3.248325     2.631972    -0.540988
       3.248940     2.633062     0.554375
       3.252457     2.634836     1.649795
       3.603790     1.591749     2.747020
       3.604124     1.590686    -2.732541
       3.595367     1.589341    -1.637102
       3.590959     1.588897    -0.540720
       3.591131     1.589694     0.555523
       3.595565     1.590833     1.651651
       3.943363     0.544134     2.746619
       3.944207     0.544183    -2.731284
       3.934041     0.544951    -1.636068
       3.929658     0.544255    -0.540124
       3.929482     0.544546     0.555237
       3.933599     0.545360     1.651158
       4.274752    -0.503611     2.743450
       4.275622    -0.503225    -2.727938
       4.266642    -0.501129    -1.632129
       4.265964    -0.501960    -0.538874
       4.265754    -0.501888     0.554125
       4.266096    -0.501144     1.647394
      -1.491926     3.686018     2.746278
      -1.495929     3.691328    -2.729421
      -1.494169     3.684881    -1.634428
      -1.493176     3.680957    -0.539202
      -1.491705     3.679006     0.555463
      -1.489120     3.678733     1.649598
      -0.393926     3.695459     2.747517
      -0.394446     3.696203    -2.733249
      -0.394512     3.688834    -1.637717
      -0.394060     3.684392    -0.541478
      -0.392385     3.683186     0.554832
      -0.391350     3.686751     1.651572
       0.706590     3.696897     2.747207
       0.706902     3.695308    -2.734208
       0.704943     3.688112    -1.638222
       0.704845     3.684441    -0.541499
       0.706194     3.684783     0.555113
       0.707033     3.689044     1.651619
       1.807671     3.692081     2.744779
       1.807363     3.688641    -2.733188
       1.803831     3.682982    -1.637133
       1.803328     3.680952    -0.541347
       1.804360     3.682069     0.554183
       1.805758     3.685750     1.649767
      -3.963078    -0.502558     2.745623
      -3.961985    -0.503704    -2.732455
      -3.952770    -0.501324    -1.637109
      -3.948662    -0.501119    -0.541120
      -3.948895    -0.501384     0.554416
      -3.953443    -0.501445     1.650445
      -3.630633     0.544804     2.746536
      -3.629484     0.544123    -2.733541
      -3.621140     0.544073    -1.638136
      -3.616542     0.543339    -0.541816
      -3.616616     0.542593     0.554782
      -3.621604     0.542951     1.651299
      -3.290974     1.590244     2.746564
      -3.290513     1.591579    -2.732882
      -3.283578     1.589264    -1.637516
      -3.279396     1.587463    -0.541602
      -3.278736     1.585706     0.554399
      -3.282787     1.585687     1.650928
      -2.943807     2.631093     2.745670
      -2.946170     2.637460    -2.729245
      -2.941047     2.633452    -1.634284
      -2.937935     2.631068    -0.539232
      -2.936713     2.629086     0.555216
      -2.937437     2.626474     1.649185
      -0.740856    -4.145891     2.742563
      -0.740193    -4.146189    -2.727706
      -0.739851    -4.137015    -1.631967
      -0.739150    -4.136713    -0.538968
      -0.739262    -4.136684     0.553726
      -0.740212    -4.136894     1.646766
      -1.634174    -3.506867     2.745598
      -1.633527    -3.507265    -2.730963
      -1.631194    -3.497341    -1.635915
      -1.629072    -3.493392    -0.540287
      -1.629163    -3.493362     0.554747
      -1.631518    -3.497187     1.650447
      -2.523965    -2.859945     2.746343
      -2.523289    -2.860530    -2.731949
      -2.518367    -2.852368    -1.637051
      -2.515531    -2.847983    -0.541027
      -2.515609    -2.847941     0.555178
      -2.518678    -2.852146     1.651312
      -3.408882    -2.207629     2.745551
      -3.408107    -2.208485    -2.731506
      -3.400684    -2.202302    -1.636495
      -3.397779    -2.198721    -0.540762
      -3.397872    -2.198683     0.554590
      -3.401050    -2.202010     1.650443
       0.157118    -4.773363     2.739584
       4.593894    -1.551915     2.740206
       2.907308     3.680448     2.741720
      -2.586367     3.664956     2.746237
      -4.287707    -1.550447     2.745449
       4.610576    -2.497762    -1.081742
       4.610258    -2.496053     0.007749
       4.610334    -2.497809     1.097236
       4.610294    -2.501750     2.184274
       3.731265    -3.157378    -2.170740
       3.725404    -3.150528    -1.081037
       3.724567    -3.148744     0.007696
       3.725147    -3.150527     1.096432
       3.730710    -3.157425     2.186147
       2.843701    -3.806199    -2.172270
       2.838375    -3.799105    -1.081876
       2.836973    -3.797346     0.007679
       2.838102    -3.799037     1.097239
       2.843128    -3.806096     2.187644
       1.951944    -4.449356    -2.170693
       1.946918    -4.441749    -1.081027
       1.945260    -4.440468     0.007662
       1.946637    -4.441637     1.096358
       1.951361    -4.449154     2.186042
       1.051925    -5.081486    -1.081747
       1.050105    -5.080695     0.007630
       1.051642    -5.081364     1.097016
       1.055371    -5.082636     2.183978
       3.805289     3.392758    -1.086837
       3.805443     3.393300     0.005138
       3.807328     3.394950     1.097951
       3.812856     3.398580     2.191518
       4.157282     2.350229    -2.180380
       4.149087     2.347468    -1.085967
       4.147183     2.348058     0.007086
       4.149841     2.349575     1.100466
       4.157827     2.351817     2.194373
       4.500561     1.305117    -2.179095
       4.490014     1.303635    -1.085410
       4.486801     1.303069     0.007915
       4.489614     1.304384     1.100990
       4.499640     1.304902     2.194705
       4.836908     0.258567    -2.176758
       4.826617     0.258580    -1.083306
       4.825538     0.257626     0.007813
       4.825985     0.258850     1.098774
       4.835818     0.258032     2.192393
       5.165163    -0.789439    -1.082590
       5.165352    -0.789295     0.007859
       5.164652    -0.789399     1.098195
       5.162777    -0.790462     2.186778
      -2.045882     4.447125    -1.080311
      -2.044647     4.444668     0.012660
      -2.043140     4.443173     1.103328
      -2.040754     4.440652     2.191621
      -0.945504     4.458226    -2.179729
      -0.944876     4.449865    -1.085893
      -0.943559     4.446326     0.007257
      -0.940761     4.446117     1.099261
      -0.942773     4.455266     2.193683
       0.156246     4.459722    -2.181425
       0.154873     4.450798    -1.087224
       0.155670     4.447741     0.006695
       0.157313     4.450560     1.100395
       0.156071     4.460272     2.194548
       1.256862     4.456198    -2.181846
       1.253907     4.448728    -1.086929
       1.254858     4.447836     0.006352
       1.256350     4.450902     1.100055
       1.257054     4.459185     2.194180
       2.354872     4.445325    -1.087407
       2.354796     4.446332     0.004697
       2.356401     4.448665     1.097705
       2.358965     4.454912     2.191402
      -4.843715    -0.789763    -1.084994
      -4.843131    -0.790355     0.006488
      -4.844374    -0.789990     1.098053
      -4.854396    -0.790322     2.191923
      -4.523918     0.255718    -2.180607
      -4.514090     0.255951    -1.086857
      -4.511449     0.255097     0.006307
      -4.514794     0.255221     1.099545
      -4.525239     0.256367     2.193242
      -4.187276     1.303050    -2.181261
      -4.178705     1.301065    -1.087369
      -4.175974     1.299452     0.005998
      -4.179092     1.299124     1.099434
      -4.188732     1.302760     2.193337
      -3.846037     2.350306    -2.179680
      -3.839064     2.346475    -1.085974
      -3.836476     2.344013     0.006825
      -3.837210     2.341541     1.098640
      -3.845580     2.345986     2.192836
      -3.496984     3.392618    -1.080403
      -3.495526     3.390446     0.012395
      -3.494701     3.388664     1.102983
      -3.493130     3.385527     2.191179
      -0.744650    -5.080696    -1.082696
      -0.745254    -5.081027     0.007444
      -0.744920    -5.080598     1.097604
      -0.743430    -5.079185     2.186028
      -1.638751    -4.444435    -2.176710
      -1.636444    -4.434634    -1.083389
      -1.635500    -4.434158     0.007315
      -1.636677    -4.434505     1.098048
      -1.639283    -4.444096     2.191425
      -2.529777    -3.801130    -2.178976
      -2.525592    -3.791380    -1.085589
      -2.523946    -3.788601     0.007183
      -2.525791    -3.791184     1.099995
      -2.530286    -3.800639     2.193471
      -3.417297    -3.152178    -2.179193
      -3.410749    -3.144044    -1.085811
      -3.409015    -3.141225     0.007040
      -3.410933    -3.143797     1.099944
      -3.417823    -3.151523     2.193434
      -4.291586    -2.492000    -1.084488
      -4.291479    -2.490391     0.006854
      -4.291812    -2.491770     1.098257
      -4.299498    -2.498008     2.191996
       0.157822    -4.773626    -2.724487
       4.594669    -1.551478    -2.724629
       2.906674     3.676819    -2.732062
      -2.595842     3.679751    -2.724103
      -4.286769    -1.551658    -2.732024
       0.158828    -0.109286    -5.503063
       0.153492    -5.726837    -2.205020
       0.150903    -5.724187    -1.094739
       0.150454    -5.723500     0.007571
       0.150625    -5.724089     1.109886
       5.502148    -1.842963    -2.205087
       5.500146    -1.840246    -1.094613
       5.499456    -1.839869     0.007945
       5.499901    -1.840159     1.110419
       3.460924     4.441424    -2.179373
       3.457431     4.439047    -1.087811
       3.457396     4.439445     0.002682
       3.458768     4.440829     1.094299
      -3.151332     4.443317    -2.166477
      -3.148895     4.438878    -1.071540
      -3.148211     4.437380     0.024531
      -3.147947     4.437045     1.123758
      -5.171272    -1.838308    -2.177285
      -5.172652    -1.837427    -1.084988
      -5.172819    -1.837030     0.006603
      -5.173079    -1.837387     1.098288
       0.159964    -1.046111    -6.067662
       0.160256    -1.989123    -5.502669
       0.160416    -2.929119    -4.942039
       0.160276    -3.869856    -4.382305
       0.159806    -4.815329    -3.821102
       1.049226    -0.400134    -6.067799
       1.946017    -0.691994    -5.502874
       2.839939    -0.982888    -4.942261
       3.734603    -1.273808    -4.382496
       4.633812    -1.565927    -3.821217
       0.708934     0.646187    -6.069495
       1.262931     1.409350    -5.505982
       1.814793     2.169546    -4.947259
       2.366485     2.929756    -4.390410
       2.919136     3.691558    -3.834130
      -0.391080     0.647217    -6.069527
      -0.946035     1.410818    -5.505715
      -1.499014     2.171605    -4.946017
      -2.051920     2.932177    -4.387379
      -2.605580     3.693667    -3.828141
      -0.729899    -0.399194    -6.069331
      -1.626916    -0.690266    -5.505781
      -2.520554    -0.980296    -4.947006
      -3.414228    -1.270205    -4.389917
      -4.309563    -1.560467    -3.832916
       1.056278    -1.344838    -5.499012
       1.609471     0.360496    -5.501155
       0.158455     1.415540    -5.502637
      -1.291595     0.361963    -5.502417
      -0.736565    -1.343844    -5.500868
       1.951607    -1.638313    -4.939574
       1.058502    -2.286989    -4.939517
       2.164225     1.121423    -4.943503
       2.506078     0.070790    -4.942034
      -0.394381     2.179370    -4.944609
       0.710157     2.178641    -4.945075
      -2.187915     0.072947    -4.944722
      -1.847419     1.123532    -4.944330
      -0.738312    -2.285980    -4.941663
      -1.631800    -1.636329    -4.943122
       2.846791    -1.930398    -4.380718
       1.955318    -2.582575    -4.381977
       1.059323    -3.228589    -4.380634
       2.717341     1.882060    -4.387096
       3.063336     0.832582    -4.386648
       3.401852    -0.219716    -4.383427
      -0.947310     2.941470    -4.387204
       0.157490     2.944875    -4.389401
       1.262013     2.940138    -4.388619
      -3.082922    -0.216876    -4.388017
      -2.746010     0.834969    -4.388954
      -2.401662     1.884571    -4.386948
      -0.739114    -3.227586    -4.383067
      -1.635158    -2.580499    -4.386191
      -2.526462    -1.927372    -4.386496
       3.743782    -2.222095    -3.821086
       2.852275    -2.876363    -3.824465
       1.957133    -3.526436    -3.824438
       1.059106    -4.171798    -3.820985
       3.270240     2.643250    -3.831656
       3.618614     1.594617    -3.831865
       3.961665     0.542592    -3.829716
       4.298995    -0.511123    -3.823995
      -1.500477     3.703309    -3.830007
      -0.395301     3.709118    -3.833805
       0.709985     3.708800    -3.834386
       1.814141     3.701801    -3.832958
      -3.978430    -0.507232    -3.831582
      -3.643305     0.545111    -3.833791
      -3.302283     1.596430    -3.833490
      -2.955763     2.645685    -3.829886
      -0.739590    -4.170849    -3.823747
      -1.637230    -3.524307    -3.829384
      -2.531738    -2.872934    -3.831297
      -3.421973    -2.217940    -3.830313
       4.651055    -2.510535    -3.257744
       4.610829    -2.501564    -2.168751
       3.751625    -3.168928    -3.265806
       2.855761    -3.822592    -3.267829
       1.956940    -4.472197    -3.265733
       1.052564    -5.123777    -3.257636
       1.055956    -5.082882    -2.168690
       3.824268     3.405738    -3.276784
       3.808595     3.395115    -2.180472
       4.173936     2.357767    -3.276976
       4.518973     1.305916    -3.276196
       4.861394     0.250585    -3.271738
       5.202358    -0.810722    -3.260443
       5.163759    -0.789951    -2.171142
      -2.053803     4.466297    -3.272434
      -2.047917     4.453642    -2.174170
      -0.947899     4.472942    -3.278146
       0.157839     4.475556    -3.279643
       1.263019     4.473440    -3.278924
       2.366918     4.465069    -3.277885
       2.358563     4.448034    -2.181317
      -4.876095    -0.798511    -3.274193
      -4.853302    -0.791144    -2.178935
      -4.541196     0.254539    -3.278178
      -4.202091     1.306646    -3.279565
      -3.858518     2.357530    -3.278171
      -3.511089     3.407271    -3.272556
      -3.501671     3.397271    -2.174226
      -0.734221    -5.122681    -3.260381
      -0.742862    -5.079409    -2.171075
      -1.637969    -4.470206    -3.271694
      -2.535626    -3.818170    -3.276114
      -3.429431    -3.164558    -3.276247
      -4.319883    -2.508709    -3.273193
      -4.298869    -2.498790    -2.178123
       5.518475    -2.804444    -1.647245
       5.517918    -2.801146    -0.542515
       5.517800    -2.801138     0.558260
       4.657267    -3.465617    -2.704730
       4.633246    -3.465018    -1.615892
       4.632878    -3.458835    -0.533521
       4.632758    -3.458847     0.549041
       4.632844    -3.465099     1.631410
       3.759896    -4.123069    -2.710608
       3.747643    -4.115561    -1.620969
       3.745288    -4.110647    -0.535129
       3.745152    -4.110638     0.550632
       3.747204    -4.115566     1.636470
       2.861573    -4.775369    -2.710547
       2.857758    -4.761644    -1.620922
       2.853500    -4.758042    -0.535109
       2.853354    -4.758004     0.550622
       2.857300    -4.761555     1.636435
       1.958667    -5.425202    -2.704559
       1.964914    -5.402340    -1.615764
       1.958755    -5.400159    -0.533483
       1.958608    -5.400101     0.548977
       1.964458    -5.402186     1.631264
       1.062647    -6.039656    -1.647156
       1.059256    -6.038147    -0.542594
       1.059115    -6.038086     0.557995
       4.376058     4.158852    -1.634135
       4.375228     4.157767    -0.543836
       4.374674     4.159482     0.547183
       4.732559     3.124057    -2.720224
       4.712545     3.108179    -1.629439
       4.710911     3.106796    -0.540016
       4.710747     3.108038     0.550495
       4.715365     3.111248     1.642061
       5.076676     2.071347    -2.720895
       5.057708     2.065555    -1.626297
       5.050392     2.062428    -0.535879
       5.050380     2.063780     0.553118
       5.056896     2.065773     1.643102
       5.419835     1.017095    -2.719147
       5.397161     1.021648    -1.624976
       5.389189     1.019661    -0.535813
       5.388857     1.020483     0.552089
       5.396167     1.021403     1.641047
       5.765584    -0.043397    -2.709085
       5.729809    -0.022077    -1.620824
       5.728879    -0.024493    -0.535569
       5.728547    -0.023977     0.551612
       5.728589    -0.022256     1.636655
       6.077146    -1.070051    -1.650660
       6.075064    -1.073705    -0.543167
       6.074856    -1.073298     0.559354
      -2.600756     5.225253    -1.617993
      -2.598111     5.221829    -0.523342
      -2.595755     5.221144     0.573843
      -1.499418     5.238513    -2.722025
      -1.495039     5.222796    -1.625869
      -1.493162     5.216892    -0.534727
      -1.490276     5.216167     0.554289
      -1.486451     5.215755     1.639095
      -0.393831     5.242648    -2.724346
      -0.394375     5.224668    -1.629036
      -0.394618     5.217812    -0.538756
      -0.391995     5.217465     0.550365
      -0.391822     5.224782     1.640070
       0.711580     5.243508    -2.723334
       0.705278     5.224621    -1.628297
       0.702754     5.217847    -0.537553
       0.705164     5.218531     0.551979
       0.706249     5.225566     1.642304
       1.817747     5.242175    -2.721544
       1.803832     5.218614    -1.630393
       1.801455     5.218212    -0.541047
       1.803439     5.218789     0.549768
       1.806079     5.224307     1.641553
       2.906953     5.225186    -1.635234
       2.904958     5.224621    -0.544637
       2.907339     5.224756     0.546688
      -5.744368    -1.077669    -1.623701
      -5.743597    -1.078136    -0.537532
      -5.743939    -1.078525     0.550268
      -5.441412    -0.037819    -2.721527
      -5.419277    -0.031176    -1.626960
      -5.412113    -0.031320    -0.537895
      -5.412611    -0.031985     0.550176
      -5.420504    -0.031272     1.639316
      -5.103325     1.016337    -2.724241
      -5.085058     1.015256    -1.628842
      -5.078666     1.014041    -0.538784
      -5.079234     1.012888     0.550408
      -5.086720     1.014516     1.640490
      -4.761771     2.067875    -2.724881
      -4.745946     2.061599    -1.629379
      -4.740546     2.058476    -0.539448
      -4.740851     2.056506     0.549441
      -4.747991     2.058748     1.639023
      -4.416969     3.118179    -2.722526
      -4.404608     3.108101    -1.626277
      -4.400646     3.103503    -0.535253
      -4.400933     3.100885     0.553696
      -4.401927     3.097332     1.638521
      -4.065780     4.160659    -1.618249
      -4.064401     4.156263    -0.523724
      -4.064629     4.153994     0.573411
      -0.760202    -6.034766    -1.650965
      -0.756817    -6.033923    -0.543684
      -0.756956    -6.033867     0.558661
      -1.638295    -5.421060    -2.709395
      -1.649071    -5.380003    -1.621106
      -1.647746    -5.380020    -0.536132
      -1.647873    -5.379944     0.550908
      -1.649505    -5.379773     1.635928
      -2.539789    -4.764178    -2.719618
      -2.538874    -4.741010    -1.625328
      -2.536046    -4.733830    -0.536541
      -2.536150    -4.733720     0.551109
      -2.539261    -4.740632     1.639936
      -3.436276    -4.111244    -2.721750
      -3.426668    -4.095058    -1.626859
      -3.422956    -4.088431    -0.537154
      -3.423033    -4.088296     0.551504
      -3.427011    -4.094572     1.641260
      -4.330246    -3.455815    -2.720032
      -4.311438    -3.445042    -1.625708
      -4.306613    -3.438956    -0.536835
      -4.306670    -3.438827     0.550895
      -4.311756    -3.444512     1.639833
      -5.189420    -2.789234    -1.623168
      -5.189498    -2.786652    -0.537013
      -5.189565    -2.786607     0.550578
       0.158423    -0.108581     5.517667
       0.152929    -5.726618     2.220183
       5.501618    -1.843108     2.220840
       3.462121     4.444809     2.187185
      -3.147909     4.437007     2.232155
      -5.172146    -1.837482     2.190619
       5.518077    -2.804501     1.662939
       1.062209    -6.039480     1.662566
       4.376426     4.163103     1.639241
       6.076647    -1.069764     1.666700
      -2.590952     5.223334     1.678677
       2.911180     5.227425     1.638913
      -5.745464    -1.077623     1.636574
      -4.068104     4.150242     1.678280
      -0.760626    -6.034572     1.665945
      -5.189781    -2.788827     1.636834
       0.158974    -1.045176     6.082369
       0.159209    -1.988345     5.517515
       0.159361    -2.928468     4.956987
       0.159257    -3.869307     4.397344
       1.048457    -0.398974     6.082630
       1.945230    -0.691116     5.517977
       2.839050    -0.982478     4.957652
       3.733608    -1.273916     4.398123
       0.708230     0.647626     6.083576
       1.261991     1.411058     5.519613
       1.813526     2.171608     4.960236
       2.364976     2.932047     4.402526
      -0.391776     0.648152     6.083774
      -0.946917     1.411600     5.520103
      -1.500406     2.172378     4.960740
      -2.054333     2.933608     4.402405
      -0.730900    -0.398118     6.083435
      -1.628027    -0.688921     5.519593
      -2.521773    -0.978531     4.960509
      -3.415471    -1.268130     4.403230
       1.055404    -1.343968     5.514012
       1.608855     0.361774     5.515865
       0.157630     1.416826     5.516594
      -1.292548     0.363031     5.516312
      -0.737654    -1.343020     5.515457
       1.950715    -1.637666     4.954713
       1.057550    -2.286309     4.954588
       2.163424     1.122960     4.957975
       2.505310     0.071642     4.957207
      -0.395640     2.180582     4.958586
       0.708969     2.180324     4.958414
      -2.189128     0.074487     4.958060
      -1.848689     1.124687     4.957985
      -0.739406    -2.285287     4.956427
      -1.632992    -1.635324     4.957565
       2.845846    -1.930126     4.396002
       1.954383    -2.582089     4.397159
       1.058363    -3.228046     4.395771
       2.716228     1.883835     4.401148
       3.062285     0.833382     4.401862
       3.400857    -0.219516     4.398990
      -0.949626     2.942921     4.400975
       0.155357     2.946484     4.402634
       1.260396     2.942146     4.401344
      -3.084300    -0.214771     4.400952
      -2.747632     0.837039     4.401656
      -2.403619     1.886339     4.400160
      -0.740153    -3.226983     4.397922
      -1.636277    -2.579679     4.400840
      -2.527691    -1.926068     4.400738
       3.742817    -2.222218     3.836521
       2.851353    -2.876170     3.839760
       1.956224    -3.526059     3.839693
       1.058187    -4.171357     3.836205
       3.268870     2.645085     3.845079
       3.617073     1.595027     3.847165
       3.960331     0.542378     3.845481
       4.297837    -0.511554     3.839785
      -1.505113     3.706064     3.842566
      -0.399477     3.711145     3.846459
       0.706770     3.710344     3.847407
       1.812280     3.703853     3.845118
      -3.979798    -0.504852     3.844407
      -3.645042     0.548017     3.846012
      -3.304644     1.600005     3.845153
      -2.958959     2.649646     3.841780
      -0.740547    -4.170310     3.838669
      -1.638221    -3.523601     3.844114
      -2.532812    -2.871907     3.845786
      -3.423146    -2.216436     3.844366
       3.750786    -3.169006     3.281231
       2.854913    -3.822444     3.283210
       1.956087    -4.471903     3.281095
       4.171684     2.356797     3.292740
       4.517260     1.304693     3.292394
       4.859991     0.249527     3.287729
      -0.956963     4.476449     3.289004
       0.151660     4.477121     3.292409
       1.258503     4.473871     3.292634
      -4.542705     0.257587     3.290433
      -4.204128     1.311389     3.290710
      -3.861428     2.365742     3.287888
      -1.638841    -4.469579     3.286481
      -2.536513    -3.817318     3.290697
      -3.430374    -3.163408     3.290572
       0.158841    -4.814859     3.836232
       4.632756    -1.566450     3.837036
       2.917436     3.693686     3.845003
      -2.611012     3.698733     3.843070
      -4.310738    -1.558359     3.846145
       4.650222    -2.510854     3.273333
       1.051704    -5.123416     3.272959
       3.823018     3.407133     3.289428
       5.201139    -0.811644     3.276368
      -2.071004     4.472567     3.280668
       2.364720     4.467024     3.289350
      -4.877295    -0.796263     3.287015
      -3.514110     3.424190     3.280073
      -0.735112    -5.122196     3.275382
      -4.320918    -2.507235     3.287098
       4.656531    -3.465839     2.720260
       3.759118    -4.123136     2.726112
       2.860773    -4.775274     2.726060
       1.957860    -5.424999     2.720060
       4.728875     3.118423     2.738302
       5.074877     2.067864     2.738460
       5.418519     1.014685     2.735570
       5.764300    -0.045153     2.725216
      -1.518255     5.245153     2.727082
      -0.403852     5.244529     2.734994
       0.703790     5.243615     2.737869
       1.809673     5.239483     2.737935
      -5.442541    -0.035273     2.733811
      -5.104719     1.020357     2.735619
      -4.763382     2.075381     2.733761
      -4.420131     3.136201     2.726332
      -1.639102    -5.420505     2.724265
      -2.540545    -4.763460     2.734279
      -3.437005    -4.110329     2.736211
      -4.330988    -3.454729     2.734221
      -5.209752    -1.852224    -3.273813
      -5.780631    -1.098582    -2.712652
      -5.228440    -2.796448    -2.711907
      -5.210796    -1.850359     3.286978
      -5.781572    -1.096638     2.725458
      -5.229232    -2.795272     2.725670
      -6.079035    -2.131618    -1.658021
      -6.076154    -2.130188    -0.545928
      -6.076292    -2.130422     0.558825
      -6.079520    -2.131753     1.671111
      -6.658449    -1.364018    -1.100462
      -6.657895    -1.366190     0.006288
      -6.659211    -1.365128     1.113011
      -6.350031    -0.330304    -2.163229
      -6.331004    -0.310654    -1.075129
      -6.329616    -0.315210     0.006008
      -6.332175    -0.312117     1.087124
      -6.350745    -0.328335     2.175368
      -6.012542     0.727676    -2.168818
      -5.998755     0.734682    -1.079613
      -5.996972     0.731226     0.005690
      -6.000484     0.732324     1.090930
      -6.013344     0.730539     2.180283
      -5.672915     1.780782    -2.170065
      -5.662123     1.779702    -1.080713
      -5.660535     1.776729     0.005086
      -5.664708     1.775640     1.090583
      -5.673535     1.786052     2.180087
      -5.330654     2.830919    -2.171111
      -5.322802     2.823325    -1.082144
      -5.321633     2.820101     0.002440
      -5.326347     2.816648     1.085474
      -5.330483     2.843256     2.174474
      -4.984331     3.867468    -1.071232
      -4.983263     3.864165     0.024763
      -4.986048     3.861352     1.127078
      -1.673142    -6.339130    -1.098466
      -1.670245    -6.338561     0.007413
      -1.673441    -6.338950     1.113292
      -2.548752    -5.718469    -2.161618
      -2.563179    -5.693633    -1.073473
      -2.558754    -5.692895     0.007354
      -2.563445    -5.693397     1.088186
      -2.549468    -5.717859     2.176366
      -3.447236    -5.064705    -2.166877
      -3.448217    -5.050049    -1.077666
      -3.445495    -5.047848     0.007279
      -3.448425    -5.049759     1.092233
      -3.447875    -5.063960     2.181467
      -4.342455    -4.410481    -2.166884
      -4.332845    -4.403180    -1.077729
      -4.331813    -4.399709     0.007178
      -4.332983    -4.402883     1.092101
      -4.343031    -4.409639     2.181284
      -5.237793    -3.752075    -2.161872
      -5.214961    -3.752841    -1.073802
      -5.215667    -3.748336     0.006999
      -5.215043    -3.752634     1.087836
      -5.238345    -3.751230     2.175964
      -6.098213    -3.092436    -1.099926
      -6.098549    -3.090387     0.006553
      -6.098348    -3.092486     1.113109
       3.475207     4.457985    -3.275333
      -3.162026     4.458941    -3.266911
       4.390975     4.172216    -2.724486
      -2.609249     5.237089    -2.716241
       2.919715     5.241632    -2.725888
      -4.073228     4.173332    -2.716641
       3.473300     4.459656     3.286411
       4.384801     4.173935     2.736513
       2.919760     5.238646     2.736322
      -4.988381     3.880813    -2.168256
       5.297518     3.868544    -1.106383
       5.294724     3.868905    -0.004512
       5.294845     3.872605     1.090620
       5.299886     3.882515     2.187128
       5.640844     2.845724    -2.163337
       5.634166     2.824691    -1.073447
       5.631145     2.826001     0.010446
       5.632601     2.829961     1.095571
       5.642433     2.832684     2.184961
       5.985854     1.788035    -2.165503
       5.973387     1.786467    -1.076300
       5.970219     1.785045     0.008580
       5.972068     1.789432     1.093717
       5.985932     1.782307     2.182974
       6.329591     0.730597    -2.160636
       6.310936     0.747651    -1.072413
       6.308501     0.743824     0.008337
       6.309850     0.749400     1.089175
       6.329312     0.727084     2.177291
       6.649217    -0.297598    -1.097652
       6.647457    -0.300119     0.008186
       6.648420    -0.296258     1.114087
      -2.048667     6.016943    -2.167252
      -2.040283     6.008120    -1.070283
      -2.037630     6.005629     0.025565
      -2.033187     6.007272     1.127803
      -0.944024     6.018696    -2.170062
      -0.943525     6.007944    -1.081150
      -0.940795     6.005437     0.003340
      -0.934761     6.008687     1.086359
      -0.960341     6.020888     2.175275
       0.161554     6.020669    -2.168677
       0.151759     6.008970    -1.079390
       0.154542     6.006387     0.006333
       0.159175     6.009861     1.092011
       0.149697     6.021289     2.181539
       1.272260     6.020220    -2.165230
       1.245849     6.008118    -1.075453
       1.249653     6.006254     0.008877
       1.253955     6.009267     1.094349
       1.254953     6.019744     2.183929
       2.343411     6.011328    -1.107729
       2.345604     6.009346    -0.005446
       2.350057     6.010832     1.089991
       2.359279     6.018748     2.186637