
       0.000000     0.218827    -0.000000
       0.000000     0.219262     1.101439
      -0.000000    -0.709166     0.550634
       0.882215    -0.067857     0.550670
       0.545158     0.969757     0.550513
      -0.545157     0.969758     0.550513
      -0.882215    -0.067856     0.550670
      -0.000000    -0.709166    -0.550634
       0.882215    -0.067857    -0.550670
       0.545158     0.969757    -0.550513
      -0.545157     0.969758    -0.550513
      -0.882215    -0.067856    -0.550670
       0.000000     0.219262    -1.101439
      -0.000001    -1.640239     0.000000
       1.766563    -0.355273     0.000000
       1.091943     1.722523    -0.000000
      -1.091942     1.722524     0.000000
      -1.766563    -0.355271    -0.000000
      -0.000000    -0.708812     1.651738
      -0.000000    -0.708812    -1.651738
       0.882654    -0.067172     1.651846
       0.882654    -0.067172    -1.651846
       0.545432     0.970972     1.651465
       0.545432     0.970972    -1.651465
      -0.545431     0.970972     1.651465
      -0.545431     0.970972    -1.651465
      -0.882654    -0.067171     1.651846
      -0.882654    -0.067171    -1.651846
       0.886625    -1.002183     1.101031
       0.886625    -1.002183    -1.101031
       0.886266    -1.002218     0.000000
       1.434889     0.685930     1.100702
       1.434889     0.685930    -1.100702
       1.434391     0.685400    -0.000000
       0.000001     1.728958     1.100189
       0.000001     1.728958    -1.100189
       0.000001     1.727992     0.000000
      -1.434889     0.685931     1.100702
      -1.434889     0.685931    -1.100702
      -1.434390     0.685402     0.000000
      -0.886626    -1.002182     1.101031
      -0.886626    -1.002182    -1.101031
      -0.886267    -1.002217    -0.000000
      -0.000001    -1.640313     1.100430
      -0.000001    -1.640313    -1.100430
       1.767143    -0.355024     1.100732
       1.767143    -0.355024    -1.100732
       1.092192     1.723338     1.099648
       1.092192     1.723338    -1.099648
      -1.092191     1.723339     1.099648
      -1.092191     1.723339    -1.099648
      -1.767144    -0.355023     1.100732
      -1.767144    -0.355023    -1.100732
       0.000000     0.220374     2.202734
       0.000000     0.220374    -2.202734
      -0.000001    -2.573767    -0.549571
      -0.000001    -2.573767     0.549571
       2.653004    -0.642979    -0.549772
       2.653004    -0.642979     0.549772
       1.640671     2.477612    -0.548540
       1.640671     2.477612     0.548540
      -1.640669     2.477613    -0.548540
      -1.640669     2.477613     0.548540
      -2.653004    -0.642977    -0.549772
      -2.653004    -0.642977     0.549772
      -0.000000    -0.708438     2.752548
      -0.000000    -0.708438    -2.752548
      -0.000001    -1.640768     2.200402
      -0.000001    -1.640768    -2.200402
       0.883607    -0.066044     2.752706
       0.883607    -0.066044    -2.752706
       1.768859    -0.354329     2.200932
       1.768859    -0.354329    -2.200932
       0.545971     0.973151     2.752206
       0.545971     0.973151    -2.752206
       1.093066     1.725855     2.199399
       1.093066     1.725855    -2.199399
      -0.545970     0.973151     2.752206
      -0.545970     0.973151    -2.752206
      -1.093064     1.725856     2.199399
      -1.093064     1.725856    -2.199399
      -0.883607    -0.066043     2.752706
      -0.883607    -0.066043    -2.752706
      -1.768860    -0.354328     2.200932
      -1.768860    -0.354328    -2.200932
       0.887680    -1.002219     2.201543
       0.887680    -1.002219    -2.201543
       1.436369     0.687521     2.201060
       1.436369     0.687521    -2.201060
       0.000001     1.731658     2.200261
       0.000001     1.731658    -2.200261
      -1.436368     0.687522     2.201060
      -1.436368     0.687522    -2.201060
      -0.887681    -1.002218     2.201543
      -0.887681    -1.002218    -2.201543
       1.775354    -1.293471     1.650068
       1.775354    -1.293471    -1.650068
       1.773686    -1.293068    -0.550174
       1.773686    -1.293068     0.550174
       0.889858    -1.938165     1.649776
       0.889858    -1.938165    -1.649776
       0.888920    -1.937421    -0.550079
       0.888920    -1.937421     0.550079
       1.987669     1.441687     1.648711
       1.987669     1.441687    -1.648711
       1.986149     1.440330    -0.549574
       1.986149     1.440330     0.549574
       2.325674     0.400303     1.649638
       2.325674     0.400303    -1.649638
       2.323640     0.399366    -0.550006
       2.323640     0.399366     0.550006
      -0.547296     2.488770     1.647882
      -0.547296     2.488770    -1.647882
      -0.547195     2.486188    -0.549216
      -0.547195     2.486188     0.549216
       0.547299     2.488770     1.647882
       0.547299     2.488770    -1.647882
       0.547197     2.486188    -0.549216
       0.547197     2.486188     0.549216
      -2.325674     0.400305     1.649638
      -2.325674     0.400305    -1.649638
      -2.323639     0.399368    -0.550006
      -2.323639     0.399368     0.550006
      -1.987668     1.441688     1.648711
      -1.987668     1.441688    -1.648711
      -1.986148     1.440332    -0.549574
      -1.986148     1.440332     0.549574
      -0.889860    -1.938164     1.649776
      -0.889860    -1.938164    -1.649776
      -0.888922    -1.937421    -0.550079
      -0.888922    -1.937421     0.550079
      -1.775355    -1.293469     1.650068
      -1.775355    -1.293469    -1.650068
      -1.773687    -1.293066    -0.550174
      -1.773687    -1.293066     0.550174
      -0.000001    -2.574729     1.648333
      -0.000001    -2.574729    -1.648333
       2.655149    -0.642762     1.649065
       2.655149    -0.642762    -1.649065
       1.641155     2.479317     1.646030
       1.641155     2.479317    -1.646030
      -1.641153     2.479318     1.646030
      -1.641153     2.479318    -1.646030
      -2.655149    -0.642759     1.649065
      -2.655149    -0.642759    -1.649065
       0.000000     0.221850     3.304055
       0.000000     0.221850    -3.304055
      -0.000001    -3.510392    -1.097039
      -0.000001    -3.509486    -0.000000
      -0.000001    -3.510392     1.097039
       3.542230    -0.931345    -1.097156
       3.540975    -0.931405     0.000000
       3.542230    -0.931345     1.097156
       2.191658     3.235267    -1.094040
       2.191755     3.234874     0.000000
       2.191658     3.235267     1.094040
      -2.191655     3.235269    -1.094040
      -2.191752     3.234875    -0.000000
      -2.191655     3.235269     1.094040
      -3.542231    -0.931342    -1.097156
      -3.540976    -0.931403    -0.000000
      -3.542231    -0.931342     1.097156
      -0.000000    -0.708549     3.853530
      -0.000000    -0.708549    -3.853530
      -0.000001    -1.642140     3.300084
      -0.000001    -1.642140    -3.300084
      -0.000001    -2.577067     2.746558
      -0.000001    -2.577067    -2.746558
       0.885335    -0.064797     3.853631
       0.885335    -0.064797    -3.853631
       1.771923    -0.353471     3.300627
       1.771923    -0.353471    -3.300627
       2.659364    -0.642417     2.747621
       2.659364    -0.642417    -2.747621
       0.546929     0.976294     3.852968
       0.546929     0.976294    -3.852968
       1.094670     1.730075     3.298936
       1.094670     1.730075    -3.298936
       1.642990     2.484096     2.744460
       1.642990     2.484096    -2.744460
      -0.546929     0.976294     3.852968
      -0.546929     0.976294    -3.852968
      -1.094668     1.730076     3.298936
      -1.094668     1.730076    -3.298936
      -1.642988     2.484097     2.744460
      -1.642988     2.484097    -2.744460
      -0.885335    -0.064796     3.853631
      -0.885335    -0.064796    -3.853631
      -1.771924    -0.353470     3.300627
      -1.771924    -0.353470    -3.300627
      -2.659365    -0.642415     2.747621
      -2.659365    -0.642415    -2.747621
       0.889405    -1.002624     3.301499
       0.889405    -1.002624    -3.301499
       1.438910     0.690093     3.300842
       1.438910     0.690093    -3.300842
       0.000001     1.736060     3.299841
       0.000001     1.736060    -3.299841
      -1.438909     0.690094     3.300842
      -1.438909     0.690094    -3.300842
      -0.889406    -1.002623     3.301499
      -0.889406    -1.002623    -3.301499
       1.778544    -1.294351     2.749013
       1.778544    -1.294351    -2.749013
       0.891597    -1.939823     2.748599
       0.891597    -1.939823    -2.748599
       1.990739     1.445093     2.747359
       1.990739     1.445093    -2.747359
       2.329578     0.402287     2.748321
       2.329578     0.402287    -2.748321
      -0.547894     2.494070     2.746182
      -0.547894     2.494070    -2.746182
       0.547896     2.494070     2.746182
       0.547896     2.494070    -2.746182
      -2.329577     0.402289     2.748321
      -2.329577     0.402289    -2.748321
      -1.990738     1.445095     2.747359
      -1.990738     1.445095    -2.747359
      -0.891598    -1.939822     2.748599
      -0.891598    -1.939822    -2.748599
      -1.778545    -1.294350     2.749013
      -1.778545    -1.294350    -2.749013
       2.667597    -1.585113     2.196464
       2.667597    -1.585113    -2.196464
       2.663430    -1.583658    -1.098627
       2.662019    -1.583024     0.000000
       2.663430    -1.583658     1.098627
       1.782696    -2.233913     2.196900
       1.782696    -2.233913    -2.196900
       1.779619    -2.231750    -1.098952
       1.778506    -2.230921    -0.000000
       1.779619    -2.231750     1.098952
       0.893134    -2.877288     2.195757
       0.893134    -2.877288    -2.195757
       0.891527    -2.874812    -1.098326
       0.890901    -2.873925     0.000000
       0.891527    -2.874812     1.098326
       2.542292     2.199713     2.193523
       2.542292     2.199713    -2.193523
       2.539288     2.196838    -1.096449
       2.538479     2.196606    -0.000000
       2.539288     2.196838     1.096449
       2.884885     1.157998     2.195767
       2.884885     1.157998    -2.195767
       2.880496     1.155440    -1.098223
       2.878867     1.154749    -0.000000
       2.880496     1.155440     1.098223
       3.219773     0.113814     2.195815
       3.219773     0.113814    -2.195815
       3.214902     0.112434    -1.098302
       3.213153     0.111902     0.000000
       3.214902     0.112434     1.098302
      -1.096224     3.251192     2.192242
      -1.096224     3.251192    -2.192242
      -1.095982     3.245986    -1.095709
      -1.096257     3.244840    -0.000000
      -1.095982     3.245986     1.095709
       0.000001     3.255842     2.193193
       0.000001     3.255842    -2.193193
       0.000001     3.249889    -1.096470
       0.000001     3.248150    -0.000000
       0.000001     3.249889     1.096470
       1.096226     3.251191     2.192242
       1.096226     3.251191    -2.192242
       1.095984     3.245985    -1.095709
       1.096259     3.244839    -0.000000
       1.095984     3.245985     1.095709
      -3.219773     0.113817     2.195815
      -3.219773     0.113817    -2.195815
      -3.214902     0.112437    -1.098302
      -3.213153     0.111904     0.000000
      -3.214902     0.112437     1.098302
      -2.884884     1.158001     2.195767
      -2.884884     1.158001    -2.195767
      -2.880495     1.155442    -1.098223
      -2.878866     1.154751     0.000000
      -2.880495     1.155442     1.098223
      -2.542290     2.199715     2.193523
      -2.542290     2.199715    -2.193523
      -2.539287     2.196841    -1.096449
      -2.538477     2.196608     0.000000
      -2.539287     2.196841     1.096449
      -0.893137    -2.877288     2.195757
      -0.893137    -2.877288    -2.195757
      -0.891529    -2.874812    -1.098326
      -0.890903    -2.873925     0.000000
      -0.891529    -2.874812     1.098326
      -1.782698    -2.233912     2.196900
      -1.782698    -2.233912    -2.196900
      -1.779621    -2.231749    -1.098952
      -1.778508    -2.230920    -0.000000
      -1.779621    -2.231749     1.098952
      -2.667598    -1.585111     2.196464
      -2.667598    -1.585111    -2.196464
      -2.663431    -1.583656    -1.098627
      -2.662021    -1.583022    -0.000000
      -2.663431    -1.583656     1.098627
      -0.000001    -3.513287     2.193692
      -0.000001    -3.513287    -2.193692
       3.547033    -0.931509     2.194773
       3.547033    -0.931509    -2.194773
       2.191580     3.237490     2.189143
       2.191580     3.237490    -2.189143
      -2.191577     3.237492     2.189143
      -2.191577     3.237492    -2.189143
      -3.547034    -0.931506     2.194773
      -3.547034    -0.931506    -2.194773
       0.000000     0.223520     4.406085
       0.000000     0.223520    -4.406085
      -0.000002    -4.451519    -1.641750
      -0.000002    -4.449033    -0.547189
      -0.000002    -4.449033     0.547189
      -0.000002    -4.451519     1.641750
       4.434251    -1.220533    -1.641144
       4.432482    -1.220927    -0.546786
       4.432482    -1.220927     0.546786
       4.434251    -1.220533     1.641144
       2.744830     3.996633    -1.638578
       2.746397     3.995602    -0.546425
       2.746397     3.995602     0.546425
       2.744830     3.996633     1.638578
      -2.744826     3.996635    -1.638578
      -2.746393     3.995604    -0.546425
      -2.746393     3.995604     0.546425
      -2.744826     3.996635     1.638578
      -4.434252    -1.220529    -1.641144
      -4.432483    -1.220924    -0.546786
      -4.432483    -1.220924     0.546786
      -4.434252    -1.220529     1.641144
      -0.000000    -0.710112     4.956756
      -0.000000    -0.710112    -4.956756
      -0.000001    -1.645511     4.401204
      -0.000001    -1.645511    -4.401204
      -0.000001    -2.581916     3.845649
      -0.000001    -2.581916    -3.845649
      -0.000001    -3.519353     3.290905
      -0.000001    -3.519353    -3.290905
       0.888566    -0.063937     4.956630
       0.888566    -0.063937    -4.956630
       1.777105    -0.353144     4.401392
       1.777105    -0.353144    -4.401392
       2.666391    -0.642701     3.846416
       2.666391    -0.642701    -3.846416
       3.555904    -0.932531     3.292317
       3.555904    -0.932531    -3.292317
       0.548865     0.980925     4.955606
       0.548865     0.980925    -4.955606
       1.097719     1.736520     4.399305
       1.097719     1.736520    -4.399305
       1.646963     2.492335     3.843251
       1.646963     2.492335    -3.843251
       2.195825     3.247009     3.288036
       2.195825     3.247009    -3.288036
      -0.548864     0.980925     4.955606
      -0.548864     0.980925    -4.955606
      -1.097718     1.736520     4.399305
      -1.097718     1.736520    -4.399305
      -1.646961     2.492336     3.843251
      -1.646961     2.492336    -3.843251
      -2.195823     3.247011     3.288036
      -2.195823     3.247011    -3.288036
      -0.888566    -0.063936     4.956630
      -0.888566    -0.063936    -4.956630
      -1.777105    -0.353143     4.401392
      -1.777105    -0.353143    -4.401392
      -2.666392    -0.642699     3.846416
      -2.666392    -0.642699    -3.846416
      -3.555904    -0.932528     3.292317
      -3.555904    -0.932528    -3.292317
       0.891958    -1.004029     4.401981
       0.891958    -1.004029    -4.401981
       1.442933     0.693447     4.400868
       1.442933     0.693447    -4.400868
       0.000001     1.742404     4.399513
       0.000001     1.742404    -4.399513
      -1.442933     0.693448     4.400868
      -1.442933     0.693448    -4.400868
      -0.891959    -1.004029     4.401981
      -0.891959    -1.004029    -4.401981
       1.783330    -1.296270     3.847624
       1.783330    -1.296270    -3.847624
       0.894064    -1.943043     3.847316
       0.894064    -1.943043    -3.847316
       1.995815     1.450597     3.845478
       1.995815     1.450597    -3.845478
       2.335638     0.404968     3.846452
       2.335638     0.404968    -3.846452
      -0.549276     2.502325     3.843853
      -0.549276     2.502325    -3.843853
       0.549279     2.502324     3.843853
       0.549279     2.502324    -3.843853
      -2.335637     0.404970     3.846452
      -2.335637     0.404970    -3.846452
      -1.995814     1.450599     3.845478
      -1.995814     1.450599    -3.845478
      -0.894066    -1.943043     3.847316
      -0.894066    -1.943043    -3.847316
      -1.783331    -1.296268     3.847624
      -1.783331    -1.296268    -3.847624
       2.674577    -1.587675     3.293363
       2.674577    -1.587675    -3.293363
       1.787442    -2.237690     3.294105
       1.787442    -2.237690    -3.294105
       0.895436    -2.881887     3.292730
       0.895436    -2.881887    -3.292730
       2.547977     2.207244     3.290189
       2.547977     2.207244    -3.290189
       2.891912     1.162863     3.292233
       2.891912     1.162863    -3.292233
       3.227758     0.115630     3.292258
       3.227758     0.115630    -3.292258
      -1.098834     3.261124     3.288289
      -1.098834     3.261124    -3.288289
       0.000001     3.265852     3.289024
       0.000001     3.265852    -3.289024
       1.098836     3.261123     3.288289
       1.098836     3.261123    -3.288289
      -3.227758     0.115633     3.292258
      -3.227758     0.115633    -3.292258
      -2.891911     1.162866     3.292233
      -2.891911     1.162866    -3.292233
      -2.547976     2.207246     3.290189
      -2.547976     2.207246    -3.290189
      -0.895438    -2.881886     3.292730
      -0.895438    -2.881886    -3.292730
      -1.787444    -2.237688     3.294105
      -1.787444    -2.237688    -3.294105
      -2.674578    -1.587673     3.293363
      -2.674578    -1.587673    -3.293363
       3.565557    -1.878873     2.739513
       3.565557    -1.878873    -2.739513
       3.556552    -1.875606    -1.644027
       3.552870    -1.873630    -0.547843
       3.552870    -1.873630     0.547843
       3.556552    -1.875606     1.644027
       2.680552    -2.530789     2.740774
       2.680552    -2.530789    -2.740774
       2.673658    -2.526269    -1.645121
       2.670105    -2.523566    -0.548454
       2.670105    -2.523566     0.548454
       2.673658    -2.526269     1.645121
       1.790387    -3.178223     2.740783
       1.790387    -3.178223    -2.740783
       1.785940    -3.172950    -1.645023
       1.783392    -3.170072    -0.548449
       1.783392    -3.170072     0.548449
       1.785940    -3.172950     1.645023
       0.896612    -3.821250     2.739009
       0.896612    -3.821250    -2.739009
       0.894555    -3.815735    -1.643814
       0.893252    -3.813003    -0.548016
       0.893252    -3.813003     0.548016
       0.894555    -3.815735     1.643814
       3.099952     2.962166     2.735097
       3.099952     2.962166    -2.735097
       3.094197     2.954860    -1.639339
       3.093378     2.955005    -0.546337
       3.093378     2.955005     0.546337
       3.094197     2.954860     1.639339
       3.447159     1.920033     2.738270
       3.447159     1.920033    -2.738270
       3.439348     1.913247    -1.643171
       3.435244     1.911233    -0.547512
       3.435244     1.911233     0.547512
       3.439348     1.913247     1.643171
       3.786883     0.873665     2.739153
       3.786883     0.873665    -2.739153
       3.778007     0.869806    -1.644180
       3.773072     0.867828    -0.548102
       3.773072     0.867828     0.548102
       3.778007     0.869806     1.644180
       4.119488    -0.174105     2.738591
       4.119488    -0.174105    -2.738591
       4.109745    -0.174896    -1.643492
       4.105208    -0.176198    -0.547684
       4.105208    -0.176198     0.547684
       4.109745    -0.174896     1.643492
      -1.647725     4.018900     2.732804
      -1.647725     4.018900    -2.732804
      -1.645942     4.008165    -1.638274
      -1.647265     4.005998    -0.546096
      -1.647265     4.005998     0.546096
      -1.645942     4.008165     1.638274
      -0.549838     4.027861     2.734182
      -0.549838     4.027861    -2.734182
      -0.548740     4.016512    -1.640006
      -0.548882     4.012059    -0.546516
      -0.548882     4.012059     0.546516
      -0.548740     4.016512     1.640006
       0.549841     4.027861     2.734182
       0.549841     4.027861    -2.734182
       0.548743     4.016512    -1.640006
       0.548886     4.012058    -0.546516
       0.548886     4.012058     0.546516
       0.548743     4.016512     1.640006
       1.647728     4.018899     2.732804
       1.647728     4.018899    -2.732804
       1.645946     4.008163    -1.638274
       1.647269     4.005997    -0.546096
       1.647269     4.005997     0.546096
       1.645946     4.008163     1.638274
      -4.119488    -0.174101     2.738591
      -4.119488    -0.174101    -2.738591
      -4.109745    -0.174892    -1.643492
      -4.105208    -0.176195    -0.547684
      -4.105208    -0.176195     0.547684
      -4.109745    -0.174892     1.643492
      -3.786882     0.873669     2.739153
      -3.786882     0.873669    -2.739153
      -3.778007     0.869809    -1.644180
      -3.773071     0.867831    -0.548102
      -3.773071     0.867831     0.548102
      -3.778007     0.869809     1.644180
      -3.447157     1.920036     2.738270
      -3.447157     1.920036    -2.738270
      -3.439346     1.913250    -1.643171
      -3.435242     1.911236    -0.547512
      -3.435242     1.911236     0.547512
      -3.439346     1.913250     1.643171
      -3.099949     2.962169     2.735097
      -3.099949     2.962169    -2.735097
      -3.094195     2.954862    -1.639339
      -3.093376     2.955008    -0.546337
      -3.093376     2.955008     0.546337
      -3.094195     2.954862     1.639339
      -0.896615    -3.821249     2.739009
      -0.896615    -3.821249    -2.739009
      -0.894558    -3.815734    -1.643814
      -0.893255    -3.813003    -0.548016
      -0.893255    -3.813003     0.548016
      -0.894558    -3.815734     1.643814
      -1.790390    -3.178222     2.740783
      -1.790390    -3.178222    -2.740783
      -1.785943    -3.172948    -1.645023
      -1.783394    -3.170070    -0.548449
      -1.783394    -3.170070     0.548449
      -1.785943    -3.172948     1.645023
      -2.680554    -2.530787     2.740774
      -2.680554    -2.530787    -2.740774
      -2.673660    -2.526266    -1.645121
      -2.670107    -2.523563    -0.548454
      -2.670107    -2.523563     0.548454
      -2.673660    -2.526266     1.645121
      -3.565558    -1.878870     2.739513
      -3.565558    -1.878870    -2.739513
      -3.556554    -1.875603    -1.644027
      -3.552871    -1.873627    -0.547843
      -3.552871    -1.873627     0.547843
      -3.556554    -1.875603     1.644027
      -0.000002    -4.458225     2.737083
       4.444291    -1.222136     2.738949
       2.742184     3.997727     2.731946
      -2.742180     3.997730     2.731946
      -4.444292    -1.222132     2.738949
       4.446561    -2.166100    -1.091656
       4.446070    -2.165412     0.000000
       4.446561    -2.166100     1.091656
       4.455378    -2.170515     2.185733
       3.573421    -2.823656    -2.187461
       3.565041    -2.818293    -1.093480
       3.562917    -2.816403    -0.000000
       3.565041    -2.818293     1.093480
       3.573421    -2.823656     2.187461
       2.685231    -3.472742    -2.188308
       2.679141    -3.466608    -1.093985
       2.677348    -3.464538     0.000000
       2.679141    -3.466608     1.093985
       2.685231    -3.472742     2.188308
       1.793259    -4.118476    -2.188298
       1.789509    -4.112093    -1.094039
       1.788381    -4.110029    -0.000000
       1.789509    -4.112093     1.094039
       1.793259    -4.118476     2.188298
       0.897241    -4.756514    -1.093256
       0.896840    -4.754922    -0.000000
       0.897241    -4.756514     1.093256
       0.898760    -4.762472     2.186881
       3.652651     3.715475    -1.090102
       3.653259     3.715437     0.000000
       3.652651     3.715475     1.090102
       3.650540     3.715511     2.178453
       4.002099     2.675070    -2.183999
       3.994393     2.668430    -1.090678
       3.993294     2.668637    -0.000000
       3.994393     2.668430     1.090678
       4.002099     2.675070     2.183999
       4.344835     1.630740    -2.186158
       4.335650     1.625228    -1.092757
       4.332654     1.623973     0.000000
       4.335650     1.625228     1.092757
       4.344835     1.630740     2.186158
       4.681420     0.583895    -2.186257
       4.671270     0.581072    -1.092848
       4.668187     0.579828    -0.000000
       4.671270     0.581072     1.092848
       4.681420     0.583895     2.186257
       5.000619    -0.464353    -1.091369
       4.999515    -0.465599     0.000000
       5.000619    -0.464353     1.091369
       5.010602    -0.463046     2.185042
      -2.199493     4.772313    -1.089336
      -2.200429     4.770697     0.000000
      -2.199493     4.772313     1.089336
      -2.197121     4.775790     2.176250
      -1.099708     4.789769    -2.178291
      -1.099215     4.780724    -1.088651
      -1.099725     4.778815     0.000000
      -1.099215     4.780724     1.088651
      -1.099708     4.789769     2.178291
       0.000002     4.793353    -2.179872
       0.000002     4.784523    -1.089511
       0.000002     4.782358     0.000000
       0.000002     4.784523     1.089511
       0.000002     4.793353     2.179872
       1.099712     4.789768    -2.178291
       1.099219     4.780723    -1.088651
       1.099729     4.778815    -0.000000
       1.099219     4.780723     1.088651
       1.099712     4.789768     2.178291
       2.199497     4.772311    -1.089336
       2.200433     4.770695    -0.000000
       2.199497     4.772311     1.089336
       2.197125     4.775789     2.176250
      -5.000620    -0.464349    -1.091369
      -4.999515    -0.465595     0.000000
      -5.000620    -0.464349     1.091369
      -5.010602    -0.463042     2.185042
      -4.681420     0.583899    -2.186257
      -4.671270     0.581076    -1.092848
      -4.668187     0.579832    -0.000000
      -4.671270     0.581076     1.092848
      -4.681420     0.583899     2.186257
      -4.344833     1.630744    -2.186158
      -4.335649     1.625232    -1.092757
      -4.332652     1.623976    -0.000000
      -4.335649     1.625232     1.092757
      -4.344833     1.630744     2.186158
      -4.002097     2.675073    -2.183999
      -3.994391     2.668433    -1.090678
      -3.993292     2.668640     0.000000
      -3.994391     2.668433     1.090678
      -4.002097     2.675073     2.183999
      -3.652648     3.715478    -1.090102
      -3.653256     3.715440    -0.000000
      -3.652648     3.715478     1.090102
      -3.650537     3.715514     2.178453
      -0.897245    -4.756513    -1.093256
      -0.896844    -4.754921     0.000000
      -0.897245    -4.756513     1.093256
      -0.898763    -4.762471     2.186881
      -1.793262    -4.118475    -2.188298
      -1.789512    -4.112092    -1.094039
      -1.788384    -4.110027     0.000000
      -1.789512    -4.112092     1.094039
      -1.793262    -4.118475     2.188298
      -2.685234    -3.472740    -2.188308
      -2.679143    -3.466606    -1.093985
      -2.677351    -3.464536    -0.000000
      -2.679143    -3.466606     1.093985
      -2.685234    -3.472740     2.188308
      -3.573424    -2.823653    -2.187461
      -3.565043    -2.818290    -1.093480
      -3.562919    -2.816400    -0.000000
      -3.565043    -2.818290     1.093480
      -3.573424    -2.823653     2.187461
      -4.446563    -2.166097    -1.091656
      -4.446072    -2.165408     0.000000
      -4.446563    -2.166096     1.091656
      -4.455380    -2.170511     2.185733
      -0.000002    -4.458225    -2.737083
       4.444291    -1.222136    -2.738949
       2.742184     3.997727    -2.731946
      -2.742180     3.997730    -2.731946
      -4.444292    -1.222132    -2.738949
       0.000000     0.225309    -5.510724
      -0.000002    -5.402731    -2.183946
      -0.000002    -5.398059    -1.091432
      -0.000002    -5.396979    -0.000000
      -0.000002    -5.398059     1.091432
       5.328214    -1.510331    -2.184027
       5.328619    -1.511934    -1.091666
       5.328313    -1.512435     0.000000
       5.328619    -1.511934     1.091666
       3.305898     4.766278    -2.212412
       3.306358     4.762644    -1.102225
       3.306241     4.761894    -0.000000
       3.306358     4.762644     1.102225
      -3.305894     4.766281    -2.212412
      -3.306354     4.762647    -1.102225
      -3.306237     4.761897     0.000000
      -3.306354     4.762647     1.102225
      -5.328215    -1.510326    -2.184027
      -5.328621    -1.511930    -1.091666
      -5.328314    -1.512431     0.000000
      -5.328621    -1.511930     1.091666
      -0.000000    -0.709600    -6.077373
      -0.000001    -1.653359    -5.513822
      -0.000001    -2.593462    -4.954722
      -0.000001    -3.533233    -4.397364
      -0.000002    -4.474381    -3.840594
       0.889483    -0.062470    -6.077006
       1.786363    -0.354403    -5.513381
       2.679830    -0.645348    -4.954423
       3.573170    -0.936490    -4.397111
       4.467996    -1.228295    -3.839882
       0.549655     0.983834    -6.075303
       1.103772     1.746778    -5.510258
       1.656151     2.507219    -4.949570
       2.209154     3.268116    -4.389777
       2.765186     4.032687    -3.828504
      -0.549654     0.983834    -6.075303
      -1.103770     1.746779    -5.510258
      -1.656149     2.507221    -4.949570
      -2.209152     3.268118    -4.389777
      -2.765183     4.032689    -3.828504
      -0.889484    -0.062469    -6.077006
      -1.786364    -0.354402    -5.513381
      -2.679831    -0.645346    -4.954423
      -3.573170    -0.936487    -4.397111
      -4.467997    -1.228291    -3.839882
       0.896386    -1.008284    -5.510288
       1.450163     0.697684    -5.508496
       0.000001     1.752119    -5.506583
      -1.450163     0.697685    -5.508496
      -0.896387    -1.008283    -5.510288
       1.791534    -1.301561    -4.952423
       0.898285    -1.950843    -4.952445
       2.005338     1.458693    -4.949218
       2.346417     0.407898    -4.950663
      -0.552007     2.515514    -4.947070
       0.552009     2.515513    -4.947070
      -2.346416     0.407900    -4.950663
      -2.005337     1.458695    -4.949218
      -0.898287    -1.950843    -4.952445
      -1.791535    -1.301559    -4.952423
       2.685986    -1.593597    -4.395432
       1.795004    -2.245934    -4.396790
       0.899153    -2.891898    -4.395581
       2.559365     2.219858    -4.390538
       2.904009     1.169596    -4.393633
       3.241236     0.117175    -4.393866
      -1.104763     3.277675    -4.388162
       0.000001     3.281531    -4.389515
       1.104766     3.277674    -4.388162
      -3.241236     0.117178    -4.393866
      -2.904008     1.169599    -4.393633
      -2.559363     2.219860    -4.390538
      -0.899155    -2.891897    -4.395581
      -1.795006    -2.245932    -4.396790
      -2.685988    -1.593595    -4.395432
       3.581052    -1.885537    -3.838713
       2.691290    -2.539474    -3.841170
       1.797245    -3.188665    -3.841619
       0.899784    -3.832878    -3.839687
       3.114070     2.982589    -3.831144
       3.460292     1.931795    -3.836732
       3.801132     0.878893    -3.838570
       4.136374    -0.174458    -3.837477
      -1.659256     4.040569    -3.828500
      -0.553240     4.046147    -3.832000
       0.553244     4.046146    -3.832000
       1.659259     4.040568    -3.828500
      -4.136374    -0.174455    -3.837477
      -3.801131     0.878896    -3.838570
      -3.460291     1.931798    -3.836732
      -3.114068     2.982592    -3.831144
      -0.899788    -3.832877    -3.839687
      -1.797248    -3.188664    -3.841619
      -2.691292    -2.539472    -3.841170
      -3.581053    -1.885534    -3.838713
       4.478330    -2.177898    -3.281051
       4.455378    -2.170515    -2.185733
       3.588336    -2.832730    -3.285156
       2.695432    -3.484031    -3.286849
       1.799568    -4.131003    -3.287054
       0.901028    -4.775193    -3.284826
       0.898760    -4.762472    -2.186881
       3.669122     3.755682    -3.267723
       3.650540     3.715511    -2.178453
       4.016737     2.696490    -3.278983
       4.359699     1.641203    -3.283321
       4.698629     0.586892    -3.283351
       5.033537    -0.467275    -3.280163
       5.010602    -0.463046    -2.185042
      -2.223936     4.806892    -3.265151
      -2.197121     4.775790    -2.176250
      -1.109159     4.811159    -3.273324
       0.000002     4.813706    -3.275422
       1.109163     4.811158    -3.273324
       2.223940     4.806890    -3.265151
       2.197125     4.775789    -2.176250
      -5.033537    -0.467270    -3.280163
      -5.010602    -0.463042    -2.185042
      -4.698628     0.586896    -3.283351
      -4.359697     1.641206    -3.283321
      -4.016735     2.696493    -3.278983
      -3.669119     3.755685    -3.267723
      -3.650537     3.715514    -2.178453
      -0.901032    -4.775192    -3.284826
      -0.898763    -4.762471    -2.186881
      -1.799571    -4.131002    -3.287054
      -2.695434    -3.484029    -3.286849
      -3.588339    -2.832727    -3.285156
      -4.478332    -2.177894    -3.281051
      -4.455380    -2.170511    -2.185733
       5.344408    -2.462639    -1.630247
       5.343725    -2.461864    -0.543975
       5.343725    -2.461864     0.543975
       4.488217    -3.125685    -2.728137
       4.466098    -3.118044    -1.633441
       4.459980    -3.113814    -0.544177
       4.459980    -3.113814     0.544177
       4.466098    -3.118044     1.633441
       3.594885    -3.779523    -2.730909
       3.580346    -3.767985    -1.635290
       3.575454    -3.763485    -0.544863
       3.575454    -3.763485     0.544863
       3.580346    -3.767985     1.635290
       2.700273    -4.428919    -2.731977
       2.690604    -4.414893    -1.635978
       2.687647    -4.409734    -0.545131
       2.687647    -4.409734     0.545131
       2.690604    -4.414893     1.635978
       1.803810    -5.074378    -2.733446
       1.798969    -5.059923    -1.637226
       1.798021    -5.054444    -0.545619
       1.798021    -5.054444     0.545619
       1.798969    -5.059923     1.637226
       0.905939    -5.712011    -1.636634
       0.907041    -5.708159    -0.545405
       0.907041    -5.708159     0.545405
       4.226105     4.478127    -1.658350
       4.222795     4.479434    -0.551135
       4.222795     4.479434     0.551135
       4.575841     3.465444    -2.716660
       4.560295     3.425820    -1.628416
       4.559167     3.426618    -0.543489
       4.559167     3.426618     0.543489
       4.560295     3.425820     1.628416
       4.919000     2.404006    -2.726816
       4.904554     2.385728    -1.632547
       4.897998     2.381565    -0.543797
       4.897998     2.381565     0.543797
       4.904554     2.385728     1.632547
       5.260467     1.348703    -2.728849
       5.243105     1.341172    -1.633971
       5.236178     1.337959    -0.544298
       5.236178     1.337959     0.544298
       5.243105     1.341172     1.633971
       5.598443     0.292866    -2.727004
       5.576822     0.295094    -1.632685
       5.569296     0.292951    -0.543833
       5.569296     0.292951     0.543833
       5.576822     0.295094     1.632685
       5.901690    -0.751687    -1.629963
       5.900070    -0.753912    -0.543777
       5.900070    -0.753912     0.543777
      -2.753945     5.553757    -1.654740
      -2.755722     5.550592    -0.550248
      -2.755722     5.550592     0.550248
      -1.667725     5.583215    -2.712191
      -1.649207     5.568411    -1.623431
      -1.652823     5.563095    -0.541200
      -1.652823     5.563095     0.541200
      -1.649207     5.568411     1.623431
      -0.555168     5.587984    -2.718201
      -0.550015     5.574656    -1.628606
      -0.551206     5.569301    -0.542839
      -0.551206     5.569301     0.542839
      -0.550015     5.574656     1.628606
       0.555173     5.587984    -2.718201
       0.550020     5.574656    -1.628606
       0.551211     5.569301    -0.542839
       0.551211     5.569301     0.542839
       0.550020     5.574656     1.628606
       1.667729     5.583214    -2.712191
       1.649212     5.568410    -1.623431
       1.652827     5.563093    -0.541200
       1.652827     5.563093     0.541200
       1.649212     5.568410     1.623431
       2.753950     5.553755    -1.654740
       2.755726     5.550590    -0.550248
       2.755726     5.550590     0.550248
      -5.901691    -0.751682    -1.629963
      -5.900070    -0.753907    -0.543777
      -5.900070    -0.753907     0.543777
      -5.598443     0.292871    -2.727004
      -5.576821     0.295099    -1.632685
      -5.569295     0.292955    -0.543833
      -5.569295     0.292955     0.543833
      -5.576821     0.295099     1.632685
      -5.260466     1.348708    -2.728849
      -5.243104     1.341176    -1.633971
      -5.236177     1.337963    -0.544298
      -5.236177     1.337963     0.544298
      -5.243104     1.341176     1.633971
      -4.918998     2.404010    -2.726816
      -4.904552     2.385732    -1.632547
      -4.897996     2.381570    -0.543797
      -4.897996     2.381570     0.543797
      -4.904552     2.385732     1.632547
      -4.575838     3.465448    -2.716660
      -4.560292     3.425824    -1.628416
      -4.559164     3.426622    -0.543489
      -4.559164     3.426622     0.543489
      -4.560292     3.425824     1.628416
      -4.226101     4.478131    -1.658350
      -4.222791     4.479438    -0.551135
      -4.222791     4.479438     0.551135
      -0.905944    -5.712010    -1.636634
      -0.907046    -5.708158    -0.545405
      -0.907046    -5.708158     0.545405
      -1.803815    -5.074376    -2.733446
      -1.798973    -5.059921    -1.637226
      -1.798026    -5.054443    -0.545619
      -1.798026    -5.054443     0.545619
      -1.798973    -5.059921     1.637226
      -2.700277    -4.428917    -2.731977
      -2.690608    -4.414891    -1.635978
      -2.687651    -4.409732    -0.545131
      -2.687651    -4.409732     0.545131
      -2.690608    -4.414891     1.635978
      -3.594888    -3.779520    -2.730909
      -3.580349    -3.767982    -1.635290
      -3.575457    -3.763483    -0.544863
      -3.575457    -3.763483     0.544863
      -3.580349    -3.767982     1.635290
      -4.488219    -3.125681    -2.728137
      -4.466100    -3.118041    -1.633441
      -4.459983    -3.113810    -0.544177
      -4.459983    -3.113810     0.544177
      -4.466100    -3.118041     1.633441
      -5.344410    -2.462634    -1.630247
      -5.343727    -2.461859    -0.543975
      -5.343727    -2.461859     0.543975
       0.000000     0.225309     5.510724
      -0.000002    -5.402731     2.183946
       5.328214    -1.510331     2.184027
       3.305898     4.766278     2.212412
      -3.305894     4.766281     2.212412
      -5.328215    -1.510326     2.184027
       5.344408    -2.462639     1.630247
       0.905939    -5.712011     1.636634
       4.226105     4.478127     1.658350
       5.901690    -0.751687     1.629963
      -2.753945     5.553757     1.654740
       2.753950     5.553755     1.654740
      -5.901691    -0.751682     1.629963
      -4.226101     4.478131     1.658350
      -0.905944    -5.712010     1.636634
      -5.344410    -2.462634     1.630247
      -0.000000    -0.709600     6.077373
      -0.000001    -1.653359     5.513822
      -0.000001    -2.593462     4.954722
      -0.000001    -3.533233     4.397364
       0.889483    -0.062470     6.077006
       1.786363    -0.354403     5.513381
       2.679830    -0.645348     4.954423
       3.573170    -0.936490     4.397111
       0.549655     0.983834     6.075303
       1.103772     1.746778     5.510258
       1.656151     2.507219     4.949570
       2.209154     3.268116     4.389777
      -0.549654     0.983834     6.075303
      -1.103770     1.746779     5.510258
      -1.656149     2.507221     4.949570
      -2.209152     3.268118     4.389777
      -0.889484    -0.062469     6.077006
      -1.786364    -0.354402     5.513381
      -2.679831    -0.645346     4.954423
      -3.573170    -0.936487     4.397111
       0.896386    -1.008284     5.510288
       1.450163     0.697684     5.508496
       0.000001     1.752119     5.506583
      -1.450163     0.697685     5.508496
      -0.896387    -1.008283     5.510288
       1.791534    -1.301561     4.952423
       0.898285    -1.950843     4.952445
       2.005338     1.458693     4.949218
       2.346417     0.407898     4.950663
      -0.552007     2.515514     4.947070
       0.552009     2.515513     4.947070
      -2.346416     0.407900     4.950663
      -2.005337     1.458695     4.949218
      -0.898287    -1.950843     4.952445
      -1.791535    -1.301559     4.952423
       2.685986    -1.593597     4.395432
       1.795004    -2.245934     4.396790
       0.899153    -2.891898     4.395581
       2.559365     2.219858     4.390538
       2.904009     1.169596     4.393633
       3.241236     0.117175     4.393866
      -1.104763     3.277675     4.388162
       0.000001     3.281531     4.389515
       1.104766     3.277674     4.388162
      -3.241236     0.117178     4.393866
      -2.904008     1.169599     4.393633
      -2.559363     2.219860     4.390538
      -0.899155    -2.891897     4.395581
      -1.795006    -2.245932     4.396790
      -2.685988    -1.593595     4.395432
       3.581052    -1.885537     3.838713
       2.691290    -2.539474     3.841170
       1.797245    -3.188665     3.841619
       0.899784    -3.832878     3.839687
       3.114070     2.982589     3.831144
       3.460292     1.931795     3.836732
       3.801132     0.878893     3.838570
       4.136374    -0.174458     3.837477
      -1.659256     4.040569     3.828500
      -0.553240     4.046147     3.832000
       0.553244     4.046146     3.832000
       1.659259     4.040568     3.828500
      -4.136374    -0.174455     3.837477
      -3.801131     0.878896     3.838570
      -3.460291     1.931798     3.836732
      -3.114068     2.982592     3.831144
      -0.899788    -3.832877     3.839687
      -1.797248    -3.188664     3.841619
      -2.691292    -2.539472     3.841170
      -3.581053    -1.885534     3.838713
       3.588336    -2.832730     3.285156
       2.695432    -3.484031     3.286849
       1.799568    -4.131003     3.287054
       4.016737     2.696490     3.278983
       4.359699     1.641203     3.283321
       4.698629     0.586892     3.283351
      -1.109159     4.811159     3.273324
       0.000002     4.813706     3.275422
       1.109163     4.811158     3.273324
      -4.698628     0.586896     3.283351
      -4.359697     1.641206     3.283321
      -4.016735     2.696493     3.278983
      -1.799571    -4.131002     3.287054
      -2.695434    -3.484029     3.286849
      -3.588339    -2.832727     3.285156
      -0.000002    -4.474381     3.840594
       4.467996    -1.228295     3.839882
       2.765186     4.032687     3.828504
      -2.765183     4.032689     3.828504
      -4.467997    -1.228291     3.839882
       4.478330    -2.177898     3.281051
       0.901028    -4.775193     3.284826
       3.669122     3.755682     3.267723
       5.033537    -0.467275     3.280163
      -2.223936     4.806892     3.265151
       2.223940     4.806890     3.265151
      -5.033537    -0.467270     3.280163
      -3.669119     3.755685     3.267723
      -0.901032    -4.775192     3.284826
      -4.478332    -2.177894     3.281051
       4.488217    -3.125685     2.728137
       3.594885    -3.779523     2.730909
       2.700273    -4.428919     2.731977
       1.803810    -5.074378     2.733446
       4.575841     3.465444     2.716660
       4.919000     2.404006     2.726816
       5.260467     1.348703     2.728849
       5.598443     0.292866     2.727004
      -1.667725     5.583215     2.712191
      -0.555168     5.587984     2.718201
       0.555173     5.587984     2.718201
       1.667729     5.583214     2.712191
      -5.598443     0.292871     2.727004
      -5.260466     1.348708     2.728849
      -4.918998     2.404010     2.726816
      -4.575838     3.465448     2.716660
      -1.803815    -5.074376     2.733446
      -2.700277    -4.428917     2.731977
      -3.594888    -3.779520     2.730909
      -4.488219    -3.125681     2.728137
      -0.000002    -5.421042    -3.283329
       5.367600    -1.521637    -3.280554
      -5.367601    -1.521632    -3.280554
       5.386300    -2.467037    -2.719246
       0.904946    -5.725983    -2.733593
       5.937534    -0.768609    -2.718711
      -5.937535    -0.768604    -2.718711
      -0.904950    -5.725983    -2.733593
      -5.386302    -2.467032    -2.719246
      -0.000002    -5.421042     3.283329
       5.367600    -1.521637     3.280554
      -5.367601    -1.521632     3.280554
       5.386300    -2.467037     2.719246
       0.904946    -5.725983     2.733593
       5.937534    -0.768609     2.718711
      -5.937535    -0.768604     2.718711
      -0.904950    -5.725983     2.733593
      -5.386302    -2.467032     2.719246
       6.234781    -1.806834    -1.664469
       6.231416    -1.806365    -0.552384
       6.231416    -1.806365     0.552384
       6.234781    -1.806834     1.664469
      -6.234783    -1.806829    -1.664469
      -6.231417    -1.806360    -0.552384
      -6.231417    -1.806360     0.552384
      -6.234783    -1.806829     1.664469
       6.251949    -2.768484    -1.106801
       6.252285    -2.766512     0.000000
       6.251949    -2.768484     1.106801
       5.394923    -3.423299    -2.169520
       5.367657    -3.428005    -1.081317
       5.368613    -3.423571     0.000000
       5.367657    -3.428005     1.081317
       5.394923    -3.423299     2.169520
       4.499754    -4.080667    -2.174994
       4.484129    -4.078216    -1.085620
       4.484025    -4.074479    -0.000000
       4.484129    -4.078216     1.085620
       4.499754    -4.080667     2.174994
       3.605575    -4.732737    -2.176172
       3.597153    -4.725521    -1.086478
       3.596885    -4.722476     0.000000
       3.597153    -4.725521     1.086478
       3.605575    -4.732737     2.176172
       2.710884    -5.380706    -2.177560
       2.708817    -5.370005    -1.087269
       2.708841    -5.367112    -0.000000
       2.708817    -5.370005     1.087269
       2.710884    -5.380706     2.177560
       1.816803    -6.028494    -2.186052
       1.821593    -6.015532    -1.091156
       1.822350    -6.012795     0.000000
       1.821593    -6.015532     1.091156
       1.816803    -6.028494     2.186052
       5.143561     4.187548    -1.105837
       5.140814     4.188854    -0.000000
       5.143561     4.187548     1.105837
       5.487149     3.170700    -2.168851
       5.484135     3.142090    -1.080757
       5.480077     3.144157    -0.000000
       5.484135     3.142090     1.080757
       5.487149     3.170700     2.168851
       5.829711     2.113602    -2.174030
       5.821836     2.101092    -1.084867
       5.818328     2.100961     0.000000
       5.821836     2.101092     1.084867
       5.829711     2.113602     2.174030
       6.169381     1.058041    -2.173925
       6.157278     1.057651    -1.084820
       6.154414     1.055462     0.000000
       6.157278     1.057651     1.084820
       6.169381     1.058041     2.173925
       6.506699    -0.000949    -2.168738
       6.488619     0.012875    -1.080707
       6.486530     0.008756     0.000000
       6.488619     0.012875     1.080707
       6.506699    -0.000949     2.168738
       6.814933    -1.040715    -1.106423
       6.813868    -1.042703    -0.000000
       6.814933    -1.040715     1.106423
      -6.814934    -1.040709    -1.106423
      -6.813869    -1.042698    -0.000000
      -6.814934    -1.040709     1.106423
      -6.506699    -0.000944    -2.168738
      -6.488619     0.012880    -1.080707
      -6.486530     0.008761     0.000000
      -6.488619     0.012880     1.080707
      -6.506699    -0.000944     2.168738
      -6.169380     1.058046    -2.173925
      -6.157277     1.057656    -1.084820
      -6.154413     1.055467     0.000000
      -6.157277     1.057656     1.084820
      -6.169380     1.058046     2.173925
      -5.829709     2.113607    -2.174030
      -5.821834     2.101097    -1.084867
      -5.818327     2.100966     0.000000
      -5.821834     2.101097     1.084867
      -5.829709     2.113607     2.174030
      -5.487147     3.170705    -2.168851
      -5.484132     3.142094    -1.080757
      -5.480075     3.144161     0.000000
      -5.484132     3.142094     1.080757
      -5.487147     3.170705     2.168851
      -5.143557     4.187553    -1.105837
      -5.140810     4.188858     0.000000
      -5.143557     4.187553     1.105837
      -1.816808    -6.028492    -2.186052
      -1.821598    -6.015531    -1.091156
      -1.822355    -6.012794    -0.000000
      -1.821598    -6.015531     1.091156
      -1.816808    -6.028492     2.186052
      -2.710889    -5.380704    -2.177560
      -2.708822    -5.370003    -1.087269
      -2.708846    -5.367109     0.000000
      -2.708822    -5.370003     1.087269
      -2.710889    -5.380704     2.177560
      -3.605579    -4.732734    -2.176172
      -3.597157    -4.725518    -1.086478
      -3.596889    -4.722473     0.000000
      -3.597157    -4.725518     1.086478
      -3.605579    -4.732734     2.176172
      -4.499758    -4.080663    -2.174994
      -4.484132    -4.078213    -1.085620
      -4.484028    -4.074475     0.000000
      -4.484132    -4.078213     1.085620
      -4.499758    -4.080663     2.174994
      -5.394926    -3.423294    -2.169520
      -5.367660    -3.428000    -1.081317
      -5.368615    -3.423566    -0.000000
      -5.367660    -3.428000     1.081317
      -5.394926    -3.423294     2.169520
      -6.251951    -2.768479    -1.106801
      -6.252288    -2.766506     0.000000
      -6.251951    -2.768479     1.106801