
  -0.0000004145   0.2892271280  -0.5501325727
  -0.0000004146   0.2892274559   0.5501312613
  -0.0000008528  -0.6379445195  -0.0000003995
   0.8817923665   0.0027149857  -0.0000005815
   0.5449779630   1.0393248796  -0.0000008756
  -0.5449780822   1.0393253565  -0.0000008755
  -0.8817934394   0.0027158204  -0.0000005813
  -0.0000008513  -0.6382032037  -1.0998607874
   0.8820379972   0.0026348566  -1.0998609066
   0.5451297760   1.0395334959  -1.0998612642
  -0.5451298952   1.0395339727  -1.0998612642
  -0.8820391297   0.0026356871  -1.0998609066
  -0.0000004139   0.2892268300  -1.6503856182
  -0.0000012908  -1.5681053400  -0.5492464304
   1.7664275169  -0.2847210169  -0.5492467880
   1.0917129517   1.7918400764  -0.5492473841
  -1.0917124748   1.7918411493  -0.5492473841
  -1.7664288282  -0.2847193480  -0.5492467880
  -0.0000008548  -0.6382025480   1.0998599529
  -0.0000008496  -0.6389292479  -2.1998162270
   0.8820379972   0.0026354792   1.0998598337
   0.8827281594   0.0024102656  -2.1998164654
   0.5451297760   1.0395340919   1.0998594761
   0.5455562472   1.0401202440  -2.1998167038
  -0.5451298952   1.0395346880   1.0998594761
  -0.5455564260   1.0401207209  -2.1998167038
  -0.8820391297   0.0026363167   1.0998598337
  -0.8827292323   0.0024110933  -2.1998164654
   0.8864557743  -0.9308759570   0.5496172309
   0.8869794011  -0.9315973520  -1.6490551233
   0.8864557743  -0.9308763146  -0.5496178269
   1.4343171120   0.7552646399   0.5496167541
   1.4351643324   0.7555392385  -1.6490556002
   1.4343171120   0.7552643418  -0.5496183634
   0.0000003002   1.7973576784   0.5496164560
   0.0000002943   1.7982479334  -1.6490558386
   0.0000002972   1.7973574400  -0.5496186018
  -1.4343174696   0.7552660108   0.5496167541
  -1.4351646900   0.7555406094  -1.6490556002
  -1.4343174696   0.7552657127  -0.5496183634
  -0.8864577413  -0.9308751225   0.5496172309
  -0.8869813681  -0.9315965176  -1.6490551233
  -0.8864577413  -0.9308754802  -0.5496178269
  -0.0000012944  -1.5681049824   0.5492461324
  -0.0000012874  -1.5689948797  -1.6480302811
   1.7664275169  -0.2847207189   0.5492457747
   1.7672733068  -0.2849961817  -1.6480307579
   1.0917130709   1.7918404341   0.5492451787
   1.0922356844   1.7925592661  -1.6480313540
  -1.0917124748   1.7918413877   0.5492451787
  -1.0922352076   1.7925602198  -1.6480313540
  -1.7664288282  -0.2847190499   0.5492457747
  -1.7672746181  -0.2849945128  -1.6480307579
  -0.0000004138   0.2892277837   1.6503843069
  -0.0000004133   0.2892264724  -2.7506105900
  -0.0000017284  -2.5012722015  -1.0964072943
  -0.0000017339  -2.5009124279   0.0000001306
   2.6539218426  -0.5730861425  -1.0964078903
   2.6535797119  -0.5729746819  -0.0000004182
   1.6402151585   2.5467875004  -1.0964088440
   1.6400039196   2.5464968681  -0.0000013042
  -1.6402138472   2.5467889309  -1.0964088440
  -1.6400026083   2.5464985371  -0.0000013043
  -2.6539235115  -0.5730836391  -1.0964078903
  -2.6535813808  -0.5729721785  -0.0000004180
  -0.0000008564  -0.6389279962   2.1998155117
  -0.0000008489  -0.6401148438  -3.2996914387
  -0.0000012983  -1.5689939260   1.6480300426
  -0.0000012857  -1.5710588694  -2.7471330166
   0.8827281594   0.0024115113   2.1998152733
   0.8838553429   0.0020436270  -3.2996914387
   1.7672733068  -0.2849952579   1.6480296850
   1.7692357302  -0.2856342196  -2.7471334934
   0.5455563068   1.0401214361   2.1998150349
   0.5462529063   1.0410785675  -3.2996919155
   1.0922356844   1.7925601006   1.6480290890
   1.0934486389   1.7942283154  -2.7471339703
  -0.5455563664   1.0401220322   2.1998150349
  -0.5462530255   1.0410791636  -3.2996919155
  -1.0922350883   1.7925611734   1.6480290890
  -1.0934480429   1.7942292690  -2.7471339703
  -0.8827292323   0.0024123527   2.1998152733
  -0.8838564157   0.0020444531  -3.2996914387
  -1.7672746181  -0.2849935591   1.6480296850
  -1.7692371607  -0.2856325805  -2.7471334934
   0.8869793415  -0.9315963984   1.6490545273
   0.8881143332  -0.9331598878  -2.7485063076
   1.4351643324   0.7555401921   1.6490540504
   1.4370006323   0.7561355233  -2.7485067844
   0.0000003033   1.7982488871   1.6490536928
   0.0000002930   1.8001784086  -2.7485072613
  -1.4351646900   0.7555415630   1.6490540504
  -1.4370009899   0.7561368942  -2.7485067844
  -0.8869813681  -0.9315955639   1.6490545273
  -0.8881163001  -0.9331590533  -2.7485063076
   1.7745509148  -1.2225528955   1.0978301764
   1.7760695219  -1.2242122889  -2.1961452961
   1.7745509148  -1.2225534916  -1.0978306532
   1.7742353678  -1.2221412659  -0.0000002335
   0.8894196749  -1.8656376600   1.0978302956
   0.8905276060  -1.8675954342  -2.1961450577
   0.8894196749  -1.8656382561  -1.0978304148
   0.8891254663  -1.8652105331  -0.0000000501
   1.9861549139   1.5097602606   1.0978294611
   1.9882013798   1.5106910467  -2.1961462498
   1.9861549139   1.5097595453  -1.0978314877
   1.9856656790   1.5095871687  -0.0000010099
   2.3242442608   0.4692263007   1.0978296995
   2.3264474869   0.4696743190  -2.1961457729
   2.3242442608   0.4692256749  -1.0978311300
   2.3237469196   0.4690782726  -0.0000007142
  -0.5470403433   2.5553386211   1.0978291035
  -0.5472941995   2.5575718880  -2.1961464882
  -0.5470403433   2.5553379059  -1.0978317261
  -0.5470271707   2.5548195839  -0.0000013068
   0.5470417142   2.5553381443   1.0978291035
   0.5472955108   2.5575714111  -2.1961464882
   0.5470416546   2.5553374290  -1.0978317261
   0.5470284820   2.5548191071  -0.0000013065
  -2.3242449760   0.4692285061   1.0978296995
  -2.3264482021   0.4696764946  -2.1961457729
  -2.3242449760   0.4692278802  -1.0978311300
  -2.3237473965   0.4690804780  -0.0000007146
  -1.9861545563   1.5097620487   1.0978294611
  -1.9882010221   1.5106929541  -2.1961462498
  -1.9861545563   1.5097614527  -1.0978314877
  -1.9856653214   1.5095889568  -0.0000010096
  -0.8894225359  -1.8656368256   1.0978302956
  -0.8905304670  -1.8675945997  -2.1961450577
  -0.8894225359  -1.8656374216  -1.0978304148
  -0.8891283274  -1.8652096987  -0.0000000505
  -1.7745531797  -1.2225512266   1.0978301764
  -1.7760717869  -1.2242106199  -2.1961452961
  -1.7745531797  -1.2225518227  -1.0978306532
  -1.7742376328  -1.2221395969  -0.0000002329
  -0.0000017397  -2.5012717247   1.0964076519
  -0.0000017242  -2.5028474331  -2.1935610771
   2.6539218426  -0.5730855465   1.0964070559
   2.6554193497  -0.5735731125  -2.1935617924
   1.6402151585   2.5467879772   1.0964062214
   1.6411406994   2.5480608940  -2.1935627460
  -1.6402138472   2.5467896461   1.0964062214
  -1.6411395073   2.5480625629  -2.1935627460
  -2.6539235115  -0.5730829835   1.0964070559
  -2.6554210186  -0.5735706091  -2.1935617924
  -0.0000004133   0.2892280519   2.7506093979
  -0.0000004136   0.2892260849  -3.8509378433
  -0.0000021654  -3.4376366138  -1.6411683559
  -0.0000021725  -3.4371576309  -0.5470342040
  -0.0000021806  -3.4371573925   0.5470349789
   3.5444569588  -0.8624392152  -1.6411691904
   3.5440015793  -0.8622909784  -0.5470349193
   3.5440015793  -0.8622906804   0.5470342636
   2.1905965805   3.3043215275  -1.6411703825
   2.1903152466   3.3039345741  -0.5470361710
   2.1903152466   3.3039348125   0.5470331311
  -2.1905946732   3.3043234348  -1.6411703825
  -2.1903133392   3.3039367199  -0.5470361710
  -2.1903133392   3.3039369583   0.5470331311
  -3.5444588661  -0.8624359369  -1.6411691904
  -3.5440034866  -0.8622876406  -0.5470349193
  -3.5440037251  -0.8622873425   0.5470342636
  -0.0000008583  -0.6401129365   3.2996904850
  -0.0000008490  -0.6420580745  -4.3995990753
  -0.0000013023  -1.5710573196   2.7471327782
  -0.0000012851  -1.5745483637  -3.8460104465
  -0.0000017456  -2.5028462410   2.1935615540
  -0.0000017226  -2.5073180199  -3.2916190624
   0.8838552833   0.0020454959   3.2996904850
   0.8857030272   0.0014428395  -4.3995995522
   1.7692357302  -0.2856326699   2.7471323013
   1.7725540400  -0.2867127955  -3.8460109234
   2.6554193497  -0.5735718608   2.1935610771
   2.6596708298  -0.5749548674  -3.2916197777
   0.5462529063   1.0410804749   3.2996902466
   0.5473948717   1.0426499844  -4.3996000290
   1.0934486389   1.7942298651   2.7471318245
   1.0954993963   1.7970505953  -3.8460116386
   1.6411408186   2.5480623245   2.1935601234
   1.6437683105   2.5516772270  -3.2916207314
  -0.5462530255   1.0410810709   3.2996902466
  -0.5473949909   1.0426504612  -4.3996000290
  -1.0934480429   1.7942308187   2.7471318245
  -1.0954989195   1.7970515490  -3.8460116386
  -1.6411393881   2.5480637550   2.1935601234
  -1.6437669992   2.5516786575  -3.2916207314
  -0.8838564157   0.0020463404   3.2996904850
  -0.8857041597   0.0014436662  -4.3995995522
  -1.7692371607  -0.2856310010   2.7471323013
  -1.7725554705  -0.2867111564  -3.8460109234
  -2.6554210186  -0.5735693574   2.1935610771
  -2.6596724987  -0.5749523640  -3.2916197777
   0.8881142735  -0.9331583381   2.7485055923
   0.8899831176  -0.9357324839  -3.8474774361
   1.4370006323   0.7561370730   2.7485053539
   1.4400243759   0.7571175694  -3.8474779129
   0.0000003066   1.8001799583   2.7485048771
   0.0000002929   1.8033573627  -3.8474783897
  -1.4370009899   0.7561384439   2.7485053539
  -1.4400247335   0.7571189404  -3.8474779129
  -0.8881163001  -0.9331574440   2.7485055923
  -0.8899850845  -0.9357316494  -3.8474774361
   1.7760695219  -1.2242110968   2.1961448193
   1.7793549299  -1.2272546291  -3.2941484451
   0.8905276060  -1.8675942421   2.1961450577
   0.8924055099  -1.8716604710  -3.2941482067
   1.9882013798   1.5106922388   2.1961441040
   1.9921096563   1.5128751993  -3.2941493988
   2.3264477253   0.4696755409   2.1961443424
   2.3308935165   0.4702038467  -3.2941491604
  -0.5472941995   2.5575730801   2.1961438656
  -0.5481641293   2.5619635582  -3.2941498756
   0.5472955704   2.5575726032   2.1961438656
   0.5481654406   2.5619630814  -3.2941498756
  -2.3264482021   0.4696777463   2.1961443424
  -2.3308942318   0.4702060223  -3.2941491604
  -1.9882010221   1.5106941462   2.1961441040
  -1.9921094179   1.5128771067  -3.2941493988
  -0.8905304670  -1.8675934076   2.1961450577
  -0.8924083710  -1.8716596365  -3.2941482067
  -1.7760717869  -1.2242093086   2.1961448193
  -1.7793571949  -1.2272529602  -3.2941484451
   2.6647202969  -1.5147122145   1.6433479786
   2.6680510044  -1.5179531574  -2.7399566174
   2.6647202969  -1.5147131681  -1.6433483362
   2.6641271114  -1.5137392282  -0.5476964712
   2.6641271114  -1.5137388706   0.5476961732
   1.7807726860  -2.1617987156   1.6443887949
   1.7839355469  -2.1661531925  -2.7411758900
   1.7807726860  -2.1617996693  -1.6443886757
   1.7796702385  -2.1602818966  -0.5480192900
   1.7796702385  -2.1602814198   0.5480193496
   0.8922014236  -2.8025212288   1.6433483362
   0.8942531943  -2.8066911697  -2.7399561405
   0.8922014236  -2.8025221825  -1.6433479786
   0.8914587498  -2.8016567230  -0.5476961136
   0.8914587498  -2.8016564846   0.5476965308
   2.5390925407   2.2660794258   1.6433470249
   2.5432026386   2.2682447433  -2.7399578094
   2.5390925407   2.2660784721  -1.6433495283
   2.5379831791   2.2658157349  -0.5476976037
   2.5379831791   2.2658159733   0.5476951599
   2.8813533783   1.2254345417   1.6443878412
   2.8864710331   1.2270960808  -2.7411768436
   2.8813533783   1.2254337072  -1.6443897486
   2.8795697689   1.2248544693  -0.5480203032
   2.8795697689   1.2248548269   0.5480184555
   3.2161331177   0.1823588908   1.6433476210
   3.2207319736   0.1830207855  -2.7399570942
   3.2161331177   0.1823579818  -1.6433488131
   3.2150809765   0.1819193363  -0.5476970077
   3.2150809765   0.1819196343   0.5476956964
  -1.0954756737   3.3149290085   1.6433466673
  -1.0962660313   3.3195064068  -2.7399580479
  -1.0954756737   3.3149280548  -1.6433497667
  -1.0955680609   3.3137922287  -0.5476979017
  -1.0955680609   3.3137924671   0.5476948619
   0.0000010280   3.3188617229   1.6443872452
   0.0000010076   3.3242411613  -2.7411775589
   0.0000010098   3.3188607693  -1.6443903446
   0.0000010149   3.3169856071  -0.5480208993
   0.0000010213   3.3169858456   0.5480177999
   1.0954777002   3.3149280548   1.6433466673
   1.0962680578   3.3195052147  -2.7399580479
   1.0954777002   3.3149271011  -1.6433497667
   1.0955700874   3.3137910366  -0.5476979017
   1.0955700874   3.3137915134   0.5476948619
  -3.2161340714   0.1823619604   1.6433476210
  -3.2207329273   0.1830237955  -2.7399570942
  -3.2161340714   0.1823610067  -1.6433488131
  -3.2150819302   0.1819223613  -0.5476970077
  -3.2150819302   0.1819226891   0.5476956964
  -2.8813533783   1.2254372835   1.6443878412
  -2.8864710331   1.2270988226  -2.7411768436
  -2.8813533783   1.2254363298  -1.6443897486
  -2.8795695305   1.2248572111  -0.5480203032
  -2.8795695305   1.2248574495   0.5480184555
  -2.5390915871   2.2660818100   1.6433470249
  -2.5432016850   2.2682471275  -2.7399578094
  -2.5390915871   2.2660808563  -1.6433495283
  -2.5379822254   2.2658181190  -0.5476976037
  -2.5379822254   2.2658183575   0.5476951599
  -0.8922051787  -2.8025202751   1.6433483362
  -0.8942569494  -2.8066904545  -2.7399561405
  -0.8922051787  -2.8025212288  -1.6433479786
  -0.8914625049  -2.8016560078  -0.5476961136
  -0.8914625049  -2.8016555309   0.5476965308
  -1.7807759047  -2.1617970467   1.6443887949
  -1.7839386463  -2.1661515236  -2.7411758900
  -1.7807757854  -2.1617980003  -1.6443886757
  -1.7796734571  -2.1602802277  -0.5480192900
  -1.7796734571  -2.1602797508   0.5480193496
  -2.6647229195  -1.5147097111   1.6433479786
  -2.6680533886  -1.5179506540  -2.7399566174
  -2.6647229195  -1.5147106647  -1.6433483362
  -2.6641297340  -1.5137367249  -0.5476964712
  -2.6641297340  -1.5137363672   0.5476961732
  -0.0000021884  -3.4376356602   1.6411691904
  -0.0000021602  -3.4393479824  -2.7362174988
   3.5444569588  -0.8624383211   1.6411684752
   3.5460841656  -0.8629683256  -2.7362184525
   2.1905965805   3.3043222427   1.6411674023
   2.1916022301   3.3057053089  -2.7362196445
  -2.1905946732   3.3043243885   1.6411674023
  -2.1916003227   3.3057072163  -2.7362196445
  -3.5444588661  -0.8624349236   1.6411684752
  -3.5460860729  -0.8629649878  -2.7362184525
  -0.0000004135   0.2892282605   3.8509364128
  -0.0000004140   0.2892256081  -4.9519448280
  -0.0000026027  -4.3785281181  -2.1860446930
  -0.0000026114  -4.3778114319  -1.0936571360
  -0.0000026214  -4.3773584366   0.0000006647
  -0.0000026318  -4.3778109550   1.0936584473
   4.4392971992  -1.1531913280  -2.1860456467
   4.4386162758  -1.1529695988  -1.0936580896
   4.4381856918  -1.1528294086  -0.0000002539
   4.4386162758  -1.1529690027   1.0936576128
   2.7436389923   4.0655179024  -2.1860473156
   2.7432179451   4.0649390221  -1.0936596394
   2.7429518700   4.0645728111  -0.0000017356
   2.7432179451   4.0649394989   1.0936561823
  -2.7436363697   4.0655202866  -2.1860473156
  -2.7432153225   4.0649414062  -1.0936596394
  -2.7429492474   4.0645756721  -0.0000017359
  -2.7432153225   4.0649418831   1.0936561823
  -4.4392995834  -1.1531871557  -2.1860456467
  -4.4386186600  -1.1529654264  -1.0936580896
  -4.4381875992  -1.1528252363  -0.0000002534
  -4.4386186600  -1.1529648304   1.0936576128
  -0.0000008601  -0.6420555711   4.3995985985
  -0.0000008503  -0.6456279755  -5.5013384819
  -0.0000013061  -1.5745460987   3.8460102081
  -0.0000012868  -1.5804570913  -4.9455838203
  -0.0000017515  -2.5073161125   3.2916193008
  -0.0000017239  -2.5155634880  -4.3897709846
  -0.0000021951  -3.4393465519   2.7362184525
  -0.0000021609  -3.4492418766  -3.8346047401
   0.8857030272   0.0014453327   4.3995981216
   0.8890978098   0.0003393969  -5.5013384819
   1.7725540400  -0.2867106497   3.8460099697
   1.7781733274  -0.2885389924  -4.9455842972
   2.6596708298  -0.5749530196   3.2916188240
   2.6675124168  -0.5775030851  -4.3897714615
   3.5460841656  -0.8629667759   2.7362177372
   3.5554933548  -0.8660259247  -3.8346056938
   0.5473948717   1.0426524878   4.3995981216
   0.5494929552   1.0455373526  -5.5013389587
   1.0954995155   1.7970527411   3.8460094929
   1.0989723206   1.8018301725  -4.9455847740
   1.6437683105   2.5516788960   3.2916181087
   1.6486145258   2.5583472252  -4.3897724152
   2.1916022301   3.3057067394   2.7362167835
   2.1974174976   3.3137087822  -3.8346068859
  -0.5473949909   1.0426529646   4.3995981216
  -0.5494930744   1.0455378294  -5.5013389587
  -1.0954988003   1.7970538139   3.8460094929
  -1.0989717245   1.8018311262  -4.9455847740
  -1.6437669992   2.5516805649   3.2916181087
  -1.6486133337   2.5583486557  -4.3897724152
  -2.1916003227   3.3057088852   2.7362167835
  -2.1974155903   3.3137109280  -3.8346068859
  -0.8857041597   0.0014461809   4.3995981216
  -0.8890988827   0.0003402262  -5.5013384819
  -1.7725554705  -0.2867089510   3.8460099697
  -1.7781746387  -0.2885373235  -4.9455842972
  -2.6596724987  -0.5749504566   3.2916188240
  -2.6675140858  -0.5775005817  -4.3897714615
  -3.5460860729  -0.8629634380   2.7362177372
  -3.5554952621  -0.8660225868  -3.8346056938
   0.8899831176  -0.9357302785   3.8474767208
   0.8928186893  -0.9396356940  -4.9465188980
   1.4400243759   0.7571197748   3.8474764824
   1.4446123838   0.7586079836  -4.9465198517
   0.0000003100   1.8033595085   3.8474762440
   0.0000002944   1.8081810474  -4.9465203285
  -1.4400247335   0.7571211457   3.8474764824
  -1.4446128607   0.7586092949  -4.9465198517
  -0.8899850845  -0.9357294440   3.8474767208
  -0.8928206563  -0.9396348596  -4.9465188980
   1.7793549299  -1.2272528410   3.2941479683
   1.7847939730  -1.2318878174  -4.3914589882
   0.8924054503  -1.8716586828   3.2941482067
   0.8951307535  -1.8782653809  -4.3914589882
   1.9921097755   1.5128771067   3.2941474915
   1.9981964827   1.5166161060  -4.3914604187
   2.3308935165   0.4702056944   3.2941477299
   2.3380169868   0.4707544744  -4.3914599419
  -0.5481640697   2.5619654655   3.2941472530
  -0.5498413444   2.5689082146  -4.3914604187
   0.5481654406   2.5619649887   3.2941472530
   0.5498425961   2.5689077377  -4.3914604187
  -2.3308942318   0.4702079296   3.2941477299
  -2.3380177021   0.4707566500  -4.3914599419
  -1.9921094179   1.5128790140   3.2941474915
  -1.9981961250   1.5166180134  -4.3914604187
  -0.8924083710  -1.8716577291   3.2941482067
  -0.8951336145  -1.8782645464  -4.3914589882
  -1.7793571949  -1.2272511721   3.2941479683
  -1.7847962379  -1.2318861485  -4.3914589882
   2.6680510044  -1.5179516077   2.7399563789
   2.6759469509  -1.5231162310  -3.8359816074
   1.7839355469  -2.1661517620   2.7411758900
   1.7892100811  -2.1734132767  -3.8370487690
   0.8942531943  -2.8066897392   2.7399566174
   0.8967233300  -2.8157963753  -3.8359811306
   2.5432028770   2.2682461739   2.7399554253
   2.5505528450   2.2741584778  -3.8359827995
   2.8864710331   1.2270976305   2.7411751747
   2.8950054646   1.2298687696  -3.8370499611
   3.2207319736   0.1830223054   2.7399559021
   3.2301545143   0.1825561523  -3.8359820843
  -1.0962660313   3.3195078373   2.7399549484
  -1.0996192694   3.3283238411  -3.8359830379
   0.0000010353   3.3242428303   2.7411744595
   0.0000010084   3.3332145214  -3.8370506763
   1.0962680578   3.3195068836   2.7399549484
   1.0996212959   3.3283226490  -3.8359830379
  -3.2207329273   0.1830253899   2.7399559021
  -3.2301552296   0.1825591624  -3.8359820843
  -2.8864710331   1.2271003723   2.7411751747
  -2.8950052261   1.2298713923  -3.8370499611
  -2.5432016850   2.2682485580   2.7399554253
  -2.5505516529   2.2741608620  -3.8359827995
  -0.8942569494  -2.8066887856   2.7399566174
  -0.8967270255  -2.8157956600  -3.8359811306
  -1.7839386463  -2.1661500931   2.7411758900
  -1.7892131805  -2.1734116077  -3.8370487690
  -2.6680533886  -1.5179489851   2.7399563789
  -2.6759493351  -1.5231137276  -3.8359816074
   3.5572452545  -1.8080173731   2.1852924824
   3.5654284954  -1.8141061068  -3.2802212238
   3.5572452545  -1.8080185652  -2.1852924824
   3.5566949844  -1.8063932657  -1.0926958323
   3.5564575195  -1.8060535192  -0.0000000693
   3.5566949844  -1.8063926697   1.0926957130
   2.6749866009  -2.4593744278   2.1873104572
   2.6823580265  -2.4669926167  -3.2819409370
   2.6749868393  -2.4593756199  -2.1873102188
   2.6724920273  -2.4561119080  -1.0933885574
   2.6720116138  -2.4554662704   0.0000001166
   2.6724920273  -2.4561114311   1.0933887959
   1.7874557972  -3.1042027473   2.1873106956
   1.7924218178  -3.1135685444  -3.2819406986
   1.7874557972  -3.1042039394  -2.1873099804
   1.7851232290  -3.1008224487  -1.0933884382
   1.7846578360  -3.1001658440   0.0000003017
   1.7851232290  -3.1008217335   1.0933890343
   0.8953449130  -3.7419991493   2.1852929592
   0.8986054063  -3.7516644001  -3.2802205086
   0.8953449130  -3.7420003414  -2.1852920055
   0.8939695358  -3.7409744263  -1.0926953554
   0.8937201500  -3.7406432629   0.0000004850
   0.8939695358  -3.7409737110   1.0926963091
   3.0938477516   3.0242848396   2.1852912903
   3.1021656990   3.0301849842  -3.2802226543
   3.0938477516   3.0242836475  -2.1852941513
   3.0921323299   3.0242629051  -1.0926972628
   3.0917360783   3.0241422653  -0.0000014417
   3.0921323299   3.0242633820   1.0926944017
   3.4406921864   1.9839267731   2.1873092651
   3.4502139091   1.9885821342  -3.2819423676
   3.4406921864   1.9839255810  -2.1873116493
   3.4368176460   1.9825617075  -1.0933898687
   3.4360554218   1.9823046923  -0.0000011452
   3.4368176460   1.9825623035   1.0933876038
   3.7796981335   0.9405717254   2.1873097420
   3.7901387215   0.9423994422  -3.2819421291
   3.7796981335   0.9405705333  -2.1873114109
   3.7757618427   0.9393972754  -1.0933896303
   3.7749938965   0.9391577244  -0.0000008475
   3.7757618427   0.9393979311   1.0933879614
   4.1106014252  -0.1049660817   2.1852920055
   4.1207995415  -0.1048529297  -3.2802217007
   4.1106014252  -0.1049672887  -2.1852931976
   4.1092009544  -0.1059580445  -1.0926964283
   4.1088089943  -0.1060927287  -0.0000005498
   4.1092009544  -0.1059574410   1.0926952362
  -1.6451431513   4.0768308640   2.1852908134
  -1.6481854916   4.0865640640  -3.2802231312
  -1.6451431513   4.0768299103  -2.1852943897
  -1.6456530094   4.0751919746  -1.0926976204
  -1.6456605196   4.0747780800  -0.0000017402
  -1.6456530094   4.0751924515   1.0926941633
  -0.5485227704   4.0852112770   2.1873087883
  -0.5500093699   4.0957045555  -3.2819430828
  -0.5485228300   4.0852098465  -2.1873123646
  -0.5484225750   4.0811042786  -1.0933904648
  -0.5484133959   4.0802998543  -0.0000017407
  -0.5484225154   4.0811047554   1.0933870077
   0.5485255718   4.0852108002   2.1873087883
   0.5500121117   4.0957040787  -3.2819430828
   0.5485255718   4.0852093697  -2.1873123646
   0.5484253168   4.0811033249  -1.0933904648
   0.5484161377   4.0802993774  -0.0000017391
   0.5484253168   4.0811042786   1.0933870077
   1.6451458931   4.0768294334   2.1852908134
   1.6481882334   4.0865621567  -3.2802231312
   1.6451458931   4.0768280029  -2.1852943897
   1.6456557512   4.0751905441  -1.0926976204
   1.6456632614   4.0747766495  -0.0000017368
   1.6456557512   4.0751910210   1.0926941633
  -4.1106023788  -0.1049621552   2.1852920055
  -4.1208004951  -0.1048490778  -3.2802217007
  -4.1106023788  -0.1049634367  -2.1852931976
  -4.1092019081  -0.1059541777  -1.0926964283
  -4.1088104248  -0.1060888395  -0.0000005527
  -4.1092019081  -0.1059535369   1.0926952362
  -3.7796983719   0.9405753016   2.1873097420
  -3.7901389599   0.9424030185  -3.2819421291
  -3.7796983719   0.9405740499  -2.1873114109
  -3.7757620811   0.9394008517  -1.0933896303
  -3.7749941349   0.9391613007  -0.0000008490
  -3.7757620811   0.9394015074   1.0933879614
  -3.4406914711   1.9839301109   2.1873092651
  -3.4502131939   1.9885853529  -3.2819423676
  -3.4406914711   1.9839287996  -2.1873116493
  -3.4368169308   1.9825649261  -1.0933898687
  -3.4360547066   1.9823080301  -0.0000011437
  -3.4368169308   1.9825655222   1.0933876038
  -3.0938460827   3.0242879391   2.1852912903
  -3.1021637917   3.0301878452  -3.2802226543
  -3.0938460827   3.0242867470  -2.1852941513
  -3.0921304226   3.0242657661  -1.0926972628
  -3.0917344093   3.0241451263  -0.0000014388
  -3.0921304226   3.0242664814   1.0926944017
  -0.8953495622  -3.7419981956   2.1852929592
  -0.8986100554  -3.7516634464  -3.2802205086
  -0.8953495026  -3.7419993877  -2.1852920055
  -0.8939741850  -3.7409734726  -1.0926953554
  -0.8937247992  -3.7406425476   0.0000004818
  -0.8939741850  -3.7409729958   1.0926963091
  -1.7874598503  -3.1042008400   2.1873106956
  -1.7924257517  -3.1135668755  -3.2819406986
  -1.7874597311  -3.1042022705  -2.1873099804
  -1.7851272821  -3.1008207798  -1.0933884382
  -1.7846617699  -3.1001641750   0.0000003004
  -1.7851272821  -3.1008200645   1.0933890343
  -2.6749901772  -2.4593718052   2.1873104572
  -2.6823613644  -2.4669902325  -3.2819409370
  -2.6749901772  -2.4593729973  -2.1873102188
  -2.6724953651  -2.4561095238  -1.0933885574
  -2.6720151901  -2.4554636478   0.0000001185
  -2.6724953651  -2.4561088085   1.0933887959
  -3.5572481155  -1.8080140352   2.1852924824
  -3.5654311180  -1.8141027689  -3.2802212238
  -3.5572481155  -1.8080152273  -2.1852924824
  -3.5566978455  -1.8063899279  -1.0926958323
  -3.5564603806  -1.8060501814  -0.0000000657
  -3.5566978455  -1.8063893318   1.0926957130
  -0.0000026411  -4.3785266876   2.1860458851
   4.4392971992  -1.1531901360   2.1860451698
   2.7436389923   4.0655193329   2.1860437393
  -2.7436361313   4.0655217171   2.1860437393
  -4.4392995834  -1.1531858444   2.1860451698
   4.4533333778  -2.1025979519  -1.6360579729
   4.4527039528  -2.1010582447  -0.5456981659
   4.4527039528  -2.1010580063   0.5456982255
   4.4533333778  -2.1025969982   1.6360579729
   3.5748941898  -2.7607877254  -2.7252273560
   3.5691123009  -2.7549295425  -1.6347461939
   3.5681004524  -2.7531816959  -0.5449756384
   3.5681004524  -2.7531814575   0.5449759960
   3.5691123009  -2.7549285889   1.6347466707
   2.6875085831  -3.4098160267  -2.7270708084
   2.6827757359  -3.4033017159  -1.6358965635
   2.6813788414  -3.4013786316  -0.5453585386
   2.6813788414  -3.4013781548   0.5453593135
   2.6827757359  -3.4033007622   1.6358973980
   1.7960280180  -4.0532083511  -2.7252268791
   1.7922434807  -4.0458989143  -1.6347458363
   1.7908941507  -4.0443959236  -0.5449752212
   1.7908941507  -4.0443959236   0.5449763536
   1.7922433615  -4.0458979607   1.6347469091
   0.8985993862  -4.6852602959  -1.6360572577
   0.8973297477  -4.6841859818  -0.5456974506
   0.8973297477  -4.6841855049   0.5456989408
   0.8985993266  -4.6852593422   1.6360586882
   3.6509158611   3.7854840755  -1.6360597610
   3.6492574215   3.7853617668  -0.5456998944
   3.6492574215   3.7853620052   0.5456965566
   3.6509158611   3.7854847908   1.6360564232
   4.0054388046   2.7466466427  -2.7252290249
   3.9980807304   2.7429585457  -1.6347478628
   3.9961061478   2.7425365448  -0.5449771881
   3.9961061478   2.7425367832   0.5449745059
   3.9980807304   2.7429594994   1.6347451210
   4.3484840393   1.7021319866  -2.7270722389
   4.3408265114   1.6996442080  -1.6358981133
   4.3385658264   1.6989101171  -0.5453600287
   4.3385658264   1.6989104748   0.5453578830
   4.3408265114   1.6996451616   1.6358959675
   4.6849036217   0.6554645300  -2.7252283096
   4.6767830849   0.6541241407  -1.6347472668
   4.6749372482   0.6533055305  -0.5449765921
   4.6749372482   0.6533058286   0.5449750423
   4.6767830849   0.6541250348   1.6347457170
   5.0087008476  -0.3933554590  -1.6360584497
   5.0072870255  -0.3942306638  -0.5456986427
   5.0072870255  -0.3942303658   0.5456977487
   5.0087008476  -0.3933545649   1.6360574961
  -2.1969439983   4.8418569565  -1.6360601187
  -2.1973400116   4.8402419090  -0.5457001925
  -2.1973397732   4.8402423859   0.5456962585
  -2.1969439983   4.8418579102   1.6360561848
  -1.0993977785   4.8580093384  -2.7252297401
  -1.0981633663   4.8498721123  -1.6347484589
  -1.0983718634   4.8478641510  -0.5449777842
  -1.0983718634   4.8478646278   0.5449739099
  -1.0981633663   4.8498730659   1.6347445250
   0.0000017265   4.8614921570  -2.7270731926
   0.0000017302   4.8534407616  -1.6358990669
   0.0000017383   4.8510646820  -0.5453609228
   0.0000017483   4.8510646820   0.5453570485
   0.0000017588   4.8534417152   1.6358951330
   1.0994012356   4.8580083847  -2.7252297401
   1.0981668234   4.8498711586  -1.6347484589
   1.0983753204   4.8478631973  -0.5449777842
   1.0983754396   4.8478631973   0.5449739099
   1.0981669426   4.8498721123   1.6347445250
   2.1969475746   4.8418550491  -1.6360601187
   2.1973433495   4.8402400017  -0.5457001925
   2.1973433495   4.8402404785   0.5456963181
   2.1969475746   4.8418555260   1.6360561848
  -5.0087022781  -0.3933507502  -1.6360584497
  -5.0072884560  -0.3942259550  -0.5456987023
  -5.0072884560  -0.3942256272   0.5456977487
  -5.0087022781  -0.3933497965   1.6360574961
  -4.6849040985   0.6554688811  -2.7252283096
  -4.6767835617   0.6541285515  -1.6347472668
  -4.6749377251   0.6533099413  -0.5449765921
  -4.6749377251   0.6533102989   0.5449750423
  -4.6767835617   0.6541295052   1.6347457170
  -4.3484835625   1.7021360397  -2.7270722389
  -4.3408255577   1.6996482611  -1.6358981133
  -4.3385653496   1.6989142895  -0.5453600287
  -4.3385653496   1.6989145279   0.5453578830
  -4.3408255577   1.6996492147   1.6358959675
  -4.0054373741   2.7466504574  -2.7252290249
  -3.9980792999   2.7429623604  -1.6347478628
  -3.9961047173   2.7425403595  -0.5449771881
  -3.9961047173   2.7425405979   0.5449745059
  -3.9980792999   2.7429633141   1.6347451210
  -3.6509134769   3.7854874134  -1.6360597610
  -3.6492550373   3.7853653431  -0.5456998944
  -3.6492550373   3.7853655815   0.5456966162
  -3.6509134769   3.7854883671   1.6360564232
  -0.8986048698  -4.6852598190  -1.6360572577
  -0.8973352909  -4.6841850281  -0.5456974506
  -0.8973352909  -4.6841850281   0.5456989408
  -0.8986049294  -4.6852588654   1.6360586882
  -1.7960329056  -4.0532064438  -2.7252268791
  -1.7922483683  -4.0458974838  -1.6347458363
  -1.7908990383  -4.0443944931  -0.5449752212
  -1.7908990383  -4.0443940163   0.5449763536
  -1.7922483683  -4.0458965302   1.6347469091
  -2.6875128746  -3.4098136425  -2.7270708084
  -2.6827800274  -3.4032990932  -1.6358965635
  -2.6813831329  -3.4013760090  -0.5453585386
  -2.6813831329  -3.4013757706   0.5453593135
  -2.6827800274  -3.4032981396   1.6358973980
  -3.5748977661  -2.7607843876  -2.7252273560
  -3.5691161156  -2.7549262047  -1.6347461939
  -3.5681042671  -2.7531783581  -0.5449756384
  -3.5681042671  -2.7531778812   0.5449759960
  -3.5691161156  -2.7549252510   1.6347466707
  -4.4533362389  -2.1025938988  -1.6360579729
  -4.4527072906  -2.1010541916  -0.5456981659
  -4.4527072906  -2.1010537148   0.5456982255
  -4.4533362389  -2.1025929451   1.6360579729
  -0.0000025963  -4.3779668808  -3.2787544727
   4.4387631416  -1.1530181170  -3.2787554264
   2.7433087826   4.0650629997  -3.2787570953
  -2.7433061600   4.0650658607  -3.2787570953
  -4.4387655258  -1.1530139446  -3.2787554264
  -0.0000004142   0.2892251313  -6.0556149483
  -0.0000030454  -5.3310742378  -2.7610137463
  -0.0000030528  -5.3273901939  -1.6506112814
  -0.0000030639  -5.3262543678  -0.5496690273
  -0.0000030764  -5.3262543678   0.5496708751
   5.3452224731  -1.4475449324  -2.7610151768
   5.3417186737  -1.4464061260  -1.6506124735
   5.3406391144  -1.4460550547  -0.5496701598
   5.3406391144  -1.4460546970   0.5496698022
   3.3035318851   4.8361434937  -2.7610170841
   3.3013665676   4.8331632614  -1.6506142616
   3.3006994724   4.8322453499  -0.5496719480
   3.3006994724   4.8322458267   0.5496680737
  -3.3035285473   4.8361463547  -2.7610170841
  -3.3013629913   4.8331665993  -1.6506142616
  -3.3006958961   4.8322486877  -0.5496719480
  -3.3006958961   4.8322486877   0.5496680737
  -5.3452248573  -1.4475399256  -2.7610151768
  -5.3417210579  -1.4464011192  -1.6506124735
  -5.3406414986  -1.4460499287  -0.5496701598
  -5.3406414986  -1.4460496902   0.5496698022
  -0.0000008508  -0.6471369267  -6.6199846268
  -0.0000012911  -1.5910702944  -6.0556449890
  -0.0000017303  -2.5319094658  -5.4953265190
  -0.0000021698  -3.4733343124  -4.9356918335
  -0.0000026119  -4.4192905426  -4.3744997978
   0.8905324936  -0.0001272418  -6.6199846268
   1.7882666588  -0.2918189466  -6.0556454659
   2.6830577850  -0.5825544596  -5.4953274727
   3.5784063339  -0.8734711409  -4.9356923103
   4.4780640602  -1.1657880545  -4.3745007515
   0.5503796339   1.0467572212  -6.6199851036
   1.1052103043   1.8104156256  -6.0556464195
   1.6582221985   2.5715703964  -5.4953284264
   2.2115783691   3.3331992626  -4.9356937408
   2.7675979137   4.0984940529  -4.3745026588
  -0.5503797531   1.0467578173  -6.6199851036
  -1.1052097082   1.8104166985  -6.0556464195
  -1.6582208872   2.5715720654  -5.4953284264
  -2.2115764618   3.3332014084  -4.9356937408
  -2.7675952911   4.0984964371  -4.3745026588
  -0.8905335665  -0.0001264117  -6.6199846268
  -1.7882679701  -0.2918172777  -6.0556454659
  -2.6830594540  -0.5825519562  -5.4953274727
  -3.5784082413  -0.8734678030  -4.9356923103
  -4.4780659676  -1.1657838821  -4.3745007515
   0.8975619674  -0.9461646676  -6.0529880524
   1.4522871971   0.7611012459  -6.0529885292
   0.0000002978   1.8162504435  -6.0529890060
  -1.4522875547   0.7611025572  -6.0529885292
  -0.8975639343  -0.9461638331  -6.0529880524
   1.7939848900  -1.2395853996  -5.4943046570
   0.8996109962  -1.8893853426  -5.4943046570
   2.0083570480   1.5229783058  -5.4943060875
   2.3499767780   0.4715788960  -5.4943056107
  -0.5527526736   2.5805373192  -5.4943060875
   0.5527539849   2.5805368423  -5.4943060875
  -2.3499774933   0.4715811014  -5.4943056107
  -2.0083568096   1.5229800940  -5.4943060875
  -0.8996138573  -1.8893845081  -5.4943046570
  -1.7939871550  -1.2395837307  -5.4943046570
   2.6900494099  -1.5315856934  -4.9357066154
   1.7976325750  -2.1850063801  -4.9375119209
   0.9004198909  -2.8318264484  -4.9357061386
   2.5629651546   2.2849533558  -4.9357080460
   2.9086334705   1.2342964411  -4.9375128746
   3.2465417385   0.1811180711  -4.9357070923
  -1.1060506105   3.3434643745  -4.9357080460
   0.0000010132   3.3475434780  -4.9375138283
   1.1060526371   3.3434631824  -4.9357080460
  -3.2465426922   0.1811210960  -4.9357070923
  -2.9086334705   1.2342990637  -4.9375128746
  -2.5629642010   2.2849557400  -4.9357080460
  -0.9004236460  -2.8318254948  -4.9357061386
  -1.7976357937  -2.1850047112  -4.9375119209
  -2.6900520325  -1.5315831900  -4.9357066154
   3.5875599384  -1.8233143091  -4.3759937286
   2.6954691410  -2.4786953926  -4.3800473213
   1.7994998693  -3.1296546459  -4.3800473213
   0.9005236030  -3.7755584717  -4.3759927750
   3.1177618504   3.0483875275  -4.3759951591
   3.4653952122   1.9974349737  -4.3800487518
   3.8076243401   0.9441600442  -4.3800482750
   4.1441164017  -0.1104125157  -4.3759942055
  -1.6606779099   4.1070213318  -4.3759956360
  -0.5537380576   4.1128783226  -4.3800497055
   0.5537407994   4.1128778458  -4.3800497055
   1.6606806517   4.1070199013  -4.3759956360
  -4.1441178322  -0.1104086414  -4.3759942055
  -3.8076245785   0.9441635609  -4.3800482750
  -3.4653944969   1.9974381924  -4.3800487518
  -3.1177601814   3.0483903885  -4.3759951591
  -0.9005282521  -3.7755577564  -4.3759927750
  -1.7995038033  -3.1296529770  -4.3800473213
  -2.6954727173  -2.4786927700  -4.3800473213
  -3.5875627995  -1.8233109713  -4.3759937286
   4.4946660995  -2.1122014523  -3.8123660088
   4.4538736343  -2.1048133373  -2.7233161926
   3.5951774120  -2.7712340355  -3.8208701611
   2.6989507675  -3.4255652428  -3.8232386112
   1.7996947765  -4.0757274628  -3.8208696842
   0.8949594498  -4.7275385857  -3.8123652935
   0.9005388618  -4.6864590645  -2.7233154774
   3.6728210449   3.8218257427  -3.8123679161
   3.6531894207   3.7853131294  -2.7233181000
   4.0216412544   2.7627091408  -3.8208718300
   4.3669981956   1.7081472874  -3.8232402802
   4.7074532509   0.6519929171  -3.8208711147
   5.0477838516  -0.4098823369  -3.8123664856
   5.0104398727  -0.3918815851  -2.7233166695
  -2.2247385979   4.8739194870  -3.8123683929
  -2.1960792542   4.8439660072  -2.7233185768
  -1.1096673012   4.8783822060  -3.8208725452
   0.0000017314   4.8809585571  -3.8232412338
   1.1096707582   4.8783812523  -3.8208725452
   2.2247421741   4.8739175797  -3.8123683929
   2.1960828304   4.8439640999  -2.7233185768
  -5.0477852821  -0.4098775983  -3.8123664856
  -5.0104413033  -0.3918769062  -2.7233166695
  -4.7074537277   0.6519973278  -3.8208711147
  -4.3669977188   1.7081513405  -3.8232402802
  -4.0216398239   2.7627127171  -3.8208718300
  -3.6728186607   3.8218290806  -3.8123679161
  -3.6531867981   3.7853164673  -2.7233181000
  -0.8949649930  -4.7275376320  -3.8123652935
  -0.9005443454  -4.6864585876  -2.7233154774
  -1.7996996641  -4.0757255554  -3.8208696842
  -2.6989550591  -3.4255628586  -3.8232386112
  -3.5951812267  -2.7712306976  -3.8208701611
  -4.4946689606  -2.1121971607  -3.8123660088
  -4.4538764954  -2.1048090458  -2.7233161926
   5.3615665436  -2.4096343517  -2.2039093971
   5.3605952263  -2.4074499607  -1.0993841887
   5.3597979546  -2.4072885513   0.0000000965
   4.5007777214  -3.0680637360  -3.2589559555
   4.4766783714  -3.0690948963  -2.1692526340
   4.4760770798  -3.0636072159  -1.0851505995
   4.4752755165  -3.0626714230   0.0000002848
   4.4760770798  -3.0636067390   1.0851511955
   3.6033368111  -3.7257714272  -3.2653501034
   3.5915780067  -3.7192504406  -2.1749453545
   3.5894074440  -3.7147665024  -1.0876929760
   3.5886442661  -3.7138113976   0.0000004737
   3.5894072056  -3.7147657871   1.0876939297
   2.7049920559  -4.3784565926  -3.2653498650
   2.7024245262  -4.3652577400  -2.1749453545
   2.6988310814  -4.3618073463  -1.0876927376
   2.6981587410  -4.3607859612   0.0000006619
   2.6988310814  -4.3618068695   1.0876941681
   1.8021497726  -5.0287299156  -3.2589552402
   1.8105778694  -5.0061283112  -2.1692519188
   1.8055450916  -5.0038599968  -1.0851500034
   1.8049029112  -5.0028085709   0.0000008480
   1.8055450916  -5.0038595200   1.0851516724
   0.9099475145  -5.6439213753  -2.2039084435
   0.9081704617  -5.6423225403  -1.0993831158
   0.9082638025  -5.6415138245   0.0000010313
   4.2235841751   4.5543856621  -2.2039115429
   4.2212066650   4.5541372299  -1.0993862152
   4.2208075523   4.5534291267  -0.0000018812
   4.5837888718   3.5322608948  -3.2589581013
   4.5773229599   3.5090224743  -2.1692545414
   4.5719184875   3.5101466179  -1.0851526260
   4.5707812309   3.5096738338  -0.0000015838
   4.5719184875   3.5101473331   1.0851494074
   4.9319820404   2.4755008221  -3.2653520107
   4.9221467972   2.4663329124  -2.1749472618
   4.9172115326   2.4656543732  -1.0876947641
   4.9160680771   2.4652237892  -0.0000012843
   4.9172115326   2.4656548500   1.0876922607
   5.2751183510   1.4194334745  -3.2653517723
   5.2617726326   1.4210703373  -2.1749470234
   5.2573809624   1.4187191725  -1.0876945257
   5.2562022209   1.4183957577  -0.0000009833
   5.2573809624   1.4187197685   1.0876924992
   5.6145710945   0.3598337471  -3.2589571476
   5.5956807137   0.3748339117  -2.1692535877
   5.5919690132   0.3707486093  -1.0851516724
   5.5907707214   0.3704631031  -0.0000006823
   5.5919690132   0.3707492054   1.0851502419
   5.9239482880  -0.6788055301  -2.2039101124
   5.9218783379  -0.6800010800  -1.0993846655
   5.9211387634  -0.6796622276  -0.0000003825
  -2.7512490749   5.6241002083  -2.2039120197
  -2.7517471313   5.6217627525  -1.0993865728
  -2.7511963844   5.6211643219  -0.0000021850
  -1.6678413153   5.6508212090  -3.2589588165
  -1.6477382183   5.6374907494  -2.1692552567
  -1.6504769325   5.6326985359  -1.0851532221
  -1.6503784657   5.6314706802  -0.0000021862
  -1.6504769325   5.6326990128   1.0851488113
  -0.5552052855   5.6554155350  -3.2653529644
  -0.5495249033   5.6432290077  -2.1749482155
  -0.5504041910   5.6383261681  -1.0876957178
  -0.5503479242   5.6371054649  -0.0000021843
  -0.5504041314   5.6383266449   1.0876914263
   0.5552095175   5.6554150581  -3.2653529644
   0.5495290756   5.6432285309  -2.1749482155
   0.5504083633   5.6383256912  -1.0876957178
   0.5503521562   5.6371049881  -0.0000021804
   0.5504084229   5.6383261681   1.0876914263
   1.6678454876   5.6508197784  -3.2589588165
   1.6477423906   5.6374893188  -2.1692552567
   1.6504812241   5.6326971054  -1.0851532221
   1.6503826380   5.6314692497  -0.0000021756
   1.6504812241   5.6326975822   1.0851488113
   2.7512533665   5.6240978241  -2.2039120197
   2.7517511845   5.6217603683  -1.0993865728
   2.7512006760   5.6211619377  -0.0000021716
  -5.9239497185  -0.6787999868  -2.2039101124
  -5.9218802452  -0.6799955368  -1.0993846655
  -5.9211406708  -0.6796566248  -0.0000003951
  -5.6145720482   0.3598390222  -3.2589571476
  -5.5956811905   0.3748391569  -2.1692535877
  -5.5919694901   0.3707538843  -1.0851516724
  -5.5907711983   0.3704683781  -0.0000006925
  -5.5919694901   0.3707545102   1.0851502419
  -5.2751178741   1.4194383621  -3.2653517723
  -5.2617721558   1.4210752249  -2.1749470234
  -5.2573804855   1.4187241793  -1.0876945257
  -5.2562022209   1.4184007645  -0.0000009871
  -5.2573804855   1.4187247753   1.0876924992
  -4.9319806099   2.4755055904  -3.2653520107
  -4.9221453667   2.4663374424  -2.1749472618
  -4.9172105789   2.4656589031  -1.0876947641
  -4.9160666466   2.4652285576  -0.0000012806
  -4.9172105789   2.4656596184   1.0876922607
  -4.5837869644   3.5322651863  -3.2589581013
  -4.5773205757   3.5090267658  -2.1692545414
  -4.5719161034   3.5101509094  -1.0851526260
  -4.5707788467   3.5096781254  -0.0000015738
  -4.5719161034   3.5101516247   1.0851494074
  -4.2235808372   4.5543899536  -2.2039115429
  -4.2212038040   4.5541415215  -1.0993862152
  -4.2208042145   4.5534329414  -0.0000018686
  -0.9099538922  -5.6439208984  -2.2039084435
  -0.9081768990  -5.6423215866  -1.0993832350
  -0.9082702398  -5.6415128708   0.0000010182
  -1.8021554947  -5.0287280083  -3.2589552402
  -1.8105837107  -5.0061264038  -2.1692519188
  -1.8055509329  -5.0038585663  -1.0851500034
  -1.8049087524  -5.0028066635   0.0000008378
  -1.8055509329  -5.0038580894   1.0851516724
  -2.7049973011  -4.3784537315  -3.2653498650
  -2.7024295330  -4.3652553558  -2.1749453545
  -2.6988360882  -4.3618049622  -1.0876928568
  -2.6981639862  -4.3607835770   0.0000006583
  -2.6988363266  -4.3618040085   1.0876941681
  -3.6033415794  -3.7257680893  -3.2653501034
  -3.5915825367  -3.7192471027  -2.1749453545
  -3.5894119740  -3.7147631645  -1.0876929760
  -3.5886487961  -3.7138080597   0.0000004780
  -3.5894119740  -3.7147624493   1.0876939297
  -4.5007820129  -3.0680594444  -3.2589559555
  -4.4766821861  -3.0690906048  -2.1692526340
  -4.4760808945  -3.0636031628  -1.0851505995
  -4.4752798080  -3.0626671314   0.0000002958
  -4.4760813713  -3.0636024475   1.0851511955
  -5.3615703583  -2.4096293449  -2.2039093971
  -5.3605985641  -2.4074447155  -1.0993841887
  -5.3598012924  -2.4072835445   0.0000001102
  -0.0000004138   0.2892284393   4.9519433975
  -0.0000030884  -5.3273892403   1.6506131887
   5.3417186737  -1.4464051723   1.6506121159
   3.3013665676   4.8331642151   1.6506103277
  -3.3013629913   4.8331675529   1.6506103277
  -5.3417210579  -1.4464001656   1.6506121159
   5.3605952263  -2.4074492455   1.0993843079
   0.9081704617  -5.6423215866   1.0993852615
   4.2212066650   4.5541381836   1.0993825197
   5.9218783379  -0.6800004840   1.0993839502
  -2.7517471313   5.6217637062   1.0993821621
   2.7517511845   5.6217608452   1.0993821621
  -5.9218802452  -0.6799948812   1.0993839502
  -4.2212038040   4.5541419983   1.0993825197
  -0.9081768990  -5.6423206329   1.0993852615
  -5.3605985641  -2.4074442387   1.0993843079
  -0.0000008624  -0.6456248164   5.5013375282
  -0.0000013103  -1.5804543495   4.9455833435
  -0.0000017577  -2.5155611038   4.3897709846
  -0.0000022040  -3.4492397308   3.8346056938
   0.8890978098   0.0003425157   5.5013375282
   1.7781732082  -0.2885361910   4.9455833435
   2.6675124168  -0.5775005817   4.3897705078
   3.5554933548  -0.8660237789   3.8346049786
   0.5494929552   1.0455404520   5.5013370514
   1.0989723206   1.8018329144   4.9455828667
   1.6486146450   2.5583496094   4.3897695541
   2.1974174976   3.3137109280   3.8346037865
  -0.5494930744   1.0455409288   5.5013370514
  -1.0989717245   1.8018339872   4.9455828667
  -1.6486132145   2.5583512783   4.3897695541
  -2.1974155903   3.3137130737   3.8346037865
  -0.8890988827   0.0003433684   5.5013375282
  -1.7781746387  -0.2885344923   4.9455833435
  -2.6675140858  -0.5774980187   4.3897705078
  -3.5554952621  -0.8660203815   3.8346049786
   0.8928186893  -0.9396328926   4.9465184212
   1.4446123838   0.7586107254   4.9465179443
   0.0000003137   1.8081839085   4.9465179443
  -1.4446127415   0.7586121559   4.9465179443
  -0.8928206563  -0.9396319985   4.9465184212
   1.7847939730  -1.2318853140   4.3914589882
   0.8951306939  -1.8782628775   4.3914589882
   1.9981964827   1.5166186094   4.3914580345
   2.3380169868   0.4707569480   4.3914585114
  -0.5498412848   2.5689108372   4.3914580345
   0.5498426557   2.5689101219   4.3914580345
  -2.3380177021   0.4707591832   4.3914585114
  -1.9981961250   1.5166205168   4.3914580345
  -0.8951336145  -1.8782620430   4.3914589882
  -1.7847962379  -1.2318836451   4.3914589882
   2.6759467125  -1.5231140852   3.8359811306
   1.7892099619  -2.1734111309   3.8370487690
   0.8967232704  -2.8157942295   3.8359816074
   2.5505528450   2.2741606236   3.8359804153
   2.8950054646   1.2298709154   3.8370480537
   3.2301545143   0.1825582981   3.8359808922
  -1.0996192694   3.3283259869   3.8359801769
   0.0000010428   3.3332166672   3.8370475769
   1.0996214151   3.3283250332   3.8359801769
  -3.2301552296   0.1825613827   3.8359808922
  -2.8950052261   1.2298736572   3.8370480537
  -2.5505516529   2.2741630077   3.8359804153
  -0.8967270851  -2.8157935143   3.8359816074
  -1.7892131805  -2.1734094620   3.8370487690
  -2.6759493351  -1.5231115818   3.8359811306
   3.5654282570  -1.8141043186   3.2802209854
   2.6823580265  -2.4669907093   3.2819411755
   1.7924216986  -3.1135666370   3.2819414139
   0.8986053467  -3.7516624928   3.2802214622
   3.1021656990   3.0301866531   3.2802197933
   3.4502139091   1.9885839224   3.2819402218
   3.7901387215   0.9424012899   3.2819404602
   4.1207995415  -0.1048511043   3.2802205086
  -1.6481854916   4.0865654945   3.2802195549
  -0.5500093102   4.0957064629   3.2819395065
   0.5500121117   4.0957059860   3.2819395065
   1.6481882334   4.0865640640   3.2802195549
  -4.1208004951  -0.1048471630   3.2802205086
  -3.7901389599   0.9424049258   3.2819404602
  -3.4502131939   1.9885872602   3.2819402218
  -3.1021637917   3.0301897526   3.2802197933
  -0.8986100554  -3.7516615391   3.2802214622
  -1.7924258709  -3.1135649681   3.2819414139
  -2.6823616028  -2.4669883251   3.2819411755
  -3.5654311180  -1.8141008615   3.2802209854
   3.5748941898  -2.7607862949   2.7252278328
   2.6875085831  -3.4098145962   2.7270715237
   1.7960278988  -4.0532069206   2.7252280712
   4.0054388046   2.7466483116   2.7252261639
   4.3484840393   1.7021335363   2.7270700932
   4.6849036217   0.6554660201   2.7252268791
  -1.0993976593   4.8580107689   2.7252256870
   0.0000017702   4.8614935875   2.7270693779
   1.0994012356   4.8580098152   2.7252256870
  -4.6849040985   0.6554704905   2.7252268791
  -4.3484835625   1.7021377087   2.7270700932
  -4.0054373741   2.7466521263   2.7252261639
  -1.7960329056  -4.0532050133   2.7252280712
  -2.6875128746  -3.4098119736   2.7270715237
  -3.5748977661  -2.7607827187   2.7252278328
  -0.0000026470  -4.3779649734   3.2787556648
   4.4387631416  -1.1530163288   3.2787549496
   2.7433090210   4.0650649071   3.2787537575
  -2.7433061600   4.0650677681   3.2787537575
  -4.4387655258  -1.1530120373   3.2787549496
   4.4538736343  -2.1048116684   2.7233161926
   0.9005388618  -4.6864576340   2.7233169079
   3.6531894207   3.7853145599   2.7233147621
   5.0104398727  -0.3918800950   2.7233159542
  -2.1960792542   4.8439674377   2.7233145237
   2.1960828304   4.8439655304   2.7233145237
  -5.0104413033  -0.3918752968   2.7233159542
  -3.6531867981   3.7853181362   2.7233147621
  -0.9005444050  -4.6864566803   2.7233169079
  -4.4538764954  -2.1048073769   2.7233161926
  -0.0000030993  -5.3310728073   2.7610156536
   5.3452224731  -1.4475433826   2.7610146999
   3.3035318851   4.8361449242   2.7610130310
  -3.3035283089   4.8361477852   2.7610130310
  -5.3452248573  -1.4475383759   2.7610146999
  -0.0000004140   0.2892285883   6.0556135178
   5.3615665436  -2.4096331596   2.2039096355
   4.4766783714  -3.0690937042   2.1692531109
   3.5915780067  -3.7192492485   2.1749463081
   2.7024245262  -4.3652563095   2.1749465466
   1.8105778694  -5.0061268806   2.1692535877
   0.9099474549  -5.6439204216   2.2039105892
   4.2235841751   4.5543870926   2.2039077282
   4.5773229599   3.5090236664   2.1692514420
   4.9221467972   2.4663341045   2.1749446392
   5.2617726326   1.4210715294   2.1749451160
   5.5956807137   0.3748351038   2.1692521572
   5.9239482880  -0.6788043380   2.2039091587
  -2.7512490749   5.6241016388   2.2039074898
  -1.6477382183   5.6374921799   2.1692507267
  -0.5495248437   5.6432299614   2.1749439240
   0.5495291352   5.6432294846   2.1749439240
   1.6477425098   5.6374902725   2.1692507267
   2.7512533665   5.6240987778   2.2039074898
  -5.9239497185  -0.6787986755   2.2039091587
  -5.5956811905   0.3748404384   2.1692521572
  -5.2617721558   1.4210765362   2.1749451160
  -4.9221453667   2.4663386345   2.1749446392
  -4.5773205757   3.5090279579   2.1692514420
  -4.2235808372   4.5543909073   2.2039079666
  -0.9099539518  -5.6439194679   2.2039105892
  -1.8105837107  -5.0061249733   2.1692535877
  -2.7024297714  -4.3652539253   2.1749465466
  -3.5915825367  -3.7192459106   2.1749463081
  -4.4766821861  -3.0690894127   2.1692531109
  -5.3615703583  -2.4096279144   2.2039096355
  -0.0000008633  -0.6471331716   6.6199836731
  -0.0000013160  -1.5910668373   6.0556449890
  -0.0000017669  -2.5319063663   5.4953269958
  -0.0000022176  -3.4733316898   4.9356923103
  -0.0000026702  -4.4192881584   4.3745012283
   0.8905324936  -0.0001234877   6.6199836731
   1.7882666588  -0.2918155193   6.0556445122
   2.6830577850  -0.5825514197   5.4953265190
   3.5784060955  -0.8734683394   4.9356918335
   4.4780640602  -1.1657855511   4.3745002747
   0.5503796339   1.0467610359   6.6199836731
   1.1052103043   1.8104190826   6.0556440353
   1.6582221985   2.5715734959   5.4953255653
   2.2115783691   3.3332021236   4.9356908798
   2.7675979137   4.0984964371   4.3744988441
  -0.5503797531   1.0467615128   6.6199836731
  -1.1052097082   1.8104201555   6.0556440353
  -1.6582208872   2.5715751648   5.4953255653
  -2.2115764618   3.3332042694   4.9356908798
  -2.7675952911   4.0984988213   4.3744988441
  -0.8905335665  -0.0001226332   6.6199836731
  -1.7882679701  -0.2918137908   6.0556445122
  -2.6830594540  -0.5825487971   5.4953265190
  -3.5784082413  -0.8734649420   4.9356918335
  -4.4780659676  -1.1657812595   4.3745002747
   0.8975619078  -0.9461612105   6.0529875755
   1.4522871971   0.7611046433   6.0529870987
   0.0000003183   1.8162539005   6.0529870987
  -1.4522875547   0.7611060143   6.0529870987
  -0.8975639343  -0.9461603761   6.0529875755
   1.7939848900  -1.2395823002   5.4943046570
   0.8996109962  -1.8893822432   5.4943046570
   2.0083570480   1.5229814053   5.4943037033
   2.3499767780   0.4715819955   5.4943041801
  -0.5527526140   2.5805404186   5.4943037033
   0.5527539849   2.5805399418   5.4943037033
  -2.3499774933   0.4715842605   5.4943041801
  -2.0083568096   1.5229833126   5.4943037033
  -0.8996139169  -1.8893814087   5.4943046570
  -1.7939871550  -1.2395805120   5.4943046570
   2.6900494099  -1.5315828323   4.9357061386
   1.7976325750  -2.1850037575   4.9375119209
   0.9004198909  -2.8318235874   4.9357066154
   2.5629653931   2.2849562168   4.9357051849
   2.9086334705   1.2342991829   4.9375109673
   3.2465417385   0.1811208278   4.9357061386
  -1.1060506105   3.3434672356   4.9357051849
   0.0000010515   3.3475463390   4.9375104904
   1.1060526371   3.3434660435   4.9357051849
  -3.2465426922   0.1811239421   4.9357061386
  -2.9086332321   1.2343019247   4.9375109673
  -2.5629642010   2.2849586010   4.9357051849
  -0.9004237056  -2.8318226337   4.9357066154
  -1.7976357937  -2.1850018501   4.9375119209
  -2.6900520325  -1.5315803289   4.9357061386
   3.5875599384  -1.8233119249   4.3759932518
   2.6954691410  -2.4786930084   4.3800477982
   1.7994997501  -3.1296522617   4.3800477982
   0.9005235434  -3.7755560875   4.3759937286
   3.1177618504   3.0483899117   4.3759922981
   3.4653952122   1.9974374771   4.3800463676
   3.8076243401   0.9441624880   4.3800468445
   4.1441164017  -0.1104100719   4.3759932518
  -1.6606779099   4.1070237160   4.3759918213
  -0.5537379980   4.1128807068   4.3800458908
   0.5537407994   4.1128802299   4.3800458908
   1.6606807709   4.1070222855   4.3759918213
  -4.1441178322  -0.1104061007   4.3759932518
  -3.8076245785   0.9441661239   4.3800468445
  -3.4653944969   1.9974408150   4.3800463676
  -3.1177601814   3.0483930111   4.3759922981
  -0.9005282521  -3.7755551338   4.3759937286
  -1.7995039225  -3.1296503544   4.3800477982
  -2.6954727173  -2.4786903858   4.3800477982
  -3.5875627995  -1.8233084679   4.3759932518
   4.4946660995  -2.1121993065   3.8123660088
   3.5951774120  -2.7712321281   3.8208703995
   2.6989507675  -3.4255630970   3.8232395649
   1.7996947765  -4.0757250786   3.8208708763
   0.8949593902  -4.7275362015   3.8123667240
   3.6728210449   3.8218278885   3.8123645782
   4.0216412544   2.7627110481   3.8208689690
   4.3669981956   1.7081494331   3.8232381344
   4.7074532509   0.6519950628   3.8208696842
   5.0477838516  -0.4098802209   3.8123655319
  -2.2247385979   4.8739218712   3.8123643398
  -1.1096671820   4.8783845901   3.8208684921
   0.0000017839   4.8809609413   3.8232371807
   1.1096707582   4.8783836365   3.8208684921
   2.2247421741   4.8739199638   3.8123643398
  -5.0477857590  -0.4098753929   3.8123655319
  -4.7074537277   0.6519995332   3.8208696842
  -4.3669977188   1.7081536055   3.8232381344
  -4.0216398239   2.7627151012   3.8208689690
  -3.6728186607   3.8218314648   3.8123645782
  -0.8949650526  -4.7275357246   3.8123667240
  -1.7996997833  -4.0757236481   3.8208708763
  -2.6989550591  -3.4255607128   3.8232395649
  -3.5951812267  -2.7712285519   3.8208703995
  -4.4946689606  -2.1121950150   3.8123660088
   4.5007777214  -3.0680618286   3.2589566708
   3.6033368111  -3.7257695198   3.2653510571
   2.7049920559  -4.3784546852   3.2653512955
   1.8021496534  -5.0287280083   3.2589571476
   4.5837888718   3.5322628021   3.2589547634
   4.9319820404   2.4755027294   3.2653493881
   5.2751183510   1.4194352627   3.2653498650
   5.6145710945   0.3598355651   3.2589557171
  -1.6678411961   5.6508231163   3.2589542866
  -0.5552052259   5.6554174423   3.2653486729
   0.5552095771   5.6554169655   3.2653486729
   1.6678454876   5.6508216858   3.2589542866
  -5.6145720482   0.3598409295   3.2589557171
  -5.2751178741   1.4194402695   3.2653498650
  -4.9319806099   2.4755074978   3.2653493881
  -4.5837869644   3.5322670937   3.2589550018
  -1.8021556139  -5.0287261009   3.2589571476
  -2.7049973011  -4.3784518242   3.2653512955
  -3.6033415794  -3.7257661819   3.2653510571
  -4.5007820129  -3.0680575371   3.2589566708
