
       0.252086     0.088194     0.004666
       0.252310     0.088322     1.106391
       0.252242    -0.839489     0.555423
       1.134419    -0.198494     0.555109
       0.797318     0.838770     0.555279
      -0.293177     0.838830     0.555597
      -0.630080    -0.198369     0.555647
       0.252346    -0.839492    -0.546181
       1.134577    -0.198544    -0.546140
       0.797451     0.838692    -0.545942
      -0.293135     0.838817    -0.546007
      -0.630057    -0.198370    -0.546078
       0.252398     0.088293    -1.096990
       0.251943    -1.769517     0.004597
       2.019138    -0.486242     0.004347
       1.343839     1.591424     0.004694
      -0.840201     1.591025     0.004856
      -1.514644    -0.485735     0.004857
       0.252581    -0.839735     1.656888
       0.252774    -0.839752    -1.647495
       1.135293    -0.198382     1.656372
       1.135623    -0.198521    -1.647120
       0.798059     0.839418     1.656463
       0.798361     0.839225    -1.646993
      -0.293015     0.839372     1.657016
      -0.292933     0.839341    -1.647376
      -0.630110    -0.198337     1.657146
      -0.630084    -0.198326    -1.647518
       1.139143    -1.132551     1.105448
       1.139604    -1.132611    -1.096398
       1.138886    -1.132255     0.004444
       1.687301     0.554668     1.105061
       1.687809     0.554388    -1.095852
       1.686726     0.554269     0.004547
       0.252073     1.597336     1.105669
       0.252215     1.597241    -1.096115
       0.251926     1.596685     0.004758
      -1.182630     0.554478     1.106197
      -1.182638     0.554498    -1.096501
      -1.182292     0.554227     0.004832
      -0.634545    -1.132143     1.106116
      -0.634507    -1.132130    -1.096606
      -0.634365    -1.131760     0.004731
       0.252014    -1.770022     1.105539
       0.252179    -1.769991    -1.096262
       2.019565    -0.486139     1.104399
       2.020265    -0.486380    -1.095530
       1.344308     1.591985     1.104547
       1.344589     1.591767    -1.095108
      -0.840352     1.591588     1.105769
      -0.840315     1.591565    -1.096040
      -1.515019    -0.485859     1.105863
      -1.515041    -0.485817    -1.096128
       0.252977     0.088615     2.207938
       0.253068     0.088562    -2.198387
       0.251126    -2.701621    -0.545206
       0.251062    -2.701658     0.554416
       2.906777    -0.775096    -0.544301
       2.906133    -0.774859     0.553344
       1.891952     2.346582    -0.543905
       1.891833     2.346700     0.553358
      -1.388808     2.344710    -0.544903
      -1.388817     2.344715     0.554708
      -2.401242    -0.773744    -0.544894
      -2.401210    -0.773775     0.554750
       0.253332    -0.840376     2.757943
       0.253368    -0.840398    -2.748370
       0.252562    -1.771494     2.205918
       0.252582    -1.771457    -2.196480
       1.137085    -0.198265     2.757380
       1.137352    -0.198467    -2.747779
       2.021807    -0.486160     2.204527
       2.022680    -0.486581    -2.195124
       0.799555     0.840554     2.757394
       0.799801     0.840338    -2.747757
       1.346133     1.593577     2.204486
       1.346477     1.593254    -2.194941
      -0.292779     0.840470     2.758017
      -0.292765     0.840443    -2.748303
      -0.840715     1.593238     2.206082
      -0.840706     1.593215    -2.196306
      -0.630316    -0.198363     2.758165
      -0.630393    -0.198295    -2.748456
      -1.516151    -0.486214     2.206225
      -1.516266    -0.486101    -2.196434
       1.140600    -1.133489     2.206111
       1.141082    -1.133619    -2.196726
       1.689513     0.555520     2.205427
       1.690164     0.555084    -2.195963
       0.252754     1.599171     2.206213
       0.252914     1.599027    -2.196569
      -1.183646     0.555225     2.206932
      -1.183718     0.555283    -2.197155
      -0.634996    -1.133301     2.206876
      -0.635059    -1.133237    -2.197262
       2.027912    -1.424933     1.653629
       2.029084    -1.425164    -1.644583
       2.027230    -1.424062    -0.545431
       2.026670    -1.423965     0.554074
       1.142008    -2.068149     1.654503
       1.142435    -2.068126    -1.645318
       1.141251    -2.066481    -0.545639
       1.140995    -2.066498     0.554581
       2.240218     1.310066     1.652949
       2.240767     1.309583    -1.643549
       2.238296     1.308923    -0.544692
       2.238043     1.309106     0.554024
       2.578475     0.268798     1.652960
       2.579630     0.268090    -1.643710
       2.576886     0.267748    -0.544887
       2.576371     0.267994     0.553929
      -0.295538     2.356036     1.654725
      -0.295452     2.355957    -1.645029
      -0.295488     2.353841    -0.545273
      -0.295531     2.353874     0.554920
       0.799323     2.356551     1.653744
       0.799510     2.356371    -1.644181
       0.798815     2.354611    -0.544919
       0.798728     2.354683     0.554412
      -2.073317     0.268476     1.655198
      -2.073430     0.268562    -1.645339
      -2.071637     0.268134    -0.545361
      -2.071606     0.268109     0.555166
      -1.735333     1.309321     1.655146
      -1.735402     1.309376    -1.645310
      -1.733949     1.308123    -0.545354
      -1.733933     1.308107     0.555140
      -0.638005    -2.067649     1.655004
      -0.638085    -2.067602    -1.645486
      -0.637500    -2.065841    -0.545541
      -0.637510    -2.065850     0.554964
      -1.523266    -1.424258     1.655144
      -1.523378    -1.424186    -1.645434
      -1.522084    -1.422926    -0.545444
      -1.522065    -1.422943     0.555097
       0.251469    -2.703662     1.653812
       0.251441    -2.703576    -1.644493
       2.907445    -0.774684     1.651287
       2.909275    -0.775448    -1.642160
       1.893126     2.347706     1.651018
       1.893379     2.347405    -1.641533
      -1.389581     2.346672     1.654049
      -1.389580     2.346666    -1.644215
      -2.402913    -0.774343     1.654120
      -2.403040    -0.774236    -1.644231
       0.253900     0.088983     3.309404
       0.253871     0.088941    -3.299712
       0.250096    -3.636469    -1.092546
       0.249867    -3.635349     0.004591
       0.250131    -3.636564     1.101773
       3.797670    -1.065363    -1.089349
       3.796313    -1.064967     0.005558
       3.796154    -1.064602     1.099989
       2.441843     3.104670    -1.089473
       2.441400     3.104787     0.004727
       2.441724     3.104869     1.098923
      -1.939081     3.100614    -1.092184
      -1.938644     3.099455     0.004939
      -1.939079     3.100602     1.102073
      -3.290397    -1.062576    -1.092125
      -3.289293    -1.062294     0.004992
      -3.290285    -1.062658     1.102124
       0.254421    -0.841755     3.858917
       0.254077    -0.841720    -3.849264
       0.253618    -1.774236     3.305665
       0.253131    -1.774170    -3.296160
       0.252505    -2.707610     2.752393
       0.251937    -2.707507    -2.743019
       1.139923    -0.198278     3.858313
       1.139917    -0.198442    -3.848508
       2.025926    -0.486392     3.304328
       2.026495    -0.486843    -3.294435
       2.912216    -0.774933     2.750045
       2.914021    -0.775931    -2.740072
       0.801834     0.842341     3.858274
       0.801805     0.842224    -3.848539
       1.349342     1.596327     3.304162
       1.349468     1.596080    -3.294534
       1.896896     2.350880     2.749581
       1.897059     2.350564    -2.740053
      -0.292718     0.842315     3.858954
      -0.292893     0.842340    -3.849170
      -0.841457     1.596169     3.305776
      -0.841568     1.596186    -3.295941
      -1.391031     2.350545     2.752582
      -1.391099     2.350569    -2.742701
      -0.631049    -0.198575     3.859135
      -0.631346    -0.198399    -3.849356
      -1.518328    -0.486912     3.305989
      -1.518630    -0.486692    -3.296136
      -2.406348    -0.775467     2.752732
      -2.406638    -0.775260    -2.742792
       1.143318    -1.135173     3.306097
       1.143327    -1.135306    -3.296499
       1.693372     0.556843     3.305214
       1.693726     0.556469    -3.295535
       0.253976     1.602263     3.306113
       0.253988     1.602148    -3.296373
      -1.185409     0.556429     3.306908
      -1.185624     0.556559    -3.297039
      -0.635758    -1.135277     3.306870
      -0.636103    -1.135110    -3.297163
       2.031667    -1.426806     2.752600
       2.032422    -1.427117    -2.743083
       1.144577    -2.071288     2.753401
       1.144441    -2.071280    -2.744049
       2.244848     1.312268     2.751449
       2.245270     1.311750    -2.741954
       2.583419     0.269885     2.751546
       2.584450     0.269067    -2.741948
      -0.295250     2.360229     2.753525
      -0.295224     2.360153    -2.743755
       0.801318     2.360461     2.752550
       0.801438     2.360269    -2.742887
      -2.076609     0.269131     2.754139
      -2.076850     0.269299    -2.744202
      -1.737978     1.311687     2.754066
      -1.738144     1.311798    -2.744152
      -0.638814    -2.071108     2.753960
      -0.639219    -2.070974    -2.744335
      -1.525578    -1.426727     2.754099
      -1.525905    -1.426555    -2.744308
       2.919477    -1.718224     2.198831
       2.921655    -1.718790    -2.189557
       2.918025    -1.716738    -1.092678
       2.916487    -1.715751     0.004334
       2.916261    -1.716278     1.101335
       2.034689    -2.365988     2.200763
       2.035254    -2.365966    -2.191660
       2.032248    -2.362612    -1.094128
       2.030800    -2.361309     0.004253
       2.031370    -2.362593     1.102875
       1.144791    -3.007076     2.200700
       1.144586    -3.006921    -2.191565
       1.142639    -3.002708    -1.093980
       1.141667    -3.001277     0.004463
       1.142375    -3.002821     1.103004
       2.795341     2.067772     2.197365
       2.795614     2.067244    -2.187961
       2.790827     2.065585    -1.091241
       2.789534     2.065722     0.004725
       2.790591     2.065909     1.100656
       3.138510     1.026441     2.198396
       3.139245     1.025534    -2.189036
       3.133637     1.024037    -1.092132
       3.131641     1.023870     0.004688
       3.133041     1.024551     1.101441
       3.472689    -0.017717     2.197650
       3.474694    -0.019277    -2.188157
       3.469419    -0.019918    -1.091588
       3.467511    -0.019981     0.004653
       3.467981    -0.019161     1.100777
      -0.845198     3.117310     2.200921
      -0.845173     3.117276    -2.191114
      -0.844692     3.112317    -1.093549
      -0.844573     3.110544     0.004868
      -0.844732     3.112347     1.103305
       0.251664     3.121891     2.200907
       0.251756     3.121780    -2.191222
       0.250909     3.116891    -1.093586
       0.250794     3.115190     0.004791
       0.250822     3.116967     1.103197
       1.348384     3.118214     2.198600
       1.348525     3.118017    -2.189029
       1.346878     3.114351    -1.091867
       1.346897     3.113598     0.004733
       1.346754     3.114484     1.101364
      -2.967179    -0.018585     2.201307
      -2.967415    -0.018421    -2.191290
      -2.962956    -0.018677    -1.093594
      -2.961321    -0.018927     0.004971
      -2.962848    -0.018753     1.103558
      -2.632342     1.025422     2.201885
      -2.632533     1.025564    -2.191900
      -2.628416     1.023750    -1.094042
      -2.626844     1.023059     0.004952
      -2.628328     1.023683     1.103969
      -2.290095     2.066907     2.201248
      -2.290219     2.067009    -2.191297
      -2.286946     2.063776    -1.093614
      -2.285664     2.062714     0.004940
      -2.286894     2.063728     1.103514
      -0.641501    -3.006613     2.201066
      -0.641910    -3.006529    -2.191514
      -0.640826    -3.002122    -1.093845
      -0.640306    -3.000577     0.004696
      -0.640733    -3.002145     1.103293
      -1.530579    -2.365218     2.201776
      -1.530924    -2.365115    -2.192045
      -1.528431    -2.361395    -1.094190
      -1.527478    -2.360006     0.004804
      -1.528320    -2.361426     1.103837
      -2.415150    -1.717433     2.201260
      -2.415446    -1.717293    -2.191377
      -2.411846    -1.714660    -1.093673
      -2.410605    -1.713615     0.004902
      -2.411732    -1.714715     1.103501
       0.251107    -3.641199     2.199379
       0.250626    -3.641071    -2.190102
       3.797866    -1.063837     2.195261
       3.801950    -1.065896    -2.185375
       2.443754     3.105471     2.194151
       2.443889     3.105150    -2.184687
      -1.940982     3.104949     2.199637
      -1.941021     3.104987    -2.189716
      -3.294445    -1.064034     2.199737
      -3.294707    -1.063856    -2.189705
       0.255002     0.089384     4.411459
       0.254727     0.089425    -4.401703
       0.249344    -4.574135    -1.636489
       0.248813    -4.572616    -0.542193
       0.248833    -4.572682     0.551365
       0.249631    -4.574280     1.645698
       4.692509    -1.356903    -1.630593
       4.690821    -1.356877    -0.537691
       4.690483    -1.356937     0.554767
       4.690565    -1.355343     1.646318
       2.994707     3.865981    -1.634054
       2.993219     3.867319    -0.541786
       2.993179     3.867407     0.551197
       2.994600     3.866256     1.643465
      -2.490702     3.858990    -1.636064
      -2.490417     3.857228    -0.541787
      -2.490419     3.857212     0.551732
      -2.490688     3.858941     1.646026
      -4.182154    -1.352248    -1.635986
      -4.180690    -1.351877    -0.541691
      -4.180621    -1.351926     0.551810
      -4.181935    -1.352397     1.646123
       0.255714    -0.844702     4.961833
       0.254879    -0.844521    -4.952258
       0.254962    -1.779184     4.406353
       0.253832    -1.779021    -4.396956
       0.253915    -2.714450     3.851117
       0.252600    -2.714320    -3.841844
       0.252558    -3.649970     3.296849
       0.251316    -3.649870    -3.287630
       1.144537    -0.198768     4.961017
       1.144070    -0.198743    -4.951290
       2.032680    -0.487335     4.404824
       2.032534    -0.487530    -4.394913
       2.921040    -0.776187     3.848994
       2.921753    -0.776866    -3.838586
       3.808057    -1.064985     3.294290
       3.811147    -1.067012    -3.282794
       0.805281     0.845492     4.960954
       0.804849     0.845568    -4.951251
       1.354260     1.601103     4.404606
       1.353990     1.601069    -4.394992
       1.903310     2.357114     3.848455
       1.903181     2.356976    -3.838928
       2.451367     3.112386     3.293112
       2.451349     3.112150    -3.283640
      -0.293417     0.845494     4.961856
      -0.293863     0.845632    -4.952032
      -0.843289     1.600996     4.406439
      -0.843592     1.601101    -4.396556
      -1.393914     2.356934     3.851280
      -1.394112     2.357022    -3.841355
      -1.944966     3.112903     3.297087
      -1.945090     3.112987    -3.287130
      -0.633140    -0.199243     4.962151
      -0.633738    -0.198922    -4.952334
      -1.522457    -0.488251     4.406829
      -1.523019    -0.487903    -4.396928
      -2.412428    -0.777451     3.851633
      -2.412939    -0.777126    -3.841648
      -3.302500    -1.066671     3.297351
      -3.302956    -1.066385    -3.287282
       1.147334    -1.138045     4.406204
       1.146570    -1.138010    -4.396725
       1.699135     0.558732     4.404993
       1.698873     0.558636    -4.395336
       0.255525     1.606992     4.406182
       0.255267     1.606981    -4.396382
      -1.188359     0.558146     4.407201
      -1.188781     0.558382    -4.397261
      -0.637152    -1.138386     4.407171
      -0.637883    -1.138076    -4.397420
       2.038158    -1.429978     3.850892
       2.037630    -1.430113    -3.841422
       1.148580    -2.076290     3.851621
       1.147422    -2.076217    -3.842427
       2.252091     1.316082     3.849244
       2.251984     1.315866    -3.839766
       2.591507     0.271085     3.849383
       2.591617     0.270686    -3.839723
      -0.294959     2.366677     3.851700
      -0.295098     2.366657    -3.841862
       0.804698     2.366892     3.850769
       0.804593     2.366784    -3.841032
      -2.081769     0.269978     3.852609
      -2.082179     0.270248    -3.842603
      -1.742119     1.315284     3.852489
      -1.742426     1.315474    -3.842504
      -0.640077    -2.076451     3.852408
      -0.640959    -2.076196    -3.842737
      -1.529272    -1.430453     3.852576
      -1.529912    -1.430151    -3.842720
       2.928167    -1.721345     3.295738
       2.928414    -1.721802    -3.286210
       2.041183    -2.371226     3.297429
       2.040134    -2.371206    -3.288444
       1.148650    -3.014173     3.297218
       1.147347    -3.014070    -3.288198
       2.803869     2.073298     3.293535
       2.803852     2.072955    -3.284155
       3.147907     1.029521     3.294393
       3.148048     1.028940    -3.285058
       3.482798    -0.017155     3.293917
       3.483697    -0.018302    -3.284229
      -0.846244     3.125352     3.297404
      -0.846311     3.125346    -3.287540
       0.253854     3.130007     3.297486
       0.253836     3.129918    -3.287724
       1.353593     3.125895     3.295383
       1.353598     3.125733    -3.285737
      -2.974432    -0.018714     3.298079
      -2.974820    -0.018450    -3.288005
      -2.638673     1.028115     3.298807
      -2.638987     1.028341    -3.288758
      -2.295285     2.072388     3.297964
      -2.295510     2.072554    -3.287955
      -0.642501    -3.014113     3.297813
      -0.643434    -3.013937    -3.288210
      -1.534144    -2.371142     3.298719
      -1.534850    -2.370924    -3.288913
      -2.421106    -1.721622     3.298039
      -2.421659    -1.721368    -3.288096
       3.816340    -2.013023     2.741019
       3.818857    -2.014083    -2.731520
       3.811877    -2.010915    -1.636231
       3.809351    -2.009210    -0.541825
       3.808370    -2.008888     0.551672
       3.807865    -2.009715     1.645014
       2.932680    -2.665362     2.743428
       2.932252    -2.665302    -2.734783
       2.925831    -2.659968    -1.639500
       2.922514    -2.656841    -0.543732
       2.921501    -2.656666     0.551872
       2.924085    -2.659949     1.648022
       2.042314    -3.311757     2.744095
       2.041248    -3.311586    -2.735388
       2.036532    -3.304141    -1.640209
       2.033473    -3.300165    -0.543969
       2.033071    -3.300240     0.552578
       2.036128    -3.304407     1.648942
       1.148088    -3.951726     2.743353
       1.147047    -3.951590    -2.734409
       1.144423    -3.942383    -1.639220
       1.142204    -3.938505    -0.543305
       1.142093    -3.938612     0.552239
       1.144521    -3.942619     1.648190
       3.354842     2.829536     2.737893
       3.354873     2.829081    -2.728530
       3.345343     2.824095    -1.633869
       3.342822     2.824942    -0.541481
       3.342795     2.825068     0.550910
       3.345233     2.824524     1.643248
       3.702657     1.787963     2.739358
       3.702726     1.787232    -2.730101
       3.692533     1.782726    -1.635739
       3.688117     1.781942    -0.541928
       3.688057     1.782113     0.551354
       3.692266     1.783403     1.645034
       4.042413     0.741958     2.739509
       4.042815     0.740555    -2.730327
       4.032301     0.738344    -1.635957
       4.027644     0.737676    -0.541955
       4.027408     0.737906     0.551416
       4.031402     0.739486     1.645145
       4.372814    -0.305025     2.738749
       4.375023    -0.308214    -2.729027
       4.365257    -0.308494    -1.634543
       4.361863    -0.308973    -0.541324
       4.361148    -0.308648     0.551500
       4.362267    -0.306637     1.643974
      -1.397863     3.883422     2.743633
      -1.397885     3.883439    -2.733743
      -1.395380     3.873970    -1.638654
      -1.395077     3.869293    -0.542807
      -1.395092     3.869295     0.552630
      -1.395403     3.873970     1.648504
      -0.298180     3.891407     2.744322
      -0.298158     3.891358    -2.734547
      -0.298838     3.881754    -1.639516
      -0.299076     3.876489    -0.543333
      -0.299107     3.876508     0.553012
      -0.298902     3.881801     1.649235
       0.802262     3.892067     2.743419
       0.802320     3.891955    -2.733760
       0.798493     3.882460    -1.638594
       0.797918     3.877982    -0.542819
       0.797872     3.878021     0.552363
       0.798393     3.882558     1.648185
       1.900879     3.884171     2.740160
       1.900956     3.883983    -2.730611
       1.895945     3.876298    -1.634807
       1.896353     3.875636    -0.541691
       1.896300     3.875699     0.551140
       1.895824     3.876460     1.644293
      -3.866547    -0.307448     2.744139
      -3.866898    -0.307206    -2.733983
      -3.857551    -0.306214    -1.638694
      -3.853269    -0.306655    -0.542717
      -3.853203    -0.306701     0.552805
      -3.857347    -0.306356     1.648811
      -3.533943     0.740084     2.745209
      -3.534246     0.740312    -2.735087
      -3.525856     0.738653    -1.639755
      -3.521193     0.737365    -0.543324
      -3.521134     0.737320     0.553372
      -3.525677     0.738517     1.649834
      -3.194317     1.786252     2.745191
      -3.194556     1.786452    -2.735115
      -3.187256     1.781803    -1.639787
      -3.183007     1.779473    -0.543348
      -3.182963     1.779432     0.553351
      -3.187118     1.781682     1.649820
      -2.848239     2.829247     2.744091
      -2.848397     2.829401    -2.734062
      -2.842147     2.822076    -1.638790
      -2.838865     2.819302    -0.542785
      -2.838841     2.819271     0.552750
      -2.842066     2.821983     1.648781
      -0.644897    -3.951430     2.743872
      -0.645724    -3.951323    -2.734317
      -0.644497    -3.941854    -1.639043
      -0.643213    -3.937769    -0.543065
      -0.643148    -3.937775     0.552473
      -0.644169    -3.941897     1.648533
      -1.537976    -3.311069     2.745037
      -1.538673    -3.310943    -2.735274
      -1.535141    -3.303065    -1.639956
      -1.532862    -3.298799    -0.543538
      -1.532781    -3.298802     0.553158
      -1.534822    -3.303104     1.649644
      -2.427696    -2.664357     2.745111
      -2.428268    -2.664192    -2.735205
      -2.422200    -2.658116    -1.639878
      -2.419026    -2.654477    -0.543452
      -2.418946    -2.654493     0.553248
      -2.421916    -2.658187     1.649721
      -3.312532    -2.012417     2.744091
      -3.313003    -2.012207    -2.734062
      -3.304693    -2.007732    -1.638770
      -3.301378    -2.005026    -0.542786
      -3.301305    -2.005059     0.552743
      -3.304446    -2.007843     1.648756
       0.251058    -4.584319     2.743422
       4.690329    -1.352555     2.739163
       2.996433     3.864085     2.736924
      -2.495440     3.867874     2.743732
      -4.191300    -1.355471     2.743933
       4.705827    -2.305049    -1.083692
       4.704548    -2.305937     0.007502
       4.703833    -2.305638     1.097440
       4.702456    -2.303685     2.185296
       3.823875    -2.959179    -2.181616
       3.816720    -2.954537    -1.087933
       3.814548    -2.953249     0.004055
       3.813655    -2.954357     1.095394
       3.821962    -2.959802     2.189178
       2.934512    -3.607912    -2.182828
       2.927786    -3.600876    -1.089189
       2.925047    -3.598644     0.004129
       2.926749    -3.601264     1.097248
       2.934638    -3.608467     2.190903
       2.042108    -4.251598    -2.182365
       2.037214    -4.242635    -1.088816
       2.034958    -4.240266     0.004315
       2.036909    -4.242993     1.097383
       2.042613    -4.251932     2.190945
       1.143853    -4.878902    -1.087012
       1.142391    -4.878362     0.004450
       1.143834    -4.879168     1.095914
       1.148073    -4.888384     2.189638
       3.900761     3.586845    -1.084798
       3.898894     3.587445     0.004695
       3.900733     3.587110     1.094171
       3.904820     3.585958     2.181210
       4.257282     2.545587    -2.174020
       4.248758     2.542775    -1.084178
       4.246794     2.542960     0.004680
       4.248799     2.543108     1.093502
       4.257244     2.546371     2.183276
       4.600636     1.500104    -2.175889
       4.592095     1.498332    -1.085129
       4.590073     1.498045     0.004684
       4.592149     1.498716     1.094419
       4.600506     1.501427     2.184942
       4.937677     0.451748    -2.175075
       4.928498     0.451596    -1.084426
       4.926741     0.451001     0.004785
       4.928296     0.452007     1.093797
       4.936866     0.454317     2.183648
       5.261796    -0.597444    -1.084103
       5.259603    -0.598206     0.006670
       5.260250    -0.597036     1.096378
       5.261985    -0.593735     2.183043
      -1.946499     4.631296    -1.086433
      -1.947306     4.629855     0.004948
      -1.946524     4.631275     1.096337
      -1.948495     4.641154     2.190018
      -0.850627     4.652109    -2.181511
      -0.850030     4.641587    -1.088048
      -0.850227     4.638282     0.004880
      -0.850075     4.641596     1.097819
      -0.850671     4.652122     2.191314
       0.249368     4.655937    -2.181547
       0.247088     4.645511    -1.088061
       0.246830     4.642297     0.004807
       0.247022     4.645547     1.097693
       0.249294     4.655997     2.191218
       1.348794     4.653058    -2.179457
       1.344944     4.643705    -1.086057
       1.345462     4.642756     0.004744
       1.344862     4.643777     1.095564
       1.348693     4.653174     2.189005
       2.446506     4.642507    -1.085528
       2.446242     4.643140     0.004697
       2.446411     4.642625     1.094934
       2.447053     4.640690     2.183408
      -4.748281    -0.594762    -1.086366
      -4.747313    -0.595549     0.005113
      -4.748129    -0.594873     1.096599
      -4.757808    -0.595245     2.190470
      -4.428891     0.452133    -2.181785
      -4.418971     0.451250    -1.088083
      -4.416026     0.450453     0.005093
      -4.418835     0.451142     1.098278
      -4.428624     0.451921     2.192004
      -4.092162     1.499234    -2.182403
      -4.083398     1.495864    -1.088472
      -4.080507     1.494700     0.005066
      -4.083286     1.495759     1.098614
      -4.091938     1.499033     2.192568
      -3.749758     2.544414    -2.181908
      -3.741700     2.538383    -1.088171
      -3.739077     2.536921     0.005037
      -3.741620     2.538288     1.098255
      -3.749591     2.544233     2.192015
      -3.394162     3.578188    -1.086502
      -3.393276     3.577903     0.005012
      -3.394124     3.578113     1.096535
      -3.401139     3.584945     2.190472
      -0.646514    -4.878064    -1.086801
      -0.645796    -4.877365     0.004698
      -0.646318    -4.878078     1.096237
      -0.647956    -4.887768     2.190191
      -1.542205    -4.250590    -2.182073
      -1.538900    -4.241111    -1.088367
      -1.537467    -4.238460     0.004817
      -1.538667    -4.241106     1.098034
      -1.541610    -4.250641     2.191805
      -2.433500    -3.606227    -2.182529
      -2.428126    -3.598508    -1.088619
      -2.426321    -3.595971     0.004904
      -2.427896    -3.598524     1.098451
      -2.432964    -3.606309     2.192412
      -3.321325    -2.956978    -2.181893
      -3.313615    -2.950612    -1.088198
      -3.311583    -2.948368     0.004975
      -3.313408    -2.950663     1.098163
      -3.320863    -2.957109     2.191896
      -4.194864    -2.297913    -1.086435
      -4.194461    -2.296868     0.005044
      -4.194687    -2.298001     1.096535
      -4.202725    -2.303463     2.190410
       0.250109    -4.584215    -2.734224
       4.699276    -1.358715    -2.726368
       2.996499     3.863763    -2.727486
      -2.495505     3.867965    -2.733745
      -4.191699    -1.355216    -2.733772
       0.255648     0.090016    -5.506312
       0.249053    -5.513848    -2.179334
       0.248182    -5.514698    -1.087057
       0.247754    -5.514621     0.004562
       0.248283    -5.514832     1.096212
       5.599071    -1.650319    -2.171248
       5.594870    -1.649920    -1.079180
       5.593079    -1.651977     0.015442
       5.593186    -1.652903     1.114314
       3.553155     4.637309    -2.207708
       3.549520     4.636848    -1.097588
       3.548786     4.636656     0.004675
       3.549437     4.637036     1.106931
      -3.043098     4.619257    -2.178885
      -3.044664     4.619142    -1.086610
      -3.045012     4.618672     0.005000
      -3.044675     4.619087     1.096616
      -5.075864    -1.642544    -2.178798
      -5.076612    -1.642917    -1.086481
      -5.076447    -1.642969     0.005121
      -5.076451    -1.643038     1.096730
       0.255769    -0.844884    -6.072664
       0.254646    -1.788193    -5.509017
       0.253366    -2.727942    -4.949934
       0.252047    -3.667582    -4.392468
       0.250810    -4.608787    -3.835126
       1.146177    -0.198357    -6.071343
       2.042914    -0.489646    -5.506540
       2.936375    -0.779950    -4.946172
       3.829773    -1.070551    -4.387105
       4.724706    -1.362296    -3.827382
       0.806730     0.847340    -6.071051
       1.361303     1.610105    -5.506054
       1.914028     2.370437    -4.945337
       2.466964     3.131461    -4.385442
       3.022399     3.896464    -3.824022
      -0.293403     0.847011    -6.072258
      -0.848236     1.609546    -5.508383
      -1.401247     2.368989    -4.949213
      -1.954497     3.128182    -4.391783
      -2.508861     3.888614    -3.834535
      -0.634093    -0.198763    -6.072620
      -1.531592    -0.490457    -5.508965
      -2.425724    -0.781080    -4.949777
      -3.319664    -1.071643    -4.392187
      -4.214981    -1.362639    -3.834751
       1.151846    -1.143332    -5.504739
       1.707300     0.561869    -5.502669
       0.256472     1.615197    -5.503988
      -1.195021     0.561278    -5.505256
      -0.641509    -1.143684    -5.505447
       2.046689    -1.436198    -4.945954
       1.152469    -2.085430    -4.947009
       2.263002     1.322832    -4.943178
       2.603754     0.272751    -4.943419
      -0.296151     2.377802    -4.946028
       0.808848     2.378375    -4.944797
      -2.092140     0.271703    -4.947201
      -1.750717     1.321617    -4.947024
      -0.644461    -2.085729    -4.947327
      -1.537380    -1.436844    -4.947321
       2.940638    -1.727898    -4.388113
       2.048527    -2.380494    -4.390575
       1.151873    -3.026463    -4.390085
       2.817290     2.084046    -4.384173
       3.162031     1.034514    -4.385875
       3.498979    -0.017322    -4.384959
      -0.849406     3.138619    -4.389105
       0.256093     3.143499    -4.389137
       1.361689     3.140488    -4.386124
      -2.987712    -0.018542    -4.389964
      -2.650225     1.032781    -4.390989
      -2.305159     2.081535    -4.389791
      -0.646466    -3.026655    -4.390131
      -1.541701    -2.380855    -4.391159
      -2.432379    -1.728584    -4.390050
       3.834707    -2.019851    -3.830807
       2.943868    -2.674311    -3.834539
       2.048822    -3.323856    -3.835284
       1.150824    -3.968014    -3.833434
       3.371668     2.847036    -3.824323
       3.718571     1.796843    -3.828123
       4.059916     0.744687    -3.828660
       4.394852    -0.308512    -3.826397
      -1.403720     3.899383    -3.832589
      -0.297900     3.906531    -3.833991
       0.809154     3.908082    -3.832265
       1.915744     3.903714    -3.826692
      -3.883455    -0.309339    -3.833096
      -3.548103     0.742909    -3.835155
      -3.206754     1.793754    -3.835151
      -2.859749     2.842037    -3.833059
      -0.648020    -3.968071    -3.833379
      -1.544672    -3.323815    -3.835323
      -2.438259    -2.674211    -3.835269
      -3.327852    -2.019973    -3.833168
       4.730343    -2.312813    -3.273602
       4.710726    -2.305479    -2.176924
       3.839798    -2.968657    -3.278518
       2.945475    -3.620143    -3.280527
       2.048559    -4.267791    -3.279643
       1.149552    -4.911726    -3.275870
       1.147499    -4.888162    -2.180737
       3.926131     3.620651    -3.260777
       3.904901     3.585420    -2.171846
       4.274543     2.561673    -3.269130
       4.619442     1.507810    -3.271500
       4.958762     0.453566    -3.270239
       5.294573    -0.601554    -3.265645
       5.267349    -0.598584    -2.174598
      -1.959774     4.661720    -3.275171
      -1.948480     4.641195    -2.180090
      -0.853318     4.669433    -3.278641
       0.254502     4.673329    -3.278772
       1.364424     4.673588    -3.274489
       2.479383     4.670502    -3.263226
       2.447181     4.640490    -2.173957
      -4.781031    -0.601117    -3.275425
      -4.758110    -0.595023    -2.180212
      -4.446135     0.452272    -3.279232
      -4.107019     1.504702    -3.280390
      -3.763217     2.555553    -3.279337
      -3.415408     3.604584    -3.275563
      -3.401233     3.585092    -2.180418
      -0.649089    -4.911692    -3.275843
      -0.648572    -4.887701    -2.180681
      -1.546966    -4.267348    -3.279496
      -2.442638    -3.619199    -3.280503
      -3.335444    -2.967029    -3.279329
      -4.225416    -2.311613    -3.275493
      -4.203115    -2.303276    -2.180290
       5.610767    -2.611651    -1.625454
       5.607679    -2.612329    -0.532611
       5.606891    -2.612890     0.564252
       4.738338    -3.266079    -2.720327
       4.715288    -3.256126    -1.629214
       4.710764    -3.256536    -0.539888
       4.709372    -3.257207     0.548702
       4.707926    -3.258535     1.633854
       3.843067    -3.917404    -2.724698
       3.827340    -3.905560    -1.630191
       3.820228    -3.901699    -0.540326
       3.819722    -3.902225     0.547840
       3.825463    -3.907468     1.636915
       2.946826    -4.567025    -2.725303
       2.936801    -4.551133    -1.630382
       2.931454    -4.545853    -0.540337
       2.931210    -4.546251     0.548537
       2.936304    -4.552087     1.638394
       2.047374    -5.214150    -2.722936
       2.044123    -5.192033    -1.628600
       2.039914    -5.185595    -0.539621
       2.039783    -5.185869     0.548192
       2.044089    -5.192563     1.637146
       1.148383    -5.824502    -1.625540
       1.145965    -5.823712    -0.539368
       1.145896    -5.823881     0.548239
       4.472627     4.355334    -1.650108
       4.468942     4.356435    -0.545591
       4.468936     4.356550     0.554946
       4.836332     3.330996    -2.707767
       4.827875     3.308966    -1.618969
       4.821605     3.311307    -0.536626
       4.821645     3.311408     0.545911
       4.827863     3.309600     1.628259
       5.184587     2.274125    -2.713891
       5.173359     2.265229    -1.624291
       5.167899     2.265507    -0.538349
       5.168001     2.265545     0.547531
       5.173501     2.265990     1.633463
       5.527733     1.217727    -2.714160
       5.513104     1.218853    -1.624568
       5.508577     1.217208    -0.538446
       5.508721     1.217058     0.547574
       5.513468     1.219634     1.633586
       5.867091     0.157460    -2.709967
       5.846845     0.171943    -1.620358
       5.843261     0.168114    -0.536987
       5.843413     0.167551     0.546264
       5.847230     0.172152     1.628957
       6.179555    -0.879704    -1.640671
       6.174608    -0.882628    -0.537062
       6.173185    -0.884567     0.562111
      -2.498621     5.399141    -1.624959
      -2.500215     5.396849    -0.538788
      -2.500236     5.396829     0.548761
      -1.411296     5.433923    -2.722144
      -1.402381     5.414009    -1.627810
      -1.402037     5.406174    -0.538931
      -1.402066     5.406170     0.548774
      -1.402443     5.413995     1.637663
      -0.302415     5.439213    -2.724158
      -0.304058     5.420337    -1.629227
      -0.304920     5.412767    -0.539490
      -0.304957     5.412774     0.549184
      -0.304141     5.420360     1.638936
       0.807030     5.440989    -2.722232
       0.794289     5.421585    -1.627898
       0.792386     5.414086    -0.539069
       0.792340     5.414106     0.548619
       0.794186     5.421646     1.637467
       1.922766     5.443002    -2.712133
       1.890112     5.415993    -1.623860
       1.891206     5.415155    -0.538839
       1.891154     5.415197     0.548255
       1.889994     5.416117     1.633305
       2.994384     5.423570    -1.653731
       2.996590     5.420923    -0.546503
       2.996531     5.420987     0.555811
      -5.648936    -0.882318    -1.624893
      -5.647537    -0.883507    -0.538696
      -5.647457    -0.883571     0.549064
      -5.346075     0.159720    -2.722442
      -5.323996     0.164894    -1.627919
      -5.316523     0.164125    -0.538854
      -5.316451     0.164063     0.549188
      -5.323782     0.164706     1.638260
      -5.008052     1.214788    -2.724935
      -4.989912     1.211948    -1.629616
      -4.983231     1.210257    -0.539487
      -4.983169     1.210194     0.549761
      -4.989729     1.211764     1.639898
      -4.666243     2.267829    -2.725026
      -4.650338     2.258367    -1.629693
      -4.644278     2.255003    -0.539538
      -4.644229     2.254942     0.549741
      -4.650194     2.258190     1.639905
      -4.320158     3.320250    -2.722695
      -4.305975     3.301934    -1.628134
      -4.299983     3.297414    -0.539003
      -4.299951     3.297357     0.549131
      -4.305880     3.301772     1.638274
      -3.954068     4.340055    -1.625114
      -3.953017     4.339591    -0.538895
      -3.953008     4.339544     0.548960
      -0.651794    -5.823501    -1.625427
      -0.650935    -5.822552    -0.539236
      -0.650879    -5.822553     0.548612
      -1.547890    -5.213453    -2.722850
      -1.546764    -5.190459    -1.628318
      -1.544289    -5.183375    -0.539221
      -1.544186    -5.183357     0.548891
      -1.546349    -5.190455     1.638029
      -2.446415    -4.565401    -2.725137
      -2.438768    -4.548565    -1.629829
      -2.435584    -4.542410    -0.539702
      -2.435463    -4.542402     0.549558
      -2.438339    -4.548585     1.639714
      -3.341824    -3.914326    -2.725039
      -3.328539    -3.901544    -1.629739
      -3.323908    -3.896404    -0.539627
      -3.323787    -3.896415     0.549610
      -3.328136    -3.901611     1.639744
      -4.235360    -3.259384    -2.722545
      -4.214225    -3.250789    -1.628034
      -4.208458    -3.245958    -0.538977
      -4.208348    -3.245991     0.549065
      -4.213870    -3.250909     1.638140
      -5.092588    -2.594540    -1.624965
      -5.092054    -2.592973    -0.538780
      -5.091959    -2.593026     0.548984
       0.256272     0.089815     5.516041
       0.249636    -5.514011     2.188530
       5.595878    -1.651535     2.222972
       3.553007     4.637690     2.217097
      -3.043091     4.619156     2.188907
      -5.075533    -1.642783     2.189061
       0.249774    -5.554968    -3.275710
       5.627032    -1.652436    -3.261244
      -3.066129     4.653215    -3.275214
      -5.114928    -1.655111    -3.275283
       5.630276    -2.619702    -2.717022
       5.606064    -2.616747     1.669616
       1.142492    -5.864419    -2.714217
       1.148510    -5.824890     1.634453
       4.472516     4.355860     1.659464
       6.174858    -0.882807     1.665725
      -2.525821     5.428037    -2.713648
      -2.498661     5.399077     1.634934
       2.994238     5.423747     1.663042
      -5.685241    -0.901520    -2.713693
      -5.648690    -0.882507     1.635264
      -3.971280     4.378351    -2.713948
      -3.954040     4.339930     1.635198
      -0.643743    -5.864441    -2.714216
      -0.651463    -5.823531     1.634864
      -5.133470    -2.600119    -2.713761
      -5.092301    -2.594716     1.635190
       0.257044    -0.845310     6.082019
       0.256285    -1.788525     5.518194
       0.255264    -2.728147     4.959006
       0.253948    -3.667662     4.401536
       1.147231    -0.198680     6.080691
       2.044086    -0.489959     5.515769
       2.937944    -0.780376     4.955251
       3.832409    -1.071272     4.395798
       0.807542     0.847042     6.080611
       1.361944     1.609913     5.515569
       1.914474     2.370343     4.954806
       2.467204     3.131485     4.394891
      -0.292691     0.846745     6.082058
      -0.847722     1.609319     5.518280
      -1.400889     2.368803     4.959164
      -1.954256     3.128025     4.401769
      -0.633145    -0.199238     6.082432
      -1.530741    -0.490936     5.518885
      -2.424961    -0.781526     4.959785
      -3.318986    -1.072041     4.402281
       1.153326    -1.143693     5.513815
       1.708179     0.561655     5.512082
       0.257026     1.615072     5.513795
      -1.194376     0.560909     5.515225
      -0.640402    -1.144151     5.515191
       2.048632    -1.436591     4.954658
       1.154430    -2.085716     4.955828
       2.263665     1.322684     4.952515
       2.604792     0.272503     4.952646
      -0.295800     2.377729     4.955906
       0.809239     2.378354     4.954554
      -2.091545     0.271311     4.957247
      -1.750252     1.321321     4.957055
      -0.643113    -2.086119     4.956983
      -1.536407    -1.437282     4.957216
       2.943671    -1.728361     4.396084
       2.051172    -2.380727     4.398889
       1.154059    -3.026590     4.398825
       2.817700     2.083999     4.393481
       3.162767     1.034318     4.394968
       3.500387    -0.017764     4.393820
      -0.849195     3.138568     4.399009
       0.256299     3.143527     4.398951
       1.361914     3.140551     4.395805
      -2.987163    -0.018918     4.400074
      -2.649780     1.032456     4.401083
      -2.304819     2.081287     4.399845
      -0.644989    -3.026932     4.399714
      -1.540593    -2.381206     4.401009
      -2.431535    -1.728964     4.400039
       3.840403    -2.020310     3.836923
       2.947927    -2.674324     3.841964
       2.051573    -3.323800     3.843587
       1.152830    -3.967979     3.842236
       3.371850     2.847145     3.833668
       3.718978     1.796820     3.837274
       4.060850     0.744310     3.837423
       4.397201    -0.309477     3.834378
      -1.403603     3.899335     3.842512
      -0.297808     3.906561     3.843812
       0.809230     3.908172     3.841978
       1.915812     3.903851     3.836285
      -3.882954    -0.309684     3.843282
      -3.547678     0.742589     3.845311
      -3.206413     1.793474     3.845264
      -2.859501     2.841816     3.843126
      -0.646615    -3.968245     3.842926
      -1.543527    -3.324058     3.845129
      -2.437349    -2.674497     3.845225
      -3.327124    -2.020295     3.843238
       3.847086    -2.967311     3.284195
       2.949185    -3.619517     3.288189
       2.050735    -4.267521     3.288123
       4.274696     2.561920     3.278408
       4.619871     1.507685     3.280605
       4.960127     0.451868     3.278785
      -0.853296     4.669444     3.288473
       0.254498     4.673399     3.288481
       1.364393     4.673714     3.284083
      -4.445742     0.451967     3.289473
      -4.106688     1.504417     3.290578
      -3.762962     2.555297     3.289468
      -1.545918    -4.267493     3.289271
      -2.441737    -3.619383     3.290431
      -3.334691    -2.967264     3.289371
       0.252459    -4.608784     3.844244
       4.731423    -1.363969     3.835140
       3.022446     3.896621     3.833474
      -2.508709     3.888468     3.844547
      -4.214381    -1.362994     3.844934
       4.747187    -2.309489     3.274058
       1.151092    -4.911605     3.284755
       3.926121     3.620928     3.270174
       5.300530    -0.609785     3.271585
      -1.959729     4.661661     3.285120
       2.479325     4.670699     3.272734
      -4.780583    -0.601437     3.285702
      -3.415240     3.604370     3.285645
      -0.647925    -4.911801     3.285380
      -4.224787    -2.311899     3.285646
       0.251035    -5.554943     3.284884
      -3.066055     4.653060     3.285255
      -5.114398    -1.655446     3.285560
       4.751181    -3.261535     2.721947
       3.847455    -3.915742     2.731374
       2.948886    -4.566458     2.733400
       2.048685    -5.213967     2.731535
       1.143549    -5.864289     2.723179
       4.836291     3.331650     2.717098
       5.184621     2.274909     2.723153
       5.527732     1.218744     2.723311
       5.866959     0.158967     2.717808
      -2.525855     5.427957     2.723636
      -1.411336     5.433906     2.732011
      -0.302471     5.439250     2.733885
       0.806950     5.441079     2.731824
       1.922654     5.443147     2.721615
      -5.684853    -0.901831     2.724078
      -5.345728     0.159428     2.732792
      -5.007752     1.214508     2.735226
      -4.666001     2.267562     2.735248
      -4.319989     3.320001     2.732848
      -3.971195     4.378120     2.724054
      -0.642871    -5.864525     2.723731
      -1.547029    -5.213532     2.732603
      -2.445605    -4.565504     2.735055
      -3.341097    -3.914481     2.735072
      -4.234725    -3.259606     2.732675
      -5.132910    -2.600410     2.724008
       0.247536    -6.467517    -1.659703
       0.247014    -6.464262    -0.547799
       0.246975    -6.464330     0.556842
       0.247616    -6.467697     1.668833
      -3.605332     5.389616    -1.659262
      -3.603898     5.386525    -0.547292
      -3.603909     5.386491     0.557336
      -3.605347     5.389522     1.669312
      -5.982793    -1.937313    -1.658991
      -5.979589    -1.936384    -0.547145
      -5.979504    -1.936448     0.557497
      -5.982533    -1.937498     1.669346
       5.615403    -3.579016    -1.095620
       5.613947    -3.576684     0.010076
       5.613130    -3.579249     1.115595
       4.751661    -4.217888    -2.167839
       4.724468    -4.222536    -1.078980
       4.724405    -4.220006     0.002868
       4.723728    -4.224957     1.084403
       4.752047    -4.219103     2.172820
       3.851688    -4.871062    -2.170457
       3.838474    -4.866033    -1.081371
       3.836599    -4.863969     0.003779
       3.837743    -4.867645     1.088888
       3.852146    -4.871461     2.178196
       2.952236    -5.520325    -2.169898
       2.949171    -5.507976    -1.080847
       2.945755    -5.506593     0.004083
       2.948647    -5.508957     1.089023
       2.952800    -5.520525     2.178207
       2.048965    -6.168247    -2.164460
       2.057385    -6.146159    -1.076479
       2.052540    -6.145806     0.004270
       2.057041    -6.146778     1.085025
       2.049551    -6.168379     2.173087
       1.155902    -6.782196    -1.101965
       1.153488    -6.782009     0.004427
       1.155634    -6.782605     1.110812
      -3.055849     6.178138    -1.101337
      -3.057416     6.176460     0.005027
      -3.055904     6.178092     1.111392
      -1.971566     6.206630    -2.163757
      -1.952847     6.193648    -1.075736
      -1.956137     6.190349     0.004964
      -1.952916     6.193626     1.085666
      -1.971676     6.206588     2.173689
      -0.860041     6.213446    -2.169089
      -0.856604     6.201788    -1.079968
      -0.857819     6.198384     0.004885
      -0.856685     6.201790     1.089741
      -0.860158     6.213454     2.178867
       0.249009     6.217030    -2.169315
       0.239678     6.205666    -1.080119
       0.240612     6.202306     0.004806
       0.239581     6.205692     1.089734
       0.248877     6.217080     2.178937
       1.360379     6.218331    -2.164227
       1.334312     6.206620    -1.076089
       1.337495     6.203418     0.004729
       1.334198     6.206676     1.085552
       1.360231     6.218430     2.173705
       2.434011     6.206158    -1.101219
       2.436035     6.203992     0.004637
       2.433886     6.206253     1.110496
      -6.562243    -1.169636    -1.101283
      -6.561140    -1.171643     0.005254
      -6.562079    -1.169773     1.111793
      -6.254175    -0.132982    -2.163910
      -6.235260    -0.115561    -1.075808
      -6.233222    -0.119815     0.005244
      -6.235112    -0.115701     1.086297
      -6.253891    -0.133273     2.174398
      -5.916661     0.925930    -2.169407
      -5.903184     0.930686    -1.080138
      -5.900623     0.928057     0.005211
      -5.903056     0.930546     1.090561
      -5.916417     0.925647     2.179832
      -5.576473     1.981030    -2.170239
      -5.566094     1.976879    -1.080750
      -5.563389     1.975711     0.005172
      -5.565990     1.976739     1.091094
      -5.576272     1.980751     2.180584
      -5.232245     3.034810    -2.169634
      -5.224768     3.021641    -1.080313
      -5.221404     3.021766     0.005126
      -5.224693     3.021503     1.090567
      -5.232098     3.034538     2.179891
      -4.883552     4.090084    -2.164339
      -4.879380     4.063419    -1.076158
      -4.875583     4.065201     0.005079
      -4.879340     4.063288     1.086319
      -4.883472     4.089824     2.174510
      -4.525368     5.108501    -1.101692
      -4.523699     5.109093     0.005034
      -4.525364     5.108385     1.111762
      -0.662011    -6.780980    -1.102088
      -0.660203    -6.780537     0.004602
      -0.661954    -6.780997     1.111321
      -1.551028    -6.167462    -2.164495
      -1.562829    -6.143624    -1.076350
      -1.558541    -6.142888     0.004839
      -1.562657    -6.143583     1.086050
      -1.550384    -6.167514     2.174231
      -2.453402    -5.518657    -2.169744
      -2.454672    -5.503806    -1.080451
      -2.451689    -5.502012     0.004952
      -2.454432    -5.503780     1.090366
      -2.452734    -5.518721     2.179675
      -3.351261    -4.868415    -2.170345
      -3.344938    -4.859165    -1.080877
      -3.343252    -4.856744     0.005019
      -3.344674    -4.859178     1.090921
      -3.350607    -4.868527     2.180401
      -4.246606    -4.214724    -2.169530
      -4.232590    -4.210880    -1.080275
      -4.231898    -4.207393     0.005061
      -4.232330    -4.210938     1.090401
      -4.245996    -4.214901     2.179667
      -5.142022    -3.556376    -2.164043
      -5.116203    -3.559620    -1.075954
      -5.116917    -3.555156     0.005097
      -5.115966    -3.559718     1.086152
      -5.141471    -3.556624     2.174258
      -6.000303    -2.899067    -1.101407
      -6.000484    -2.896988     0.005140
      -6.000091    -2.899192     1.111688