
      -0.057842     0.079613    -0.550132
      -0.057842     0.079613     0.550132
      -0.057776    -0.847658     0.000000
       0.824024    -0.206993     0.000000
       0.487073     0.829767    -0.000000
      -0.602877     0.829790    -0.000000
      -0.939669    -0.206821     0.000000
      -0.057827    -0.847861    -1.099873
       0.824233    -0.207007    -1.099874
       0.487187     0.830029    -1.099857
      -0.603062     0.830044    -1.099845
      -0.939953    -0.206848    -1.099857
      -0.057915     0.079713    -1.650392
      -0.057976    -1.777887    -0.549266
       1.708786    -0.494260    -0.549266
       1.033683     1.582416    -0.549241
      -1.149681     1.582400    -0.549227
      -1.824393    -0.494097    -0.549240
      -0.057827    -0.847861     1.099874
      -0.057989    -0.848404    -2.199885
       0.824233    -0.207007     1.099874
       0.824800    -0.207021    -2.199886
       0.487187     0.830029     1.099857
       0.487501     0.830773    -2.199825
      -0.603062     0.830045     1.099844
      -0.603586     0.830765    -2.199791
      -0.939953    -0.206848     1.099857
      -0.940759    -0.206918    -2.199825
       0.828785    -1.140726     0.549640
       0.829166    -1.141250    -1.649188
       0.828785    -1.140726    -0.549639
       1.376439     0.545743     0.549625
       1.377194     0.546157    -1.649093
       1.376439     0.545743    -0.549625
      -0.057985     1.587911     0.549597
      -0.058048     1.588887    -1.648997
      -0.057985     1.587911    -0.549597
      -1.492274     0.545840     0.549597
      -1.493183     0.546201    -1.648997
      -1.492274     0.545840    -0.549597
      -0.944376    -1.140426     0.549625
      -0.945003    -1.141018    -1.649093
      -0.944376    -1.140427    -0.549625
      -0.057976    -1.777886     0.549266
      -0.058119    -1.778627    -1.648147
       1.708786    -0.494260     0.549266
       1.709534    -0.494353    -1.648147
       1.033683     1.582416     0.549240
       1.034139     1.583237    -1.648019
      -1.149681     1.582401     0.549226
      -1.150261     1.583199    -1.647973
      -1.824393    -0.494096     0.549240
      -1.825315    -0.494276    -1.648018
      -0.057915     0.079713     1.650392
      -0.058060     0.079912    -2.750653
      -0.058438    -2.711099    -1.096515
      -0.058330    -2.710865     0.000000
       2.596466    -0.782199    -1.096515
       2.596211    -0.782229     0.000000
       1.582055     2.337520    -1.096391
       1.581872     2.337181    -0.000000
      -1.698253     2.337447    -1.096353
      -1.698018     2.337122    -0.000000
      -2.711996    -0.782288    -1.096390
      -2.711617    -0.782219     0.000000
      -0.057989    -0.848404     2.199886
      -0.058239    -0.849296    -3.299883
      -0.058119    -1.778626     1.648147
      -0.058387    -1.780391    -2.747429
       0.824800    -0.207021     2.199886
       0.825725    -0.207059    -3.299883
       1.709534    -0.494352     1.648147
       1.711294    -0.494643    -2.747429
       0.487501     0.830774     2.199824
       0.488034     0.831971    -3.299733
       1.034139     1.583238     1.648018
       1.035239     1.585091    -2.747127
      -0.603586     0.830766     2.199791
      -0.604434     0.831932    -3.299672
      -1.150261     1.583199     1.647973
      -1.151580     1.585015    -2.747048
      -0.940759    -0.206917     2.199825
      -0.942063    -0.207055    -3.299732
      -1.825315    -0.494276     1.648018
      -1.827418    -0.494750    -2.747127
       0.829166    -1.141250     1.649188
       0.830018    -1.142422    -2.748852
       1.377194     0.546157     1.649093
       1.378875     0.547008    -2.748606
      -0.058048     1.588887     1.648997
      -0.058161     1.590977    -2.748427
      -1.493183     0.546201     1.648997
      -1.495136     0.546954    -2.748427
      -0.945003    -1.141017     1.649094
      -0.946332    -1.142353    -2.748606
       1.717008    -1.431946     1.098006
       1.718214    -1.433216    -2.196674
       1.717008    -1.431946    -1.098006
       1.716819    -1.431690     0.000000
       0.831276    -2.075467     1.098007
       0.832111    -2.077007    -2.196673
       0.831276    -2.075468    -1.098006
       0.831091    -2.075209     0.000000
       1.928119     1.300445     1.097846
       1.930065     1.301557    -2.196187
       1.928119     1.300445    -1.097846
       1.927672     1.300203    -0.000000
       2.266427     0.259929     1.097886
       2.268479     0.260624    -2.196292
       2.266427     0.259929    -1.097886
       2.265996     0.259683    -0.000000
      -0.605101     2.346005     1.097768
      -0.605429     2.348337    -2.196029
      -0.605101     2.346004    -1.097769
      -0.605061     2.345451    -0.000000
       0.488939     2.346029     1.097779
       0.489116     2.348372    -2.196053
       0.488939     2.346029    -1.097780
       0.488954     2.345471    -0.000000
      -2.382296     0.259956     1.097779
      -2.384579     0.260511    -2.196052
      -2.382296     0.259956    -1.097779
      -2.381771     0.259769    -0.000000
      -2.044196     1.300442     1.097768
      -2.046313     1.301474    -2.196029
      -2.044196     1.300442    -1.097769
      -2.043681     1.300233    -0.000000
      -0.947573    -2.075177     1.097886
      -0.948868    -2.076914    -2.196291
      -0.947573    -2.075177    -1.097886
      -0.947206    -2.074844     0.000000
      -1.832619    -1.431889     1.097846
      -1.834279    -1.433397    -2.196187
      -1.832619    -1.431890    -1.097846
      -1.832251    -1.431539     0.000000
      -0.058438    -2.711099     1.096516
      -0.058670    -2.712390    -2.193902
       2.596466    -0.782199     1.096515
       2.597765    -0.782378    -2.193902
       1.582055     2.337520     1.096390
       1.582910     2.338924    -2.193533
      -1.698253     2.337447     1.096352
      -1.699249     2.338816    -2.193457
      -2.711996    -0.782288     1.096391
      -2.713596    -0.782668    -2.193532
      -0.058060     0.079913     2.750653
      -0.058261     0.080189    -3.851050
      -0.058900    -3.647484    -1.641416
      -0.058592    -3.647320    -0.547112
      -0.058592    -3.647320     0.547113
       3.487164    -1.071119    -1.641416
       3.486913    -1.071362    -0.547112
       3.486913    -1.071362     0.547112
       2.132327     3.095206    -1.641133
       2.132088     3.094736    -0.547023
       2.132088     3.094736     0.547022
      -2.248699     3.095071    -1.641073
      -2.248378     3.094629    -0.547003
      -2.248378     3.094629     0.547002
      -3.602642    -1.071490    -1.641132
      -3.602121    -1.071408    -0.547022
      -3.602121    -1.071408     0.547022
      -0.058239    -0.849295     3.299883
      -0.058522    -0.850887    -4.399962
      -0.058387    -1.780390     2.747429
      -0.058696    -1.783480    -3.846553
      -0.058670    -2.712389     2.193902
      -0.058944    -2.716412    -3.292288
       0.825725    -0.207058     3.299883
       0.827325    -0.207282    -4.399962
       1.711294    -0.494643     2.747429
       1.714328    -0.495304    -3.846553
       2.597765    -0.782377     2.193902
       2.601675    -0.783360    -3.292288
       0.488034     0.831972     3.299732
       0.488997     0.833821    -4.399688
       1.035239     1.585091     2.747127
       1.037163     1.588141    -3.846021
       1.582910     2.338924     2.193532
       1.585450     2.342720    -3.291587
      -0.604434     0.831933     3.299672
      -0.605758     0.833755    -4.399606
      -1.151580     1.585016     2.747048
      -1.153772     1.588032    -3.845914
      -1.699249     2.338817     2.193457
      -1.701981     2.342577    -3.291480
      -0.942063    -0.207054     3.299732
      -0.944120    -0.207399    -4.399688
      -1.827418    -0.494750     2.747127
      -1.830914    -0.495637    -3.846021
      -2.713596    -0.782668     2.193532
      -2.717991    -0.783911    -3.291586
       0.830018    -1.142422     2.748852
       0.831530    -1.144504    -3.848122
       1.378875     0.547008     2.748606
       1.381719     0.548301    -3.847661
      -0.058161     1.590977     2.748427
      -0.058304     1.594363    -3.847401
      -1.495136     0.546955     2.748427
      -1.498313     0.548136    -3.847401
      -0.946332    -1.142352     2.748606
      -0.948441    -1.144658    -3.847661
       1.718214    -1.433215     2.196674
       1.721033    -1.435721    -3.295143
       0.832111    -2.077006     2.196674
       0.833622    -2.080462    -3.295143
       1.930065     1.301558     2.196187
       1.933854     1.303985    -3.294226
       2.268479     0.260625     2.196291
       2.272739     0.261478    -3.294420
      -0.605429     2.348337     2.196029
      -0.606407     2.352875    -3.293998
       0.489116     2.348372     2.196052
       0.489881     2.352921    -3.294034
      -2.384579     0.260512     2.196052
      -2.389143     0.261190    -3.294034
      -2.046313     1.301475     2.196029
      -2.050327     1.303806    -3.293998
      -0.948868    -2.076914     2.196292
      -0.950998    -2.080702    -3.294420
      -1.834279    -1.433396     2.196187
      -1.837759    -1.436250    -3.294225
       2.607301    -1.723231     1.643891
       2.609999    -1.725991    -2.741173
       2.607301    -1.723231    -1.643891
       2.607098    -1.722641    -0.547859
       2.607098    -1.722641     0.547859
       1.722203    -2.370410     1.645161
       1.724957    -2.374202    -2.742800
       1.722203    -2.370410    -1.645161
       1.721423    -2.369338    -0.548224
       1.721423    -2.369337     0.548224
       0.833188    -3.012198     1.643891
       0.834978    -3.015618    -2.741173
       0.833188    -3.012199    -1.643891
       0.832690    -3.011824    -0.547859
       0.832690    -3.011824     0.547859
       2.480914     2.056961     1.643355
       2.484949     2.059315    -2.739972
       2.480914     2.056961    -1.643356
       2.479857     2.056582    -0.547699
       2.479857     2.056583     0.547699
       2.823333     1.016365     1.644461
       2.828335     1.018281    -2.741305
       2.823333     1.016365    -1.644461
       2.821632     1.015620    -0.548044
       2.821632     1.015620     0.548043
       3.158386    -0.026582     1.643516
       3.162774    -0.025585    -2.740292
       3.158386    -0.026583    -1.643516
       3.157480    -0.027263    -0.547750
       3.157480    -0.027263     0.547750
      -1.153603     3.105695     1.643240
      -1.154469     3.110371    -2.739790
      -1.153603     3.105694    -1.643241
      -1.153653     3.104503    -0.547660
      -1.153653     3.104503     0.547659
      -0.058164     3.109658     1.644286
      -0.058244     3.115141    -2.741020
      -0.058164     3.109658    -1.644287
      -0.058118     3.107724    -0.547984
      -0.058118     3.107724     0.547984
       1.037263     3.105763     1.643269
       1.037976     3.110455    -2.739838
       1.037263     3.105763    -1.643269
       1.037403     3.104559    -0.547669
       1.037403     3.104560     0.547668
      -3.274288    -0.026760     1.643269
      -3.278971    -0.025988    -2.739837
      -3.274288    -0.026760    -1.643269
      -3.273187    -0.027265    -0.547668
      -3.273187    -0.027265     0.547668
      -2.939486     1.016257     1.644287
      -2.944676     1.018027    -2.741019
      -2.939486     1.016256    -1.644287
      -2.937661     1.015615    -0.547984
      -2.937661     1.015615     0.547984
      -2.597207     2.056856     1.643240
      -2.601387     2.059125    -2.739790
      -2.597207     2.056855    -1.643241
      -2.596058     2.056535    -0.547660
      -2.596058     2.056535     0.547659
      -0.950715    -3.012017     1.643516
      -0.953020    -3.015883    -2.740291
      -0.950715    -3.012017    -1.643516
      -0.949788    -3.011366    -0.547750
      -0.949788    -3.011366     0.547750
      -1.839080    -2.371074     1.644461
      -1.842448    -2.375239    -2.741304
      -1.839080    -2.371075    -1.644460
      -1.837846    -2.369687    -0.548043
      -1.837846    -2.369687     0.548044
      -2.722932    -1.723852     1.643356
      -2.726418    -1.726962    -2.739972
      -2.722932    -1.723852    -1.643355
      -2.722245    -1.722964    -0.547699
      -2.722245    -1.722963     0.547699
      -0.058900    -3.647484     1.641417
      -0.059189    -3.648703    -2.736889
       3.487164    -1.071119     1.641417
       3.488413    -1.071222    -2.736889
       2.132327     3.095207     1.641132
       2.133270     3.096726    -2.736164
      -2.248699     3.095071     1.641073
      -2.249776     3.096553    -2.736069
      -3.602642    -1.071490     1.641133
      -3.604379    -1.071917    -2.736163
      -0.058261     0.080190     3.851050
      -0.058487     0.080501    -4.952148
      -0.059363    -4.588159    -2.186564
      -0.058714    -4.588117    -1.093853
      -0.058474    -4.587698     0.000001
      -0.058714    -4.588116     1.093854
       4.381941    -1.361365    -2.186565
       4.381701    -1.361969    -1.093853
       4.381228    -1.362068     0.000000
       4.381701    -1.361969     1.093853
       2.685283     3.856538    -2.185984
       2.684917     3.855852    -1.093627
       2.684671     3.855445    -0.000000
       2.684916     3.855852     1.093626
      -2.801795     3.856343    -2.185909
      -2.801328     3.855700    -1.093589
      -2.801044     3.855309    -0.000000
      -2.801328     3.855700     1.093588
      -4.497584    -1.362117    -2.185983
      -4.496819    -1.361981    -1.093626
      -4.496356    -1.361873     0.000000
      -4.496819    -1.361981     1.093627
      -0.058522    -0.850886     4.399962
      -0.058764    -0.854131    -5.501844
      -0.058696    -1.783479     3.846553
      -0.058934    -1.789018    -4.946336
      -0.058944    -2.716411     3.292289
      -0.059121    -2.724196    -4.390739
      -0.059189    -3.648703     2.736889
      -0.059281    -3.657975    -3.835727
       0.827325    -0.207281     4.399962
       0.830485    -0.208054    -5.501844
       1.714328    -0.495303     3.846553
       1.719668    -0.496789    -4.946336
       2.601675    -0.783359     3.292289
       2.609132    -0.785598    -4.390739
       3.488413    -1.071221     2.736889
       3.497259    -1.074000    -3.835727
       0.488997     0.833822     4.399688
       0.490934     0.836980    -5.501473
       1.037163     1.588142     3.846021
       1.040516     1.593154    -4.945614
       1.585450     2.342720     3.291586
       1.590211     2.349583    -4.389740
       2.133270     3.096727     2.736163
       2.139023     3.104891    -3.834544
      -0.605758     0.833756     4.399606
      -0.608045     0.836902    -5.501389
      -1.153773     1.588033     3.845914
      -1.157402     1.593028    -4.945497
      -1.701981     2.342578     3.291479
      -1.706953     2.349420    -4.389614
      -2.249776     3.096554     2.736068
      -2.255691     3.104693    -3.834425
      -0.944120    -0.207398     4.399688
      -0.947723    -0.208264    -5.501473
      -1.830914    -0.495636     3.846021
      -1.836718    -0.497277    -4.945614
      -2.717991    -0.783910     3.291587
      -2.725989    -0.786318    -4.389740
      -3.604379    -1.071917     2.736163
      -3.613922    -1.074865    -3.834543
       0.831530    -1.144503     3.848122
       0.834065    -1.147993    -4.947417
       1.381719     0.548302     3.847661
       1.386153     0.550082    -4.946776
      -0.058304     1.594364     3.847400
      -0.058454     1.599413    -4.946467
      -1.498313     0.548137     3.847401
      -1.503069     0.549839    -4.946467
      -0.948441    -1.144658     3.847661
      -0.951505    -1.148324    -4.946776
       1.721033    -1.435721     3.295143
       1.726048    -1.439936    -4.392837
       0.833622    -2.080462     3.295143
       0.836080    -2.086535    -4.392837
       1.933854     1.303986     3.294225
       1.939835     1.307970    -4.391566
       2.272739     0.261479     3.294420
       2.279706     0.262323    -4.391845
      -0.606407     2.352876     3.293997
      -0.608209     2.359994    -4.391297
       0.489881     2.352922     3.294033
       0.491444     2.360047    -4.391343
      -2.389143     0.261190     3.294034
      -2.396403     0.261904    -4.391343
      -2.050327     1.303807     3.293998
      -2.056540     1.307721    -4.391297
      -0.950998    -2.080701     3.294420
      -0.953954    -2.087067    -4.391844
      -1.837759    -1.436249     3.294226
      -1.843397    -1.440707    -4.391566
       2.609999    -1.725990     2.741174
       2.617188    -1.730798    -3.837841
       1.724957    -2.374201     2.742801
       1.729922    -2.381036    -3.839338
       0.834978    -3.015617     2.741174
       0.837329    -3.023940    -3.837841
       2.484949     2.059316     2.739972
       2.492227     2.065433    -3.836004
       2.828335     1.018281     2.741305
       2.836771     1.021301    -3.837230
       3.162774    -0.025584     2.740292
       3.172016    -0.025768    -3.836485
      -1.154469     3.110372     2.739790
      -1.157924     3.119318    -3.835776
      -0.058244     3.115141     2.741019
      -0.058342     3.124243    -3.836858
       1.037976     3.110455     2.739837
       1.041243     3.119411    -3.835841
      -3.278971    -0.025988     2.739837
      -3.288499    -0.026328    -3.835841
      -2.944676     1.018027     2.741019
      -2.953303     1.020932    -3.836858
      -2.601387     2.059125     2.739790
      -2.608829     2.065175    -3.835776
      -0.953020    -3.015882     2.740292
      -0.955702    -3.024729    -3.836484
      -1.842448    -2.375239     2.741305
      -1.847927    -2.382330    -3.837229
      -2.726418    -1.726961     2.739972
      -2.734486    -1.731993    -3.836004
       3.499653    -2.015645     2.186429
       3.506619    -2.021236    -3.282556
       3.499653    -2.015646    -2.186428
       3.500044    -2.014771    -1.093226
       3.499986    -2.014743     0.000000
       3.500044    -2.014771     1.093227
       2.615455    -2.666151     2.189237
       2.622432    -2.673644    -3.285208
       2.615455    -2.666151    -2.189237
       2.613558    -2.663422    -1.094239
       2.613375    -2.663023     0.000000
       2.613558    -2.663421     1.094239
       1.727438    -3.311333     2.189237
       1.732409    -3.320284    -3.285208
       1.727438    -3.311333    -2.189236
       1.725429    -3.308685    -1.094239
       1.725106    -3.308387     0.000000
       1.725429    -3.308685     1.094239
       0.835538    -3.951237     2.186429
       0.838702    -3.959590    -3.282556
       0.835538    -3.951238    -2.186428
       0.834586    -3.951339    -1.093226
       0.834576    -3.951275     0.000000
       0.834586    -3.951338     1.093227
       3.035565     2.815337     2.185271
       3.043830     2.821414    -3.280197
       3.035565     2.815336    -2.185272
       3.033899     2.815176    -1.092687
       3.033522     2.815002    -0.000000
       3.033899     2.815177     1.092687
       3.382526     1.775061     2.187359
       3.391985     1.779934    -3.282008
       3.382526     1.775060    -2.187359
       3.378711     1.773503    -1.093416
       3.377970     1.773174    -0.000000
       3.378711     1.773503     1.093415
       3.721699     0.731838     2.187473
       3.732036     0.733925    -3.282185
       3.721699     0.731837    -2.187473
       3.717872     0.730389    -1.093470
       3.717139     0.730053    -0.000000
       3.717872     0.730389     1.093470
       4.052844    -0.313506     2.185623
       4.062815    -0.313101    -3.280788
       4.052844    -0.313506    -2.185623
       4.051668    -0.314931    -1.092841
       4.051319    -0.315206     0.000000
       4.051668    -0.314931     1.092841
      -1.703326     3.867676     2.185140
      -1.706444     3.877504    -3.280015
      -1.703326     3.867676    -2.185141
      -1.703787     3.865976    -1.092617
      -1.703776     3.865538    -0.000000
      -1.703787     3.865976     1.092616
      -0.606743     3.876095     2.187162
      -0.608309     3.886680    -3.281737
      -0.606743     3.876095    -2.187163
      -0.606587     3.871920    -1.093311
      -0.606557     3.871090    -0.000000
      -0.606587     3.871921     1.093311
       0.490262     3.876133     2.187177
       0.491669     3.886722    -3.281759
       0.490262     3.876133    -2.187178
       0.490222     3.871954    -1.093318
       0.490236     3.871122    -0.000000
       0.490222     3.871954     1.093318
       1.586835     3.867794     2.185187
       1.589802     3.877636    -3.280081
       1.586836     3.867794    -2.185188
       1.587406     3.866073    -1.092639
       1.587436     3.865628    -0.000000
       1.587406     3.866074     1.092638
      -4.168850    -0.313953     2.185187
      -4.179127    -0.313734    -3.280080
      -4.168850    -0.313954    -2.185187
      -4.167390    -0.315028    -1.092639
      -4.166975    -0.315194     0.000000
      -4.167390    -0.315028     1.092639
      -3.837920     0.731527     2.187178
      -3.848426     0.733461    -3.281759
      -3.837920     0.731527    -2.187178
      -3.833934     0.730273    -1.093318
      -3.833146     0.730003    -0.000000
      -3.833934     0.730273     1.093318
      -3.498890     1.774829     2.187162
      -3.508473     1.779589    -3.281737
      -3.498890     1.774828    -2.187163
      -3.494968     1.773390    -1.093311
      -3.494188     1.773105    -0.000000
      -3.494968     1.773390     1.093311
      -3.152020     2.815139     2.185140
      -3.160404     2.821141    -3.280015
      -3.152020     2.815138    -2.185141
      -3.150261     2.815052    -1.092617
      -3.149847     2.814906    -0.000000
      -3.150261     2.815052     1.092616
      -0.954238    -3.951361     2.185624
      -0.957705    -3.960720    -3.280788
      -0.954238    -3.951362    -2.185623
      -0.952520    -3.950684    -1.092841
      -0.952150    -3.950436     0.000000
      -0.952520    -3.950684     1.092842
      -1.846089    -3.313395     2.187473
      -1.851269    -3.322581    -3.282185
      -1.846089    -3.313395    -2.187472
      -1.843529    -3.310202    -1.093470
      -1.842982    -3.309609     0.000000
      -1.843529    -3.310202     1.093471
      -2.733443    -2.668448     2.187359
      -2.741001    -2.675938    -3.282008
      -2.733443    -2.668448    -2.187358
      -2.730782    -2.665301    -1.093415
      -2.730240    -2.664698     0.000000
      -2.730782    -2.665301     1.093416
      -3.615586    -2.017004     2.185272
      -3.623921    -2.022988    -3.280196
      -3.615586    -2.017005    -2.185271
      -3.614920    -2.015470    -1.092687
      -3.614637    -2.015165     0.000000
      -3.614920    -2.015470     1.092687
      -0.059363    -4.588158     2.186566
       4.381941    -1.361364     2.186565
       2.685283     3.856538     2.185983
      -2.801795     3.856343     2.185908
      -4.497584    -1.362117     2.185984
       4.396545    -2.310108    -1.637341
       4.396193    -2.309440    -0.546050
       4.396193    -2.309440     0.546051
       4.396545    -2.310107     1.637341
       3.512888    -2.965115    -2.729718
       3.507666    -2.959828    -1.636892
       3.507337    -2.958543    -0.545747
       3.507337    -2.958543     0.545748
       3.507666    -2.959827     1.636893
       2.625678    -3.613939    -2.731020
       2.621037    -3.607551    -1.637967
       2.619595    -3.605566    -0.546066
       2.619595    -3.605566     0.546066
       2.621037    -3.607551     1.637968
       1.734447    -4.257228    -2.729718
       1.731032    -4.250627    -1.636892
       1.729912    -4.249917    -0.545747
       1.729912    -4.249917     0.545748
       1.731032    -4.250627     1.636893
       0.838433    -4.895226    -1.637340
       0.837907    -4.894685    -0.546050
       0.837907    -4.894685     0.546051
       0.838433    -4.895225     1.637341
       3.592609     3.576531    -1.636027
       3.590983     3.576312    -0.545689
       3.590983     3.576312     0.545689
       3.592609     3.576532     1.636026
       3.947179     2.537950    -2.725230
       3.939865     2.534063    -1.634749
       3.937912     2.533517    -0.544978
       3.937912     2.533517     0.544978
       3.939865     2.534063     1.634748
       4.290349     1.493563    -2.727171
       4.282748     1.490828    -1.635957
       4.280514     1.489943    -0.545381
       4.280514     1.489943     0.545381
       4.282748     1.490828     1.635957
       4.626906     0.447051    -2.725500
       4.618903     0.445400    -1.634899
       4.617109     0.444407    -0.545026
       4.617109     0.444407     0.545026
       4.618903     0.445400     1.634899
       4.951120    -0.601954    -1.636297
       4.949801    -0.602965    -0.545741
       4.949801    -0.602965     0.545741
       4.951120    -0.601953     1.636298
      -2.255126     4.632704    -1.635936
      -2.255488     4.631049    -0.545657
      -2.255488     4.631049     0.545656
      -2.255126     4.632704     1.635935
      -1.157670     4.648963    -2.725042
      -1.156374     4.640754    -1.634626
      -1.156544     4.638704    -0.544934
      -1.156544     4.638704     0.544933
      -1.156374     4.640755     1.634625
      -0.058310     4.652486    -2.726896
      -0.058241     4.644360    -1.635782
      -0.058200     4.641939    -0.545319
      -0.058200     4.641939     0.545318
      -0.058241     4.644360     1.635781
       1.041049     4.649042    -2.725071
       1.039888     4.640825    -1.634642
       1.040139     4.638769    -0.544939
       1.040139     4.638769     0.544938
       1.039888     4.640825     1.634641
       2.138630     4.632841    -1.635969
       2.139070     4.631169    -0.545667
       2.139070     4.631170     0.545666
       2.138630     4.632842     1.635968
      -5.066968    -0.602328    -1.635968
      -5.065513    -0.603263    -0.545666
      -5.065513    -0.603263     0.545667
      -5.066968    -0.602328     1.635968
      -4.743203     0.446539    -2.725071
      -4.735029     0.445105    -1.634642
      -4.733152     0.444230    -0.544939
      -4.733152     0.444230     0.544938
      -4.735029     0.445105     1.634642
      -4.406757     1.493156    -2.726896
      -4.399050     1.490579    -1.635782
      -4.396760     1.489792    -0.545318
      -4.396760     1.489792     0.545318
      -4.399051     1.490580     1.635781
      -4.063685     2.537620    -2.725042
      -4.056279     2.533851    -1.634625
      -4.054276     2.533380    -0.544934
      -4.054276     2.533380     0.544933
      -4.056279     2.533851     1.634625
      -3.709089     3.576339    -1.635936
      -3.707403     3.576172    -0.545657
      -3.707403     3.576172     0.545656
      -3.709089     3.576339     1.635935
      -0.957491    -4.894808    -1.636297
      -0.956122    -4.893866    -0.545741
      -0.956122    -4.893866     0.545742
      -0.957491    -4.894808     1.636298
      -1.854966    -4.262302    -2.725500
      -1.850923    -4.255201    -1.634899
      -1.849424    -4.253802    -0.545026
      -1.849424    -4.253802     0.545027
      -1.850923    -4.255200     1.634900
      -2.746256    -3.618826    -2.727170
      -2.741306    -3.612442    -1.635957
      -2.739774    -3.610591    -0.545381
      -2.739774    -3.610591     0.545382
      -2.741306    -3.612442     1.635958
      -3.633481    -2.969719    -2.725230
      -3.627524    -2.963963    -1.634748
      -3.626401    -2.962275    -0.544977
      -3.626401    -2.962275     0.544978
      -3.627524    -2.963963     1.634749
      -4.511662    -2.311563    -1.636026
      -4.510951    -2.310084    -0.545689
      -4.510951    -2.310084     0.545689
      -4.511662    -2.311562     1.636027
      -0.059438    -4.586917    -3.280002
       4.380784    -1.360910    -3.280002
       2.684887     3.856209    -3.278670
      -2.801526     3.855972    -3.278560
      -4.497149    -1.361842    -3.278669
      -0.058701     0.080795    -6.055889
      -0.059846    -5.540119    -2.762100
      -0.059550    -5.537237    -1.651247
      -0.060022    -5.536078    -0.549597
      -0.060022    -5.536078     0.549599
       5.287458    -1.655077    -2.762100
       5.284626    -1.654468    -1.651248
       5.283670    -1.653661    -0.549598
       5.283670    -1.653661     0.549598
       3.245130     4.627272    -2.760967
       3.243011     4.624174    -1.650571
       3.242382     4.623177    -0.549655
       3.242382     4.623177     0.549654
      -3.361740     4.627041    -2.760893
      -3.359519     4.623984    -1.650526
      -3.358818     4.623019    -0.549639
      -3.358818     4.623019     0.549638
      -5.403598    -1.656393    -2.760966
      -5.399997    -1.655336    -1.650570
      -5.398855    -1.655045    -0.549655
      -5.398855    -1.655045     0.549655
      -0.058924    -0.855395    -6.620517
      -0.059040    -1.799451    -6.056391
      -0.059099    -2.740425    -5.496219
      -0.058987    -3.681988    -4.936631
      -0.058666    -4.628046    -4.375361
       0.831737    -0.208293    -6.620517
       1.729623    -0.499912    -6.056391
       2.624561    -0.790634    -5.496219
       3.520005    -1.081700    -4.936631
       4.419661    -1.374353    -4.375362
       0.491694     0.838479    -6.620137
       1.046640     1.601976    -6.055690
       1.599732     2.363005    -5.495301
       2.153127     3.124550    -4.935625
       2.709149     3.889802    -4.374412
      -0.609082     0.838330    -6.620112
      -1.163795     1.601826    -6.055590
      -1.716699     2.362834    -5.495168
      -2.269973     3.124351    -4.935486
      -2.825941     3.889577    -4.374273
      -0.949383    -0.208524    -6.620137
      -1.847000    -0.500375    -6.055690
      -2.741697    -0.791226    -5.495300
      -3.636978    -1.082204    -4.935625
      -4.536596    -1.374536    -4.374411
       0.838686    -1.154354    -6.053867
       1.393708     0.552807    -6.053273
      -0.058608     1.607709    -6.052971
      -1.510912     0.552550    -6.052971
      -0.956432    -1.154668    -6.053273
       1.735200    -1.447679    -5.495515
       0.840616    -2.097631    -5.495514
       1.949900     1.314549    -5.494424
       2.291569     0.263342    -5.494734
      -0.611257     2.371812    -5.494147
       0.494235     2.371868    -5.494200
      -2.408508     0.262903    -5.494200
      -2.066838     1.314271    -5.494146
      -0.958589    -2.098034    -5.494733
      -1.852764    -1.448246    -5.494424
       2.631346    -1.739759    -4.937141
       1.738763    -2.393204    -4.939194
       0.841476    -3.040174    -4.937141
       2.504572     2.076418    -4.935727
       2.850322     1.025918    -4.937718
       3.188328    -0.027101    -4.936280
      -1.164471     3.134608    -4.935477
      -0.058449     3.138717    -4.937305
       1.047585     3.134704    -4.935558
      -3.305002    -0.027634    -4.935558
      -2.967036     1.025507    -4.937305
      -2.621348     2.076126    -4.935477
      -0.959475    -3.040654    -4.936280
      -1.856506    -2.393790    -4.937717
      -2.748748    -1.740340    -4.935727
       3.528857    -2.031852    -4.377522
       2.636748    -2.687250    -4.381948
       1.740924    -3.338104    -4.381948
       0.841926    -3.984020    -4.377522
       3.059384     2.839791    -4.375956
       3.407112     1.788964    -4.380122
       3.749461     0.735824    -4.380347
       4.086072    -0.318689    -4.376697
      -1.719044     3.898083    -4.375744
      -0.612132     3.903956    -4.379805
       0.495315     3.903999    -4.379835
       1.602232     3.898213    -4.375833
      -4.202538    -0.319197    -4.375832
      -3.865984     0.735332    -4.379834
      -3.523723     1.788562    -4.379804
      -3.176082     2.839483    -4.375744
      -0.959578    -3.984566    -4.376696
      -1.858460    -3.338566    -4.380346
      -2.754263    -2.687534    -4.380122
      -3.646205    -2.032102    -4.375956
       4.435738    -2.321437    -3.813788
       4.394970    -2.310842    -2.726017
       3.536586    -2.980554    -3.822585
       2.640780    -3.634724    -3.824487
       1.741807    -4.284536    -3.822585
       0.837096    -4.936002    -3.813788
       0.839618    -4.893955    -2.726017
       3.614410     3.613231    -3.812290
       3.594815     3.576504    -2.723256
       3.963339     2.554200    -3.820868
       4.308817     1.499752    -3.823367
       4.649394     0.443701    -3.821241
       4.989821    -0.618115    -3.813156
       4.952580    -0.600084    -2.723847
      -2.283089     4.664932    -3.812114
      -2.254309     4.634861    -2.723120
      -1.168029     4.669410    -3.820634
      -0.058388     4.672020    -3.823018
       1.051250     4.669492    -3.820675
       2.166298     4.665095    -3.812206
       2.137695     4.635035    -2.723184
      -5.106193    -0.618675    -3.812206
      -5.068765    -0.600761    -2.723183
      -4.765805     0.443157    -3.820675
      -4.425312     1.499267    -3.823018
      -4.079930     2.553791    -3.820634
      -3.731099     3.612892    -3.812114
      -3.711393     3.576228    -2.723120
      -0.954081    -4.936609    -3.813156
      -0.959720    -4.895619    -2.723847
      -1.858730    -4.284724    -3.821240
      -2.757849    -3.634479    -3.823367
      -3.653930    -2.980066    -3.820868
      -4.553303    -2.320956    -3.812290
      -4.512318    -2.313669    -2.723256
       5.300707    -2.614787    -2.205580
       5.300368    -2.609662    -1.098358
       5.299506    -2.610576     0.000000
       4.442221    -3.277654    -3.258955
       4.405669    -3.265026    -2.175680
       4.404871    -3.259389    -1.088857
       4.403508    -3.258699     0.000000
       4.404871    -3.259389     1.088858
       3.544981    -3.934933    -3.263088
       3.522432    -3.914470    -2.178584
       3.517895    -3.907524    -1.089166
       3.516457    -3.906180     0.000000
       3.517895    -3.907523     1.089167
       2.646881    -4.587441    -3.263087
       2.634388    -4.559672    -2.178584
       2.629184    -4.553210    -1.089166
       2.628350    -4.551427     0.000001
       2.629184    -4.553210     1.089167
       1.744509    -5.237656    -3.258955
       1.743794    -5.198989    -2.175680
       1.738680    -5.196489    -1.088857
       1.738445    -5.194979     0.000001
       1.738680    -5.196489     1.088858
       0.848797    -5.849286    -2.205579
       0.844029    -5.847380    -1.098357
       0.845165    -5.846842     0.000001
       4.165218     4.345578    -2.203893
       4.162891     4.345177    -1.099374
       4.162506     4.344418    -0.000000
       4.525431     3.323756    -3.258914
       4.519024     3.300285    -2.169224
       4.513660     3.301227    -1.085134
       4.512529     3.300702    -0.000000
       4.513660     3.301228     1.085133
       4.873749     2.267073    -3.265376
       4.863955     2.257692    -2.174959
       4.859052     2.256801    -1.087698
       4.857906     2.256324    -0.000000
       4.859052     2.256801     1.087697
       5.217008     1.211085    -3.265508
       5.203710     1.212537    -2.175052
       5.199370     1.209941    -1.087746
       5.198183     1.209598    -0.000000
       5.199370     1.209941     1.087745
       5.556567     0.151538    -3.259349
       5.537770     0.166404    -2.169521
       5.534188     0.162051    -1.085284
       5.533005     0.161822    -0.000000
       5.534188     0.162051     1.085284
       5.866275    -0.887084    -2.204350
       5.864516    -0.888574    -1.099645
       5.864060    -0.887969     0.000000
      -2.809490     5.415000    -2.203798
      -2.809941     5.412609    -1.099318
      -2.809371     5.411989    -0.000001
      -1.726200     5.441823    -3.258740
      -1.705999     5.428421    -2.169088
      -1.708685     5.423580    -1.085060
      -1.708567     5.422334    -0.000001
      -1.708685     5.423581     1.085059
      -0.613581     5.446456    -3.265149
      -0.607813     5.434201    -2.174786
      -0.608636     5.429244    -1.087605
      -0.608558     5.428004    -0.000001
      -0.608636     5.429244     1.087604
       0.496810     5.446494    -3.265162
       0.491211     5.434237    -2.174795
       0.492150     5.429277    -1.087610
       0.492117     5.428036    -0.000001
       0.492150     5.429278     1.087608
       1.609427     5.441941    -3.258779
       1.589397     5.428528    -2.169112
       1.592198     5.423677    -1.085071
       1.592124     5.422426    -0.000001
       1.592198     5.423677     1.085070
       2.692889     5.415167    -2.203811
       2.693451     5.412755    -1.099324
       2.692927     5.412125    -0.000001
      -5.982279    -0.887707    -2.203810
      -5.980159    -0.888987    -1.099323
      -5.979397    -0.888684     0.000000
      -5.672934     0.151000    -3.258778
      -5.653988     0.165905    -2.169111
      -5.650239     0.161741    -1.085071
      -5.649027     0.161425    -0.000000
      -5.650239     0.161741     1.085071
      -5.333446     1.210568    -3.265161
      -5.320059     1.212106    -2.174794
      -5.315632     1.209679    -1.087609
      -5.314441     1.209328    -0.000000
      -5.315632     1.209680     1.087609
      -4.990279     2.266600    -3.265149
      -4.980407     2.257328    -2.174786
      -4.975438     2.256579    -1.087605
      -4.974282     2.256122    -0.000000
      -4.975438     2.256579     1.087604
      -4.642055     3.323332    -3.258739
      -4.635550     3.299979    -2.169088
      -4.630117     3.301037    -1.085060
      -4.628968     3.300539    -0.000000
      -4.630117     3.301037     1.085059
      -4.281788     4.345313    -2.203798
      -4.279375     4.345003    -1.099318
      -4.278962     4.344270    -0.000001
      -0.969115    -5.853283    -2.204349
      -0.967154    -5.852070    -1.099645
      -0.967589    -5.851449     0.000001
      -1.861199    -5.237780    -3.259348
      -1.869528    -5.215310    -2.169520
      -1.864281    -5.213248    -1.085283
      -1.863697    -5.212194     0.000001
      -1.864281    -5.213248     1.085284
      -2.763958    -4.587422    -3.265507
      -2.761229    -4.574326    -2.175051
      -2.757419    -4.571000    -1.087745
      -2.756726    -4.569978     0.000001
      -2.757419    -4.571000     1.087746
      -3.662189    -3.934645    -3.265375
      -3.650240    -3.928229    -2.174958
      -3.647877    -3.923841    -1.087697
      -3.647070    -3.922898     0.000000
      -3.647877    -3.923841     1.087698
      -4.559517    -3.276841    -3.258914
      -4.535215    -3.278001    -2.169223
      -4.534454    -3.272608    -1.085133
      -4.533605    -3.271695     0.000000
      -4.534454    -3.272608     1.085134
      -5.420015    -2.618497    -2.203892
      -5.418915    -2.616407    -1.099373
      -5.418073    -2.616276     0.000000
      -0.058487     0.080502     4.952148
      -0.059550    -5.537237     1.651249
       5.284626    -1.654468     1.651248
       3.243011     4.624174     1.650570
      -3.359519     4.623985     1.650525
      -5.399997    -1.655335     1.650571
       5.300368    -2.609662     1.098358
       0.844029    -5.847380     1.098359
       4.162891     4.345177     1.099373
       5.864516    -0.888574     1.099645
      -2.809941     5.412610     1.099316
       2.693451     5.412755     1.099323
      -5.980159    -0.888987     1.099323
      -4.279375     4.345003     1.099317
      -0.967154    -5.852070     1.099646
      -5.418915    -2.616407     1.099374
      -0.058764    -0.854130     5.501844
      -0.058934    -1.789017     4.946336
      -0.059121    -2.724195     4.390739
      -0.059281    -3.657975     3.835728
       0.830485    -0.208053     5.501844
       1.719668    -0.496788     4.946336
       2.609132    -0.785597     4.390739
       3.497259    -1.073999     3.835728
       0.490934     0.836982     5.501473
       1.040516     1.593156     4.945614
       1.590211     2.349584     4.389740
       2.139022     3.104892     3.834543
      -0.608045     0.836903     5.501389
      -1.157403     1.593029     4.945496
      -1.706953     2.349421     4.389613
      -2.255691     3.104694     3.834424
      -0.947723    -0.208263     5.501473
      -1.836718    -0.497276     4.945614
      -2.725989    -0.786317     4.389740
      -3.613922    -1.074864     3.834544
       0.834065    -1.147992     4.947417
       1.386152     0.550083     4.946776
      -0.058454     1.599414     4.946466
      -1.503069     0.549841     4.946467
      -0.951505    -1.148323     4.946776
       1.726048    -1.439935     4.392837
       0.836080    -2.086534     4.392837
       1.939835     1.307971     4.391566
       2.279706     0.262324     4.391845
      -0.608209     2.359995     4.391296
       0.491444     2.360048     4.391343
      -2.396403     0.261905     4.391343
      -2.056540     1.307722     4.391296
      -0.953954    -2.087066     4.391845
      -1.843397    -1.440706     4.391566
       2.617188    -1.730798     3.837842
       1.729922    -2.381035     3.839338
       0.837329    -3.023939     3.837842
       2.492227     2.065434     3.836004
       2.836771     1.021302     3.837229
       3.172016    -0.025767     3.836485
      -1.157924     3.119319     3.835776
      -0.058342     3.124244     3.836858
       1.041243     3.119412     3.835840
      -3.288499    -0.026327     3.835841
      -2.953303     1.020933     3.836858
      -2.608829     2.065176     3.835776
      -0.955702    -3.024728     3.836485
      -1.847927    -2.382329     3.837230
      -2.734486    -1.731992     3.836004
       3.506619    -2.021236     3.282557
       2.622432    -2.673644     3.285209
       1.732409    -3.320283     3.285209
       0.838702    -3.959589     3.282557
       3.043830     2.821415     3.280196
       3.391985     1.779935     3.282008
       3.732036     0.733925     3.282185
       4.062815    -0.313100     3.280788
      -1.706444     3.877505     3.280014
      -0.608309     3.886681     3.281736
       0.491668     3.886722     3.281759
       1.589802     3.877636     3.280080
      -4.179127    -0.313734     3.280080
      -3.848426     0.733461     3.281759
      -3.508473     1.779589     3.281736
      -3.160404     2.821142     3.280014
      -0.957705    -3.960719     3.280788
      -1.851269    -3.322580     3.282186
      -2.741001    -2.675937     3.282009
      -3.623921    -2.022987     3.280197
       3.512888    -2.965115     2.729719
       2.625678    -3.613938     2.731020
       1.734447    -4.257227     2.729719
       3.947179     2.537950     2.725230
       4.290349     1.493564     2.727171
       4.626906     0.447051     2.725500
      -1.157670     4.648963     2.725041
      -0.058310     4.652486     2.726895
       1.041049     4.649042     2.725070
      -4.743203     0.446540     2.725071
      -4.406757     1.493157     2.726896
      -4.063685     2.537621     2.725041
      -1.854966    -4.262301     2.725501
      -2.746256    -3.618826     2.727171
      -3.633481    -2.969718     2.725230
      -0.059438    -4.586916     3.280003
       4.380784    -1.360909     3.280002
       2.684887     3.856210     3.278669
      -2.801526     3.855973     3.278559
      -4.497149    -1.361842     3.278670
       4.394970    -2.310841     2.726017
       0.839618    -4.893955     2.726018
       3.594815     3.576505     2.723256
       4.952580    -0.600084     2.723848
      -2.254309     4.634862     2.723119
       2.137695     4.635035     2.723183
      -5.068765    -0.600761     2.723183
      -3.711393     3.576229     2.723119
      -0.959720    -4.895618     2.723848
      -4.512318    -2.313668     2.723256
      -0.059846    -5.540118     2.762101
       5.287458    -1.655077     2.762100
       3.245130     4.627272     2.760966
      -3.361740     4.627041     2.760892
      -5.403598    -1.656393     2.760967
      -0.058701     0.080796     6.055889
       5.300707    -2.614786     2.205580
       4.405669    -3.265025     2.175681
       3.522432    -3.914470     2.178585
       2.634388    -4.559671     2.178585
       1.743794    -5.198989     2.175681
       0.848798    -5.849286     2.205581
       4.165218     4.345578     2.203892
       4.519024     3.300285     2.169223
       4.863955     2.257692     2.174958
       5.203710     1.212537     2.175052
       5.537770     0.166404     2.169521
       5.866275    -0.887084     2.204350
      -2.809490     5.415000     2.203797
      -1.706000     5.428421     2.169087
      -0.607813     5.434202     2.174785
       0.491211     5.434238     2.174794
       1.589397     5.428528     2.169110
       2.692889     5.415167     2.203810
      -5.982279    -0.887707     2.203810
      -5.653988     0.165905     2.169111
      -5.320059     1.212106     2.174794
      -4.980407     2.257328     2.174785
      -4.635550     3.299979     2.169087
      -4.281788     4.345313     2.203797
      -0.969115    -5.853282     2.204351
      -1.869528    -5.215309     2.169521
      -2.761229    -4.574326     2.175052
      -3.650240    -3.928228     2.174959
      -4.535215    -3.278000     2.169224
      -5.420015    -2.618497     2.203893
      -0.058924    -0.855393     6.620517
      -0.059040    -1.799450     6.056391
      -0.059099    -2.740424     5.496219
      -0.058987    -3.681987     4.936632
      -0.058666    -4.628045     4.375362
       0.831737    -0.208291     6.620517
       1.729623    -0.499911     6.056391
       2.624561    -0.790632     5.496219
       3.520005    -1.081699     4.936631
       4.419661    -1.374352     4.375362
       0.491694     0.838480     6.620137
       1.046640     1.601977     6.055690
       1.599732     2.363007     5.495300
       2.153127     3.124552     4.935624
       2.709149     3.889803     4.374411
      -0.609082     0.838331     6.620112
      -1.163795     1.601828     6.055590
      -1.716699     2.362835     5.495167
      -2.269973     3.124352     4.935485
      -2.825941     3.889577     4.374272
      -0.949383    -0.208523     6.620137
      -1.847000    -0.500374     6.055690
      -2.741697    -0.791224     5.495300
      -3.636978    -1.082203     4.935625
      -4.536596    -1.374535     4.374412
       0.838686    -1.154353     6.053868
       1.393708     0.552809     6.053273
      -0.058608     1.607711     6.052971
      -1.510912     0.552551     6.052971
      -0.956432    -1.154667     6.053274
       1.735200    -1.447677     5.495515
       0.840616    -2.097630     5.495515
       1.949900     1.314550     5.494424
       2.291569     0.263343     5.494734
      -0.611257     2.371813     5.494146
       0.494235     2.371869     5.494200
      -2.408508     0.262905     5.494200
      -2.066838     1.314272     5.494146
      -0.958589    -2.098033     5.494734
      -1.852764    -1.448245     5.494424
       2.631346    -1.739758     4.937141
       1.738763    -2.393203     4.939195
       0.841476    -3.040173     4.937141
       2.504572     2.076419     4.935727
       2.850322     1.025920     4.937717
       3.188328    -0.027100     4.936280
      -1.164471     3.134610     4.935477
      -0.058449     3.138719     4.937304
       1.047585     3.134705     4.935558
      -3.305002    -0.027633     4.935558
      -2.967036     1.025508     4.937305
      -2.621348     2.076127     4.935477
      -0.959475    -3.040653     4.936281
      -1.856506    -2.393789     4.937718
      -2.748748    -1.740339     4.935727
       3.528857    -2.031851     4.377523
       2.636748    -2.687249     4.381949
       1.740924    -3.338103     4.381949
       0.841926    -3.984019     4.377523
       3.059384     2.839792     4.375956
       3.407112     1.788965     4.380122
       3.749461     0.735825     4.380346
       4.086072    -0.318688     4.376697
      -1.719044     3.898084     4.375743
      -0.612132     3.903957     4.379804
       0.495315     3.904000     4.379834
       1.602232     3.898214     4.375832
      -4.202538    -0.319196     4.375832
      -3.865984     0.735333     4.379834
      -3.523723     1.788563     4.379804
      -3.176083     2.839484     4.375743
      -0.959578    -3.984565     4.376697
      -1.858460    -3.338565     4.380347
      -2.754263    -2.687534     4.380122
      -3.646205    -2.032101     4.375956
       4.435738    -2.321436     3.813789
       3.536586    -2.980553     3.822586
       2.640780    -3.634724     3.824488
       1.741807    -4.284535     3.822586
       0.837096    -4.936001     3.813789
       3.614410     3.613232     3.812289
       3.963339     2.554201     3.820868
       4.308817     1.499753     3.823367
       4.649394     0.443702     3.821241
       4.989821    -0.618114     3.813157
      -2.283089     4.664933     3.812113
      -1.168030     4.669411     3.820633
      -0.058389     4.672021     3.823017
       1.051250     4.669493     3.820674
       2.166298     4.665096     3.812205
      -5.106193    -0.618675     3.812206
      -4.765805     0.443158     3.820675
      -4.425312     1.499268     3.823018
      -4.079930     2.553792     3.820633
      -3.731099     3.612893     3.812113
      -0.954081    -4.936608     3.813157
      -1.858730    -4.284724     3.821241
      -2.757849    -3.634478     3.823368
      -3.653930    -2.980066     3.820868
      -4.553303    -2.320955     3.812290
       4.442221    -3.277654     3.258956
       3.544981    -3.934932     3.263088
       2.646881    -4.587440     3.263089
       1.744509    -5.237655     3.258956
       4.525431     3.323757     3.258914
       4.873749     2.267074     3.265375
       5.217008     1.211086     3.265507
       5.556567     0.151539     3.259349
      -1.726200     5.441824     3.258738
      -0.613581     5.446456     3.265148
       0.496810     5.446495     3.265160
       1.609427     5.441942     3.258777
      -5.672934     0.151000     3.258778
      -5.333446     1.210569     3.265161
      -4.990279     2.266601     3.265148
      -4.642055     3.323333     3.258739
      -1.861199    -5.237779     3.259349
      -2.763957    -4.587421     3.265508
      -3.662189    -3.934644     3.265376
      -4.559517    -3.276840     3.258914
       5.317616    -3.570795    -1.647228
       5.309885    -3.573452    -0.548086
       5.309885    -3.573452     0.548087
       5.317616    -3.570795     1.647229
       4.428967    -4.223961    -1.636592
       4.423182    -4.221434    -0.544483
       4.423182    -4.221434     0.544484
       4.428967    -4.223961     1.636593
       3.539573    -4.871808    -1.636663
       3.536300    -4.867303    -0.544538
       3.536300    -4.867303     0.544539
       3.539573    -4.871807     1.636664
       2.648596    -5.517476    -1.636592
       2.647981    -5.511192    -0.544483
       2.647981    -5.511192     0.544484
       2.648596    -5.517475     1.636594
       1.752791    -6.160791    -1.647227
       1.757707    -6.154259    -0.548086
       1.757707    -6.154259     0.548087
       1.752791    -6.160790     1.647229