
      -0.118938    -0.139794    -0.559152
      -0.118937    -0.139756     0.541142
      -0.119035    -1.067049    -0.009068
       0.763049    -0.426302    -0.009035
       0.426265     0.610508    -0.008906
      -0.664021     0.610385    -0.008909
      -1.000853    -0.426415    -0.009038
      -0.119167    -1.067474    -1.108922
       0.763107    -0.426614    -1.108998
       0.426251     0.610460    -1.108977
      -0.664345     0.610339    -1.108901
      -1.001211    -0.426697    -1.108896
      -0.119206    -0.140103    -1.659504
      -0.119240    -1.997402    -0.558306
       1.647669    -0.714197    -0.558435
       0.973075     1.363005    -0.558353
      -1.211210     1.362584    -0.558217
      -1.885659    -0.714110    -0.558273
      -0.119171    -1.067394     1.090776
      -0.119527    -1.068568    -2.208913
       0.763119    -0.426478     1.090901
       0.763347    -0.427297    -2.209121
       0.426215     0.610629     1.091071
       0.426225     0.610557    -2.209237
      -0.664295     0.610519     1.090989
      -0.665171     0.610444    -2.209063
      -1.001224    -0.426548     1.090792
      -1.002232    -0.427304    -2.208898
       0.767435    -1.360108     0.540557
       0.767661    -1.361173    -1.658165
       0.767430    -1.360159    -0.558687
       1.315778     0.326336     0.540811
       1.316180     0.326040    -1.658610
       1.315778     0.326201    -0.558803
      -0.119030     1.368643     0.540916
      -0.119351     1.368771    -1.658475
      -0.119038     1.368404    -0.558628
      -1.553590     0.326116     0.540603
      -1.554673     0.325882    -1.658077
      -1.553596     0.325968    -0.558605
      -1.005696    -1.360157     0.540488
      -1.006405    -1.361177    -1.657977
      -1.005685    -1.360214    -0.558623
      -0.119245    -1.997362     0.540120
      -0.119461    -1.998535    -1.657044
       1.647674    -0.714109     0.540310
       1.648140    -0.714814    -1.657446
       0.973024     1.363204     0.540613
       0.973250     1.363237    -1.657652
      -1.211144     1.362795     0.540462
      -1.212022     1.362867    -1.657280
      -1.885666    -0.714008     0.540138
      -1.886701    -0.714666    -1.657007
      -0.119205    -0.139987     1.641425
      -0.119669    -0.140592    -2.759896
      -0.119448    -2.930776    -1.105415
      -0.119350    -2.930291    -0.009105
       2.534997    -1.003285    -1.105888
       2.534809    -1.003069    -0.009078
       1.521534     2.117789    -1.106048
       1.521417     2.117993    -0.008848
      -1.760371     2.116962    -1.105589
      -1.760015     2.117073    -0.008863
      -2.773347    -1.002738    -1.105376
      -2.772924    -1.002427    -0.009084
      -0.119535    -1.068444     2.190735
      -0.120039    -1.070240    -3.308874
      -0.119473    -1.998439     1.638841
      -0.119865    -2.000990    -2.756141
       0.763358    -0.427108     2.190961
       0.763868    -0.428233    -3.309231
       1.648148    -0.714617     1.639284
       1.649481    -0.715977    -2.756805
       0.426184     0.610812     2.191161
       0.426284     0.610917    -3.309483
       0.973153     1.363652     1.639704
       0.973787     1.364286    -2.757288
      -0.665107     0.610715     2.190982
      -0.666404     0.610814    -3.309188
      -1.211884     1.363311     1.639321
      -1.213669     1.363970    -2.756686
      -1.002245    -0.427092     2.190731
      -1.003841    -0.428145    -3.308861
      -1.886716    -0.714430     1.638833
      -1.889030    -0.715681    -2.756101
       0.767671    -1.361052     1.639999
       0.768282    -1.363191    -2.757710
       1.316178     0.326341     1.640531
       1.317296     0.326050    -2.758467
      -0.119330     1.369260     1.640540
      -0.119899     1.370031    -2.758360
      -1.554656     0.326216     1.639989
      -1.556914     0.326014    -2.757618
      -1.006432    -1.361039     1.639806
      -1.007909    -1.363106    -2.757406
       1.655451    -1.652170     1.088834
       1.656490    -1.654303    -2.205421
       1.655435    -1.652268    -1.106993
       1.655276    -1.651689    -0.009069
       0.770131    -2.295102     1.088693
       0.770864    -2.297461    -2.205186
       0.770126    -2.295168    -1.106876
       0.769961    -2.294596    -0.009083
       1.867241     1.081039     1.089632
       1.868658     1.080922    -2.206610
       1.867260     1.080649    -1.107619
       1.866891     1.080897    -0.008959
       2.205409     0.039626     1.089479
       2.206931     0.039391    -2.206448
       2.205416     0.039378    -1.107587
       2.205085     0.039429    -0.009040
      -0.666689     2.126330     1.089482
      -0.667344     2.127213    -2.206171
      -0.666736     2.125623    -1.107273
      -0.666595     2.125639    -0.008881
       0.428133     2.126565     1.089605
       0.427843     2.127416    -2.206392
       0.428129     2.125865    -1.107387
       0.428301     2.125893    -0.008875
      -2.443754     0.039898     1.088676
      -2.446242     0.039677    -2.205080
      -2.443768     0.039607    -1.106798
      -2.443170     0.039725    -0.009046
      -2.105834     1.080521     1.088845
      -2.108227     1.080570    -2.205266
      -2.105880     1.080096    -1.106845
      -2.105265     1.080272    -0.008967
      -1.008887    -2.295117     1.088571
      -1.010223    -2.297409    -2.204955
      -1.008861    -2.295195    -1.106757
      -1.008487    -2.294643    -0.009085
      -1.894008    -1.652037     1.088575
      -1.895729    -1.654086    -2.204941
      -1.893977    -1.652161    -1.106741
      -1.893593    -1.651599    -0.009072
      -0.119461    -2.930715     1.087196
      -0.119735    -2.932639    -2.202497
       2.534996    -1.003130     1.087718
       2.535953    -1.004098    -2.203351
       1.521448     2.118323     1.088256
       1.521911     2.118396    -2.203957
      -1.760235     2.117526     1.087776
      -1.761593     2.117736    -2.203141
      -2.773356    -1.002537     1.087192
      -2.775090    -1.003531    -2.202446
      -0.119668    -0.140446     2.741728
      -0.120248    -0.141160    -3.860435
      -0.119653    -3.867339    -1.650096
      -0.119461    -3.866675    -0.556083
      -0.119469    -3.866649     0.537855
       3.425413    -1.293080    -1.650885
       3.425392    -1.292856    -0.556323
       3.425388    -1.292773     0.538147
       2.071936     2.874952    -1.651327
       2.071972     2.875498    -0.556241
       2.071994     2.875953     0.538539
      -2.311305     2.873917    -1.650549
      -2.310801     2.874171    -0.556001
      -2.310778     2.874647     0.538259
      -3.664065    -1.292343    -1.650051
      -3.663471    -1.291937    -0.556055
      -3.663476    -1.291819     0.537859
      -0.120050    -1.070143     3.290655
      -0.120610    -1.072708    -4.408904
      -0.119883    -2.000893     2.737908
      -0.120365    -2.004948    -3.855056
      -0.119757    -2.932554     2.184255
      -0.120153    -2.937508    -3.300524
       0.763864    -0.428104     3.291012
       0.765054    -0.429404    -4.409401
       1.649478    -0.715810     2.738596
       1.652070    -0.717636    -3.855974
       2.535946    -1.003905     2.185149
       2.539406    -1.006050    -3.301725
       0.426267     0.611135     3.291268
       0.426716     0.611899    -4.409756
       0.973735     1.364696     2.739124
       0.974990     1.366505    -3.856667
       1.521804     2.119075     2.185864
       1.523536     2.121380    -3.302684
      -0.666362     0.611051     3.290969
      -0.668130     0.611818    -4.409333
      -1.213564     1.364416     2.738512
      -1.216208     1.366243    -3.855829
      -1.761405     2.118470     2.185034
      -1.764550     2.120832    -3.301542
      -1.003845    -0.427988     3.290635
      -1.006249    -0.429230    -4.408874
      -1.889039    -0.715460     2.737879
      -1.892822    -0.717162    -3.855000
      -2.775101    -1.003264     2.184226
      -2.779714    -1.005252    -3.300457
       0.768284    -1.363078     2.739491
       0.769532    -1.366292    -3.856823
       1.317285     0.326321     2.740286
       1.319509     0.326441    -3.857850
      -0.119873     1.370518     2.740207
      -0.120563     1.372573    -3.857714
      -1.556887     0.326330     2.739428
      -1.560443     0.326532    -3.856702
      -1.007936    -1.362967     2.739182
      -1.010251    -1.366103    -3.856414
       1.656506    -1.654178     2.187211
       1.659101    -1.657870    -3.303572
       0.770867    -2.297374     2.186964
       0.772209    -2.301989    -3.303225
       1.868628     1.081402     2.188486
       1.871657     1.082455    -3.305188
       2.206916     0.039695     2.188283
       2.210466     0.039377    -3.304920
      -0.667276     2.128064     2.188133
      -0.668712     2.131007    -3.304624
       0.427855     2.128250     2.188360
       0.427894     2.131169    -3.304947
      -2.446218     0.040051     2.186898
      -2.451084     0.039816    -3.303086
      -2.108155     1.081111     2.187130
      -2.112554     1.082314    -3.303391
      -1.010260    -2.297300     2.186728
      -1.012480    -2.301816    -3.302905
      -1.895771    -1.653917     2.186722
      -1.899376    -1.657458    -3.302889
       2.545498    -1.944800     1.634523
       2.548112    -1.948656    -2.749486
       2.545475    -1.944919    -1.652719
       2.545233    -1.943691    -0.556880
       2.545244    -1.943638     0.538720
       1.661372    -2.591630     1.635292
       1.663977    -2.596513    -2.750319
       1.661352    -2.591707    -1.653500
       1.660538    -2.589932    -0.557111
       1.660548    -2.589898     0.538936
       0.772655    -3.232213     1.634108
       0.774285    -3.236825    -2.748902
       0.772654    -3.232272    -1.652333
       0.772143    -3.231188    -0.556753
       0.772145    -3.231163     0.538553
       2.419547     1.837584     1.636042
       2.422930     1.838132    -2.751557
       2.419606     1.836850    -1.654098
       2.418528     1.837514    -0.557243
       2.418512     1.837848     0.539303
       2.761265     0.795745     1.637393
       2.765763     0.796437    -2.753119
       2.761316     0.795296    -1.655516
       2.759514     0.795046    -0.557707
       2.759495     0.795252     0.539633
       3.096752    -0.248131     1.635685
       3.100463    -0.248033    -2.751104
       3.096790    -0.248413    -1.653857
       3.096019    -0.248975    -0.557245
       3.096004    -0.248848     0.539096
      -1.215890     2.885415     1.635470
      -1.216936     2.888195    -2.750681
      -1.215896     2.884155    -1.653394
      -1.215941     2.883669    -0.557029
      -1.216062     2.884115     0.539092
      -0.119535     2.889000     1.637126
      -0.120179     2.892803    -2.752447
      -0.119582     2.887802    -1.654984
      -0.119269     2.886516    -0.557708
      -0.119250     2.886866     0.539496
       0.976781     2.885898     1.635872
       0.976509     2.888612    -2.751249
       0.976687     2.884662    -1.653776
       0.977346     2.884252    -0.557161
       0.977507     2.884698     0.539250
      -3.335842    -0.247167     1.634053
      -3.340768    -0.247229    -2.748775
      -3.335880    -0.247540    -1.652247
      -3.334660    -0.247657    -0.556710
      -3.334646    -0.247492     0.538545
      -3.001227     0.796012     1.635221
      -3.006740     0.796730    -2.750136
      -3.001306     0.795475    -1.653361
      -2.999325     0.795310    -0.557028
      -2.999295     0.795550     0.538939
      -2.659217     1.836763     1.634435
      -2.663789     1.837665    -2.749257
      -2.659348     1.835958    -1.652504
      -2.658028     1.836224    -0.556716
      -2.657981     1.836582     0.538754
      -1.011891    -3.232206     1.633952
      -1.014197    -3.236708    -2.748658
      -1.011850    -3.232283    -1.652180
      -1.010948    -3.231252    -0.556701
      -1.010964    -3.231221     0.538497
      -1.900458    -2.591503     1.634969
      -1.903830    -2.596214    -2.749827
      -1.900405    -2.591615    -1.653182
      -1.899169    -2.589925    -0.557001
      -1.899191    -2.589878     0.538821
      -2.784379    -1.944397     1.633949
      -2.787909    -1.948077    -2.748633
      -2.784329    -1.944572    -1.652154
      -2.783614    -1.943394    -0.556677
      -2.783636    -1.943320     0.538510
      -0.119676    -3.867275     1.631853
      -0.119991    -3.869360    -2.745055
       3.425402    -1.292894     1.632688
       3.426199    -1.294113    -2.746333
       2.071773     2.876029     1.633337
       2.071982     2.875582    -2.747458
      -2.311028     2.875063     1.632537
      -2.312597     2.874737    -2.746204
      -3.664073    -1.292071     1.631831
      -3.665954    -1.293171    -2.744992
      -0.120249    -0.141068     3.842202
      -0.120865    -0.141720    -4.961651
      -0.119867    -4.808420    -2.194865
      -0.119572    -4.807479    -1.102622
      -0.119478    -4.806924    -0.009115
      -0.119593    -4.807439     1.084384
       4.319748    -1.584277    -2.195875
       4.320386    -1.583237    -1.103094
       4.320371    -1.582713    -0.009084
       4.320379    -1.583078     1.084912
       2.624727     3.635043    -2.196867
       2.625581     3.635806    -1.103086
       2.625432     3.636998    -0.008841
       2.625165     3.637691     1.085188
      -2.864960     3.634015    -2.195843
      -2.864055     3.634578    -1.102599
      -2.863236     3.635763    -0.008864
      -2.863481     3.636543     1.084666
      -4.559064    -1.583341    -2.194817
      -4.558215    -1.582828    -1.102587
      -4.557725    -1.582473    -0.009099
      -4.558228    -1.582586     1.084376
      -0.120625    -1.072711     4.390655
      -0.121163    -1.076795    -5.510772
      -0.120387    -2.004914     3.836793
      -0.120868    -2.011348    -4.954696
      -0.120181    -2.937452     3.282255
      -0.120601    -2.946203    -4.398681
      -0.120024    -3.869297     2.726788
      -0.120394    -3.879657    -3.843408
       0.765031    -0.429437     4.391160
       0.767811    -0.431026    -5.511374
       1.652048    -0.717625     3.837738
       1.656970    -0.720004    -4.955835
       2.539392    -1.005966     3.283496
       2.546360    -1.009226    -4.400243
       3.426185    -1.293960     2.728109
       3.434441    -1.298048    -3.845260
       0.426731     0.611945     4.391499
       0.428131     0.614285    -5.511762
       0.975043     1.366685     3.838414
       0.977631     1.370816    -4.956594
       1.523625     2.121798     3.284404
       1.527240     2.127664    -4.401294
       2.071924     2.876514     2.729040
       2.076082     2.883446    -3.846485
      -0.668126     0.611885     4.391070
      -0.670797     0.614249    -5.511224
      -1.216210     1.366466     3.837563
      -1.220173     1.370635    -4.955537
      -1.764547     2.121317     3.283243
      -1.769739     2.127228    -4.399804
      -2.312398     2.875764     2.727772
      -2.318517     2.882684    -3.844675
      -1.006241    -0.429229     4.390626
      -1.010214    -0.430787    -5.510712
      -1.892818    -0.717088     3.836751
      -1.898955    -0.719384    -4.954613
      -2.779720    -1.005084     3.282209
      -2.787995    -1.008142    -4.398591
      -3.665963    -1.292915     2.726745
      -3.675726    -1.296534    -3.843323
       0.769519    -1.366268     3.838559
       0.771769    -1.370727    -4.956018
       1.319490     0.326498     3.839621
       1.323335     0.327419    -4.957233
      -0.120538     1.372833     3.839480
      -0.121216     1.376952    -4.956975
      -1.560412     0.326643     3.838461
      -1.565563     0.327617    -4.955839
      -1.010269    -1.366049     3.838145
      -1.013594    -1.370445    -4.955531
       1.659101    -1.657812     3.285311
       1.663840    -1.663078    -4.401045
       0.772200    -2.301942     3.284957
       0.774376    -2.309106    -4.400593
       1.871642     1.082676     3.286976
       1.876841     1.085690    -4.402933
       2.210442     0.039505     3.286712
       2.216708     0.039411    -4.402615
      -0.668700     2.131562     3.286447
      -0.670934     2.137629    -4.402100
       0.427969     2.131699     3.286778
       0.428705     2.137757    -4.402521
      -2.451055     0.040027     3.284860
      -2.458659     0.040008    -4.400416
      -2.112498     1.082611     3.285163
      -2.119096     1.085721    -4.400787
      -1.012516    -2.301742     3.284633
      -1.015639    -2.308808    -4.400219
      -1.899409    -1.657344     3.284618
      -1.905246    -1.662444    -4.400194
       2.548126    -1.948559     2.731239
       2.555147    -1.954496    -3.845669
       1.663988    -2.596450     2.732063
       1.668605    -2.604337    -3.846231
       0.774277    -3.236773     2.730640
       0.776251    -3.246409    -3.844910
       2.422880     1.838667     2.733372
       2.429074     1.843548    -3.848208
       2.765716     0.796761     2.734944
       2.773461     0.798737    -3.849390
       3.100430    -0.247821     2.732905
       3.108752    -0.249084    -3.847650
      -1.216900     2.889272     2.732522
      -1.220613     2.896923    -3.846873
      -0.120115     2.893768     2.734567
      -0.120926     2.901733    -3.848506
       0.976603     2.889636     2.733110
       0.978615     2.897282    -3.847605
      -3.340734    -0.246908     2.730551
      -3.350554    -0.248023    -3.844751
      -3.006664     0.797162     2.731938
      -3.015640     0.799185    -3.846010
      -2.663662     1.838298     2.731057
      -2.671476     1.843349    -3.845362
      -1.014246    -3.236633     2.730392
      -1.017032    -3.246135    -3.844613
      -1.903887    -2.596103     2.731565
      -1.909449    -2.603761    -3.845618
      -2.787958    -1.947905     2.730375
      -2.796151    -1.953525    -3.844581
       3.437784    -2.238548     2.176690
       3.444940    -2.245619    -3.289994
       3.437756    -2.238674    -2.194913
       3.437886    -2.236458    -1.102086
       3.437866    -2.235916    -0.009082
       3.437911    -2.236358     1.083904
       2.555392    -2.889663     2.178305
       2.562007    -2.898022    -3.291200
       2.555358    -2.889739    -2.196540
       2.553360    -2.886016    -1.102560
       2.553045    -2.885196    -0.009090
       2.553388    -2.885954     1.084365
       1.667747    -3.534290     2.178078
       1.672137    -3.544237    -3.290915
       1.667730    -3.534341    -2.196322
       1.665788    -3.530586    -1.102444
       1.665458    -3.529783    -0.009099
       1.665805    -3.530545     1.084233
       0.775534    -4.171911     2.175927
       0.778351    -4.182058    -3.289052
       0.775543    -4.171959    -2.194180
       0.774492    -4.170656    -1.101691
       0.774354    -4.170207    -0.009108
       0.774491    -4.170621     1.083465
       2.973791     2.595374     2.178824
       2.980512     2.599776    -3.293180
       2.974000     2.594349    -2.196957
       2.972468     2.595926    -1.102938
       2.972103     2.596933    -0.009014
       2.972270     2.596897     1.084917
       3.319152     1.553722     2.182176
       3.328341     1.557538    -3.295636
       3.319289     1.553135    -2.200317
       3.314454     1.552258    -1.104230
       3.313367     1.552688    -0.009049
       3.314334     1.552786     1.086127
       3.658070     0.510007     2.181975
       3.668210     0.511030    -3.295418
       3.658161     0.509635    -2.200156
       3.653525     0.508134    -1.104151
       3.652684     0.507778    -0.009075
       3.653446     0.508454     1.085992
       3.990522    -0.535777     2.178206
       3.999158    -0.536752    -3.292460
       3.990579    -0.536041    -2.196416
       3.990017    -0.537482    -1.102713
       3.989968    -0.537653    -0.009088
       3.989972    -0.537267     1.084527
      -1.765752     3.646902     2.177667
      -1.769258     3.654851    -3.291306
      -1.766048     3.644734    -2.196094
      -1.766352     3.644136    -1.102365
      -1.766763     3.644711    -0.008999
      -1.766794     3.645529     1.084238
      -0.668520     3.653918     2.181432
      -0.670770     3.663498    -3.293930
      -0.668686     3.652469    -2.198992
      -0.668237     3.648454    -1.104287
      -0.668343     3.647609    -0.009427
      -0.668364     3.648781     1.085573
       0.428824     3.654114     2.181677
       0.429383     3.663716    -3.294217
       0.428838     3.652685    -2.199213
       0.429399     3.648671    -1.104414
       0.429848     3.647830    -0.009425
       0.429605     3.648996     1.085724
       1.526044     3.647500     2.178453
       1.527647     3.655516    -3.292249
       1.526172     3.645405    -2.196832
       1.527626     3.644804    -1.102778
       1.528432     3.645408    -0.008981
       1.528176     3.646181     1.084705
      -4.230472    -0.534725     2.175853
      -4.241015    -0.535322    -3.288926
      -4.230531    -0.535119    -2.194094
      -4.228931    -0.535778    -1.101640
      -4.228444    -0.535649    -0.009103
      -4.228889    -0.535469     1.083425
      -3.899749     0.510882     2.177979
      -3.910589     0.511857    -3.290744
      -3.899861     0.510363    -2.196186
      -3.895673     0.509595    -1.102360
      -3.894769     0.509707    -0.009085
      -3.895580     0.510024     1.084182
      -3.560934     1.554330     2.178174
      -3.570929     1.557948    -3.290969
      -3.561133     1.553591    -2.196341
      -3.556962     1.552728    -1.102425
      -3.556011     1.552969    -0.009056
      -3.556791     1.553365     1.084302
      -3.214308     2.594825     2.176492
      -3.223176     2.599465    -3.289660
      -3.214654     2.593672    -2.194627
      -3.212560     2.594295    -1.101848
      -3.211877     2.594966    -0.009024
      -3.212245     2.595341     1.083810
      -1.015250    -4.171875     2.175759
      -1.018782    -4.181854    -3.288813
      -1.015195    -4.171943    -2.194016
      -1.013583    -4.170731    -1.101598
      -1.013260    -4.170309    -0.009111
      -1.013617    -4.170684     1.083366
      -1.907359    -3.534114     2.177740
      -1.912533    -3.543790    -3.290469
      -1.907287    -3.534206    -2.195989
      -1.904758    -3.530641    -1.102261
      -1.904239    -3.529888    -0.009101
      -1.904805    -3.530576     1.084045
      -2.794867    -2.889287     2.177739
      -2.802417    -2.897266    -3.290460
      -2.794788    -2.889426    -2.195979
      -2.792126    -2.885961    -1.102250
      -2.791607    -2.885198    -0.009091
      -2.792182    -2.885862     1.084051
      -3.677075    -2.237894     2.175750
      -3.685448    -2.244449    -3.288782
      -3.677011    -2.238109    -2.193983
      -3.676311    -2.236248    -1.101566
      -3.676037    -2.235753    -0.009085
      -3.676360    -2.236093     1.083377
      -0.119905    -4.808361     2.176607
       4.319736    -1.584077     2.177662
       2.624297     3.636914     2.178180
      -2.864317     3.636009     2.177158
      -4.559075    -1.583021     2.176575
       4.334536    -2.532424    -1.645539
       4.334206    -2.530480    -0.554885
       4.334225    -2.530413     0.536727
       4.334579    -2.532271     1.627351
       3.454979    -3.191662    -2.734529
       3.449939    -3.184966    -1.643978
       3.449245    -3.182824    -0.554119
       3.449267    -3.182784     0.535931
       3.449989    -3.184875     1.625765
       2.567505    -3.840476    -2.736097
       2.563375    -3.833321    -1.644957
       2.562261    -3.831065    -0.554447
       2.562277    -3.831040     0.536241
       2.563412    -3.833266     1.626730
       1.675977    -4.483630    -2.734109
       1.672688    -4.475832    -1.643714
       1.671587    -4.474056    -0.554036
       1.671594    -4.474038     0.535816
       1.672702    -4.475793     1.625478
       0.778949    -5.115112    -1.644968
       0.777905    -5.113831    -0.554742
       0.777902    -5.113814     0.536518
       0.778938    -5.115074     1.626728
       3.530708     3.356384    -1.647196
       3.530250     3.357637    -0.555509
       3.529980     3.358242     0.537437
       3.530107     3.357871     1.629040
       3.882020     2.314476    -2.740787
       3.872748     2.309945    -1.646706
       3.870487     2.311113    -0.554959
       3.870315     2.311474     0.536845
       3.872401     2.310763     1.628581
       4.225144     1.270528    -2.741939
       4.214126     1.267234    -1.648166
       4.210112     1.266323    -0.555253
       4.210016     1.266558     0.537091
       4.213927     1.267749     1.629990
       4.560865     0.224187    -2.740421
       4.550557     0.222897    -1.646478
       4.549254     0.221432    -0.554907
       4.549200     0.221598     0.536718
       4.550436     0.223262     1.628269
       4.888763    -0.824863    -1.646761
       4.888872    -0.825046    -0.555442
       4.888847    -0.824918     0.537260
       4.888704    -0.824580     1.628551
      -2.318322     4.407369    -1.646665
      -2.318094     4.409527    -0.555155
      -2.317953     4.411427     0.536670
      -2.317834     4.412056     1.627648
      -1.220410     4.423729    -2.737631
      -1.217775     4.414203    -1.647046
      -1.217359     4.411626    -0.555283
      -1.217864     4.412061     0.536101
      -1.216963     4.414143     1.627504
      -0.120343     4.426837    -2.739860
      -0.119607     4.417726    -1.648205
      -0.119278     4.413243    -0.556295
      -0.119260     4.412389     0.536424
      -0.119559     4.416709     1.629321
       0.979755     4.424101    -2.738085
       0.978663     4.414469    -1.647341
       0.978926     4.411822    -0.555405
       0.979470     4.412203     0.536243
       0.977975     4.414375     1.627889
       2.079595     4.407800    -1.647276
       2.080032     4.409866    -0.555338
       2.079994     4.411708     0.536919
       2.079292     4.412415     1.628366
      -5.128577    -0.823436    -1.644912
      -5.127009    -0.823978    -0.554728
      -5.126981    -0.823789     0.536487
      -5.128514    -0.823005     1.626662
      -4.805229     0.225022    -2.733999
      -4.796851     0.224048    -1.643634
      -4.794790     0.223631    -0.554006
      -4.794720     0.223873     0.535787
      -4.796704     0.224591     1.625402
      -4.469049     1.271641    -2.735962
      -4.461112     1.269557    -1.644847
      -4.458570     1.269335    -0.554398
      -4.458444     1.269668     0.536215
      -4.460847     1.270298     1.626644
      -4.126236     2.316125    -2.734346
      -4.118588     2.312830    -1.643817
      -4.116221     2.313095    -0.554034
      -4.115992     2.313568     0.535904
      -4.118101     2.313903     1.625647
      -3.771547     3.355275    -1.645270
      -3.769322     3.356117    -0.554727
      -3.768926     3.356794     0.536686
      -3.770667     3.356952     1.627129
      -1.018333    -5.115179    -1.644827
      -1.016898    -5.113966    -0.554692
      -1.016918    -5.113943     0.536457
      -1.018385    -5.115124     1.626578
      -1.916051    -4.483375    -2.733789
      -1.912005    -4.475882    -1.643490
      -1.910525    -4.474248    -0.553956
      -1.910552    -4.474218     0.535729
      -1.912075    -4.475809     1.625246
      -2.807501    -3.840033    -2.735616
      -2.802549    -3.833328    -1.644626
      -2.801047    -3.831260    -0.554327
      -2.801082    -3.831216     0.536120
      -2.802635    -3.833222     1.626398
      -3.694846    -3.191051    -2.733773
      -3.688874    -3.184974    -1.643471
      -3.687776    -3.183054    -0.553934
      -3.687815    -3.182987     0.535750
      -3.688968    -3.184813     1.625259
      -4.573076    -2.532656    -1.644790
      -4.572364    -2.530898    -0.554651
      -4.572396    -2.530793     0.536492
      -4.573154    -2.532408     1.626596
      -0.120252    -4.808148    -3.287464
       4.317860    -1.585340    -3.289511
       2.622263     3.635384    -3.290834
      -2.864598     3.634221    -3.288797
      -4.558759    -1.583441    -3.287395
      -0.121464    -0.142223    -6.065467
      -0.119981    -5.761186    -2.769820
      -0.119676    -5.757227    -1.659503
      -0.119480    -5.755914    -0.558700
      -0.119493    -5.755894     0.540479
       5.225460    -1.877665    -2.771217
       5.223776    -1.875431    -1.660894
       5.222822    -1.875334    -0.559168
       5.222827    -1.875227     0.541033
       3.183850     4.406173    -2.771259
       3.183979     4.403121    -1.661675
       3.182878     4.404117    -0.559751
       3.182669     4.405140     0.540935
      -3.423861     4.406135    -2.769810
      -3.421644     4.402803    -1.660235
      -3.420369     4.403476    -0.559228
      -3.419995     4.404563     0.540395
      -5.465162    -1.877919    -2.769777
      -5.461452    -1.876489    -1.659465
      -5.460254    -1.875847    -0.558669
      -5.460269    -1.875689     0.540489
      -0.121681    -1.078816    -6.629539
      -0.121338    -2.022460    -6.064833
      -0.121024    -2.963027    -5.504259
      -0.120768    -3.904218    -4.944465
      -0.120596    -4.849995    -4.383164
       0.768666    -0.431967    -6.630207
       1.666443    -0.723782    -6.066125
       2.561196    -1.014844    -5.506099
       3.456478    -1.306187    -4.946754
       4.356109    -1.598869    -4.385892
       0.428379     0.615024    -6.630580
       0.983175     1.379032    -6.066825
       1.535960     2.140667    -5.507032
       2.088913     2.902905    -4.947780
       2.644458     3.668814    -4.386853
      -0.672254     0.615130    -6.629916
      -1.226914     1.378956    -6.065597
      -1.779745     2.140321    -5.505277
      -2.332828     2.902228    -4.945568
      -2.888465     3.667827    -4.384194
      -1.012138    -0.431681    -6.629478
      -1.909546    -0.723068    -6.064736
      -2.804011    -1.013552    -5.504150
      -3.699081    -1.304297    -4.944358
      -4.598536    -1.596527    -4.383067
       0.776004    -1.377775    -6.062601
       1.330348     0.329451    -6.063936
      -0.121782     1.384752    -6.063462
      -1.573756     0.329717    -6.062378
      -1.018838    -1.377410    -6.062086
       1.672472    -1.671331    -5.504008
       0.778382    -2.320742    -5.503482
       1.886243     1.091633    -5.506036
       2.227949     0.039747    -5.505706
      -0.674353     2.149217    -5.504789
       0.430919     2.149332    -5.505279
      -2.471086     0.040464    -5.503285
      -2.129710     1.091761    -5.503686
      -1.020565    -2.320335    -5.503098
      -1.914892    -1.670515    -5.503060
       2.568568    -1.963609    -4.945523
       1.676480    -2.616491    -4.946719
       0.779500    -3.262940    -4.944613
       2.440508     1.854066    -4.948265
       2.786298     0.802713    -4.950014
       3.124335    -0.251131    -4.947658
      -1.227373     2.912405    -4.946194
      -0.121588     2.916559    -4.948489
       0.984008     2.912755    -4.947056
      -3.367345    -0.249793    -4.944441
      -3.029647     0.803295    -4.946482
      -2.684220     1.853923    -4.945138
      -1.021106    -3.262525    -4.944311
      -1.918251    -2.615668    -4.946046
      -2.810650    -1.962298    -4.944262
       3.466182    -2.255618    -4.385921
       2.574442    -2.910390    -4.389317
       1.678682    -3.560878    -4.388978
       0.779839    -4.206471    -4.384750
       2.994886     2.618059    -4.389356
       3.342498     1.566341    -4.393863
       3.684976     0.511931    -4.393595
       4.021749    -0.543210    -4.388513
      -1.781539     3.676335    -4.386377
      -0.674883     3.682335    -4.390949
       0.431980     3.682569    -4.391275
       1.538281     3.676981    -4.387510
      -4.264695    -0.541207    -4.384610
      -3.928379     0.513305    -4.388800
      -3.586372     1.566536    -4.389087
      -3.238917     2.617542    -4.385518
      -1.021010    -4.206073    -4.384506
      -1.919912    -3.560123    -4.388484
      -2.815836    -2.909197    -4.388471
      -3.707937    -2.253902    -4.384458
       4.373787    -2.544422    -3.822515
       4.334188    -2.535804    -2.733163
       3.474440    -3.203021    -3.830215
       2.578298    -3.856918    -3.832225
       1.679084    -4.506732    -3.829673
       0.774338    -5.158329    -3.821019
       0.780449    -5.116589    -2.732070
       3.549448     3.391889    -3.826320
       3.529986     3.354865    -2.736648
       3.898123     2.332455    -3.836149
       4.242747     1.276024    -3.838960
       4.584672     0.218709    -3.835667
       4.925140    -0.843406    -3.825195
       4.887233    -0.824445    -2.735767
      -2.344889     4.443552    -3.822357
      -2.317767     4.411475    -2.734138
      -1.230088     4.448405    -3.831293
      -0.121211     4.451466    -3.833718
       0.987584     4.448917    -3.831837
       2.102149     4.444469    -3.823824
       2.077321     4.412278    -2.735255
      -5.168218    -0.840677    -3.820922
      -5.130478    -0.822284    -2.731998
      -4.828044     0.221202    -3.829550
      -4.487794     1.277324    -3.832085
      -4.142649     2.331854    -3.830027
      -3.794013     3.390952    -3.822070
      -3.774232     3.354902    -2.732846
      -1.015305    -5.157937    -3.820831
      -1.020568    -5.116556    -2.731909
      -1.919976    -4.506087    -3.829298
      -2.819183    -3.855947    -3.831648
      -3.715388    -3.201669    -3.829282
      -4.614912    -2.542721    -3.820783
      -4.573758    -2.535100    -2.731866
       5.242285    -2.839107    -2.213289
       5.242018    -2.836113    -1.108729
       5.241387    -2.835935    -0.009045
       4.380332    -3.499590    -3.268220
       4.357341    -3.499209    -2.178435
       4.357332    -3.492947    -1.094295
       4.356641    -3.491836    -0.009086
       4.357387    -3.492848     1.076108
       3.482865    -4.157125    -3.274329
       3.472032    -4.149549    -2.183946
       3.470368    -4.144425    -1.096740
       3.469726    -4.143279    -0.009100
       3.470412    -4.144362     1.078529
       2.584483    -4.809554    -3.274195
       2.582706    -4.795524    -2.183852
       2.579550    -4.791564    -1.096690
       2.579004    -4.790375    -0.009109
       2.579576    -4.791524     1.078465
       1.681581    -5.459588    -3.267716
       1.690754    -5.436287    -2.178119
       1.686118    -5.433618    -1.094127
       1.685598    -5.432425    -0.009112
       1.686124    -5.433589     1.075896
       0.790112    -6.074009    -2.212848
       0.788684    -6.072081    -1.108386
       0.788894    -6.071143    -0.009103
       4.103211     4.119290    -2.217130
       4.098551     4.122124    -1.109982
       4.097178     4.123219    -0.009146
       4.456014     3.102866    -3.273317
       4.438283     3.067382    -2.184374
       4.435230     3.069741    -1.098189
       4.433463     3.070591    -0.009028
       4.434709     3.070485     1.080115
       4.800240     2.041402    -3.281915
       4.783036     2.028273    -2.187039
       4.774547     2.025767    -1.097470
       4.772671     2.025892    -0.009073
       4.774239     2.026303     1.079305
       5.143507     0.984536    -3.281745
       5.121711     0.985613    -2.186927
       5.113188     0.983390    -1.097432
       5.111560     0.982948    -0.009096
       5.113008     0.983793     1.079230
       5.488745    -0.076628    -3.272727
       5.453318    -0.057657    -2.183988
       5.452239    -0.060558    -1.098066
       5.451224    -0.061401    -0.009104
       5.452142    -0.060231     1.079847
       5.800634    -1.105453    -2.216738
       5.798473    -1.109540    -1.109726
       5.797847    -1.110115    -0.009075
      -2.869661     5.194417    -2.212212
      -2.868696     5.187389    -1.111112
      -2.869373     5.188011    -0.010991
      -1.787465     5.220477    -3.267481
      -1.770674     5.195580    -2.181178
      -1.765745     5.181951    -1.097947
      -1.765432     5.182794    -0.010304
      -1.765095     5.184318     1.078337
      -0.675731     5.225905    -3.272475
      -0.670306     5.197894    -2.187335
      -0.668177     5.186685    -1.098972
      -0.667216     5.182311    -0.009891
      -0.667295     5.184055     1.078376
       0.433691     5.226114    -3.272619
       0.430661     5.197973    -2.187455
       0.429538     5.186680    -1.099031
       0.428992     5.182250    -0.009871
       0.428788     5.184004     1.078467
       1.545435     5.221033    -3.268022
       1.531218     5.195732    -2.181592
       1.527425     5.181977    -1.098223
       1.527442     5.182565    -0.010263
       1.526849     5.184102     1.078662
       2.630575     5.194209    -2.212713
       2.630909     5.187032    -1.111488
       2.631916     5.187664    -0.010909
      -6.043987    -1.109180    -2.212794
      -6.041716    -1.109996    -1.108372
      -6.040857    -1.109319    -0.009139
      -5.735059    -0.070973    -3.267632
      -5.715885    -0.055545    -2.178041
      -5.711934    -0.059207    -1.094087
      -5.710569    -0.059114    -0.009126
      -5.711783    -0.058722     1.075831
      -5.395805     0.988646    -3.274129
      -5.382186     0.990699    -2.183786
      -5.377496     0.988825    -1.096643
      -5.376076     0.988970    -0.009107
      -5.377237     0.989450     1.078413
      -5.052849     2.044712    -3.274287
      -5.042741     2.035979    -2.183891
      -5.037445     2.035873    -1.096676
      -5.035943     2.036051    -0.009079
      -5.037005     2.036725     1.078482
      -4.704806     3.101473    -3.268158
      -4.697990     3.078718    -2.178353
      -4.692114     3.080536    -1.094170
      -4.690473     3.080857    -0.009022
      -4.691396     3.081685     1.076056
      -4.344058     4.124140    -2.212939
      -4.340972     4.124661    -1.108363
      -4.339863     4.124943    -0.009003
      -1.029782    -6.073998    -2.212615
      -1.027762    -6.072228    -1.108252
      -1.027778    -6.071331    -0.009115
      -1.922336    -5.459046    -3.267392
      -1.930453    -5.436258    -2.177834
      -1.925216    -5.433846    -1.093966
      -1.924519    -5.432717    -0.009119
      -1.925271    -5.433791     1.075721
      -2.825160    -4.808798    -3.273796
      -2.822327    -4.795441    -2.183523
      -2.818558    -4.791836    -1.096504
      -2.817851    -4.790726    -0.009110
      -2.818628    -4.791759     1.078276
      -3.723482    -4.156149    -3.273792
      -3.711478    -4.149464    -2.183517
      -3.709165    -4.144801    -1.096493
      -3.708386    -4.143736    -0.009096
      -3.709251    -4.144689     1.078290
      -4.620911    -3.498477    -3.267377
      -4.596558    -3.499317    -2.177816
      -4.595837    -3.493626    -1.093935
      -4.595030    -3.492545    -0.009078
      -4.595930    -3.493461     1.075761
      -5.481443    -2.839888    -2.212582
      -5.480344    -2.837445    -1.108194
      -5.479525    -2.837083    -0.009039
      -0.120870    -0.141770     4.943405
      -0.119712    -5.757180     1.641269
       5.223791    -1.875183     1.642726
       3.182985     4.406121     1.643282
      -3.420327     4.405995     1.641878
      -5.461488    -1.876114     1.641256
       5.242062    -2.835961     1.090618
       0.788674    -6.072050     1.090173
       4.097805     4.123257     1.091738
       5.798434    -1.109245     1.091558
      -2.869423     5.189396     1.089531
       2.631769     5.188944     1.090073
      -6.041645    -1.109569     1.090096
      -4.339799     4.126095     1.090328
      -1.027806    -6.072182     1.090017
      -5.480418    -2.837204     1.090091
      -0.121184    -1.076948     5.492511
      -0.120895    -2.011425     4.936414
      -0.120635    -2.946222     4.380391
      -0.120435    -3.879638     3.825120
       0.767781    -0.431262     5.493151
       1.656943    -0.720194     4.937602
       2.546349    -1.009326     4.382006
       3.434440    -1.298040     3.827021
       0.428167     0.614057     5.493583
       0.977771     1.370579     4.938454
       1.527571     2.127388     4.383198
       2.076617     2.883156     3.828428
      -0.670829     0.614043     5.493036
      -1.220275     1.370448     4.937378
      -1.769989     2.127035     4.381676
      -2.318916     2.882511     3.826571
      -1.010209    -0.430988     5.492480
      -1.898954    -0.719507     4.936367
      -2.788009    -1.008151     4.380337
      -3.675749    -1.296420     3.825065
       0.771740    -1.370842     4.937731
       1.323321     0.327177     4.939028
      -0.121198     1.376804     4.938853
      -1.565548     0.327435     4.937618
      -1.013605    -1.370527     4.937238
       1.663820    -1.663146     4.382755
       0.774350    -2.309148     4.382292
       1.876884     1.085438     4.384741
       2.216701     0.039244     4.384401
      -0.671000     2.137562     4.384073
       0.428847     2.137661     4.384506
      -2.458654     0.039932     4.382182
      -2.119108     1.085557     4.382573
      -1.015667    -2.308820     4.381914
      -1.905266    -1.662451     4.381894
       2.555143    -1.954497     3.827387
       1.668594    -2.604343     3.827936
       0.776227    -3.246409     3.826615
       2.429196     1.843341     3.830023
       2.773490     0.798640     3.831191
       3.108757    -0.249114     3.829433
      -1.220816     2.896941     3.828958
      -0.120860     2.901867     3.830758
       0.978951     2.897232     3.829718
      -3.350562    -0.247944     3.826509
      -3.015645     0.799202     3.827783
      -2.671532     1.843256     3.827150
      -1.017076    -3.246106     3.826313
      -1.909492    -2.603711     3.827316
      -2.796186    -1.953443     3.826287
       3.444950    -2.245553     3.271731
       2.562018    -2.897987     3.272924
       1.672135    -3.544217     3.272635
       0.778328    -4.182034     3.270770
       2.980662     2.599784     3.274995
       3.328377     1.557625     3.277452
       3.668210     0.511134     3.277211
       3.999151    -0.536644     3.274235
      -1.769364     3.655021     3.273572
      -0.670704     3.664046     3.276603
       0.429524     3.664231     3.276906
       1.527955     3.655578     3.274567
      -4.241007    -0.535093     3.270673
      -3.910572     0.512092     3.272505
      -3.570917     1.558173     3.272750
      -3.223219     2.599607     3.271450
      -1.018840    -4.181805     3.270526
      -1.912600    -3.543719     3.272184
      -2.802483    -2.897155     3.272178
      -3.685498    -2.244282     3.270506
       3.455018    -3.191584     2.716281
       2.567531    -3.840432     2.717841
       1.675980    -4.483600     2.715847
       3.881894     2.314923     2.722599
       4.225059     1.270848     2.723726
       4.560805     0.224446     2.722190
      -1.219154     4.424505     2.721337
      -0.120217     4.428417     2.723038
       0.978768     4.424834     2.721847
      -4.805151     0.225434     2.715740
      -4.468923     1.272140     2.717713
      -4.126019     2.316767     2.716107
      -1.916134    -4.483298     2.715520
      -2.807596    -3.839920     2.717356
      -3.694943    -3.190880     2.715523
      -0.120300    -4.808102     3.269181
       4.317852    -1.585230     3.271268
       2.622837     3.635037     3.272747
      -2.864980     3.634033     3.270668
      -4.558773    -1.583213     3.269129
       4.334224    -2.535666     2.714933
       0.780425    -5.116549     2.713804
       3.529767     3.355567     2.718432
       4.887181    -0.824208     2.717517
      -2.317184     4.410930     2.716549
       2.077013     4.411572     2.717759
      -5.130416    -0.821906     2.713716
      -3.773835     3.355782     2.714628
      -1.020636    -5.116495     2.713635
      -4.573838    -2.534843     2.713626
      -0.120034    -5.761135     2.751564
       5.225485    -1.877403     2.753002
       3.183313     4.406972     2.753481
      -3.422983     4.407177     2.752036
      -5.465216    -1.877504     2.751527
      -0.121475    -0.142475     6.047255
       5.242346    -2.838891     2.195138
       4.357414    -3.499074     2.160216
       3.472090    -4.149467     2.165713
       2.582736    -4.795475     2.165609
       1.690755    -5.436250     2.159871
       0.790087    -6.073969     2.194622
       4.102161     4.120541     2.198724
       4.437793     3.068230     2.166233
       4.782743     2.028857     2.168818
       5.121540     0.986057     2.168687
       5.453195    -0.057275     2.165727
       5.800611    -1.105070     2.198534
      -2.866266     5.193168     2.196769
      -1.762840     5.186531     2.164435
      -0.667999     5.193024     2.167833
       0.428388     5.193065     2.167995
       1.523545     5.186709     2.165064
       2.627504     5.192730     2.197429
      -6.043935    -1.108622     2.194521
      -5.715732    -0.054944     2.159770
      -5.381924     0.991434     2.165513
      -5.042302     2.036950     2.165607
      -4.697231     3.080000     2.160059
      -4.342655     4.125715     2.194668
      -1.029855    -6.073935     2.194368
      -1.930541    -5.436179     2.159572
      -2.822435    -4.795329     2.165277
      -3.711607    -4.149299     2.165288
      -4.596692    -3.499074     2.159603
      -5.481552    -2.839534     2.194430
      -0.121708    -1.079103     6.611302
      -0.121371    -2.022659     6.046551
      -0.121064    -2.963147     5.485958
      -0.120815    -3.904278     4.926159
      -0.120651    -4.850020     4.364858
       0.768661    -0.432393     6.612023
       1.666439    -0.724145     6.047913
       2.561210    -1.015111     5.487866
       3.456516    -1.306334     4.928507
       4.356165    -1.598895     4.367627
       0.428407     0.614499     6.612569
       0.983348     1.378370     6.048924
       1.536435     2.139716     5.489321
       2.089867     2.901541     4.930343
       2.645992     3.667034     4.369845
      -0.672295     0.614634     6.611892
      -1.227066     1.378352     6.047668
      -1.780158     2.139471     5.487515
      -2.333667     2.901020     4.928042
      -2.889818     3.666256     4.367036
      -1.012168    -0.432069     6.611286
      -1.909577    -0.723361     6.046509
      -2.804058    -1.013725     5.485901
      -3.699146    -1.304334     4.926095
      -4.598615    -1.596438     4.364789
       0.775961    -1.378037     6.044316
       1.330366     0.328969     6.045782
      -0.121772     1.384149     6.045591
      -1.573785     0.329299     6.044203
      -1.018848    -1.377637     6.043796
       1.672436    -1.671537     5.485713
       0.778337    -2.320894     5.485166
       1.886375     1.091007     5.487902
       2.227989     0.039349     5.487498
      -0.674481     2.148417     5.487148
       0.431105     2.148497     5.487657
      -2.471136     0.040160     5.485054
      -2.129823     1.091232     5.485522
      -1.020586    -2.320455     5.484778
      -1.914907    -1.670655     5.484756
       2.568550    -1.963731     4.927229
       1.676444    -2.616592     4.928403
       0.779456    -3.263018     4.926294
       2.440846     1.853236     4.930147
       2.786443     0.802247     4.931806
       3.124406    -0.251393     4.929423
      -1.227887     2.911194     4.928930
      -0.121534     2.915372     4.931361
       0.984633     2.911455     4.929842
      -3.367422    -0.249942     4.926183
      -3.029775     0.802951     4.928241
      -2.684506     1.853228     4.926975
      -1.021141    -3.262573     4.925989
      -1.918278    -2.615708     4.927723
      -2.810678    -1.962332     4.925955
       3.466184    -2.255645     4.367636
       2.574425    -2.910426     4.371017
       1.678651    -3.560916     4.370673
       0.779793    -4.206503     4.366442
       2.995456     2.617087     4.371229
       3.342775     1.565850     4.375650
       3.685122     0.511692     4.375357
       4.021839    -0.543317     4.370257
      -1.782751     3.674569     4.369606
      -0.675466     3.680359     4.374748
       0.432759     3.680527     4.375113
       1.539687     3.675052     4.370835
      -4.264785    -0.541196     4.366334
      -3.928505     0.513195     4.370532
      -3.586612     1.566194     4.370826
      -3.239405     2.616737     4.367331
      -1.021059    -4.206076     4.366194
      -1.919959    -3.560105     4.370173
      -2.815880    -2.909150     4.370163
      -3.707983    -2.253825     4.366159
       4.373794    -2.544378     3.804246
       3.474441    -3.202999     3.811940
       2.578289    -3.856915     3.813945
       1.679058    -4.506736     3.811389
       0.774293    -5.158336     3.802724
       3.549924     3.391439     3.808219
       3.898411     2.332192     3.817936
       4.242912     1.275910     3.820714
       4.584781     0.218679     3.817402
       4.925237    -0.843397     3.806908
      -2.347290     4.441056     3.806054
      -1.232075     4.445500     3.816606
      -0.121027     4.447052     3.820031
       0.989917     4.445855     3.817261
       2.104897     4.441717     3.807693
      -5.168305    -0.840558     3.802618
      -4.828129     0.221287     3.811263
      -4.487939     1.277337     3.813795
      -4.142906     2.331736     3.811735
      -3.794416     3.390639     3.803896
      -1.015373    -5.157916     3.802530
      -1.920045    -4.506038     3.811007
      -2.819254    -3.855866     3.813364
      -3.715453    -3.201545     3.811002
      -4.614968    -2.542554     3.802501
       4.380350    -3.499523     3.249972
       3.482881    -4.157089     3.256076
       2.584482    -4.809537     3.255937
       1.681560    -5.459575     3.249450
       4.456008     3.102961     3.255081
       4.800272     2.041518     3.263641
       5.143539     0.984665     3.263465
       5.488805    -0.076501     3.254424
      -1.792098     5.214063     3.253378
      -0.676209     5.213623     3.262630
       0.434855     5.213760     3.262848
       1.550681     5.214357     3.254203
      -5.735095    -0.070771     3.249329
      -5.395845     0.988839     3.255816
      -5.052902     2.044900     3.255934
      -4.704816     3.101656     3.249754
      -1.922430    -5.458980     3.249114
      -2.825257    -4.808705     3.255533
      -3.723581    -4.156015     3.255541
      -4.620999    -3.498289     3.249129
       5.019474     3.831729    -1.663683
       5.015482     3.833006    -0.559150
       5.015086     3.833440     0.541265
       5.018650     3.832674     1.645683
       5.366397     2.810121    -2.722022
       5.360269     2.787869    -1.632663
       5.354550     2.789606    -0.550288
       5.354280     2.789984     0.532205
       5.359728     2.788678     1.614480
       5.366190     2.810459     2.703730
       5.710114     1.752891    -2.726952
       5.698478     1.749579    -1.637125
       5.693477     1.748448    -0.551756
       5.693304     1.748756     0.533583
       5.698137     1.750240     1.618895
       5.710005     1.753203     2.708655
       6.053321     0.695498    -2.721867
       6.035113     0.710821    -1.632616
       6.031345     0.707015    -0.550326
       6.031239     0.707269     0.532110
       6.034903     0.711373     1.614373
       6.053267     0.695788     2.703578
       6.373036    -0.333858    -1.663795
       6.370518    -0.336209    -0.559311
       6.370454    -0.335982     0.541084
       6.372919    -0.333356     1.645565
      -2.309636     5.972573    -0.571985
      -2.310800     5.972447     0.534952
      -2.309287     5.975632     1.641358
      -1.229567     5.980845    -1.642521
      -1.211439     5.972254    -0.551645
      -1.213673     5.972023     0.531289
      -1.211214     5.976860     1.613518
      -1.231956     5.989579     2.702744
      -0.119615     5.981014    -1.645679
      -0.119021     5.973182    -0.554351
      -0.118979     5.972380     0.531972
      -0.119343     5.977490     1.617619
      -0.120362     5.989833     2.707518
       0.990370     5.980761    -1.642541
       0.973483     5.971989    -0.551600
       0.975802     5.971711     0.531383
       0.972619     5.976650     1.613643
       0.991249     5.989624     2.702948
       2.071892     5.971937    -0.571852
       2.073102     5.971731     0.535158
       2.070916     5.975038     1.641569