
       0.000000     0.201368    -0.555791
       0.000000     0.201368     0.544521
      -0.000000    -0.726146    -0.005643
       0.881947    -0.085223    -0.005642
       0.544980     0.951636    -0.005642
      -0.544979     0.951637    -0.005642
      -0.881948    -0.085222    -0.005642
      -0.000000    -0.726100    -1.105685
       0.882176    -0.085021    -1.105605
       0.545124     0.952064    -1.105499
      -0.545123     0.952064    -1.105499
      -0.882176    -0.085020    -1.105605
       0.000000     0.201825    -1.656122
      -0.000001    -1.656438    -0.555180
       1.766834    -0.372247    -0.555035
       1.091678     1.704458    -0.554868
      -1.091677     1.704459    -0.554868
      -1.766834    -0.372246    -0.555035
      -0.000000    -0.726090     1.094420
      -0.000000    -0.726065    -2.205884
       0.882167    -0.085018     1.094342
       0.882838    -0.084518    -2.205707
       0.545118     0.952056     1.094236
       0.545532     0.953243    -2.205480
      -0.545118     0.952056     1.094236
      -0.545532     0.953243    -2.205480
      -0.882167    -0.085017     1.094342
      -0.882838    -0.084518    -2.205707
       0.886726    -1.018948     0.544182
       0.887175    -1.019041    -1.655251
       0.886732    -1.018956    -0.555466
       1.434422     0.667740     0.543980
       1.435245     0.668464    -1.654713
       1.434432     0.667743    -0.555263
       0.000001     1.709968     0.543913
       0.000001     1.711220    -1.654522
       0.000001     1.709978    -0.555197
      -1.434422     0.667741     0.543980
      -1.435245     0.668464    -1.654713
      -1.434431     0.667744    -0.555263
      -0.886726    -1.018948     0.544182
      -0.887176    -1.019041    -1.655251
      -0.886732    -1.018956    -0.555466
      -0.000001    -1.656429     0.543862
      -0.000000    -1.656677    -1.654410
       1.766825    -0.372244     0.543720
       1.767606    -0.372002    -1.654030
       1.091673     1.704451     0.543553
       1.092191     1.705546    -1.653585
      -1.091672     1.704451     0.543553
      -1.092190     1.705546    -1.653585
      -1.766826    -0.372243     0.543720
      -1.767606    -0.372001    -1.654030
       0.000000     0.201825     1.644902
       0.000000     0.202616    -2.756492
      -0.000001    -2.589583    -1.102952
      -0.000001    -2.589557    -0.005683
       2.654628    -0.659884    -1.102478
       2.654361    -0.659912    -0.005681
       1.640161     2.459741    -1.101959
       1.639955     2.459280    -0.005681
      -1.640159     2.459742    -1.101959
      -1.639953     2.459281    -0.005681
      -2.654629    -0.659883    -1.102478
      -2.654362    -0.659911    -0.005681
      -0.000000    -0.726039     2.194692
      -0.000000    -0.726210    -3.306105
      -0.000001    -1.656647     1.643116
      -0.000001    -1.657670    -2.753982
       0.882813    -0.084511     2.194517
       0.883936    -0.083880    -3.305805
       1.767576    -0.371993     1.642739
       1.769481    -0.371705    -2.753369
       0.545517     0.953221     2.194290
       0.546208     0.955048    -3.305431
       1.092173     1.705520     1.642294
       1.093383     1.707878    -2.752657
      -0.545516     0.953221     2.194290
      -0.546207     0.955048    -3.305431
      -1.092172     1.705521     1.642294
      -1.093382     1.707879    -2.752657
      -0.882813    -0.084511     2.194517
      -0.883936    -0.083880    -3.305805
      -1.767576    -0.371992     1.642739
      -1.769481    -0.371704    -2.753369
       0.887155    -1.019015     1.644007
       0.888207    -1.019530    -2.755081
       1.435214     0.668452     1.643470
       1.437018     0.669853    -2.754225
       0.000001     1.711187     1.643278
       0.000001     1.713781    -2.753918
      -1.435213     0.668453     1.643470
      -1.437017     0.669854    -2.754225
      -0.887156    -1.019015     1.644007
      -0.888208    -1.019529    -2.755081
       1.775036    -1.309762     1.092909
       1.776356    -1.310589    -2.203061
       1.775055    -1.309776    -1.104213
       1.774796    -1.309554    -0.005658
       0.889357    -1.953538     1.093027
       0.890424    -1.954492    -2.203287
       0.889365    -1.953560    -1.104333
       0.889011    -1.953431    -0.005658
       1.986223     1.422631     1.092113
       1.988238     1.424137    -2.201680
       1.986243     1.422645    -1.103416
       1.985765     1.422276    -0.005657
       2.324541     0.382149     1.092248
       2.326673     0.383251    -2.201932
       2.324565     0.382151    -1.103551
       2.324088     0.381791    -0.005657
      -0.547014     2.468300     1.091992
      -0.547264     2.470984    -2.201446
      -0.547020     2.468323    -1.103295
      -0.547010     2.467646    -0.005657
       0.547015     2.468299     1.091992
       0.547265     2.470983    -2.201446
       0.547022     2.468323    -1.103295
       0.547011     2.467645    -0.005657
      -2.324541     0.382151     1.092248
      -2.326672     0.383252    -2.201932
      -2.324565     0.382152    -1.103551
      -2.324088     0.381792    -0.005657
      -1.986222     1.422632     1.092113
      -1.988237     1.424139    -2.201680
      -1.986242     1.422646    -1.103416
      -1.985764     1.422277    -0.005657
      -0.889358    -1.953538     1.093027
      -0.890425    -1.954491    -2.203287
      -0.889367    -1.953560    -1.104333
      -0.889012    -1.953430    -0.005658
      -1.775037    -1.309761     1.092909
      -1.776357    -1.310588    -2.203061
      -1.775056    -1.309774    -1.104213
      -1.774797    -1.309553    -0.005658
      -0.000001    -2.589562     1.091589
      -0.000001    -2.590145    -2.200748
       2.654607    -0.659879     1.091120
       2.655946    -0.659717    -2.199917
       1.640148     2.459723     1.090599
       1.641068     2.461485    -2.199002
      -1.640147     2.459724     1.090599
      -1.641067     2.461486    -2.199002
      -2.654608    -0.659877     1.091120
      -2.655947    -0.659715    -2.199917
       0.000000     0.202615     2.745405
       0.000000     0.203605    -3.857031
      -0.000001    -3.525834    -1.648261
      -0.000001    -3.526291    -0.553196
      -0.000001    -3.526282     0.541787
       3.545354    -0.948763    -1.647458
       3.545182    -0.948944    -0.552926
       3.545173    -0.948943     0.541522
       2.190525     3.217610    -1.646612
       2.190272     3.216924    -0.552650
       2.190267     3.216916     0.541244
      -2.190523     3.217612    -1.646612
      -2.190270     3.216926    -0.552650
      -2.190265     3.216918     0.541244
      -3.545354    -0.948761    -1.647458
      -3.545183    -0.948942    -0.552926
      -3.545174    -0.948941     0.541522
      -0.000000    -0.726146     3.295074
      -0.000000    -0.727001    -4.406422
      -0.000001    -1.657607     2.742737
      -0.000001    -1.659896    -3.853389
      -0.000001    -2.590100     2.189389
      -0.000001    -2.593240    -3.299439
       0.883874    -0.083861     3.294777
       0.885756    -0.083378    -4.405992
       1.769419    -0.371687     2.742129
       1.772720    -0.371652    -3.852536
       2.655901    -0.659705     2.188564
       2.660037    -0.659989    -3.298274
       0.546169     0.954994     3.294402
       0.547341     0.957585    -4.405459
       1.093345     1.707825     2.741416
       1.095420     1.711537    -3.851553
       1.641041     2.461446     2.187648
       1.643677     2.465792    -3.296995
      -0.546169     0.954994     3.294402
      -0.547340     0.957585    -4.405459
      -1.093344     1.707826     2.741416
      -1.095419     1.711538    -3.851553
      -1.641039     2.461447     2.187648
      -1.643676     2.465793    -3.296995
      -0.883874    -0.083861     3.294777
      -0.885756    -0.083377    -4.405992
      -1.769420    -0.371686     2.742129
      -1.772720    -0.371651    -3.852536
      -2.655902    -0.659704     2.188564
      -2.660037    -0.659987    -3.298274
       0.888167    -1.019477     2.743929
       0.889995    -1.020854    -3.854478
       1.436953     0.669830     2.743075
       1.439979     0.671814    -3.853318
       0.000001     1.713713     2.742767
       0.000001     1.717762    -3.852906
      -1.436953     0.669831     2.743075
      -1.439978     0.671815    -3.853318
      -0.888168    -1.019476     2.743929
      -0.889995    -1.020854    -3.854478
       1.776316    -1.310563     2.191786
       1.779432    -1.312407    -3.301527
       0.890408    -1.954447     2.192011
       0.892240    -1.957168    -3.301859
       1.988198     1.424107     2.190408
       1.992075     1.427144    -3.299678
       2.326623     0.383249     2.190660
       2.330989     0.384757    -3.300044
      -0.547249     2.470936     2.190173
      -0.548123     2.476002    -3.299355
       0.547250     2.470936     2.190173
       0.548125     2.476002    -3.299355
      -2.326623     0.383250     2.190660
      -2.330988     0.384759    -3.300044
      -1.988197     1.424108     2.190408
      -1.992074     1.427146    -3.299678
      -0.890410    -1.954446     2.192011
      -0.892241    -1.957167    -3.301859
      -1.776316    -1.310562     2.191786
      -1.779433    -1.312406    -3.301527
       2.665349    -1.600798     1.639104
       2.668283    -1.603127    -2.747696
       2.665376    -1.600805    -1.650459
       2.665070    -1.599895    -0.553854
       2.665061    -1.599892     0.542497
       1.780397    -2.248091     1.640847
       1.783553    -2.251435    -2.749773
       1.780411    -2.248108    -1.652176
       1.779110    -2.246823    -0.554361
       1.779105    -2.246817     0.543026
       0.891639    -2.890078     1.639501
       0.893857    -2.892790    -2.748284
       0.891641    -2.890104    -1.650860
       0.890452    -2.889952    -0.554006
       0.890451    -2.889943     0.542647
       2.539135     2.179326     1.637482
       2.543205     2.182164    -2.745349
       2.539153     2.179348    -1.648836
       2.538076     2.178736    -0.553311
       2.538069     2.178728     0.541955
       2.881587     1.138745     1.638682
       2.886621     1.141199    -2.746767
       2.881609     1.138754    -1.650007
       2.879876     1.137765    -0.553672
       2.879867     1.137762     0.542340
       3.216652     0.095813     1.637898
       3.221088     0.097390    -2.745963
       3.216679     0.095808    -1.649251
       3.215729     0.094936    -0.553463
       3.215720     0.094936     0.542107
      -1.095422     3.228243     1.637327
      -1.096199     3.233311    -2.745103
      -1.095436     3.228267    -1.648682
      -1.095547     3.226865    -0.553257
      -1.095542     3.226856     0.541900
       0.000001     3.232197     1.638360
       0.000001     3.238045    -2.746272
       0.000001     3.232221    -1.649687
       0.000001     3.230090    -0.553560
       0.000001     3.230081     0.542227
       1.095424     3.228242     1.637327
       1.096201     3.233310    -2.745103
       1.095438     3.228266    -1.648682
       1.095549     3.226865    -0.553257
       1.095544     3.226856     0.541900
      -3.216652     0.095815     1.637898
      -3.221087     0.097392    -2.745963
      -3.216679     0.095810    -1.649251
      -3.215729     0.094938    -0.553463
      -3.215720     0.094938     0.542107
      -2.881586     1.138747     1.638682
      -2.886621     1.141201    -2.746767
      -2.881609     1.138756    -1.650007
      -2.879875     1.137767    -0.553672
      -2.879866     1.137763     0.542340
      -2.539133     2.179327     1.637482
      -2.543204     2.182165    -2.745349
      -2.539151     2.179350    -1.648836
      -2.538075     2.178738    -0.553311
      -2.538068     2.178730     0.541955
      -0.891641    -2.890078     1.639501
      -0.893859    -2.892790    -2.748284
      -0.891642    -2.890103    -1.650860
      -0.890454    -2.889951    -0.554006
      -0.890453    -2.889942     0.542647
      -1.780398    -2.248090     1.640847
      -1.783554    -2.251434    -2.749773
      -1.780412    -2.248107    -1.652176
      -1.779112    -2.246822    -0.554361
      -1.779106    -2.246815     0.543026
      -2.665350    -1.600796     1.639104
      -2.668284    -1.603125    -2.747696
      -2.665377    -1.600804    -1.650459
      -2.665071    -1.599894    -0.553854
      -2.665062    -1.599891     0.542497
      -0.000001    -3.525808     1.636844
      -0.000001    -3.526076    -2.744152
       3.545327    -0.948758     1.636047
       3.546704    -0.948278    -2.742874
       2.190509     3.217587     1.635200
       2.191494     3.219527    -2.741522
      -2.190507     3.217589     1.635200
      -2.191492     3.219528    -2.741522
      -3.545327    -0.948756     1.636047
      -3.546705    -0.948276    -2.742874
       0.000000     0.203605     3.846284
       0.000000     0.204664    -4.958283
      -0.000001    -4.465906    -2.193457
      -0.000001    -4.467351    -1.100216
      -0.000001    -4.467569    -0.005720
      -0.000001    -4.467341     1.088769
       4.440090    -1.238821    -2.192417
       4.439931    -1.240104    -1.099684
       4.439629    -1.240485    -0.005717
       4.439918    -1.240104     1.088244
       2.743535     3.979142    -2.191347
       2.743191     3.978155    -1.099167
       2.742943     3.977635    -0.005718
       2.743184     3.978144     1.087725
      -2.743533     3.979144    -2.191347
      -2.743189     3.978156    -1.099167
      -2.742941     3.977637    -0.005718
      -2.743182     3.978145     1.087725
      -4.440091    -1.238818    -2.192417
      -4.439932    -1.240101    -1.099684
      -4.439630    -1.240482    -0.005717
      -4.439919    -1.240102     1.088244
      -0.000000    -0.726820     4.395726
      -0.000000    -0.729446    -5.508558
      -0.000001    -1.659774     3.842202
      -0.000000    -1.664542    -4.953497
      -0.000001    -2.593178     3.288069
      -0.000001    -2.599970    -4.398320
      -0.000001    -3.526043     2.732710
      -0.000001    -3.534090    -3.843653
       0.885582    -0.083324     4.395301
       0.889135    -0.083426    -5.508010
       1.772600    -0.371616     3.841356
       1.778273    -0.372371    -4.952418
       2.659973    -0.659972     3.286911
       2.667724    -0.661289    -4.396792
       3.546669    -0.948271     2.731441
       3.555865    -0.949762    -3.841787
       0.547233     0.957437     4.394766
       0.549456     0.961447    -5.507340
       1.095346     1.711436     3.840371
       1.098912     1.717206    -4.951187
       1.643639     2.465738     3.285630
       1.648537     2.473250    -4.395130
       2.191473     3.219496     2.730088
       2.197308     3.228221    -3.839842
      -0.547233     0.957438     4.394766
      -0.549456     0.961447    -5.507340
      -1.095345     1.711436     3.840371
      -1.098911     1.717207    -4.951187
      -1.643637     2.465739     3.285630
      -1.648535     2.473251    -4.395130
      -2.191471     3.219497     2.730088
      -2.197306     3.228223    -3.839842
      -0.885582    -0.083323     4.395301
      -0.889135    -0.083426    -5.508010
      -1.772600    -0.371615     3.841356
      -1.778273    -0.372370    -4.952418
      -2.659974    -0.659970     3.286911
      -2.667724    -0.661288    -4.396792
      -3.546669    -0.948268     2.731441
      -3.555865    -0.949760    -3.841787
       0.889924    -1.020761     3.843484
       0.892784    -1.023570    -4.953924
       1.439864     0.671775     3.842327
       1.444546     0.674304    -4.952514
       0.000001     1.717643     3.841912
       0.000001     1.723453    -4.952022
      -1.439864     0.671776     3.842327
      -1.444545     0.674305    -4.952514
      -0.889925    -1.020760     3.843484
      -0.892784    -1.023569    -4.953924
       1.779376    -1.312377     3.290287
       1.784743    -1.315801    -4.399239
       0.892225    -1.957108     3.290616
       0.894957    -1.962400    -4.399674
       1.992025     1.427100     3.288439
       1.998125     1.431803    -4.397022
       2.330923     0.384761     3.288806
       2.338021     0.386382    -4.397502
      -0.548098     2.475942     3.288115
      -0.549802     2.483679    -4.396644
       0.548099     2.475941     3.288115
       0.549803     2.483678    -4.396644
      -2.330923     0.384762     3.288806
      -2.338020     0.386384    -4.397502
      -1.992025     1.427101     3.288439
      -1.998124     1.431804    -4.397022
      -0.892227    -1.957107     3.290616
      -0.894958    -1.962400    -4.399674
      -1.779376    -1.312376     3.290287
      -1.784743    -1.315800    -4.399239
       2.668252    -1.603126     2.736330
       2.675878    -1.606906    -3.844234
       1.783542    -2.251425     2.738441
       1.788848    -2.257454    -3.846047
       0.893863    -2.892764     2.736913
       0.896335    -2.900203    -3.844994
       2.543191     2.182134     2.733985
       2.550511     2.188897    -3.841316
       2.886604     1.141191     2.735439
       2.895054     1.144958    -3.842637
       3.221060     0.097402     2.734599
       3.230328     0.098145    -3.842112
      -1.096177     3.233289     2.733738
      -1.099546     3.242724    -3.841016
       0.000001     3.238027     2.734942
       0.000001     3.247584    -3.842020
       1.096179     3.233289     2.733738
       1.099548     3.242724    -3.841016
      -3.221060     0.097404     2.734599
      -3.230328     0.098147    -3.842112
      -2.886603     1.141193     2.735439
      -2.895053     1.144960    -3.842637
      -2.543190     2.182136     2.733984
      -2.550510     2.188899    -3.841316
      -0.893864    -2.892763     2.736913
      -0.896337    -2.900203    -3.844994
      -1.783543    -2.251424     2.738441
      -1.788849    -2.257453    -3.846047
      -2.668253    -1.603125     2.736330
      -2.675879    -1.606905    -3.844234
       3.557571    -1.893402     2.181557
       3.565182    -1.897693    -3.289015
       3.557586    -1.893392    -2.192984
       3.557899    -1.891956    -1.099307
       3.558007    -1.891740    -0.005701
       3.557887    -1.891958     1.087901
       2.673962    -2.544030     2.185383
       2.681626    -2.550819    -3.292024
       2.673963    -2.544016    -2.196777
       2.670985    -2.540143    -1.100776
       2.670606    -2.539273    -0.005687
       2.670979    -2.540145     1.089398
       1.786366    -3.189159     2.185623
       1.791659    -3.197661    -3.292324
       1.786355    -3.189152    -2.197020
       1.782823    -3.185694    -1.100925
       1.781870    -3.185233    -0.005688
       1.782824    -3.185690     1.089546
       0.894792    -3.828791     2.182332
       0.897887    -3.836323    -3.290006
       0.894782    -3.828799    -2.193766
       0.892438    -3.829337    -1.099768
       0.891934    -3.829594    -0.005703
       0.892441    -3.829328     1.088356
       3.093865     2.937912     2.179220
       3.102129     2.944548    -3.285465
       3.093864     2.937929    -2.190646
       3.092214     2.937437    -1.098223
       3.091831     2.937143    -0.005701
       3.092209     2.937425     1.086816
       3.440903     1.897667     2.181395
       3.450333     1.903200    -3.287320
       3.440894     1.897673    -2.192785
       3.437075     1.895715    -1.098973
       3.436321     1.895254    -0.005686
       3.437070     1.895708     1.087598
       3.780112     0.854442     2.181624
       3.790419     0.857352    -3.287616
       3.780108     0.854436    -2.193013
       3.776254     0.852535    -1.099099
       3.775501     0.852063    -0.005686
       3.776247     0.852535     1.087725
       4.111253    -0.190955     2.179991
       4.121244    -0.189432    -3.286444
       4.111261    -0.190964    -2.191416
       4.110010    -0.192896    -1.098651
       4.109667    -0.193301    -0.005701
       4.109999    -0.192894     1.087245
      -1.645063     3.990492     2.179053
      -1.648072     4.000711    -3.285224
      -1.645078     3.990496    -2.190480
      -1.645640     3.988515    -1.098127
      -1.645661     3.987968    -0.005701
      -1.645632     3.988506     1.086720
      -0.548495     3.998926     2.181058
      -0.549972     4.009844    -3.286871
      -0.548501     3.998919    -2.192450
      -0.548419     3.994489    -1.098787
      -0.548414     3.993560    -0.005687
      -0.548415     3.994482     1.087412
       0.548497     3.998926     2.181058
       0.549974     4.009843    -3.286871
       0.548504     3.998918    -2.192450
       0.548421     3.994488    -1.098787
       0.548416     3.993559    -0.005687
       0.548418     3.994482     1.087412
       1.645066     3.990491     2.179053
       1.648075     4.000710    -3.285224
       1.645080     3.990495    -2.190480
       1.645642     3.988514    -1.098127
       1.645663     3.987967    -0.005701
       1.645634     3.988505     1.086720
      -4.111253    -0.190952     2.179991
      -4.121244    -0.189429    -3.286444
      -4.111262    -0.190961    -2.191416
      -4.110010    -0.192894    -1.098651
      -4.109667    -0.193299    -0.005701
      -4.109999    -0.192891     1.087245
      -3.780112     0.854444     2.181624
      -3.790419     0.857354    -3.287616
      -3.780107     0.854439    -2.193013
      -3.776253     0.852537    -1.099099
      -3.775501     0.852066    -0.005686
      -3.776246     0.852537     1.087725
      -3.440902     1.897669     2.181395
      -3.450332     1.903202    -3.287320
      -3.440893     1.897675    -2.192785
      -3.437074     1.895717    -1.098973
      -3.436320     1.895256    -0.005686
      -3.437069     1.895710     1.087598
      -3.093863     2.937914     2.179220
      -3.102127     2.944550    -3.285465
      -3.093862     2.937931    -2.190646
      -3.092212     2.937439    -1.098223
      -3.091829     2.937144    -0.005701
      -3.092207     2.937427     1.086816
      -0.894795    -3.828791     2.182332
      -0.897889    -3.836323    -3.290006
      -0.894784    -3.828798    -2.193766
      -0.892440    -3.829336    -1.099768
      -0.891936    -3.829593    -0.005703
      -0.892443    -3.829328     1.088356
      -1.786368    -3.189158     2.185623
      -1.791661    -3.197660    -3.292324
      -1.786357    -3.189151    -2.197020
      -1.782825    -3.185693    -1.100925
      -1.781872    -3.185232    -0.005688
      -1.782826    -3.185689     1.089546
      -2.673964    -2.544028     2.185383
      -2.681628    -2.550817    -3.292024
      -2.673965    -2.544014    -2.196778
      -2.670987    -2.540142    -1.100776
      -2.670607    -2.539272    -0.005687
      -2.670981    -2.540143     1.089398
      -3.557572    -1.893400     2.181557
      -3.565183    -1.897691    -3.289015
      -3.557587    -1.893390    -2.192984
      -3.557901    -1.891954    -1.099307
      -3.558008    -1.891738    -0.005701
      -3.557889    -1.891956     1.087901
      -0.000001    -4.465894     2.181987
       4.440072    -1.238821     2.180956
       2.743525     3.979126     2.179886
      -2.743523     3.979128     2.179886
      -4.440073    -1.238818     2.180956
       4.453934    -2.187734    -1.643325
       4.454122    -2.187657    -0.552053
       4.454119    -2.187661     0.540614
       4.453931    -2.187748     1.631869
       3.572201    -2.843583    -2.736982
       3.564372    -2.836606    -1.643061
       3.564190    -2.834643    -0.551516
       3.564190    -2.834648     0.540096
       3.564377    -2.836627     1.631627
       2.685581    -3.492775    -2.738547
       2.678235    -3.483797    -1.644802
       2.675556    -3.480651    -0.551886
       2.675559    -3.480657     0.540476
       2.678249    -3.483820     1.633377
       1.794355    -4.135702    -2.737479
       1.788932    -4.126844    -1.643434
       1.786540    -4.126339    -0.551647
       1.786544    -4.126342     0.540224
       1.788947    -4.126859     1.631995
       0.896668    -4.772724    -1.644029
       0.895958    -4.773154    -0.552280
       0.895961    -4.773154     0.540834
       0.896677    -4.772730     1.632565
       3.650985     3.698942    -1.641468
       3.649370     3.698484    -0.551314
       3.649370     3.698481     0.539874
       3.650991     3.698937     1.630011
       4.005586     2.660878    -2.730539
       3.998299     2.656421    -1.640207
       3.996338     2.655597    -0.550599
       3.996340     2.655594     0.539180
       3.998313     2.656420     1.628774
       4.348820     1.616524    -2.732527
       4.341228     1.613070    -1.641450
       4.338969     1.611870    -0.551012
       4.338971     1.611869     0.539607
       4.341244     1.613073     1.630031
       4.685426     0.569960    -2.730974
       4.677359     0.567404    -1.640486
       4.675506     0.566057    -0.550699
       4.675506     0.566057     0.539281
       4.677371     0.567408     1.629053
       5.009406    -0.480506    -1.642075
       5.007967    -0.481896    -0.551492
       5.007965    -0.481896     0.540054
       5.009408    -0.480506     1.630620
      -2.196948     4.755429    -1.641323
      -2.197386     4.753570    -0.551259
      -2.197383     4.753569     0.539818
      -2.196943     4.755432     1.629866
      -1.099353     4.772029    -2.730215
      -1.098167     4.763521    -1.639979
      -1.098398     4.761293    -0.550516
      -1.098396     4.761293     0.539096
      -1.098164     4.763535     1.628545
       0.000001     4.775528    -2.732044
       0.000001     4.767121    -1.641119
       0.000001     4.764530    -0.550891
       0.000001     4.764531     0.539485
       0.000001     4.767139     1.629698
       1.099356     4.772028    -2.730215
       1.098170     4.763521    -1.639979
       1.098401     4.761292    -0.550516
       1.098399     4.761293     0.539096
       1.098167     4.763534     1.628545
       2.196950     4.755428    -1.641323
       2.197389     4.753569    -0.551259
       2.197386     4.753567     0.539818
       2.196946     4.755431     1.629866
      -5.009406    -0.480503    -1.642075
      -5.007968    -0.481893    -0.551492
      -5.007965    -0.481893     0.540054
      -5.009408    -0.480503     1.630620
      -4.685426     0.569963    -2.730974
      -4.677358     0.567407    -1.640486
      -4.675506     0.566060    -0.550699
      -4.675506     0.566060     0.539281
      -4.677370     0.567410     1.629053
      -4.348819     1.616526    -2.732527
      -4.341227     1.613073    -1.641450
      -4.338968     1.611873    -0.551012
      -4.338970     1.611872     0.539607
      -4.341243     1.613076     1.630031
      -4.005584     2.660881    -2.730539
      -3.998297     2.656423    -1.640207
      -3.996337     2.655599    -0.550599
      -3.996338     2.655597     0.539180
      -3.998311     2.656422     1.628774
      -3.650983     3.698945    -1.641468
      -3.649368     3.698487    -0.551314
      -3.649368     3.698483     0.539874
      -3.650989     3.698940     1.630011
      -0.896671    -4.772724    -1.644029
      -0.895961    -4.773154    -0.552280
      -0.895963    -4.773154     0.540834
      -0.896680    -4.772730     1.632565
      -1.794357    -4.135701    -2.737479
      -1.788934    -4.126843    -1.643434
      -1.786543    -4.126338    -0.551648
      -1.786547    -4.126341     0.540224
      -1.788949    -4.126858     1.631995
      -2.685583    -3.492773    -2.738547
      -2.678237    -3.483796    -1.644802
      -2.675558    -3.480650    -0.551886
      -2.675561    -3.480655     0.540476
      -2.678251    -3.483818     1.633377
      -3.572203    -2.843580    -2.736982
      -3.564373    -2.836604    -1.643061
      -3.564191    -2.834641    -0.551516
      -3.564191    -2.834646     0.540096
      -3.564379    -2.836625     1.631627
      -4.453935    -2.187731    -1.643325
      -4.454123    -2.187654    -0.552053
      -4.454121    -2.187659     0.540614
      -4.453933    -2.187746     1.631869
      -0.000001    -4.463362    -3.288105
       4.439325    -1.236705    -3.286012
       2.743117     3.979229    -3.283889
      -2.743115     3.979231    -3.283889
      -4.439326    -1.236703    -3.286012
       0.000000     0.205694    -6.062161
      -0.000002    -5.417325    -2.769221
      -0.000002    -5.416591    -1.658917
      -0.000002    -5.415991    -0.556358
      -0.000002    -5.415988     0.544904
       5.345318    -1.533883    -2.767742
       5.342553    -1.534770    -1.657473
       5.341704    -1.534277    -0.555801
       5.341699    -1.534279     0.544357
       3.303499     4.750073    -2.766298
       3.301378     4.746624    -1.656029
       3.300750     4.745409    -0.555283
       3.300748     4.745404     0.543838
      -3.303496     4.750075    -2.766298
      -3.301375     4.746626    -1.656029
      -3.300748     4.745411    -0.555283
      -3.300745     4.745406     0.543838
      -5.345319    -1.533880    -2.767742
      -5.342554    -1.534766    -1.657473
      -5.341705    -1.534274    -0.555801
      -5.341700    -1.534276     0.544357
      -0.000000    -0.729849    -6.627571
      -0.000000    -1.674043    -6.063998
      -0.000001    -2.615094    -5.504469
      -0.000001    -3.556729    -4.945579
      -0.000001    -4.502924    -4.385186
       0.890598    -0.082949    -6.626893
       1.788359    -0.374684    -6.062740
       2.683226    -0.665281    -5.502658
       3.578681    -0.955974    -4.943271
       4.478443    -1.248121    -4.382367
       0.550357     0.963580    -6.626157
       1.105198     1.726668    -6.061338
       1.658208     2.487288    -5.500697
       2.211555     3.248473    -4.940869
       2.767554     4.013454    -4.379547
      -0.550356     0.963580    -6.626157
      -1.105197     1.726668    -6.061338
      -1.658207     2.487289    -5.500697
      -2.211553     3.248474    -4.940869
      -2.767552     4.013455    -4.379547
      -0.890598    -0.082949    -6.626893
      -1.788359    -0.374683    -6.062740
      -2.683227    -0.665280    -5.502658
      -3.578681    -0.955972    -4.943271
      -4.478443    -1.248118    -4.382367
       0.897506    -1.029091    -6.060696
       1.452263     0.677733    -6.059116
       0.000001     1.732384    -6.058598
      -1.452263     0.677733    -6.059116
      -0.897507    -1.029091    -6.060696
       1.793896    -1.322463    -5.502346
       0.899444    -1.972428    -5.502856
       2.008327     1.439051    -5.499903
       2.349997     0.388185    -5.500472
      -0.552726     2.496078    -5.499516
       0.552727     2.496078    -5.499516
      -2.349997     0.388187    -5.500472
      -2.008326     1.439052    -5.499903
      -0.899445    -1.972428    -5.502857
      -1.793896    -1.322462    -5.502346
       2.689964    -1.614209    -4.944225
       1.797298    -2.267936    -4.946672
       0.900036    -2.915015    -4.945138
       2.562953     2.200523    -4.940991
       2.908670     1.150332    -4.943105
       3.246674     0.097803    -4.941958
      -1.106000     3.258524    -4.940687
       0.000001     3.262542    -4.942426
       1.106002     3.258523    -4.940687
      -3.246673     0.097805    -4.941958
      -2.908670     1.150333    -4.943105
      -2.562951     2.200524    -4.940991
      -0.900037    -2.915014    -4.945138
      -1.797299    -2.267935    -4.946672
      -2.689965    -1.614207    -4.944225
       3.587553    -1.905582    -4.385029
       2.695078    -2.561165    -4.390167
       1.798571    -3.212737    -4.390529
       0.899774    -3.859006    -4.386256
       3.117759     2.963569    -4.381119
       3.465475     1.912953    -4.385345
       3.807826     0.860190    -4.385699
       4.144422    -0.193687    -4.382343
      -1.660612     4.021734    -4.380872
      -0.553708     4.027501    -4.384847
       0.553711     4.027500    -4.384847
       1.660615     4.021733    -4.380872
      -4.144422    -0.193684    -4.382343
      -3.807826     0.860193    -4.385699
      -3.465474     1.912955    -4.385345
      -3.117757     2.963571    -4.381119
      -0.899777    -3.859005    -4.386256
      -1.798573    -3.212736    -4.390529
      -2.695079    -2.561164    -4.390167
      -3.587554    -1.905580    -4.385029
       4.494779    -2.193837    -3.821655
       4.452583    -2.187052    -2.732275
       3.595104    -2.852960    -3.832183
       2.697154    -3.507323    -3.835532
       1.797646    -4.159361    -3.832828
       0.893155    -4.811445    -3.823285
       0.897937    -4.770505    -2.733473
       3.672757     3.736822    -3.817388
       3.653094     3.699315    -2.728499
       4.021718     2.677860    -3.826054
       4.367255     1.623602    -3.828609
       4.707901     0.567844    -3.826614
       5.048380    -0.493604    -3.818937
       5.011182    -0.477462    -2.729637
      -2.224676     4.788409    -3.817198
      -2.195987     4.757906    -2.728334
      -1.109621     4.792786    -3.825676
       0.000001     4.795344    -3.828029
       1.109624     4.792786    -3.825676
       2.224679     4.788408    -3.817198
       2.195989     4.757905    -2.728334
      -5.048380    -0.493601    -3.818937
      -5.011182    -0.477459    -2.729637
      -4.707900     0.567847    -3.826614
      -4.367254     1.623605    -3.828609
      -4.021717     2.677862    -3.826054
      -3.672755     3.736824    -3.817388
      -3.653092     3.699317    -2.728499
      -0.893158    -4.811445    -3.823285
      -0.897940    -4.770505    -2.733473
      -1.797649    -4.159359    -3.832828
      -2.697157    -3.507321    -3.835532
      -3.595106    -2.852958    -3.832183
      -4.494780    -2.193834    -3.821655
      -4.452584    -2.187049    -2.732275
       5.356620    -2.496798    -2.213309
       5.357185    -2.492249    -1.106336
       5.357083    -2.491336    -0.005726
       4.499948    -3.145542    -3.269184
       4.459680    -3.140233    -2.180504
       4.460425    -3.137338    -1.094650
       4.460197    -3.135984    -0.005728
       4.460434    -3.137356     1.083187
       3.596917    -3.801109    -3.278253
       3.578170    -3.789359    -2.183484
       3.572403    -3.782606    -1.094036
       3.571492    -3.781201    -0.005724
       3.572417    -3.782629     1.082581
       2.698057    -4.454356    -3.278462
       2.691201    -4.433845    -2.183634
       2.685577    -4.426864    -1.094112
       2.684226    -4.425743    -0.005725
       2.685591    -4.426886     1.082655
       1.795686    -5.110717    -3.269987
       1.801291    -5.071941    -2.181101
       1.797181    -5.072048    -1.094935
       1.795666    -5.071540    -0.005731
       1.797193    -5.072065     1.083466
       0.911412    -5.725970    -2.213946
       0.905947    -5.725733    -1.106834
       0.904920    -5.725553    -0.005730
       4.223667     4.468195    -2.209355
       4.221352     4.467416    -1.104941
       4.220970     4.466520    -0.005724
       4.583793     3.447232    -3.264120
       4.577479     3.422876    -2.174576
       4.572135     3.423383    -1.090656
       4.571009     3.422714    -0.005730
       4.572145     3.423385     1.079187
       4.932192     2.390624    -3.270604
       4.922475     2.380194    -2.180304
       4.917560     2.378784    -1.093213
       4.916410     2.378144    -0.005720
       4.917574     2.378787     1.081765
       5.275512     1.334729    -3.270741
       5.262260     1.334823    -2.180402
       5.257864     1.331596    -1.093270
       5.256659     1.331060    -0.005719
       5.257878     1.331597     1.081822
       5.615075     0.275237    -3.264637
       5.596199     0.288268    -2.174904
       5.592472     0.283152    -1.090845
       5.591252     0.282689    -0.005729
       5.592482     0.283151     1.079378
       5.924070    -0.765981    -2.209821
       5.922051    -0.768291    -1.105327
       5.921439    -0.768019    -0.005722
      -2.751288     5.537908    -2.209112
      -2.751851     5.535238    -1.104796
      -2.751324     5.534506    -0.005723
      -1.667808     5.565111    -3.263791
      -1.647761     5.551370    -2.174285
      -1.650549     5.546294    -1.090489
      -1.650468     5.544961    -0.005730
      -1.650550     5.546305     1.079020
      -0.555192     5.569713    -3.270202
      -0.549533     5.557170    -2.179974
      -0.550431     5.551987    -1.093026
      -0.550381     5.550667    -0.005720
      -0.550432     5.552002     1.081576
       0.555196     5.569712    -3.270202
       0.549536     5.557170    -2.179974
       0.550435     5.551987    -1.093026
       0.550384     5.550667    -0.005720
       0.550435     5.552001     1.081576
       1.667812     5.565110    -3.263791
       1.647765     5.551369    -2.174285
       1.650553     5.546293    -1.090489
       1.650471     5.544960    -0.005730
       1.650553     5.546304     1.079020
       2.751291     5.537907    -2.209112
       2.751855     5.535236    -1.104796
       2.751327     5.534505    -0.005723
      -5.924071    -0.765977    -2.209821
      -5.922051    -0.768288    -1.105327
      -5.921440    -0.768015    -0.005723
      -5.615075     0.275241    -3.264637
      -5.596199     0.288272    -2.174904
      -5.592472     0.283155    -1.090845
      -5.591252     0.282693    -0.005729
      -5.592482     0.283154     1.079378
      -5.275511     1.334732    -3.270741
      -5.262259     1.334826    -2.180402
      -5.257863     1.331599    -1.093270
      -5.256658     1.331063    -0.005719
      -5.257877     1.331601     1.081822
      -4.932191     2.390628    -3.270604
      -4.922473     2.380197    -2.180304
      -4.917559     2.378787    -1.093213
      -4.916409     2.378147    -0.005720
      -4.917573     2.378790     1.081765
      -4.583791     3.447235    -3.264120
      -4.577477     3.422879    -2.174576
      -4.572133     3.423386    -1.090656
      -4.571007     3.422716    -0.005730
      -4.572143     3.423388     1.079187
      -4.223664     4.468198    -2.209355
      -4.221349     4.467419    -1.104941
      -4.220967     4.466522    -0.005724
      -0.911416    -5.725970    -2.213946
      -0.905950    -5.725733    -1.106834
      -0.904924    -5.725552    -0.005730
      -1.795689    -5.110716    -3.269987
      -1.801294    -5.071940    -2.181101
      -1.797184    -5.072047    -1.094935
      -1.795669    -5.071539    -0.005731
      -1.797196    -5.072064     1.083466
      -2.698060    -4.454355    -3.278462
      -2.691203    -4.433843    -2.183634
      -2.685580    -4.426862    -1.094112
      -2.684229    -4.425742    -0.005725
      -2.685594    -4.426884     1.082655
      -3.596919    -3.801107    -3.278253
      -3.578173    -3.789357    -2.183484
      -3.572405    -3.782604    -1.094036
      -3.571495    -3.781199    -0.005724
      -3.572419    -3.782626     1.082581
      -4.499950    -3.145539    -3.269184
      -4.459682    -3.140230    -2.180504
      -4.460426    -3.137335    -1.094650
      -4.460199    -3.135982    -0.005728
      -4.460436    -3.137353     1.083187
      -5.356621    -2.496794    -2.213309
      -5.357186    -2.492245    -1.106336
      -5.357084    -2.491333    -0.005726
       0.000000     0.204665     4.948602
      -0.000002    -5.416588     1.647454
       5.342544    -1.534775     1.646021
       3.301374     4.746616     1.644579
      -3.301371     4.746618     1.644579
      -5.342545    -1.534772     1.646021
       5.357187    -2.492258     1.094879
       0.905951    -5.725741     1.095369
       4.221354     4.467417     1.093489
       5.922053    -0.768296     1.093878
      -2.751853     5.535240     1.093345
       2.751857     5.535238     1.093345
      -5.922053    -0.768293     1.093878
      -4.221352     4.467419     1.093489
      -0.905955    -5.725740     1.095369
      -5.357189    -2.492255     1.094879
      -0.000000    -0.728929     5.498364
      -0.000001    -1.664380     4.942246
      -0.000001    -2.599950     4.386844
      -0.000001    -3.534110     3.832142
       0.888634    -0.083269     5.497827
       1.778109    -0.372322     4.941181
       2.667696    -0.661284     4.385328
       3.555876    -0.949769     3.830287
       0.549147     0.961024     5.497151
       1.098812     1.717069     4.939943
       1.648521     2.473227     4.383662
       2.197316     3.228230     3.828341
      -0.549146     0.961025     5.497151
      -1.098811     1.717069     4.939943
      -1.648519     2.473228     4.383662
      -2.197314     3.228232     3.828341
      -0.888634    -0.083268     5.497827
      -1.778109    -0.372321     4.941181
      -2.667696    -0.661282     4.385328
      -3.555876    -0.949767     3.830287
       0.892716    -1.023482     4.943090
       1.444434     0.674266     4.941683
       0.000001     1.723340     4.941188
      -1.444434     0.674267     4.941683
      -0.892717    -1.023481     4.943090
       1.784722    -1.315825     4.387966
       0.894983    -1.962393     4.388395
       1.998137     1.431775     4.385749
       2.338014     0.386408     4.386231
      -0.549774     2.483683     4.385369
       0.549775     2.483683     4.385369
      -2.338014     0.386409     4.386231
      -1.998136     1.431776     4.385749
      -0.894985    -1.962392     4.388395
      -1.784723    -1.315824     4.387966
       2.675893    -1.606948     3.832805
       1.788881    -2.257503     3.834665
       0.896367    -2.900236     3.833558
       2.550552     2.188898     3.829888
       2.895106     1.144973     3.831260
       3.230362     0.098164     3.830685
      -1.099536     3.242765     3.829587
       0.000001     3.247640     3.830640
       1.099538     3.242764     3.829587
      -3.230362     0.098166     3.830685
      -2.895105     1.144975     3.831260
      -2.550551     2.188900     3.829888
      -0.896369    -2.900235     3.833558
      -1.788882    -2.257502     3.834665
      -2.675894    -1.606946     3.832805
       3.565204    -1.897731     3.277537
       2.681662    -2.550876     3.280583
       1.791699    -3.197716     3.280880
       0.897913    -3.836361     3.278520
       3.102169     2.944557     3.273988
       3.450394     1.903215     3.275883
       3.790479     0.857371     3.276179
       4.121282    -0.189420     3.274968
      -1.648071     4.000752     3.273746
      -0.549970     4.009908     3.275433
       0.549972     4.009908     3.275433
       1.648073     4.000751     3.273746
      -4.121282    -0.189417     3.274968
      -3.790479     0.857373     3.276179
      -3.450393     1.903217     3.275883
      -3.102168     2.944559     3.273988
      -0.897916    -3.836361     3.278520
      -1.791701    -3.197715     3.280880
      -2.681664    -2.550874     3.280583
      -3.565205    -1.897729     3.277537
       3.572234    -2.843634     2.725513
       2.685621    -3.492833     2.727088
       1.794390    -4.135753     2.726005
       4.005641     2.660893     2.719072
       4.348884     1.616541     2.721076
       4.685481     0.569974     2.719508
      -1.099353     4.772087     2.718747
       0.000001     4.775595     2.720591
       1.099356     4.772086     2.718747
      -4.685481     0.569977     2.719508
      -4.348883     1.616544     2.721076
      -4.005640     2.660896     2.719072
      -1.794392    -4.135752     2.726005
      -2.685623    -3.492832     2.727088
      -3.572235    -2.843632     2.725513
      -0.000001    -4.463368     3.276583
       4.439324    -1.236709     3.274501
       2.743118     3.979227     3.272378
      -2.743115     3.979229     3.272378
      -4.439325    -1.236706     3.274501
       4.452594    -2.187080     2.720778
       0.897956    -4.770530     2.721968
       3.653120     3.699317     2.717002
       5.011205    -0.477456     2.718142
      -2.195983     4.757931     2.716837
       2.195986     4.757930     2.716837
      -5.011205    -0.477453     2.718142
      -3.653118     3.699319     2.717002
      -0.897959    -4.770529     2.721968
      -4.452595    -2.187078     2.720778
      -0.000002    -5.417336     2.757742
       5.345320    -1.533893     2.756276
       3.303502     4.750075     2.754834
      -3.303499     4.750077     2.754834
      -5.345321    -1.533890     2.756276
       0.000000     0.205697     6.056321
       5.356637    -2.496819     2.201843
       4.459705    -3.140272     2.169017
       3.578206    -3.789412     2.172009
       2.691236    -4.433898     2.172157
       1.801317    -5.071980     2.169609
       0.911421    -5.725997     2.202469
       4.223681     4.468210     2.197893
       4.577514     3.422893     2.163083
       4.922523     2.380210     2.168831
       5.262309     1.334832     2.168930
       5.596238     0.288267     2.163412
       5.924089    -0.765993     2.198361
      -2.751301     5.537925     2.197651
      -1.647770     5.551409     2.162791
      -0.549536     5.557222     2.168499
       0.549539     5.557221     2.168499
       1.647774     5.551408     2.162791
       2.751304     5.537924     2.197651
      -5.924090    -0.765990     2.198361
      -5.596238     0.288270     2.163412
      -5.262309     1.334835     2.168930
      -4.922521     2.380213     2.168831
      -4.577512     3.422896     2.163083
      -4.223678     4.468212     2.197893
      -0.911424    -5.725996     2.202469
      -1.801320    -5.071979     2.169609
      -2.691239    -4.433896     2.172157
      -3.578208    -3.789409     2.172009
      -4.459707    -3.140269     2.169017
      -5.356638    -2.496815     2.201843
      -0.000000    -0.735371     6.612999
      -0.000001    -1.675715     6.051439
      -0.000001    -2.615731     5.492498
      -0.000001    -3.557037     4.933870
      -0.000001    -4.503123     4.373571
       0.895733    -0.084621     6.612390
       1.789904    -0.375186     6.050222
       2.683812    -0.665472     5.490709
       3.578962    -0.956066     4.931577
       4.478623    -1.248181     4.370765
       0.553566     0.967997     6.611614
       1.106167     1.727996     6.048801
       1.658576     2.487792     5.488741
       2.211732     3.248714     4.929172
       2.767668     4.013608     4.367942
      -0.553566     0.967997     6.611614
      -1.106166     1.727997     6.048801
      -1.658575     2.487793     5.488741
      -2.211730     3.248715     4.929172
      -2.767666     4.013610     4.367942
      -0.895734    -0.084620     6.612390
      -1.789904    -0.375185     6.050222
      -2.683813    -0.665470     5.490709
      -3.578963    -0.956064     4.931577
      -4.478624    -1.248178     4.370765
       0.898169    -1.030007     6.049265
       1.453323     0.678075     6.047692
       0.000001     1.733511     6.047164
      -1.453323     0.678076     6.047692
      -0.898170    -1.030006     6.049265
       1.794277    -1.322869     5.490733
       0.899713    -1.972925     5.491233
       2.008826     1.439285     5.488289
       2.350538     0.388285     5.488862
      -0.552798     2.496630     5.487899
       0.552800     2.496630     5.487899
      -2.350538     0.388286     5.488862
      -2.008826     1.439287     5.488289
      -0.899715    -1.972924     5.491233
      -1.794278    -1.322868     5.490733
       2.690200    -1.614393     4.932612
       1.797493    -2.268206     4.935129
       0.900137    -2.915304     4.933514
       2.563199     2.200689     4.929376
       2.908980     1.150430     4.931567
       3.246969     0.097810     4.930346
      -1.106085     3.258811     4.929071
       0.000001     3.262871     4.930885
       1.106087     3.258810     4.929071
      -3.246969     0.097812     4.930346
      -2.908980     1.150432     4.931567
      -2.563198     2.200690     4.929376
      -0.900139    -2.915303     4.933514
      -1.797494    -2.268205     4.935129
      -2.690201    -1.614392     4.932612
       3.587714    -1.905674     4.373454
       2.695218    -2.561314     4.378641
       1.798668    -3.212920     4.378999
       0.899811    -3.859193     4.374671
       3.117895     2.963692     4.369543
       3.465657     1.913038     4.373821
       3.808024     0.860225     4.374176
       4.144603    -0.193709     4.370769
      -1.660690     4.021902     4.369296
      -0.553735     4.027702     4.373321
       0.553738     4.027701     4.373321
       1.660692     4.021901     4.369296
      -4.144604    -0.193707     4.370769
      -3.808023     0.860227     4.374176
      -3.465656     1.913040     4.373821
      -3.117893     2.963694     4.369543
      -0.899813    -3.859193     4.374671
      -1.798669    -3.212919     4.378999
      -2.695220    -2.561313     4.378641
      -3.587715    -1.905672     4.373454
       4.494896    -2.193894     3.810096
       3.595209    -2.853049     3.820665
       2.697238    -3.507441     3.824029
       1.797697    -4.159491     3.821305
       0.893172    -4.811580     3.811717
       3.672849     3.736913     3.805829
       4.021835     2.677929     3.814536
       4.367393     1.623644     3.817110
       4.708036     0.567852     3.815097
       5.048506    -0.493628     3.807379
      -2.224738     4.788524     3.805638
      -1.109654     4.792919     3.814157
       0.000001     4.795490     3.816528
       1.109657     4.792919     3.814157
       2.224741     4.788523     3.805638
      -5.048506    -0.493625     3.807379
      -4.708036     0.567855     3.815097
      -4.367392     1.623647     3.817110
      -4.021833     2.677932     3.814536
      -3.672847     3.736916     3.805829
      -0.893175    -4.811580     3.811717
      -1.797699    -4.159490     3.821305
      -2.697241    -3.507439     3.824029
      -3.595211    -2.853047     3.820665
      -4.494898    -2.193892     3.810096
       4.500029    -3.145606     3.257664
       3.596988    -3.801192     3.266755
       2.698112    -4.454452     3.266961
       1.795721    -5.110816     3.258461
       4.583879     3.447285     3.252596
       4.932297     2.390666     3.259106
       5.275623     1.334751     3.259243
       5.615175     0.275240     3.253115
      -1.667835     5.565209     3.252266
      -0.555203     5.569826     3.258703
       0.555206     5.569826     3.258703
       1.667839     5.565208     3.252266
      -5.615175     0.275243     3.253115
      -5.275622     1.334754     3.259243
      -4.932296     2.390669     3.259106
      -4.583877     3.447287     3.252596
      -1.795724    -5.110815     3.258461
      -2.698114    -4.454450     3.266961
      -3.596990    -3.801190     3.266755
      -4.500031    -3.145604     3.257664
       0.000000     0.206682     7.190296
       5.365993    -3.457555    -1.660389
       5.365345    -3.454135    -0.555922
       5.365352    -3.454142     0.544451
       5.366019    -3.457578     1.648915
       4.502672    -4.102135    -2.718360
       4.478472    -4.104049    -1.629174
       4.477677    -4.098718    -0.546939
       4.477686    -4.098729     0.535451
       4.478503    -4.104085     1.617677
       4.502729    -4.102200     2.706850
       3.603465    -4.755849    -2.723437
       3.595428    -4.746543    -1.633679
       3.592086    -4.742627    -0.548386
       3.592095    -4.742640     0.536902
       3.595456    -4.746587     1.622186
       3.603518    -4.755923     2.711935
       2.703905    -5.409104    -2.718532
       2.711320    -5.387724    -1.629255
       2.705773    -5.385686    -0.546974
       2.705780    -5.385699     0.535482
       2.711341    -5.387767     1.617753
       2.703948    -5.409180     2.707018
       1.821810    -6.031858    -1.660487
       1.818052    -6.030483    -0.555984
       1.818055    -6.030493     0.544506
       1.821819    -6.031892     1.649005
      -1.821814    -6.031857    -1.660487
      -1.818055    -6.030482    -0.555984
      -1.818058    -6.030492     0.544506
      -1.821822    -6.031891     1.649005
      -2.703908    -5.409102    -2.718532
      -2.711323    -5.387723    -1.629255
      -2.705777    -5.385684    -0.546974
      -2.705783    -5.385697     0.535482
      -2.711345    -5.387765     1.617753
      -2.703951    -5.409178     2.707018
      -3.603468    -4.755846    -2.723437
      -3.595431    -4.746541    -1.633679
      -3.592089    -4.742625    -0.548386
      -3.592098    -4.742638     0.536902
      -3.595459    -4.746584     1.622186
      -3.603521    -4.755921     2.711935
      -4.502674    -4.102132    -2.718360
      -4.478475    -4.104047    -1.629174
      -4.477679    -4.098715    -0.546939
      -4.477688    -4.098727     0.535451
      -4.478505    -4.104083     1.617677
      -4.502731    -4.102197     2.706850
      -5.365996    -3.457552    -1.660389
      -5.365348    -3.454131    -0.555922
      -5.365354    -3.454138     0.544451
      -5.366021    -3.457574     1.648915