
       0.133554    -0.183821    -0.550155
       0.133554    -0.183821     0.550155
       0.133831    -1.111230     0.000000
       1.015486    -0.470670     0.000000
       0.678566     0.566397    -0.000000
      -0.411741     0.566713    -0.000000
      -0.748365    -0.470328     0.000000
       0.134010    -1.111736    -1.099799
       1.015912    -0.470997    -1.099799
       0.678902     0.566300    -1.099984
      -0.411666     0.566610    -1.100229
      -0.748376    -0.470678    -1.099984
       0.133956    -0.184375    -1.650468
       0.134193    -2.041750    -0.549167
       1.900351    -0.758562    -0.549167
       1.225762     1.318617    -0.549386
      -0.958577     1.319369    -0.549841
      -1.632861    -0.758293    -0.549386
       0.134010    -1.111736     1.099799
       0.134509    -1.113149    -2.199734
       1.015912    -0.470996     1.099799
       1.017102    -0.471909    -2.199734
       0.678902     0.566300     1.099984
       0.679885     0.566066    -2.200043
      -0.411666     0.566610     1.100229
      -0.411468     0.566337    -2.200397
      -0.748376    -0.470678     1.099984
      -0.748457    -0.471685    -2.200043
       1.020535    -1.404647     0.549494
       1.021347    -1.405764    -1.648712
       1.020535    -1.404647    -0.549494
       1.568185     0.281742     0.549595
       1.569369     0.281514    -1.648993
       1.568185     0.281742    -0.549595
       0.133535     1.324698     0.549938
       0.133810     1.324967    -1.649826
       0.133535     1.324698    -0.549938
      -1.301127     0.282356     0.549938
      -1.301468     0.282177    -1.649826
      -1.301127     0.282356    -0.549938
      -0.752549    -1.404369     0.549595
      -0.752699    -1.405565    -1.648993
      -0.752549    -1.404369    -0.549595
       0.134193    -2.041749     0.549168
       0.134490    -2.043057    -1.647809
       1.900351    -0.758562     0.549167
       1.901502    -0.759248    -1.647810
       1.225762     1.318617     0.549386
       1.226584     1.318736    -1.648371
      -0.958577     1.319369     0.549841
      -0.958792     1.319665    -1.649451
      -1.632861    -0.758293     0.549386
      -1.633228    -0.759038    -1.648371
       0.133956    -0.184374     1.650468
       0.134647    -0.185327    -2.750789
       0.134515    -2.975318    -1.096185
       0.134380    -2.974775     0.000000
       2.788128    -1.047357    -1.096185
       2.787653    -1.047061     0.000000
       1.775006     2.072950    -1.096822
       1.774768     2.072891    -0.000000
      -1.507073     2.074309    -1.098335
      -1.506772     2.073896    -0.000000
      -2.520000    -1.047553    -1.096822
      -2.519871    -1.047344     0.000000
       0.134509    -1.113149     2.199735
       0.135254    -1.115345    -3.299650
       0.134490    -2.043056     1.647810
       0.135051    -2.045899    -2.746818
       1.017102    -0.471908     2.199734
       1.018960    -0.473295    -3.299650
       1.901502    -0.759248     1.647810
       1.904031    -0.760660    -2.746818
       0.679885     0.566067     2.200043
       0.681472     0.565812    -3.300078
       1.226584     1.318736     1.648371
       1.228557     1.319273    -2.747667
      -0.411468     0.566337     2.200396
      -0.411258     0.566048    -3.300471
      -0.958792     1.319666     1.649451
      -0.959192     1.320214    -2.748811
      -0.748457    -0.471684     2.200043
      -0.748706    -0.473272    -3.300077
      -1.633228    -0.759038     1.648371
      -1.634349    -0.760749    -2.747667
       1.021347    -1.405764     1.648712
       1.023018    -1.408064    -2.748016
       1.569369     0.281515     1.648993
       1.571850     0.281161    -2.748445
       0.133810     1.324967     1.649825
       0.134584     1.325673    -2.749565
      -1.301468     0.282177     1.649825
      -1.302379     0.281659    -2.749565
      -0.752699    -1.405565     1.648993
      -0.753129    -1.408035    -2.748445
       1.908916    -1.696826     1.097502
       1.910786    -1.698975    -2.195526
       1.908916    -1.696827    -1.097502
       1.908478    -1.696243     0.000000
       1.023889    -2.339835     1.097502
       1.025355    -2.342278    -2.195525
       1.023889    -2.339836    -1.097502
       1.023469    -2.339238     0.000000
       2.120509     1.035874     1.097853
       2.123040     1.036026    -2.196167
       2.120509     1.035874    -1.097853
       2.119869     1.035942    -0.000000
       2.458452    -0.004829     1.097676
       2.461100    -0.005033    -2.195856
       2.458452    -0.004829    -1.097676
       2.457805    -0.004760     0.000000
      -0.413813     2.082466     1.099173
      -0.413722     2.083885    -2.198216
      -0.413812     2.082465    -1.099173
      -0.413788     2.081995    -0.000000
       0.681219     2.081978     1.098690
       0.681865     2.083170    -2.197552
       0.681219     2.081978    -1.098690
       0.681208     2.081699    -0.000000
      -2.190587    -0.004509     1.098690
      -2.191921    -0.004756    -2.197551
      -2.190587    -0.004510    -1.098690
      -2.190319    -0.004585    -0.000000
      -1.852667     1.037078     1.099173
      -1.854044     1.037430    -2.198216
      -1.852667     1.037077    -1.099173
      -1.852227     1.036909    -0.000000
      -0.755112    -2.339618     1.097676
      -0.755736    -2.342201    -2.195856
      -0.755112    -2.339619    -1.097675
      -0.754978    -2.338982     0.000000
      -1.640449    -1.696620     1.097854
      -1.641376    -1.698981    -2.196167
      -1.640449    -1.696620    -1.097853
      -1.640316    -1.695990     0.000000
       0.134515    -2.975318     1.096186
       0.134900    -2.977431    -2.193140
       2.788128    -1.047357     1.096185
       2.790018    -1.048377    -2.193141
       1.775006     2.072950     1.096821
       1.776339     2.073345    -2.194245
      -1.507073     2.074309     1.098335
      -1.507952     2.075518    -2.196666
      -2.520000    -1.047553     1.096822
      -2.520788    -1.048699    -2.194244
       0.134647    -0.185326     2.750789
       0.135521    -0.186529    -3.851294
       0.134799    -3.912085    -1.640758
       0.134540    -3.911285    -0.546897
       0.134540    -3.911285     0.546898
       3.678957    -1.337104    -1.640758
       3.678277    -1.336611    -0.546897
       3.678277    -1.336611     0.546898
       2.325952     2.829961    -1.641809
       2.325660     2.830145    -0.547255
       2.325660     2.830145     0.547255
      -2.057549     2.831975    -1.644348
      -2.056844     2.831004    -0.547975
      -2.056844     2.831005     0.547975
      -3.410212    -1.337604    -1.641809
      -3.410297    -1.337269    -0.547255
      -3.410297    -1.337269     0.547255
       0.135254    -1.115344     3.299650
       0.136133    -1.118491    -4.399662
       0.135051    -2.045898     2.746818
       0.135781    -2.050415    -3.845666
       0.134900    -2.977431     2.193141
       0.135481    -2.982728    -3.291061
       1.018960    -0.473295     3.299650
       1.021680    -0.475104    -4.399663
       1.904031    -0.760659     2.746818
       1.908101    -0.762750    -3.845666
       2.790018    -1.048376     2.193141
       2.794876    -1.050566    -3.291061
       0.681472     0.565813     3.300077
       0.683708     0.565944    -4.400287
       1.228557     1.319274     2.747667
       1.231759     1.320599    -3.846862
       1.776339     2.073346     2.194244
       1.780004     2.075510    -3.292624
      -0.411258     0.566049     3.300471
      -0.411325     0.566140    -4.400750
      -0.959192     1.320215     2.748811
      -0.960045     1.321389    -3.847903
      -1.507952     2.075519     2.196665
      -1.509507     2.077659    -3.294606
      -0.748706    -0.473272     3.300078
      -0.749523    -0.475359    -4.400287
      -1.634349    -0.760748     2.747667
      -1.636600    -0.763384    -3.846862
      -2.520789    -1.048698     2.194244
      -2.523980    -1.051516    -3.292623
       1.023018    -1.408064     2.748016
       1.025593    -1.411609    -3.846936
       1.571850     0.281161     2.748445
       1.575752     0.280897    -3.847499
       0.134584     1.325673     2.749565
       0.135827     1.327180    -3.848911
      -1.302379     0.281659     2.749565
      -1.304196     0.280943    -3.848911
      -0.753129    -1.408034     2.748446
      -0.754084    -1.411827    -3.847498
       1.910786    -1.698975     2.195526
       1.914607    -1.702758    -3.293329
       1.025355    -2.342278     2.195526
       1.027771    -2.347082    -3.293329
       2.123040     1.036027     2.196167
       2.127776     1.036969    -3.294216
       2.461100    -0.005033     2.195856
       2.466241    -0.005511    -3.293778
      -0.413722     2.083885     2.198215
      -0.413314     2.086562    -3.296595
       0.681865     2.083171     2.197551
       0.683881     2.085876    -3.296042
      -2.191921    -0.004755     2.197551
      -2.195117    -0.005837    -3.296042
      -1.854044     1.037431     2.198215
      -1.856717     1.037869    -3.296595
      -0.755736    -2.342200     2.195856
      -0.756871    -2.347238    -3.293778
      -1.641376    -1.698980     2.196167
      -1.643736    -1.703194    -3.294215
       2.799376    -1.989435     1.642794
       2.803080    -1.993222    -2.739087
       2.799376    -1.989435    -1.642793
       2.798580    -1.988155    -0.547507
       2.798580    -1.988155     0.547508
       1.915536    -2.636510     1.643789
       1.919069    -2.641374    -2.740232
       1.915536    -2.636511    -1.643788
       1.914226    -2.634707    -0.547815
       1.914226    -2.634707     0.547815
       1.027008    -3.277134     1.642794
       1.029466    -3.281828    -2.739087
       1.027008    -3.277135    -1.642793
       1.026037    -3.275982    -0.547507
       1.026037    -3.275982     0.547508
       2.674084     1.791738     1.643509
       2.678882     1.792760    -2.740143
       2.674084     1.791738    -1.643509
       2.672683     1.791996    -0.547771
       2.672683     1.791997     0.547771
       3.016063     0.751018     1.644211
       3.021801     0.751738    -2.740872
       3.016063     0.751018    -1.644211
       3.013964     0.750904    -0.547966
       3.013964     0.750905     0.547966
       3.350687    -0.292164     1.643004
       3.355815    -0.292267    -2.739421
       3.350687    -0.292165    -1.643004
       3.349364    -0.292207    -0.547582
       3.349364    -0.292207     0.547582
      -0.962900     2.841902     1.646432
      -0.963086     2.845382    -2.743762
      -0.962900     2.841902    -1.646432
      -0.962918     2.840339    -0.548768
      -0.962918     2.840339     0.548767
       0.133721     2.844328     1.646944
       0.134615     2.848337    -2.744566
       0.133721     2.844328    -1.646945
       0.133699     2.842560    -0.548902
       0.133699     2.842560     0.548901
       1.230514     2.840384     1.644957
       1.231912     2.843520    -2.742253
       1.230514     2.840383    -1.644958
       1.230853     2.839627    -0.548262
       1.230853     2.839627     0.548261
      -3.081615    -0.292559     1.644958
      -3.085030    -0.292921    -2.742253
      -3.081615    -0.292560    -1.644958
      -3.081001    -0.293116    -0.548261
      -3.081001    -0.293116     0.548261
      -2.746438     0.751771     1.646944
      -2.750528     0.752160    -2.744565
      -2.746438     0.751771    -1.646944
      -2.744750     0.751245    -0.548902
      -2.744750     0.751246     0.548902
      -2.405256     1.793970     1.646432
      -2.408508     1.795222    -2.743762
      -2.405256     1.793970    -1.646432
      -2.403764     1.793504    -0.548768
      -2.403764     1.793504     0.548767
      -0.757556    -3.276976     1.643005
      -0.759044    -3.281885    -2.739420
      -0.757556    -3.276976    -1.643004
      -0.757107    -3.275731    -0.547581
      -0.757107    -3.275731     0.547582
      -1.646277    -2.636368     1.644212
      -1.648735    -2.641602    -2.740872
      -1.646277    -2.636368    -1.644211
      -1.645520    -2.634407    -0.547965
      -1.645520    -2.634407     0.547966
      -2.530382    -1.989526     1.643509
      -2.532837    -1.993773    -2.740142
      -2.530382    -1.989526    -1.643509
      -2.530196    -1.988114    -0.547771
      -2.530196    -1.988114     0.547771
       0.134799    -3.912084     1.640759
       0.135255    -3.914400    -2.735574
       3.678957    -1.337104     1.640758
       3.681019    -1.338254    -2.735575
       2.325952     2.829961     1.641808
       2.327676     2.830033    -2.737228
      -2.057549     2.831975     1.644347
      -2.059531     2.834702    -2.741199
      -3.410212    -1.337604     1.641809
      -3.410814    -1.339221    -2.737227
       0.135521    -0.186528     3.851294
       0.136491    -0.187865    -4.952582
       0.135074    -4.853361    -2.185409
       0.134675    -4.852232    -1.093341
       0.134540    -4.851623     0.000001
       0.134675    -4.852232     1.093342
       4.574079    -1.628237    -2.185410
       4.573129    -1.627509    -1.093342
       4.572592    -1.627191     0.000000
       4.573129    -1.627508     1.093342
       2.879450     3.590336    -2.186762
       2.878428     3.591480    -1.094028
       2.877987     3.591652    -0.000000
       2.878428     3.591480     1.094028
      -2.610433     3.592955    -2.187697
      -2.609383     3.591510    -1.093358
      -2.609313     3.591414    -0.000000
      -2.609383     3.591511     1.093357
      -4.304413    -1.629043    -2.186761
      -4.305184    -1.627717    -1.094028
      -4.305212    -1.627245     0.000000
      -4.305184    -1.627717     1.094028
       0.136133    -1.118490     4.399663
       0.137028    -1.123343    -5.501555
       0.135781    -2.050414     3.845667
       0.136552    -2.057477    -4.945276
       0.135481    -2.982727     3.291062
       0.136134    -2.991972    -4.389147
       0.135255    -3.914399     2.735575
       0.135818    -3.925139    -3.833831
       1.021680    -0.475103     4.399663
       1.026018    -0.477454    -5.501556
       1.908101    -0.762749     3.845667
       1.914579    -0.765665    -4.945276
       2.794876    -1.050565     3.291062
       2.803466    -1.054043    -4.389147
       3.681019    -1.338253     2.735575
       3.691058    -1.342107    -3.833832
       0.683708     0.565945     4.400286
       0.686933     0.567369    -5.502468
       1.231759     1.320600     3.846862
       1.236471     1.323827    -4.946920
       1.780004     2.075510     3.292623
       1.786161     2.080518    -4.391285
       2.327676     2.830033     2.737227
       2.334883     2.836158    -3.836221
      -0.411325     0.566141     4.400750
      -0.412261     0.567428    -5.503124
      -0.960045     1.321390     3.847903
      -0.962058     1.324160    -4.948158
      -1.509507     2.077660     3.294605
      -1.512435     2.081690    -4.393067
      -2.059531     2.834703     2.741198
      -2.063284     2.839869    -3.838515
      -0.749523    -0.475358     4.400287
      -0.751875    -0.477986    -5.502468
      -1.636600    -0.763383     3.846862
      -1.641126    -0.766869    -4.946920
      -2.523980    -1.051515     3.292623
      -2.530645    -1.055823    -4.391285
      -3.410814    -1.339220     2.737227
      -3.418866    -1.344183    -3.836220
       1.025593    -1.411608     3.846937
       1.029215    -1.416594    -4.946024
       1.575752     0.280898     3.847499
       1.581332     0.281076    -4.946698
       0.135827     1.327181     3.848911
       0.137251     1.330161    -4.948595
      -1.304196     0.280943     3.848911
      -1.307472     0.280509    -4.948595
      -0.754084    -1.411826     3.847499
      -0.755979    -1.417079    -4.946697
       1.914607    -1.702757     3.293329
       1.920701    -1.708269    -4.390552
       1.027771    -2.347081     3.293330
       1.031129    -2.354580    -4.390551
       2.127776     1.036970     3.294215
       2.134894     1.039305    -4.391666
       2.466241    -0.005510     3.293778
       2.474220    -0.006108    -4.391072
      -0.413314     2.086562     3.296595
      -0.412989     2.091153    -4.394592
       0.683881     2.085877     3.296042
       0.687149     2.090899    -4.394007
      -2.195118    -0.005836     3.296042
      -2.200904    -0.007393    -4.394007
      -1.856717     1.037869     3.296595
      -1.861184     1.038978    -4.394592
      -0.756871    -2.347237     3.293779
      -0.758769    -2.355011    -4.391072
      -1.643736    -1.703193     3.294216
      -1.648157    -1.709242    -4.391666
       2.803080    -1.993222     2.739087
       2.811494    -1.999080    -3.834905
       1.919069    -2.641373     2.740233
       1.924825    -2.649297    -3.835876
       1.029466    -3.281827     2.739087
       1.032436    -3.291641    -3.834905
       2.678882     1.792760     2.740142
       2.687267     1.797144    -3.836261
       3.021801     0.751739     2.740872
       3.031184     0.753285    -3.836667
       3.355815    -0.292266     2.739421
       3.365961    -0.293720    -3.835309
      -0.963087     2.845383     2.743761
      -0.963789     2.851249    -3.840397
       0.134615     2.848338     2.744565
       0.136786     2.855187    -3.841137
       1.231912     2.843521     2.742252
       1.236827     2.850358    -3.838982
      -3.085030    -0.292920     2.742253
      -3.093053    -0.295482    -3.838981
      -2.750528     0.752160     2.744565
      -2.757714     0.752211    -3.841137
      -2.408508     1.795223     2.743762
      -2.413871     1.797704    -3.840397
      -0.759044    -3.281885     2.739421
      -0.760798    -3.291983    -3.835309
      -1.648735    -2.641602     2.740872
      -1.653106    -2.650049    -3.836667
      -2.532837    -1.993773     2.740143
      -2.539598    -2.000394    -3.836260
       3.692166    -2.283130     2.184504
       3.700714    -2.289797    -3.279133
       3.692166    -2.283131    -2.184503
       3.691380    -2.281085    -1.092285
       3.691050    -2.280591     0.000000
       3.691380    -2.281085     1.092285
       2.810027    -2.934526     2.186459
       2.817743    -2.942643    -3.280753
       2.810027    -2.934527    -2.186459
       2.807283    -2.930887    -1.092945
       2.806708    -2.930102     0.000000
       2.807283    -2.930886     1.092945
       1.922552    -3.579314     2.186459
       1.927887    -3.589161    -3.280753
       1.922552    -3.579315    -2.186458
       1.919939    -3.575579    -1.092944
       1.919370    -3.574790     0.000000
       1.919939    -3.575579     1.092945
       1.030442    -4.216985     2.184504
       1.034140    -4.227176    -3.279133
       1.030442    -4.216986    -2.184503
       1.028739    -4.215606    -1.092285
       1.028371    -4.215139     0.000000
       1.028739    -4.215606     1.092286
       3.229457     2.549403     2.185625
       3.238830     2.553663    -3.280585
       3.229457     2.549402    -2.185626
       3.227094     2.550402    -1.092922
       3.226529     2.550567    -0.000000
       3.227094     2.550402     1.092922
       3.576038     1.509024     2.187142
       3.586419     1.512399    -3.281648
       3.576038     1.509023    -2.187143
       3.571596     1.508467    -1.093328
       3.570647     1.508452    -0.000000
       3.571596     1.508467     1.093328
       3.914802     0.465643     2.186881
       3.925951     0.466439    -3.281312
       3.914802     0.465642    -2.186881
       3.910389     0.465140    -1.093181
       3.909452     0.465116    -0.000000
       3.910389     0.465140     1.093181
       4.245477    -0.579932     2.184718
       4.256270    -0.580665    -3.279447
       4.245477    -0.579932    -2.184718
       4.243731    -0.580365    -1.092410
       4.243207    -0.580309     0.000000
       4.243731    -0.580365     1.092410
      -1.513374     3.604333     2.190705
      -1.514946     3.610831    -3.286517
      -1.513374     3.604333    -2.190706
      -1.513403     3.601393    -1.095142
      -1.513554     3.600813    -0.000000
      -1.513403     3.601393     1.095141
      -0.415153     3.609173     2.192414
      -0.414348     3.617609    -3.287958
      -0.415153     3.609173    -2.192414
      -0.415466     3.604519    -1.096021
      -0.415575     3.603296    -0.000000
      -0.415466     3.604519     1.096020
       0.682891     3.608245     2.191606
       0.686284     3.617416    -3.287036
       0.682891     3.608245    -2.191607
       0.682780     3.603699    -1.095431
       0.683205     3.602756    -0.000000
       0.682780     3.603699     1.095431
       1.780536     3.601101     2.187527
       1.784952     3.608595    -3.283666
       1.780537     3.601101    -2.187528
       1.781559     3.600384    -1.093773
       1.781877     3.600317    -0.000000
       1.781559     3.600385     1.093772
      -3.975067    -0.580587     2.187527
      -3.983559    -0.582471    -3.283665
      -3.975067    -0.580587    -2.187527
      -3.974701    -0.581781    -1.093772
      -3.974736    -0.582104     0.000000
      -3.974701    -0.581780     1.093772
      -3.642670     0.465543     2.191606
      -3.652441     0.465150    -3.287036
      -3.642670     0.465543    -2.191606
      -3.638312     0.464244    -1.095431
      -3.637546     0.463548    -0.000000
      -3.638312     0.464244     1.095431
      -3.304238     1.510132     2.192414
      -3.312510     1.511972    -3.287958
      -3.304238     1.510131    -2.192414
      -3.299714     1.508992    -1.096020
      -3.298517     1.508717    -0.000000
      -3.299714     1.508992     1.096020
      -2.960264     2.553107     2.190705
      -2.965959     2.556609    -3.286517
      -2.960264     2.553106    -2.190705
      -2.957460     2.552225    -1.095141
      -2.956862     2.552190    -0.000000
      -2.957460     2.552225     1.095141
      -0.760379    -4.216896     2.184719
      -0.763017    -4.227388    -3.279447
      -0.760379    -4.216897    -2.184718
      -0.759427    -4.215370    -1.092409
      -0.759319    -4.214855     0.000000
      -0.759427    -4.215370     1.092410
      -1.652595    -3.579306     2.186881
      -1.656798    -3.589663    -3.281311
      -1.652595    -3.579306    -2.186881
      -1.650753    -3.575264    -1.093180
      -1.650440    -3.574380     0.000000
      -1.650753    -3.575264     1.093181
      -2.540225    -2.934699     2.187143
      -2.546643    -2.943529    -3.281648
      -2.540225    -2.934699    -2.187142
      -2.538323    -2.930647    -1.093328
      -2.538015    -2.929749     0.000000
      -2.538323    -2.930646     1.093329
      -3.422584    -2.283585     2.185626
      -3.429533    -2.291183    -3.280585
      -3.422584    -2.283585    -2.185625
      -3.422804    -2.281029    -1.092922
      -3.422787    -2.280440     0.000000
      -3.422804    -2.281029     1.092922
       0.135074    -4.853360     2.185411
       4.574079    -1.628237     2.185410
       2.879450     3.590337     2.186761
      -2.610433     3.592956     2.187696
      -4.304413    -1.629042     2.186762
       4.588265    -2.577530    -1.635389
       4.587476    -2.575690    -0.545467
       4.587476    -2.575690     0.545468
       4.588265    -2.577530     1.635390
       3.710178    -3.236301    -2.724152
       3.704142    -3.229992    -1.634042
       3.702973    -3.227983    -0.544729
       3.702973    -3.227983     0.544730
       3.704142    -3.229992     1.634043
       2.822858    -3.885333    -2.725980
       2.817836    -3.878422    -1.635183
       2.816265    -3.876259    -0.545109
       2.816265    -3.876258     0.545110
       2.817836    -3.878421     1.635184
       1.931395    -4.528662    -2.724152
       1.927259    -4.520972    -1.634042
       1.925710    -4.519239    -0.544729
       1.925710    -4.519239     0.544730
       1.927259    -4.520972     1.634043
       1.033521    -5.160201    -1.635389
       1.032016    -5.158882    -0.545467
       1.032016    -5.158882     0.545468
       1.033521    -5.160200     1.635390
       3.785742     3.311685    -1.636301
       3.783673     3.312022    -0.545764
       3.783673     3.312022     0.545763
       3.785742     3.311685     1.636300
       4.141452     2.271160    -2.725028
       4.133136     2.268740    -1.634634
       4.130713     2.268823    -0.544946
       4.130713     2.268824     0.544945
       4.133136     2.268740     1.634633
       4.484284     1.226621    -2.726542
       4.475857     1.225197    -1.635573
       4.473192     1.224936    -0.545252
       4.473192     1.224936     0.545251
       4.475857     1.225197     1.635573
       4.820418     0.179981    -2.724541
       4.811696     0.179523    -1.634320
       4.809514     0.179136    -0.544831
       4.809514     0.179136     0.544831
       4.811696     0.179523     1.634320
       5.143500    -0.868057    -1.635572
       5.141844    -0.868539    -0.545537
       5.141844    -0.868539     0.545538
       5.143500    -0.868056     1.635572
      -2.065089     4.366531    -1.639041
      -2.064683     4.366177    -0.546444
      -2.064683     4.366177     0.546443
      -2.065089     4.366531     1.639040
      -0.965592     4.378651    -2.734676
      -0.964805     4.369992    -1.639978
      -0.965036     4.367346    -0.546600
      -0.965036     4.367346     0.546599
      -0.964805     4.369993     1.639977
       0.134751     4.381911    -2.734073
       0.133482     4.371212    -1.640030
       0.133870     4.367053    -0.546457
       0.133870     4.367054     0.546456
       0.133482     4.371213     1.640029
       1.234004     4.378047    -2.731834
       1.231259     4.368165    -1.637770
       1.232628     4.366556    -0.545947
       1.232628     4.366556     0.545946
       1.231259     4.368165     1.637769
       2.332566     4.366145    -1.637810
       2.332934     4.366281    -0.546419
       2.332934     4.366281     0.546418
       2.332565     4.366145     1.637809
      -4.873254    -0.869186    -1.637809
      -4.873497    -0.869495    -0.546419
      -4.873497    -0.869494     0.546419
      -4.873254    -0.869185     1.637809
      -4.545098     0.179286    -2.731833
      -4.534852     0.178843    -1.637769
      -4.533745     0.177044    -0.545947
      -4.533745     0.177044     0.545946
      -4.534852     0.178844     1.637769
      -4.209085     1.225931    -2.734073
      -4.198518     1.223832    -1.640030
      -4.194682     1.222178    -0.546456
      -4.194682     1.222178     0.546456
      -4.198518     1.223833     1.640029
      -3.865959     2.271412    -2.734675
      -3.857967     2.267988    -1.639978
      -3.855379     2.267390    -0.546600
      -3.855379     2.267391     0.546599
      -3.857967     2.267989     1.639978
      -3.514668     3.313350    -1.639041
      -3.514457     3.312855    -0.546444
      -3.514457     3.312855     0.546443
      -3.514668     3.313351     1.639040
      -0.763861    -5.160003    -1.635571
      -0.762890    -5.158577    -0.545537
      -0.762890    -5.158577     0.545538
      -0.763861    -5.160003     1.635573
      -1.660766    -4.528872    -2.724540
      -1.657635    -4.520719    -1.634319
      -1.656592    -4.518763    -0.544830
      -1.656592    -4.518763     0.544831
      -1.657635    -4.520718     1.634320
      -2.552308    -3.885760    -2.726541
      -2.548350    -3.878185    -1.635572
      -2.547278    -3.875731    -0.545251
      -2.547278    -3.875731     0.545252
      -2.548350    -3.878185     1.635573
      -3.439783    -3.236926    -2.725027
      -3.434911    -3.229765    -1.634633
      -3.434242    -3.227434    -0.544945
      -3.434242    -3.227434     0.544946
      -3.434911    -3.229764     1.634634
      -4.319460    -2.577086    -1.636300
      -4.319141    -2.575013    -0.545763
      -4.319141    -2.575013     0.545764
      -4.319460    -2.577085     1.636301
       0.135600    -4.853372    -3.277849
       4.573927    -1.628740    -3.277849
       2.880593     3.587819    -3.280361
      -2.614554     3.598626    -3.284352
      -4.302372    -1.630907    -3.280361
       0.137492    -0.189242    -6.056565
       0.135191    -5.806336    -2.760350
       0.134780    -5.802139    -1.650158
       0.134509    -5.800692    -0.549508
       0.134509    -5.800692     0.549510
       5.480376    -1.922834    -2.760351
       5.476511    -1.921146    -1.650159
       5.475219    -1.920441    -0.549509
       5.475219    -1.920441     0.549509
       3.438297     4.361160    -2.762054
       3.435389     4.360395    -1.651846
       3.435061     4.359527    -0.550131
       3.435061     4.359527     0.550130
      -3.169743     4.362780    -2.730143
      -3.167458     4.359635    -1.637761
      -3.167162     4.359228    -0.546097
      -3.167162     4.359228     0.546096
      -5.210204    -1.922340    -2.762053
      -5.208577    -1.919810    -1.651846
      -5.207650    -1.919766    -0.550130
      -5.207650    -1.919766     0.550130
       0.137887    -1.126050    -6.620449
       0.137304    -2.069258    -6.055442
       0.136781    -3.009409    -5.494692
       0.136362    -3.950257    -4.934804
       0.136079    -4.895803    -4.373438
       1.028327    -0.479108    -6.620449
       1.925551    -0.770021    -6.055442
       2.819849    -1.060047    -5.494692
       3.714779    -1.350387    -4.934804
       4.614133    -1.642308    -4.373438
       0.688868     0.567323    -6.621617
       1.243786     1.331114    -6.057501
       1.796935     2.092405    -5.497368
       2.350310     2.854222    -4.937849
       2.906164     3.619759    -4.376795
      -0.411884     0.566909    -6.622720
      -0.966711     1.330564    -6.059581
      -1.519406     2.091284    -5.500829
      -2.071989     2.851849    -4.943576
      -2.625507     3.613702    -4.386443
      -0.752429    -0.479840    -6.621616
      -1.650317    -0.771573    -6.057501
      -2.545280    -1.062397    -5.497368
      -3.440813    -1.353273    -4.937848
      -4.340651    -1.645357    -4.376794
       1.034746    -1.424207    -6.052618
       1.589997     0.282360    -6.053342
       0.138445     1.336578    -6.055857
      -1.313944     0.281356    -6.055857
      -0.759878    -1.424923    -6.053342
       1.930595    -1.716894    -5.493400
       1.036275    -2.366656    -5.493400
       2.146109     1.044410    -5.494682
       2.487101    -0.006381    -5.493930
      -0.414054     2.100459    -5.498620
       0.691373     2.100934    -5.497521
      -2.211753    -0.008310    -5.497521
      -1.869705     1.042867    -5.498620
      -0.762490    -2.367345    -5.493929
      -1.656479    -1.718330    -5.494682
       2.826207    -2.008306    -4.934517
       1.933787    -2.661632    -4.936223
       1.036664    -3.308485    -4.934517
       2.700781     1.806582    -4.936145
       3.045745     0.756538    -4.937098
       3.383181    -0.296147    -4.934924
      -0.966709     2.862533    -4.942116
       0.138930     2.867467    -4.942451
       1.244786     2.863995    -4.939247
      -3.108482    -0.298838    -4.939247
      -2.770055     0.753967    -4.942450
      -2.423701     1.803967    -4.942116
      -0.763810    -3.309111    -4.934924
      -1.660700    -2.662892    -4.937097
      -2.552750    -2.010329    -4.936144
       3.723402    -2.299607    -4.374700
       2.831272    -2.954887    -4.378645
       1.935351    -3.605811    -4.378645
       1.036459    -4.251785    -4.374700
       3.255543     2.570326    -4.376493
       3.602543     1.519949    -4.379680
       3.944244     0.467111    -4.379262
       4.280388    -0.587160    -4.375015
      -1.519748     3.624371    -4.386042
      -0.414247     3.631912    -4.387387
       0.692759     3.632971    -4.385578
       1.799382     3.627793    -4.379791
      -4.006276    -0.590263    -4.379791
      -3.669236     0.463799    -4.385578
      -3.326144     1.516297    -4.387386
      -2.977353     2.565360    -4.386042
      -0.764294    -4.252333    -4.375014
      -1.663090    -3.606853    -4.379262
      -2.558807    -2.956530    -4.379679
      -3.450545    -2.301930    -4.376493
       4.630321    -2.588210    -3.811031
       4.589011    -2.580230    -2.722273
       3.730782    -3.247171    -3.819518
       2.834581    -3.901468    -3.821870
       1.935365    -4.551617    -3.819518
       1.030682    -5.203499    -3.811031
       1.035859    -5.161745    -2.722272
       3.810317     3.344511    -3.813058
       3.789271     3.310044    -2.723808
       4.158741     2.285699    -3.820598
       4.503651     1.231391    -3.822538
       4.843711     0.175410    -3.819965
       5.183806    -0.886418    -3.811261
       5.145529    -0.867303    -2.722472
      -2.073411     4.387366    -3.829971
      -2.067197     4.369984    -2.733185
      -0.968277     4.396349    -3.831655
       0.139164     4.399510    -3.831478
       1.248822     4.398808    -3.827106
       2.363550     4.394705    -3.816145
       2.332179     4.364497    -2.726763
      -4.909991    -0.889828    -3.816144
      -4.871567    -0.869327    -2.726762
      -4.569423     0.171609    -3.827106
      -4.227186     1.227173    -3.831478
      -3.881961     2.279435    -3.831655
      -3.531912     3.327704    -3.829971
      -3.517301     3.316423    -2.733185
      -0.758854    -5.204011    -3.811260
      -0.765205    -5.161700    -2.722471
      -1.663617    -4.552438    -3.819965
      -2.562830    -3.902705    -3.822537
      -3.458953    -3.248876    -3.820598
      -4.358274    -2.590313    -3.813058
      -4.318990    -2.580949    -2.723808
       5.496758    -2.884754    -2.203159
       5.495576    -2.882150    -1.098938
       5.494693    -2.881825     0.000000
       4.636303    -3.543844    -3.257668
       4.611936    -3.544368    -2.168254
       4.611153    -3.538528    -1.084595
       4.610281    -3.537460     0.000000
       4.611153    -3.538527     1.084596
       3.738890    -4.201578    -3.264102
       3.726870    -4.194647    -2.173954
       3.724492    -4.189837    -1.087142
       3.723653    -4.188765     0.000000
       3.724492    -4.189837     1.087143
       2.840554    -4.854257    -3.264102
       2.837677    -4.840683    -2.173954
       2.833838    -4.836935    -1.087142
       2.833077    -4.835806     0.000001
       2.833838    -4.836935     1.087144
       1.937695    -5.504496    -3.257668
       1.945724    -5.481483    -2.168254
       1.940412    -5.478933    -1.084595
       1.939666    -5.477775     0.000001
       1.940412    -5.478933     1.084596
       1.044969    -6.119166    -2.203158
       1.042857    -6.117238    -1.098938
       1.042822    -6.116297     0.000001
       4.357900     4.080256    -2.204043
       4.354807     4.081035    -1.099600
       4.354472     4.080459    -0.000000
       4.720511     3.055811    -3.258618
       4.712508     3.034617    -2.168957
       4.706309     3.036691    -1.085007
       4.705002     3.036363    -0.000000
       4.706309     3.036692     1.085006
       5.068574     1.999079    -3.264683
       5.057572     1.991618    -2.174421
       5.051925     1.991796    -1.087411
       5.050572     1.991553    -0.000000
       5.051925     1.991796     1.087411
       5.411436     0.943041    -3.264542
       5.397149     0.946144    -2.174320
       5.392162     0.944560    -1.087352
       5.390794     0.944446    -0.000000
       5.392162     0.944560     1.087351
       5.750582    -0.116563    -3.258052
       5.730899    -0.100204    -2.168602
       5.726727    -0.103586    -1.084795
       5.725370    -0.103656     0.000000
       5.726727    -0.103586     1.084795
       6.059093    -1.153839    -2.203473
       6.056639    -1.154414    -1.099125
       6.055757    -1.153859     0.000000
      -2.617430     5.146243    -2.184686
      -2.615807     5.144719    -1.092707
      -2.615961     5.144003    -0.000001
      -1.524010     5.164422    -3.273529
      -1.514606     5.141312    -2.182009
      -1.512658     5.138528    -1.091461
      -1.512512     5.137312    -0.000001
      -1.512658     5.138528     1.091460
      -0.416176     5.166531    -3.275249
      -0.415969     5.146525    -2.180201
      -0.414385     5.137985    -1.089342
      -0.414228     5.136452    -0.000001
      -0.414385     5.137985     1.089341
       0.692727     5.167097    -3.273367
       0.681805     5.146637    -2.178600
       0.681878     5.137950    -1.088713
       0.682379     5.136391    -0.000001
       0.681878     5.137950     1.088711
       1.808055     5.167907    -3.263681
       1.776962     5.139819    -2.175082
       1.779615     5.138059    -1.089123
       1.780519     5.136854    -0.000001
       1.779615     5.138060     1.089122
       2.880920     5.146795    -2.207800
       2.884304     5.143477    -1.100783
       2.884985     5.142665    -0.000001
      -5.785147    -1.149468    -2.207800
      -5.783037    -1.153711    -1.100783
      -5.782476    -1.154609     0.000000
      -5.473692    -0.122588    -3.263680
      -5.437370    -0.101697    -2.175082
      -5.436516    -0.104764    -1.089123
      -5.435649    -0.105996     0.000000
      -5.436516    -0.104763     1.089123
      -5.128265     0.937901    -3.273366
      -5.105431     0.941966    -2.178599
      -5.097192     0.939213    -1.088712
      -5.095864     0.938255    -0.000000
      -5.097192     0.939213     1.088712
      -4.785057     1.992356    -3.275249
      -4.766093     1.985977    -2.180201
      -4.758461     1.981831    -1.089342
      -4.757051     1.981208    -0.000000
      -4.758461     1.981831     1.089341
      -4.440711     3.045316    -3.273528
      -4.421638     3.029231    -2.182008
      -4.419591     3.026519    -1.091461
      -4.418481     3.026003    -0.000000
      -4.419591     3.026519     1.091460
      -4.085535     4.079603    -2.184685
      -4.084587     4.077588    -1.092707
      -4.083859     4.077514    -0.000000
      -0.775000    -6.119096    -2.203472
      -0.773695    -6.116939    -1.099125
      -0.773950    -6.115929     0.000001
      -1.666173    -5.505148    -3.258051
      -1.675650    -5.481373    -2.168601
      -1.671143    -5.478450    -1.084794
      -1.670657    -5.477181     0.000001
      -1.671143    -5.478449     1.084796
      -2.569115    -4.855164    -3.264541
      -2.567650    -4.840617    -2.174319
      -2.564603    -4.836365    -1.087351
      -2.564072    -4.835099     0.000001
      -2.564603    -4.836364     1.087352
      -3.467516    -4.202749    -3.264682
      -3.457020    -4.194591    -2.174420
      -3.455444    -4.189165    -1.087410
      -3.454795    -4.187954     0.000000
      -3.455444    -4.189165     1.087411
      -4.364970    -3.545172    -3.258617
      -4.342339    -3.544110    -2.168956
      -4.342397    -3.537574    -1.085006
      -4.341680    -3.536433     0.000000
      -4.342397    -3.537574     1.085007
      -5.227221    -2.883738    -2.204043
      -5.227006    -2.880556    -1.099599
      -5.226354    -2.880415     0.000000
       0.136491    -0.187864     4.952582
       0.134780    -5.802138     1.650160
       5.476511    -1.921146     1.650159
       3.435389     4.360395     1.651845
      -3.167458     4.359635     1.637760
      -5.208577    -1.919809     1.651846
       5.495576    -2.882149     1.098939
       1.042857    -6.117237     1.098939
       4.354807     4.081035     1.099599
       6.056639    -1.154414     1.099126
      -2.615807     5.144719     1.092706
       2.884304     5.143477     1.100782
      -5.783037    -1.153711     1.100783
      -4.084587     4.077588     1.092706
      -0.773695    -6.116939     1.099126
      -5.227006    -2.880556     1.099600
       0.137028    -1.123342     5.501556
       0.136552    -2.057476     4.945276
       0.136134    -2.991971     4.389148
       0.135818    -3.925138     3.833832
       1.026018    -0.477453     5.501556
       1.914579    -0.765664     4.945276
       2.803466    -1.054042     4.389148
       3.691058    -1.342106     3.833832
       0.686933     0.567370     5.502468
       1.236471     1.323828     4.946919
       1.786161     2.080519     4.391285
       2.334883     2.836159     3.836220
      -0.412261     0.567430     5.503123
      -0.962058     1.324161     4.948158
      -1.512435     2.081691     4.393067
      -2.063284     2.839870     3.838514
      -0.751875    -0.477985     5.502468
      -1.641126    -0.766867     4.946920
      -2.530645    -1.055822     4.391285
      -3.418866    -1.344182     3.836221
       1.029215    -1.416593     4.946024
       1.581332     0.281077     4.946697
       0.137251     1.330162     4.948595
      -1.307472     0.280510     4.948595
      -0.755979    -1.417077     4.946698
       1.920701    -1.708268     4.390552
       1.031129    -2.354579     4.390552
       2.134894     1.039306     4.391666
       2.474220    -0.006107     4.391072
      -0.412989     2.091154     4.394592
       0.687149     2.090900     4.394007
      -2.200904    -0.007392     4.394007
      -1.861184     1.038979     4.394592
      -0.758769    -2.355010     4.391073
      -1.648157    -1.709241     4.391667
       2.811494    -1.999079     3.834905
       1.924825    -2.649296     3.835877
       1.032436    -3.291640     3.834905
       2.687267     1.797145     3.836260
       3.031184     0.753286     3.836667
       3.365961    -0.293719     3.835310
      -0.963789     2.851250     3.840397
       0.136786     2.855188     3.841136
       1.236827     2.850359     3.838981
      -3.093053    -0.295481     3.838981
      -2.757714     0.752212     3.841136
      -2.413871     1.797705     3.840397
      -0.760798    -3.291983     3.835310
      -1.653106    -2.650048     3.836668
      -2.539598    -2.000393     3.836261
       3.700714    -2.289796     3.279134
       2.817743    -2.942643     3.280754
       1.927887    -3.589160     3.280754
       1.034140    -4.227175     3.279134
       3.238830     2.553664     3.280585
       3.586419     1.512400     3.281648
       3.925951     0.466439     3.281312
       4.256270    -0.580665     3.279447
      -1.514947     3.610832     3.286516
      -0.414348     3.617610     3.287957
       0.686284     3.617417     3.287035
       1.784952     3.608596     3.283665
      -3.983559    -0.582470     3.283666
      -3.652441     0.465151     3.287036
      -3.312510     1.511973     3.287958
      -2.965959     2.556610     3.286516
      -0.763017    -4.227387     3.279448
      -1.656798    -3.589662     3.281312
      -2.546643    -2.943528     3.281649
      -3.429533    -2.291183     3.280585
       3.710178    -3.236301     2.724153
       2.822858    -3.885333     2.725981
       1.931395    -4.528662     2.724153
       4.141452     2.271161     2.725027
       4.484284     1.226621     2.726541
       4.820418     0.179982     2.724541
      -0.965592     4.378651     2.734675
       0.134751     4.381911     2.734072
       1.234004     4.378047     2.731833
      -4.545098     0.179287     2.731833
      -4.209085     1.225932     2.734072
      -3.865959     2.271413     2.734675
      -1.660766    -4.528871     2.724541
      -2.552308    -3.885759     2.726542
      -3.439783    -3.236926     2.725028
       0.135600    -4.853371     3.277850
       4.573927    -1.628739     3.277849
       2.880593     3.587820     3.280360
      -2.614554     3.598627     3.284351
      -4.302372    -1.630906     3.280361
       4.589011    -2.580230     2.722273
       1.035859    -5.161744     2.722273
       3.789271     3.310044     2.723808
       5.145529    -0.867302     2.722472
      -2.067197     4.369985     2.733184
       2.332179     4.364498     2.726762
      -4.871567    -0.869326     2.726762
      -3.517301     3.316424     2.733184
      -0.765205    -5.161699     2.722472
      -4.318990    -2.580948     2.723808
       0.135191    -5.806336     2.760352
       5.480376    -1.922834     2.760351
       3.438297     4.361161     2.762053
      -3.169743     4.362780     2.730142
      -5.210204    -1.922339     2.762054
       0.137492    -0.189240     6.056565
       5.496758    -2.884754     2.203159
       4.611936    -3.544367     2.168255
       3.726870    -4.194647     2.173955
       2.837677    -4.840683     2.173955
       1.945724    -5.481483     2.168255
       1.044969    -6.119166     2.203160
       4.357900     4.080256     2.204042
       4.712508     3.034617     2.168956
       5.057572     1.991618     2.174421
       5.397149     0.946145     2.174320
       5.730899    -0.100203     2.168602
       6.059093    -1.153839     2.203473
      -2.617430     5.146243     2.184684
      -1.514606     5.141312     2.182008
      -0.415969     5.146525     2.180200
       0.681805     5.146637     2.178599
       1.776962     5.139820     2.175081
       2.880920     5.146795     2.207799
      -5.785147    -1.149467     2.207800
      -5.437370    -0.101696     2.175082
      -5.105431     0.941966     2.178599
      -4.766093     1.985977     2.180200
      -4.421638     3.029231     2.182008
      -4.085535     4.079603     2.184685
      -0.775000    -6.119095     2.203474
      -1.675650    -5.481372     2.168602
      -2.567650    -4.840617     2.174321
      -3.457020    -4.194591     2.174421
      -4.342339    -3.544110     2.168957
      -5.227221    -2.883737     2.204043
       0.137887    -1.126048     6.620449
       0.137304    -2.069257     6.055442
       0.136781    -3.009407     5.494693
       0.136362    -3.950256     4.934805
       0.136079    -4.895802     4.373439
       1.028327    -0.479106     6.620449
       1.925551    -0.770020     6.055442
       2.819849    -1.060046     5.494692
       3.714778    -1.350386     4.934804
       4.614133    -1.642307     4.373439
       0.688868     0.567324     6.621616
       1.243786     1.331116     6.057501
       1.796935     2.092407     5.497368
       2.350310     2.854223     4.937848
       2.906164     3.619760     4.376794
      -0.411884     0.566911     6.622720
      -0.966711     1.330565     6.059581
      -1.519406     2.091285     5.500828
      -2.071989     2.851850     4.943575
      -2.625507     3.613703     4.386442
      -0.752429    -0.479838     6.621617
      -1.650317    -0.771572     6.057501
      -2.545280    -1.062395     5.497368
      -3.440813    -1.353272     4.937849
      -4.340651    -1.645356     4.376795
       1.034746    -1.424206     6.052619
       1.589997     0.282361     6.053342
       0.138445     1.336579     6.055857
      -1.313944     0.281358     6.055857
      -0.759878    -1.424921     6.053342
       1.930595    -1.716893     5.493400
       1.036275    -2.366655     5.493400
       2.146109     1.044411     5.494682
       2.487101    -0.006380     5.493930
      -0.414054     2.100460     5.498620
       0.691373     2.100935     5.497521
      -2.211753    -0.008309     5.497521
      -1.869705     1.042868     5.498620
      -0.762490    -2.367344     5.493930
      -1.656479    -1.718329     5.494683
       2.826207    -2.008305     4.934518
       1.933787    -2.661631     4.936223
       1.036664    -3.308483     4.934518
       2.700781     1.806583     4.936144
       3.045745     0.756539     4.937098
       3.383181    -0.296146     4.934924
      -0.966709     2.862534     4.942116
       0.138930     2.867469     4.942450
       1.244786     2.863996     4.939247
      -3.108482    -0.298837     4.939247
      -2.770056     0.753968     4.942450
      -2.423701     1.803968     4.942116
      -0.763810    -3.309110     4.934925
      -1.660700    -2.662891     4.937098
      -2.552750    -2.010328     4.936145
       3.723402    -2.299606     4.374700
       2.831272    -2.954886     4.378646
       1.935351    -3.605810     4.378646
       1.036459    -4.251784     4.374701
       3.255543     2.570327     4.376493
       3.602543     1.519951     4.379680
       3.944244     0.467112     4.379262
       4.280388    -0.587159     4.375015
      -1.519748     3.624372     4.386042
      -0.414247     3.631913     4.387386
       0.692759     3.632972     4.385577
       1.799382     3.627794     4.379790
      -4.006277    -0.590262     4.379791
      -3.669236     0.463800     4.385578
      -3.326144     1.516298     4.387386
      -2.977353     2.565361     4.386042
      -0.764294    -4.252332     4.375015
      -1.663090    -3.606852     4.379263
      -2.558807    -2.956529     4.379680
      -3.450545    -2.301929     4.376493
       4.630321    -2.588209     3.811032
       3.730782    -3.247170     3.819519
       2.834581    -3.901467     3.821871
       1.935365    -4.551616     3.819519
       1.030682    -5.203498     3.811032
       3.810316     3.344512     3.813058
       4.158741     2.285700     3.820598
       4.503651     1.231392     3.822538
       4.843711     0.175411     3.819965
       5.183806    -0.886417     3.811261
      -2.073412     4.387367     3.829970
      -0.968277     4.396350     3.831654
       0.139164     4.399510     3.831477
       1.248822     4.398809     3.827105
       2.363550     4.394706     3.816144
      -4.909991    -0.889828     3.816144
      -4.569423     0.171610     3.827106
      -4.227186     1.227174     3.831478
      -3.881961     2.279436     3.831655
      -3.531912     3.327705     3.829970
      -0.758854    -5.204010     3.811261
      -1.663617    -4.552437     3.819966
      -2.562830    -3.902704     3.822538
      -3.458953    -3.248875     3.820598
      -4.358274    -2.590312     3.813058
       4.636303    -3.543843     3.257669
       3.738890    -4.201577     3.264103
       2.840554    -4.854256     3.264103
       1.937695    -5.504495     3.257669
       4.720510     3.055812     3.258617
       5.068574     1.999080     3.264682
       5.411436     0.943042     3.264541
       5.750582    -0.116562     3.258052
      -1.524010     5.164423     3.273527
      -0.416176     5.166532     3.275248
       0.692727     5.167098     3.273366
       1.808055     5.167908     3.263680
      -5.473692    -0.122588     3.263680
      -5.128265     0.937902     3.273366
      -4.785057     1.992356     3.275249
      -4.440711     3.045316     3.273528
      -1.666173    -5.505147     3.258052
      -2.569115    -4.855163     3.264542
      -3.467516    -4.202748     3.264683
      -4.364970    -3.545172     3.258618
      -3.182152     4.379859    -3.826415
      -2.626657     5.163182    -3.275997
      -4.098794     4.093613    -3.275997
      -3.182152     4.379860     3.826414
      -2.626657     5.163183     3.275996
      -4.098794     4.093613     3.275996
      -2.056043     5.931687    -1.653696
      -2.055903     5.928516    -0.549701
      -2.055903     5.928516     0.549699
      -2.056043     5.931687     1.653695
      -0.977842     5.942123    -2.716689
      -0.959111     5.929032    -1.626383
      -0.960184     5.925403    -0.542225
      -0.960184     5.925403     0.542224
      -0.959111     5.929033     1.626382
      -0.977842     5.942123     2.716687
       0.134677     5.943251    -2.718585
       0.133012     5.930593    -1.628789
       0.134229     5.926049    -0.542957
       0.134229     5.926050     0.542956
       0.133012     5.930593     1.628788
       0.134677     5.943252     2.718584
       1.246703     5.943232    -2.712949
       1.225261     5.930408    -1.623783
       1.228850     5.925813    -0.541332
       1.228850     5.925813     0.541330
       1.225261     5.930408     1.623782
       1.246703     5.943232     2.712948
       2.323426     5.929386    -1.654830
       2.325722     5.926277    -0.550252
       2.325722     5.926277     0.550251
       2.323426     5.929386     1.654829
      -6.357160    -0.377425    -1.654829
      -6.354912    -0.380569    -0.550251
      -6.354912    -0.380569     0.550251
      -6.357160    -0.377425     1.654830
      -6.037602     0.650878    -2.712949
      -6.018779     0.667308    -1.623782
      -6.015519     0.662475    -0.541331
      -6.015519     0.662475     0.541331
      -6.018779     0.667308     1.623782
      -6.037602     0.650878     2.712948
      -5.693984     1.708483    -2.718585
      -5.681431     1.706155    -1.628789
      -5.677486     1.703594    -0.542956
      -5.677486     1.703594     0.542956
      -5.681431     1.706155     1.628788
      -5.693984     1.708484     2.718585
      -5.349123     2.766203    -2.716688
      -5.342462     2.744344    -1.626383
      -5.338678     2.744243    -0.542225
      -5.338678     2.744243     0.542224
      -5.342462     2.744344     1.626382
      -5.349123     2.766203     2.716688
      -5.006015     3.788408    -1.653696
      -5.003043     3.787295    -0.549700
      -5.003043     3.787295     0.549699
      -5.006015     3.788408     1.653695