
      -0.290602     0.102340    -0.553618
      -0.290579     0.102351     0.546903
      -0.290709    -0.824998    -0.003357
       0.591254    -0.184245    -0.003281
       0.254337     0.852626    -0.003342
      -0.835598     0.852536    -0.003394
      -1.172436    -0.184196    -0.003384
      -0.290922    -0.825135    -1.103543
       0.591217    -0.184198    -1.103871
       0.254171     0.852914    -1.103551
      -0.836051     0.852792    -1.103340
      -1.172924    -0.184226    -1.103326
      -0.291135     0.102534    -1.654126
      -0.290762    -1.755344    -0.552814
       1.475379    -0.471498    -0.553303
       0.800956     1.605331    -0.552810
      -1.382445     1.605168    -0.552646
      -2.057178    -0.471696    -0.552621
      -0.290947    -0.825113     1.096822
      -0.291544    -0.825557    -2.203749
       0.591257    -0.184206     1.097278
       0.591175    -0.184090    -2.204304
       0.254319     0.852909     1.096822
       0.253876     0.853741    -2.203790
      -0.835900     0.852887     1.096535
      -0.837154     0.853597    -2.203410
      -1.172895    -0.184144     1.096553
      -1.174249    -0.184231    -2.203386
       0.595389    -1.117906     0.546772
       0.595696    -1.118296    -1.653536
       0.595414    -1.117890    -0.553403
       1.143392     0.568663     0.546801
       1.143710     0.569008    -1.653509
       1.143289     0.568657    -0.553349
      -0.290548     1.610791     0.546255
      -0.291269     1.611747    -1.652623
      -0.290703     1.610742    -0.553071
      -1.725062     0.568528     0.546180
      -1.726391     0.568824    -1.652348
      -1.725121     0.568459    -0.552970
      -1.177184    -1.117940     0.546301
      -1.178084    -1.118513    -1.652593
      -1.177161    -1.117972    -0.553046
      -0.290813    -1.755339     0.546083
      -0.291086    -1.755944    -1.651902
       1.475395    -0.471525     0.546852
       1.476026    -0.471583    -1.653344
       0.801132     1.605321     0.546067
       0.800903     1.606169    -1.651954
      -1.382315     1.605243     0.545805
      -1.383473     1.605971    -1.651413
      -2.057171    -0.471634     0.545840
      -2.058420    -0.471862    -1.651388
      -0.291069     0.102574     1.647382
      -0.292006     0.102866    -2.754577
      -0.290476    -2.688635    -1.100190
      -0.290462    -2.688453    -0.003381
       2.361970    -0.759403    -1.102037
       2.361263    -0.759353    -0.003171
       1.349402     2.360293    -1.100225
       1.349706     2.359957    -0.003432
      -1.931140     2.360222    -1.099722
      -1.930573     2.359962    -0.003430
      -2.944814    -0.760116    -1.099692
      -2.944292    -0.760009    -0.003388
      -0.291607    -0.825515     2.197009
      -0.292530    -0.826330    -3.303840
      -0.291241    -1.755932     1.645163
      -0.291935    -1.757563    -2.751245
       0.591230    -0.184118     2.197650
       0.591275    -0.183998    -3.304469
       1.476040    -0.471696     1.646853
       1.477237    -0.471780    -2.752930
       0.254134     0.853744     2.196970
       0.253537     0.855097    -3.303898
       0.801353     1.606132     1.645069
       0.801119     1.608172    -2.751348
      -0.836900     0.853763     2.196567
      -0.838790     0.854893    -3.303416
      -1.383131     1.606171     1.644547
      -1.385483     1.607873    -2.750532
      -1.174203    -0.184082     2.196598
      -1.176295    -0.184239    -3.303390
      -2.058403    -0.471687     1.644600
      -2.061116    -0.472228    -2.750507
       0.595608    -1.118349     1.646884
       0.596084    -1.119382    -2.753383
       1.143953     0.568990     1.646863
       1.144683     0.569935    -2.753382
      -0.290866     1.611868     1.645750
      -0.292171     1.613951    -2.752197
      -1.726234     0.569012     1.645541
      -1.728954     0.569657    -2.751786
      -1.178155    -1.118422     1.645835
      -1.180015    -1.119705    -2.752160
       1.482922    -1.409034     1.096264
       1.484549    -1.410165    -2.202071
       1.483026    -1.408910    -1.102808
       1.482409    -1.408554    -0.003265
       0.598236    -2.052690     1.095456
       0.599077    -2.054012    -2.201035
       0.598374    -2.052628    -1.102133
       0.597977    -2.052396    -0.003335
       1.695284     1.323231     1.095392
       1.696143     1.324234    -2.201021
       1.694839     1.323185    -1.102060
       1.694644     1.323085    -0.003298
       2.032623     0.282481     1.096272
       2.034440     0.283067    -2.201965
       2.032460     0.282545    -1.102713
       2.031841     0.282423    -0.003222
      -0.837512     2.368959     1.094329
      -0.838934     2.371226    -2.199542
      -0.837913     2.368835    -1.101239
      -0.837480     2.368315    -0.003446
       0.256728     2.368943     1.094479
       0.255581     2.371300    -2.199858
       0.256210     2.368863    -1.101414
       0.256686     2.368318    -0.003445
      -2.615190     0.282552     1.094259
      -2.617991     0.282970    -2.199219
      -2.615273     0.282384    -1.101048
      -2.614566     0.282248    -0.003391
      -2.277004     1.323250     1.094246
      -2.279797     1.324118    -2.199224
      -2.277192     1.323075    -1.101052
      -2.276437     1.322930    -0.003397
      -1.180181    -2.052843     1.094607
      -1.181800    -2.054489    -2.199800
      -1.180063    -2.052890    -1.101370
      -1.179624    -2.052557    -0.003379
      -2.065391    -1.409579     1.094435
      -2.067431    -1.411085    -2.199513
      -2.065327    -1.409682    -1.101198
      -2.064841    -1.409319    -0.003379
      -0.290648    -2.688643     1.093424
      -0.291090    -2.689722    -2.197611
       2.361910    -0.759634     1.095694
       2.364074    -0.759796    -2.200803
       1.350068     2.360249     1.093247
       1.349349     2.361835    -2.197757
      -1.930818     2.360394     1.092851
      -1.932728     2.361610    -2.196785
      -2.944818    -0.759953     1.092912
      -2.946841    -0.760432    -2.196762
      -0.291917     0.102938     2.747792
      -0.293069     0.103278    -3.855119
      -0.289869    -3.624978    -1.645069
      -0.289524    -3.625007    -0.550599
      -0.289645    -3.625018     0.543787
       3.251362    -1.048073    -1.648138
       3.249737    -1.047983    -0.551333
       3.249654    -1.048217     0.545122
       1.899563     3.117736    -1.645194
       1.900560     3.117072    -0.550691
       1.901230     3.117068     0.543483
      -2.481795     3.117849    -1.644328
      -2.480960     3.117468    -0.550372
      -2.480756     3.117572     0.543511
      -3.835532    -1.049517    -1.644302
      -3.834743    -1.049454    -0.550335
      -3.834755    -1.049347     0.543568
      -0.292648    -0.826271     3.297077
      -0.293771    -0.827800    -4.404011
      -0.292195    -1.757547     2.744491
      -0.293266    -1.760539    -3.850421
      -0.291422    -2.689740     2.190837
      -0.292509    -2.693599    -3.295982
       0.591306    -0.184057     3.297759
       0.591921    -0.184075    -4.404649
       1.477206    -0.472013     2.746390
       1.479380    -0.472265    -3.851956
       2.363933    -0.760280     2.194445
       2.367639    -0.760638    -3.298829
       0.253839     0.855113     3.296999
       0.253449     0.857178    -4.404052
       0.801709     1.608120     2.744315
       0.801861     1.611548    -3.850523
       1.350389     2.361692     2.190522
       1.350546     2.366016    -3.296187
      -0.838504     0.855097     3.296542
      -0.841024     0.856877    -4.403457
      -1.385036     1.608143     2.743639
      -1.388514     1.611042    -3.849447
      -1.932193     2.361903     2.189894
      -1.936225     2.365481    -3.294788
      -1.176254    -0.184044     3.296584
      -1.179233    -0.184401    -4.403444
      -2.061105    -0.471968     2.743706
      -2.065401    -0.472930    -3.849433
      -2.946856    -0.760134     2.189972
      -2.951905    -0.761514    -3.294775
       0.595914    -1.119478     2.746701
       0.596690    -1.121408    -3.852668
       1.144973     0.569856     2.746632
       1.146451     0.571510    -3.852656
      -0.291654     1.614093     2.745262
      -0.293290     1.617536    -3.851294
      -1.728742     0.569927     2.744954
      -1.732912     0.570984    -3.850790
      -1.180140    -1.119569     2.745381
      -1.182984    -1.121796    -3.851273
       1.484328    -1.410425     2.195496
       1.486853    -1.412683    -3.300418
       0.598799    -2.054138     2.194342
       0.599701    -2.057431    -3.299475
       1.696792     1.324194     2.194170
       1.698758     1.327002    -3.299477
       2.034659     0.282854     2.195467
       2.037894     0.284211    -3.300285
      -0.838293     2.371416     2.192597
      -0.840807     2.375927    -3.297550
       0.256391     2.371382     2.192835
       0.255273     2.376100    -3.297972
      -2.617849     0.283271     2.192411
      -2.623192     0.283761    -3.297136
      -2.279476     1.324424     2.192390
      -2.284484     1.326542    -3.297142
      -1.182031    -2.054403     2.193022
      -1.184800    -2.058013    -3.297920
      -2.067558    -1.410896     2.192734
      -2.071657    -1.413715    -3.297539
       2.372805    -1.700528     1.643770
       2.376729    -1.702972    -2.747635
       2.373050    -1.700106    -1.650247
       2.371267    -1.698781    -0.552185
       2.371186    -1.698923     0.545728
       1.489288    -2.347597     1.643732
       1.492060    -2.351175    -2.747890
       1.489559    -2.347350    -1.650360
       1.487950    -2.345894    -0.552261
       1.487860    -2.345977     0.545650
       0.601258    -2.989403     1.641422
       0.602530    -2.992604    -2.745389
       0.601562    -2.989275    -1.648148
       0.600653    -2.988903    -0.551547
       0.600549    -2.988946     0.544829
       2.248648     2.079281     1.641050
       2.250146     2.081865    -2.745470
       2.247385     2.079223    -1.648130
       2.246966     2.079060    -0.551560
       2.247432     2.079181     0.544646
       2.589629     1.038041     1.643631
       2.593425     1.040377    -2.747605
       2.589104     1.038198    -1.650136
       2.587195     1.037591    -0.552214
       2.587364     1.037526     0.545631
       2.923851    -0.004958     1.643852
       2.928629    -0.003605    -2.747390
       2.923833    -0.004466    -1.650068
       2.921585    -0.005073    -0.552070
       2.921590    -0.005236     0.545824
      -1.385974     3.128723     1.639672
      -1.388318     3.133330    -2.743134
      -1.386623     3.128545    -1.646623
      -1.386071     3.127355    -0.551098
      -1.385821     3.127424     0.544160
      -0.290266     3.132591     1.640837
      -0.292167     3.138186    -2.744601
      -0.291098     3.132505    -1.647848
      -0.290317     3.130509    -0.551500
      -0.289988     3.130552     0.544514
       0.805599     3.128491     1.639973
       0.803932     3.133525    -2.743811
       0.804443     3.128508    -1.647105
       0.805506     3.127185    -0.551298
       0.805971     3.127205     0.544243
      -3.507326    -0.004227     1.639594
      -3.512582    -0.003679    -2.742800
      -3.507406    -0.004527    -1.646387
      -3.506021    -0.005017    -0.550966
      -3.505991    -0.004909     0.544184
      -3.172498     1.039023     1.640600
      -3.178409     1.040526    -2.743969
      -3.172707     1.038720    -1.647392
      -3.170555     1.038122    -0.551273
      -3.170479     1.038231     0.544499
      -2.830056     2.079805     1.639574
      -2.835176     2.081791    -2.742799
      -2.830414     2.079504    -1.646383
      -2.828866     2.079244    -0.550962
      -2.828734     2.079355     0.544178
      -1.182866    -2.989772     1.640229
      -1.185761    -2.993421    -2.743727
      -1.182595    -2.989820    -1.647034
      -1.181413    -2.989230    -0.551214
      -1.181506    -2.989213     0.544414
      -2.071701    -2.348875     1.641019
      -2.075578    -2.352941    -2.744578
      -2.071504    -2.349004    -1.647802
      -2.069986    -2.347674    -0.551421
      -2.070054    -2.347629     0.544648
      -2.955774    -1.701637     1.639813
      -2.959745    -1.704783    -2.743113
      -2.955654    -1.701851    -1.646578
      -2.954694    -1.701007    -0.551024
      -2.954736    -1.700932     0.544270
      -0.290217    -3.625013     1.638256
      -0.291273    -3.625994    -2.740460
       3.251136    -1.048761     1.641924
       3.255877    -1.049046    -2.745484
       1.901278     3.117476     1.637730
       1.898886     3.119770    -2.740840
      -2.481253     3.118128     1.637452
      -2.483575     3.119364    -2.739230
      -3.835569    -1.049212     1.637529
      -3.837796    -1.049814    -2.739213
      -0.292991     0.103376     3.848301
      -0.294238     0.103737    -4.956355
      -0.289794    -4.565436    -2.189954
      -0.287976    -4.565836    -1.097315
      -0.287479    -4.565770    -0.003435
      -0.288282    -4.565869     1.090445
       4.143253    -1.337396    -2.191149
       4.141468    -1.337512    -1.096702
       4.140983    -1.337875    -0.003048
       4.141264    -1.338143     1.090579
       2.451869     3.878818    -2.190546
       2.453929     3.877447    -1.097471
       2.455786     3.876745    -0.003891
       2.456144     3.877270     1.089617
      -3.035206     3.879111    -2.188983
      -3.034051     3.878546    -1.096833
      -3.033342     3.878266    -0.003419
      -3.033585     3.878784     1.089988
      -4.730609    -1.340298    -2.188961
      -4.729454    -1.340274    -1.096805
      -4.728865    -1.340106    -0.003375
      -4.729499    -1.340011     1.090052
      -0.293961    -0.827730     4.397229
      -0.295119    -0.830883    -5.506096
      -0.293628    -1.760522     3.843650
      -0.294786    -1.765923    -4.950420
      -0.292984    -2.693628     3.289198
      -0.294309    -2.701229    -4.394633
      -0.291814    -3.626051     2.733644
      -0.293545    -3.635112    -3.839454
       0.591885    -0.184170     4.397912
       0.593970    -0.184617    -5.506792
       1.479258    -0.472619     3.845388
       1.483452    -0.473405    -4.951884
       2.367385    -0.761360     3.292465
       2.373681    -0.762341    -4.396909
       3.255502    -1.050151     2.739286
       3.263991    -1.051295    -3.842558
       0.253716     0.857201     4.397126
       0.254260     0.860627    -5.506081
       0.802428     1.611489     3.843420
       0.803970     1.616986    -4.950418
       1.351602     2.365855     3.288791
       1.353951     2.373467    -4.394675
       1.900864     3.119349     2.732998
       1.903251     3.128650    -3.839518
      -0.840770     0.857093     4.396577
      -0.844278     0.860220    -5.505323
      -1.388063     1.611339     3.842546
      -1.393051     1.616241    -4.949071
      -1.935613     2.365835     3.287886
      -1.942039     2.372510    -4.392914
      -2.482850     3.119754     2.732338
      -2.490289     3.127644    -3.837531
      -1.179225    -0.184178     4.396622
      -1.183801    -0.185062    -5.505332
      -2.065415    -0.472613     3.842620
      -2.072108    -0.474365    -4.949078
      -2.951944    -0.761119     3.287974
      -2.960727    -0.763728    -4.392916
      -3.837860    -1.049360     2.732429
      -3.848072    -1.052580    -3.837526
       0.596421    -1.121546     3.845959
       0.597944    -1.124722    -4.952174
       1.146685     0.571355     3.845855
       1.149553     0.573719    -4.952094
      -0.292794     1.617663     3.844336
      -0.294485     1.622851    -4.950456
      -1.732697     0.571298     3.843939
      -1.738543     0.572869    -4.949905
      -1.183171    -1.121627     3.844472
      -1.187068    -1.125219    -4.950479
       1.486501    -1.413070     3.293812
       1.490355    -1.416707    -4.398150
       0.599287    -2.057615     3.292760
       0.600591    -2.063426    -4.397342
       1.699374     1.326829     3.292513
       1.703270     1.331671    -4.397219
       2.038047     0.283807     3.293750
       2.043272     0.285808    -4.397944
      -0.840120     2.376123     3.290589
      -0.843585     2.383291    -4.394872
       0.256095     2.376124     3.290900
       0.255691     2.383590    -4.395385
      -2.623027     0.284151     3.290308
      -2.631220     0.284637    -4.394426
      -2.284103     1.326923     3.290282
      -2.291476     1.330610    -4.394428
      -1.185133    -2.057898     3.291125
      -1.188917    -2.064063    -4.395393
      -2.071846    -1.413460     3.290741
      -2.078240    -1.417906    -4.394892
       2.376314    -1.703653     2.741137
       2.382536    -1.707556    -3.843871
       1.491614    -2.351574     2.741238
       1.495184    -2.358006    -3.844294
       0.602044    -2.992811     2.738652
       0.602809    -3.000956    -3.842106
       2.251510     2.081682     2.738160
       2.255872     2.088921    -3.841952
       2.593977     1.039959     2.741061
       2.600247     1.044564    -3.843889
       2.928582    -0.004444     2.741179
       2.936240    -0.002723    -3.843527
      -1.387497     3.133562     2.736172
      -1.392698     3.142483    -3.839084
      -0.291173     3.138251     2.737567
      -0.293339     3.147596    -3.840444
       0.805253     3.133385     2.736593
       0.805952     3.142961    -3.839907
      -3.512472    -0.003236     2.735991
      -3.522761    -0.003886    -3.838705
      -3.178114     1.040963     2.737151
      -3.187676     1.043537    -3.839709
      -2.834680     2.082215     2.735959
      -2.843309     2.087946    -3.838703
      -1.186187    -2.993348     2.736910
      -1.189857    -3.001852    -3.839876
      -2.075889    -2.352744     2.737780
      -2.082110    -2.359687    -3.840451
      -2.959936    -1.704460     2.736333
      -2.968671    -1.709558    -3.839086
       3.265749    -1.993763     2.188054
       3.274258    -1.997811    -3.289673
       3.266168    -1.992857    -2.194483
       3.262570    -1.989946    -1.098493
       3.261896    -1.989419    -0.003210
       3.262367    -1.990414     1.092070
       2.383428    -2.643840     2.189048
       2.389382    -2.650588    -3.290802
       2.383867    -2.643238    -2.195656
       2.380288    -2.639124    -1.099390
       2.379105    -2.638103    -0.003291
       2.380068    -2.639436     1.092801
       1.496147    -3.288689     2.187904
       1.499380    -3.297630    -3.290002
       1.496616    -3.288320    -2.194605
       1.493895    -3.284644    -1.098558
       1.492907    -3.284272    -0.003341
       1.493653    -3.284834     1.091868
       0.604645    -3.928208     2.183798
       0.605735    -3.936584    -3.286727
       0.605160    -3.928012    -2.190573
       0.604125    -3.928121    -1.096938
       0.603855    -3.928353    -0.003383
       0.603853    -3.928223     1.090168
       2.803752     2.836768     2.182881
       2.807565     2.844488    -3.286460
       2.800684     2.837146    -2.190958
       2.801068     2.836727    -1.097140
       2.802140     2.836973    -0.003855
       2.802804     2.837106     1.089384
       3.148695     1.795360     2.187453
       3.155470     1.802434    -3.289261
       3.147366     1.795927    -2.194135
       3.143615     1.793975    -1.098714
       3.142969     1.793599    -0.003578
       3.144214     1.793653     1.091519
       3.487080     0.751877     2.189110
       3.495890     0.756322    -3.290134
       3.486832     0.752865    -2.195122
       3.481565     0.750785    -1.099072
       3.480086     0.749979    -0.003095
       3.481670     0.750268     1.092961
       3.818492    -0.292947     2.188228
       3.828465    -0.291535    -3.289209
       3.818715    -0.291725    -2.194157
       3.813872    -0.293078    -1.098247
       3.812850    -0.293937    -0.002942
       3.813753    -0.293681     1.092320
      -1.935774     3.890794     2.181403
      -1.940694     3.900524    -3.283168
      -1.936657     3.890549    -2.188373
      -1.936346     3.888831    -1.095977
      -1.935843     3.888437    -0.003480
      -1.935803     3.888974     1.089014
      -0.838961     3.899116     2.183527
      -0.842640     3.909870    -3.285057
      -0.840016     3.899041    -2.190548
      -0.838922     3.894720    -1.096764
      -0.838281     3.893859    -0.003506
      -0.838243     3.894771     1.089751
       0.258428     3.898902     2.183672
       0.257258     3.910013    -3.285343
       0.257076     3.899026    -2.190777
       0.258196     3.894546    -1.096902
       0.259014     3.893600    -0.003542
       0.259110     3.894494     1.089818
       1.355598     3.890186     2.181833
       1.355337     3.901012    -3.284141
       1.353730     3.890549    -2.189176
       1.355822     3.888280    -1.096436
       1.357033     3.887614    -0.003631
       1.357184     3.888095     1.089181
      -4.402069    -0.291425     2.181321
      -4.412935    -0.291548    -3.282833
      -4.402125    -0.291894    -2.188119
      -4.400291    -0.293016    -1.095794
      -4.399726    -0.293108    -0.003394
      -4.400257    -0.292761     1.089002
      -4.071149     0.754278     2.183294
      -4.082375     0.755817    -3.284481
      -4.071358     0.753817    -2.190084
      -4.066978     0.752568    -1.096452
      -4.066003     0.752391    -0.003384
      -4.066860     0.752824     1.089678
      -3.732019     1.797776     2.183295
      -3.742521     1.802111    -3.284471
      -3.732388     1.797320    -2.190072
      -3.728020     1.795924    -1.096436
      -3.727001     1.795747    -0.003369
      -3.727813     1.796182     1.089687
      -3.384940     2.838233     2.181306
      -3.394524     2.843811    -3.282813
      -3.385497     2.837793    -2.188095
      -3.383195     2.837773    -1.095764
      -3.382466     2.837744    -0.003370
      -3.382876     2.838027     1.089009
      -1.186053    -3.929127     2.182240
      -1.190768    -3.938074    -3.284070
      -1.185582    -3.929168    -2.189103
      -1.183009    -3.928611    -1.096373
      -1.182503    -3.928422    -0.003433
      -1.183257    -3.928586     1.089508
      -2.078538    -3.291215     2.183921
      -2.084551    -3.300170    -3.285328
      -2.078160    -3.291366    -2.190748
      -2.074942    -3.288325    -1.096841
      -2.074263    -3.287739    -0.003410
      -2.075141    -3.288244     1.090019
      -2.966289    -2.646284     2.183727
      -2.974485    -2.653720    -3.285040
      -2.966003    -2.646538    -2.190507
      -2.962804    -2.643543    -1.096689
      -2.962139    -2.642931    -0.003382
      -2.962956    -2.643407     1.089921
      -3.848602    -1.994782     2.181568
      -3.857512    -2.000895    -3.283136
      -3.848416    -1.995149    -2.188318
      -3.847317    -1.993748    -1.095894
      -3.846918    -1.993411    -0.003364
      -3.847416    -1.993551     1.089161
      -0.290373    -4.565502     2.183089
       4.142855    -1.338668     2.185027
       2.454578     3.878292     2.182114
      -3.034419     3.879523     2.182115
      -4.730698    -1.339805     2.182200
       4.156346    -2.282675    -1.641052
       4.155677    -2.281581    -0.549148
       4.155568    -2.281887     0.542715
       4.155995    -2.283599     1.634623
       3.283171    -2.942267    -2.736915
       3.275727    -2.934777    -1.643013
       3.273041    -2.931879    -0.549716
       3.272915    -2.932113     0.543101
       3.275344    -2.935471     1.636397
       2.395546    -3.591568    -2.736995
       2.390586    -3.582154    -1.643038
       2.387961    -3.579139    -0.549751
       2.387822    -3.579305     0.543059
       2.390172    -3.582638     1.636336
       1.504346    -4.234839    -2.734876
       1.501438    -4.225285    -1.640817
       1.499754    -4.224968    -0.549237
       1.499600    -4.225072     0.542497
       1.500985    -4.225580     1.634063
       0.609554    -4.871374    -1.640972
       0.609703    -4.871822    -0.549758
       0.609532    -4.871880     0.542953
       0.609051    -4.871538     1.634159
       3.357790     3.596539    -1.642114
       3.360896     3.596406    -0.550751
       3.362477     3.596809     0.541364
       3.362325     3.597094     1.632528
       3.708765     2.559176    -2.733156
       3.702313     2.552356    -1.641936
       3.701512     2.550468    -0.550229
       3.702027     2.550657     0.541363
       3.703714     2.550392     1.632965
       4.053405     1.514310    -2.735935
       4.044036     1.508667    -1.642393
       4.040571     1.506360    -0.549614
       4.040510     1.505925     0.543177
       4.044536     1.507285     1.636306
       4.390610     0.467426    -2.735893
       4.379867     0.464335    -1.642259
       4.375832     0.462048    -0.549008
       4.375844     0.461767     0.543732
       4.379873     0.463097     1.636820
       4.709217    -0.580897    -1.640663
       4.707727    -0.582820    -0.548757
       4.707660    -0.583113     0.543072
       4.708987    -0.582046     1.634883
      -2.487967     4.655574    -1.639184
      -2.487602     4.653943    -0.549075
      -2.487272     4.654030     0.542078
      -2.487101     4.655816     1.632192
      -1.391410     4.672009    -2.728235
      -1.389020     4.663626    -1.637945
      -1.388326     4.661471    -0.548382
      -1.387930     4.661495     0.541354
      -1.388002     4.663701     1.630914
      -0.291964     4.675564    -2.730204
      -0.290596     4.667094    -1.639168
      -0.289491     4.664430    -0.548795
      -0.288991     4.664384     0.541748
      -0.289331     4.666983     1.632110
       0.807607     4.672013    -2.728605
       0.807935     4.663198    -1.638160
       0.809547     4.660701    -0.548483
       0.810209     4.660553     0.541349
       0.809601     4.662837     1.630991
       1.907294     4.654521    -1.639752
       1.909521     4.652153    -0.549357
       1.910398     4.651882     0.541900
       1.909612     4.653883     1.632233
      -5.299975    -0.580548    -1.638928
      -5.298250    -0.581463    -0.548919
      -5.298242    -0.581304     0.542104
      -5.299957    -0.580098     1.632114
      -4.976849     0.468664    -2.727771
      -4.968236     0.467174    -1.637579
      -4.966071     0.466355    -0.548170
      -4.966021     0.466511     0.541386
      -4.968097     0.467615     1.630789
      -4.640517     1.515479    -2.729582
      -4.632343     1.512914    -1.638697
      -4.629726     1.512218    -0.548521
      -4.629634     1.512375     0.541797
      -4.632087     1.513353     1.631958
      -4.297492     2.560116    -2.727725
      -4.289538     2.556405    -1.637525
      -4.287141     2.556053    -0.548113
      -4.287001     2.556213     0.541438
      -4.289150     2.556846     1.630827
      -3.942236     3.599066    -1.638852
      -3.940049     3.599029    -0.548836
      -3.939844     3.599186     0.542175
      -3.941676     3.599495     1.632158
      -1.186593    -4.872755    -1.639697
      -1.184583    -4.871809    -0.549209
      -1.184742    -4.871799     0.542248
      -1.187049    -4.872729     1.632745
      -2.086892    -4.240221    -2.728571
      -2.081466    -4.233398    -1.638139
      -2.079434    -4.232044    -0.548413
      -2.079566    -4.232004     0.541517
      -2.081849    -4.233284     1.631244
      -2.978767    -3.596887    -2.730167
      -2.972776    -3.590815    -1.639121
      -2.970814    -3.589029    -0.548706
      -2.970924    -3.588962     0.541896
      -2.973093    -3.590623     1.632307
      -3.866352    -2.947891    -2.728166
      -3.859597    -2.942406    -1.637852
      -3.858119    -2.940773    -0.548252
      -3.858206    -2.940679     0.541524
      -3.859849    -2.942133     1.631116
      -4.744111    -2.290032    -1.639072
      -4.743104    -2.288593    -0.548928
      -4.743164    -2.288465     0.542254
      -4.744284    -2.289664     1.632384
      -0.292579    -4.564039    -3.283552
       4.152836    -1.339924    -3.288829
       2.450408     3.879600    -3.283531
      -3.035710     3.878755    -3.281489
      -4.730766    -1.339813    -3.281477
      -0.295472     0.104221    -6.060245
      -0.288153    -5.517468    -2.765036
      -0.285796    -5.515257    -1.655028
      -0.285809    -5.514422    -0.553516
      -0.285992    -5.514441     0.546586
       5.036772    -1.627167    -2.733836
       5.037476    -1.628218    -1.641530
       5.036796    -1.628836    -0.549490
       5.036687    -1.629163     0.543443
       3.013673     4.648605    -2.764367
       3.012777     4.644652    -1.654949
       3.014625     4.643143    -0.554159
       3.015770     4.643060     0.545373
      -3.595463     4.649899    -2.763781
      -3.592503     4.646877    -1.653589
      -3.591169     4.646024    -0.552915
      -3.590883     4.646174     0.546118
      -5.636821    -1.634820    -2.763746
      -5.632750    -1.633876    -1.653567
      -5.631331    -1.633586    -0.552890
      -5.631364    -1.633424     0.546162
      -0.296421    -0.832010    -6.625127
      -0.296166    -1.776115    -6.060938
      -0.295858    -2.717141    -5.500706
      -0.295359    -3.658717    -4.941103
      -0.294647    -4.604763    -4.379999
       0.593777    -0.184470    -6.626128
       1.491600    -0.475930    -6.062917
       2.386046    -0.766185    -5.504067
       3.280315    -1.056370    -4.946675
       4.175914    -1.347098    -4.389246
       0.253963     0.862448    -6.625042
       0.808993     1.626184    -6.060814
       1.362339     2.387399    -5.500547
       1.916312     3.148929    -4.940857
       2.473593     3.913566    -4.379201
      -0.846296     0.861837    -6.624152
      -1.400382     1.625252    -6.059212
      -1.952671     2.386158    -5.498462
      -2.505410     3.147559    -4.938523
      -3.060983     3.912667    -4.377075
      -1.186380    -0.185093    -6.624169
      -2.083322    -0.477274    -6.059232
      -2.977337    -0.768470    -5.498476
      -3.872000    -1.059790    -4.938527
      -4.771125    -1.352426    -4.377068
       0.601147    -1.130657    -6.059267
       1.155772     0.576813    -6.059103
      -0.295674     1.631425    -6.057038
      -1.747285     0.575757    -6.056481
      -1.193065    -1.131350    -6.057093
       1.497326    -1.423674    -5.501921
       0.603382    -2.074024    -5.500801
       1.712015     1.338806    -5.500518
       2.053204     0.287603    -5.501618
      -0.847623     2.395389    -5.497728
       0.257376     2.395778    -5.498342
      -2.644154     0.285804    -5.497298
      -2.302604     1.337332    -5.497293
      -1.194766    -2.074774    -5.498400
      -2.088622    -1.425241    -5.497768
       2.392718    -1.715055    -4.945169
       1.501085    -2.369150    -4.945571
       0.604525    -3.016599    -4.942398
       2.266986     2.100769    -4.941981
       2.611959     1.050398    -4.944998
       2.949129    -0.002271    -4.944681
      -1.400189     3.158047    -4.938731
      -0.294514     3.162408    -4.940894
       0.811121     3.158698    -4.939744
      -3.540008    -0.005054    -4.938368
      -3.202121     1.048250    -4.940111
      -2.856571     2.099062    -4.938360
      -1.195116    -3.017409    -4.939774
      -2.091834    -2.370872    -4.940923
      -2.983896    -1.717697    -4.938750
       3.288613    -2.005919    -4.388422
       2.398230    -2.661956    -4.390284
       1.503320    -3.313875    -4.388613
       0.605224    -3.960487    -4.382901
       2.822512     2.863961    -4.382195
       3.169083     1.813393    -4.387658
       3.510250     0.760813    -4.389286
       3.845101    -0.292904    -4.387838
      -1.954241     3.921385    -4.378782
      -0.847499     3.927446    -4.383068
       0.259728     3.927690    -4.383434
       1.366473     3.922090    -4.380072
      -4.437017    -0.296921    -4.378458
      -4.100521     0.757782    -4.382445
      -3.758367     1.811186    -4.382436
      -3.410875     2.862307    -4.378440
      -1.194540    -3.961325    -4.380004
      -2.093126    -3.315756    -4.383417
      -2.988822    -2.665021    -4.383064
      -3.880750    -2.009808    -4.378766
       4.186516    -2.297033    -3.830427
       4.164549    -2.288320    -2.735256
       3.296092    -2.953779    -3.834313
       2.402026    -3.608040    -3.834542
       1.504074    -4.260243    -3.830236
       0.600076    -4.912578    -3.819311
       0.608229    -4.869737    -2.729870
       3.379812     3.636456    -3.817751
       3.359756     3.598429    -2.729486
       3.725862     2.578360    -3.828381
       4.069770     1.524596    -3.832640
       4.408270     0.469820    -3.833087
       4.742701    -0.584791    -3.829817
       4.719520    -0.579710    -2.734732
      -2.517959     4.688101    -3.814978
      -2.488029     4.657694    -2.726157
      -1.402879     4.692710    -3.823725
      -0.293295     4.695462    -3.826272
       0.816254     4.693003    -3.824240
       1.931200     4.688541    -3.816475
       1.904793     4.657893    -2.727287
      -5.340265    -0.596602    -3.814695
      -5.302201    -0.578848    -2.725892
      -4.999932     0.465371    -3.823201
      -4.659546     1.521634    -3.825543
      -4.314280     2.576307    -3.823162
      -3.965619     3.635561    -3.814652
      -3.945199     3.598871    -2.725834
      -1.187888    -4.913628    -3.816458
      -1.190746    -4.873555    -2.727218
      -2.092496    -4.262107    -3.824184
      -2.991669    -3.612133    -3.826236
      -3.887849    -2.957903    -3.823671
      -4.787397    -2.298943    -3.814915
      -4.745310    -2.291883    -2.726075
       5.053962    -2.579014    -2.179310
       5.053495    -2.577638    -1.092605
       5.053114    -2.576953    -0.003250
       4.196669    -3.245103    -3.276696
       4.176694    -3.235144    -2.181748
       4.170857    -3.229647    -1.092065
       4.169943    -3.228662    -0.003355
       4.170576    -3.230242     1.085358
       3.302550    -3.901051    -3.278957
       3.291926    -3.885282    -2.183432
       3.287178    -3.878867    -1.092959
       3.285807    -3.877705    -0.003386
       3.286865    -3.879334     1.086186
       2.405865    -4.554370    -3.276765
       2.404077    -4.531373    -2.181765
       2.400340    -4.524224    -1.092085
       2.398896    -4.523440    -0.003383
       2.399996    -4.524566     1.085315
       1.504299    -5.211176    -3.267018
       1.514125    -5.169915    -2.178320
       1.512057    -5.170124    -1.092507
       1.510555    -5.169838    -0.003378
       1.511677    -5.170343     1.085742
       0.625556    -5.825174    -2.210991
       0.621485    -5.824445    -1.104131
       0.620388    -5.824297    -0.003412
       3.935792     4.363362    -2.207833
       3.931080     4.359448    -1.106395
       3.931585     4.360202    -0.006145
       4.292016     3.344999    -3.264150
       4.276788     3.317875    -2.178204
       4.267403     3.308135    -1.095267
       4.267381     3.307905    -0.006474
       4.268344     3.308134     1.083019
       4.631015     2.290217    -3.272610
       4.612436     2.271243    -2.181334
       4.607183     2.264828    -1.093084
       4.604924     2.262666    -0.003961
       4.606467     2.263321     1.084697
       4.970349     1.232901    -3.276527
       4.951820     1.225401    -2.181333
       4.943906     1.220115    -1.091190
       4.942217     1.218649    -0.001984
       4.944149     1.219688     1.087049
       5.307952     0.176406    -3.275461
       5.285575     0.178931    -2.180688
       5.277371     0.175638    -1.091143
       5.275981     0.174196    -0.002538
       5.277382     0.175110     1.085954
       5.609913    -0.867759    -2.178739
       5.608281    -0.870542    -1.092042
       5.607311    -0.872031    -0.002770
      -3.042718     5.437969    -2.207048
      -3.042201     5.435555    -1.102691
      -3.040968     5.434995    -0.003540
      -1.960704     5.464967    -3.261770
      -1.939118     5.451363    -2.172275
      -1.940715     5.446395    -1.088404
      -1.939864     5.445120    -0.003535
      -1.939864     5.446463     1.081334
      -0.848037     5.469699    -3.268229
      -0.840686     5.457100    -2.177960
      -0.840237     5.451854    -1.090922
      -0.839286     5.450468    -0.003512
      -0.839214     5.451778     1.083886
       0.262427     5.469716    -3.268278
       0.258731     5.456918    -2.177970
       0.261191     5.451468    -1.090907
       0.262237     5.449922    -0.003498
       0.262480     5.451201     1.083879
       1.375116     5.464988    -3.262077
       1.357439     5.450679    -2.172363
       1.362039     5.445053    -1.088411
       1.363290     5.443328    -0.003547
       1.363666     5.444549     1.081256
       2.461520     5.436316    -2.207003
       2.464033     5.432833    -1.102740
       2.465082     5.431560    -0.003767
      -6.215447    -0.866098    -2.206625
      -6.212943    -0.867405    -1.102396
      -6.212033    -0.866981    -0.003436
      -5.906785     0.173037    -3.261254
      -5.887364     0.187750    -2.171801
      -5.883255     0.183587    -1.088082
      -5.881881     0.183400    -0.003413
      -5.883174     0.183950     1.081255
      -5.567430     1.232730    -3.267661
      -5.553579     1.234215    -2.177473
      -5.548763     1.231841    -1.090591
      -5.547374     1.231637    -0.003367
      -5.548605     1.232201     1.083851
      -5.224367     2.288899    -3.267621
      -5.213969     2.279684    -2.177428
      -5.208554     2.279043    -1.090542
      -5.207150     2.278756    -0.003319
      -5.208309     2.279408     1.083895
      -4.876240     3.345738    -3.261153
      -4.869072     3.322526    -2.171680
      -4.863111     3.323730    -1.087948
      -4.861645     3.323420    -0.003277
      -4.862764     3.324100     1.081376
      -4.515249     4.367999    -2.206460
      -4.512192     4.367816    -1.102208
      -4.511363     4.367262    -0.003245
      -1.197292    -5.830698    -2.207202
      -1.194057    -5.829476    -1.102923
      -1.194121    -5.828799    -0.003549
      -2.093834    -5.215225    -3.262018
      -2.099365    -5.193489    -2.172362
      -2.092917    -5.191523    -1.088451
      -2.092077    -5.190471    -0.003504
      -2.093240    -5.191446     1.081447
      -2.996925    -4.565191    -3.268229
      -2.992192    -4.552764    -2.177946
      -2.987432    -4.549605    -1.090898
      -2.986535    -4.548579    -0.003445
      -2.987711    -4.549475     1.084008
      -3.895431    -3.912624    -3.268146
      -3.881997    -3.906757    -2.177879
      -3.878892    -3.902543    -1.090830
      -3.877926    -3.901586    -0.003384
      -3.879128    -3.902358     1.084061
      -4.792959    -3.254967    -3.261643
      -4.767483    -3.256581    -2.172130
      -4.766127    -3.251343    -1.088232
      -4.765146    -3.250395    -0.003327
      -4.766321    -3.251099     1.081573
      -5.652618    -2.597206    -2.206848
      -5.650992    -2.595227    -1.102465
      -5.650015    -2.595031    -0.003285
      -0.294207     0.103852     4.949525
      -0.286316    -5.515315     1.648112
       5.037138    -1.629371     1.635435
       3.016500     4.644035     1.646733
      -3.591738     4.647287     1.646764
      -5.632844    -1.633417     1.646833
       5.053260    -2.578345     1.086097
       0.621078    -5.824578     1.097311
       3.932549     4.360700     1.094580
       5.608117    -0.871182     1.086438
      -3.041436     5.435752     1.095614
       2.466029     5.431978     1.095223
      -6.212937    -0.867030     1.095526
      -4.511721     4.368176     1.095693
      -1.194422    -5.829451     1.095832
      -5.651140    -2.594919     1.095888
      -0.295387    -0.830806     5.499305
      -0.295237    -1.765906     4.943637
      -0.294898    -2.701265     4.387840
      -0.294239    -3.635186     3.832636
       0.593833    -0.184737     5.500067
       1.483202    -0.473848     4.945324
       2.373280    -0.763235     4.390570
       3.263444    -1.052700     3.836418
       0.254431     0.860652     5.499190
       0.804379     1.616903     4.943383
       1.354663     2.373253     4.387396
       1.904412     3.128244     3.831929
      -0.844089     0.860448     5.498457
      -1.392647     1.616555     4.942180
      -1.941438     2.372901     4.386014
      -2.489514     3.128101     3.830634
      -1.183847    -0.184812     5.498503
      -2.072164    -0.474005     4.942255
      -2.960798    -0.763265     4.386106
      -3.848168    -1.052021     3.830733
       0.597571    -1.124891     4.945451
       1.149644     0.573493     4.945330
      -0.294084     1.622962     4.943521
      -1.738360     0.573212     4.943046
      -1.187320    -1.125024     4.943662
       1.489872    -1.417194     4.391523
       0.600058    -2.063653     4.390609
       1.703638     1.331352     4.390326
       2.043252     0.285241     4.391440
      -0.842972     2.383484     4.387922
       0.256335     2.383561     4.388344
      -2.631064     0.285083     4.387585
      -2.291094     1.331034     4.387555
      -1.189339    -2.063923     4.388584
      -2.078489    -1.417603     4.388078
       2.381956    -1.708439     3.837358
       1.494582    -2.358526     3.837616
       0.602173    -3.001224     3.835354
       2.256679     2.088487     3.834813
       2.600544     1.043896     3.837397
       2.936011    -0.003831     3.837370
      -1.391891     3.142745     3.832124
      -0.292471     3.147635     3.833416
       0.806918     3.142729     3.832704
      -3.522645    -0.003349     3.831882
      -3.187346     1.044055     3.832871
      -2.842759     2.088441     3.831842
      -1.190408    -3.001757     3.833051
      -2.082514    -2.359438     3.833640
      -2.968924    -1.709156     3.832292
       3.273628    -1.999073     3.283249
       2.388743    -2.651431     3.284173
       1.498717    -3.298151     3.283283
       0.605022    -3.936864     3.279952
       2.809278     2.843634     3.278997
       3.156436     1.801544     3.282786
       3.495922     0.754937     3.284162
       3.828034    -0.293240     3.283374
      -1.939722     3.900840     3.276195
      -0.841573     3.909966     3.278032
       0.258459     3.909854     3.278218
       1.356651     3.900559     3.276736
      -4.412868    -0.290931     3.276021
      -4.082110     0.756413     3.277673
      -3.742054     1.802688     3.277667
      -3.393838     2.844362     3.275994
      -1.191415    -3.938013     3.277203
      -2.085071    -3.299966     3.278494
      -2.974879    -2.653376     3.278248
      -3.857773    -2.000403     3.276376
       3.282543    -2.943365     2.730294
       2.394888    -3.592330     2.730278
       1.503641    -4.235315     2.728121
       3.711678     2.556725     2.727040
       4.054160     1.512389     2.730140
       4.390401     0.465285     2.730571
      -1.390187     4.672142     2.721196
      -0.290561     4.675452     2.723118
       0.809267     4.671617     2.721375
      -4.976652     0.469319     2.720972
      -4.640143     1.516119     2.722823
      -4.296928     2.560741     2.720995
      -2.087488    -4.240050     2.721681
      -2.979260    -3.596591     2.723348
      -3.866736    -2.947468     2.721416
      -0.293362    -4.564128     3.276695
       4.152225    -1.341706     3.282790
       2.451481     3.879093     3.275698
      -3.034790     3.879271     3.274603
      -4.730890    -1.339162     3.274704
       4.163937    -2.289801     2.728849
       0.607460    -4.869979     2.723049
       3.360249     3.596909     2.721522
       4.719057    -0.581712     2.729044
      -2.486917     4.658055     2.719164
       1.906785     4.657214     2.719720
      -5.302196    -0.578175     2.719086
      -3.944408     3.599463     2.719090
      -1.191448    -4.873534     2.720289
      -4.745560    -2.291315     2.719357
      -0.288939    -5.517565     2.758139
       5.036162    -1.629078     2.727809
       3.015983     4.647393     2.756648
      -3.594402     4.650486     2.756906
      -5.636965    -1.634130     2.757003
      -0.295517     0.104348     6.053425
       5.053457    -2.580453     2.172840
       4.176123    -3.236323     2.175055
       3.291306    -3.886193     2.176658
       2.403406    -4.532024     2.174984
       1.513390    -5.170289     2.171519
       0.624819    -5.825426     2.204195
       3.936442     4.359295     2.201771
       4.269851     3.307258     2.169377
       4.613764     2.267375     2.174367
       4.951892     1.222668     2.177180
       5.285445     0.176723     2.175505
       5.609475    -0.869684     2.173108
      -3.041479     5.438353     2.199976
      -1.937769     5.451525     2.165199
      -0.839136     5.457026     2.170892
       0.260590     5.456562     2.170860
       1.359684     5.449975     2.165052
       2.464217     5.435035     2.199309
      -6.215444    -0.865410     2.199757
      -5.887222     0.188422     2.164971
      -5.553292     1.234875     2.170722
      -5.213527     2.280342     2.170759
      -4.868454     3.323182     2.165069
      -4.514425     4.368631     2.199894
      -1.197978    -5.830653     2.200125
      -2.099979    -5.193342     2.165368
      -2.992724    -4.552516     2.171057
      -3.882447    -3.906405     2.171104
      -4.767850    -3.256118     2.165459
      -5.652893    -2.596632     2.200258
      -0.296761    -0.831945     6.618329
      -0.296688    -1.776097     6.054149
      -0.296531    -2.717176     5.493912
      -0.296159    -3.658795     4.934290
      -0.295569    -4.604862     4.373162
       0.593503    -0.184567     6.619454
       1.491199    -0.476395     6.056395
       2.385481    -0.767161     5.497778
       3.279606    -1.057928     4.940607
       4.175119    -1.349147     4.383305
       0.254039     0.862509     6.618210
       0.809250     1.626110     6.053896
       1.362765     2.387168     5.493482
       1.916814     3.148505     4.933619
       2.473668     3.913270     4.372195
      -0.846170     0.862089     6.617314
      -1.400028     1.625601     6.052335
      -1.952100     2.386595     5.491565
      -2.504637     3.148083     4.931618
      -3.060027     3.913281     4.370164
      -1.186477    -0.184802     6.617350
      -2.083427    -0.476863     6.052408
      -2.977451    -0.767948     5.491660
      -3.872133    -1.059158     4.931727
      -4.771291    -1.351676     4.370285
       0.600691    -1.130831     6.052543
       1.155701     0.576568     6.052417
      -0.295362     1.631565     6.050130
      -1.747146     0.576137     6.049629
      -1.193385    -1.131119     6.050269
       1.496730    -1.424211     5.495282
       0.602764    -2.074268     5.494053
       1.712117     1.338433     5.493772
       2.052959     0.286963     5.495194
      -0.847083     2.395617     5.490789
       0.257878     2.395774     5.491346
      -2.644025     0.286300     5.490455
      -2.302246     1.337798     5.490421
      -1.195266    -2.074602     5.491585
      -2.088933    -1.424888     5.490943
       2.391996    -1.716061     4.938645
       1.500366    -2.369744     4.938868
       0.603785    -3.016901     4.935630
       2.267251     2.100266     4.935114
       2.611854     1.049620     4.938645
       2.948645    -0.003514     4.938644
      -1.399436     3.158360     4.931773
      -0.293777     3.162487     4.933881
       0.811796     3.158504     4.932605
      -3.539903    -0.004451     4.931540
      -3.201785     1.048825     4.933264
      -2.856012     2.099611     4.931490
      -1.195762    -3.017288     4.932950
      -2.092316    -2.370576     4.934104
      -2.984207    -1.717233     4.931941
       3.287811    -2.007417     4.382010
       2.397432    -2.662963     4.383629
       1.502516    -3.314503     4.381866
       0.604379    -3.960828     4.376111
       2.822864     2.863379     4.375240
       3.169140     1.812547     4.381398
       3.509766     0.759199     4.383583
       3.844440    -0.294795     4.382116
      -1.953288     3.921775     4.371805
      -0.846536     3.927601     4.376044
       0.260671     3.927583     4.376302
       1.367231     3.921666     4.372680
      -4.436947    -0.296211     4.371644
      -4.100230     0.758458     4.375627
      -3.757852     1.811835     4.375616
      -3.410137     2.862937     4.371598
      -1.195312    -3.961237     4.373146
      -2.093749    -3.315509     4.376580
      -2.989295    -2.664612     4.376262
      -3.881076    -2.009232     4.371988
       4.185689    -2.298908     3.824061
       3.295265    -2.955174     3.827682
       2.401180    -3.609013     3.827801
       1.503180    -4.260882     3.823457
       0.599092    -4.912948     3.812492
       3.378587     3.636558     3.811145
       3.726255     2.577645     3.822524
       4.069077     1.522238     3.827616
       4.407663     0.467397     3.827888
       4.742003    -0.587147     3.824234
      -2.516817     4.688568     3.807974
      -1.401698     4.692923     3.816682
      -0.292064     4.695423     3.819170
       0.817511     4.692699     3.816968
       1.932377     4.688015     3.808945
      -5.340239    -0.595765     3.807887
      -4.999697     0.466154     3.816397
      -4.659101     1.522381     3.818769
      -4.313616     2.577025     3.816406
      -3.964742     3.636256     3.807860
      -1.188771    -4.913555     3.809548
      -2.093241    -4.261894     3.817298
      -2.992281    -3.611769     3.819412
      -3.888331    -2.957378     3.816909
      -4.787759    -2.298245     3.808177
       4.195879    -3.246737     3.270019
       3.301702    -3.902310     3.272175
       2.404943    -4.555286     3.269966
       1.503270    -5.211809     3.260204
       4.285737     3.346542     3.258467
       4.628643     2.285387     3.269381
       4.969777     1.229640     3.272519
       5.307515     0.173520     3.270383
      -1.959318     5.465236     3.254688
      -0.846597     5.469710     3.261131
       0.263945     5.469461     3.261102
       1.376694     5.464448     3.254655
      -5.906603     0.173948     3.254430
      -5.567056     1.233598     3.260902
      -5.223800     2.289734     3.260932
      -4.875469     3.346534     3.254498
      -2.094689    -5.215015     3.255042
      -2.997668    -4.564840     3.261343
      -3.896064    -3.912132     3.261366
      -4.793477    -3.254320     3.254952
       5.076079    -1.639449    -3.829731
       5.094681    -2.585229    -3.268193
       5.646784    -0.885352    -3.267536
       5.943963    -1.922371    -2.216631
       5.940359    -1.922175    -1.105276
       5.939639    -1.922571    -0.002990
       5.940158    -1.922872     1.099214
       5.943516    -1.924062     2.210657
       5.075245    -1.641818     3.823865
       5.093943    -2.587215     3.261800
       5.646140    -0.888031     3.262030
       5.962700    -2.883705    -1.659354
       5.961907    -2.882485    -0.554002
       5.961780    -2.882860     0.547377
       5.962279    -2.884853     1.652693
       5.103655    -3.541185    -2.716607
       5.079471    -3.543162    -1.627588
       5.078833    -3.538706    -0.544898
       5.078686    -3.539051     0.538027
       5.079002    -3.544202     1.620727
       5.102889    -3.542864     2.709785
       4.208239    -4.199900    -2.722523
       4.197332    -4.193375    -1.632652
       4.194942    -4.189711    -0.546519
       4.194771    -4.190004     0.539592
       4.196806    -4.194256     1.625731
       4.207372    -4.201323     2.715614
       3.312908    -4.854386    -2.722593
       3.312688    -4.840199    -1.632659
       3.308701    -4.837562    -0.546504
       3.308509    -4.837795     0.539625
       3.312109    -4.840898     1.625781
       3.311948    -4.855529     2.715714
       2.414255    -5.508349    -2.716690
       2.427585    -5.483774    -1.627502
       2.421931    -5.482451    -0.544829
       2.421718    -5.482627     0.538039
       2.426951    -5.484292     1.620709
       2.413180    -5.509224     2.709874
       1.538110    -6.129352    -1.658320
       1.534443    -6.128367    -0.553643
       1.534210    -6.128495     0.546950
       1.537435    -6.129718     1.651630
       4.850922     4.067861    -0.567006
       4.849905     4.069565     0.540055
       4.853199     4.068726     1.646656
       5.192727     3.036505    -1.646176
       5.189602     3.021348    -0.550934
       5.187939     3.024998     0.534516
       5.193061     3.023469     1.618223
       5.196570     3.051639     2.707923
       5.538053     2.002909    -2.717160
       5.529718     1.985121    -1.626515
       5.526270     1.979757    -0.542648
       5.525461     1.982011     0.541669
       5.530268     1.982538     1.626863
       5.538793     1.994424     2.716357
       5.877873     0.943159    -2.720468
       5.865297     0.941097    -1.630732
       5.861678     0.936177    -0.545049
       5.861399     0.937177     0.540629
       5.865525     0.939373     1.626490
       5.878218     0.938818     2.716232
       6.215324    -0.116895    -2.715309
       6.196888    -0.103590    -1.626336
       6.193859    -0.109301    -0.543876
       6.193656    -0.108968     0.538792
       6.196839    -0.105126     1.621314
       6.215336    -0.120313     2.710275
       6.523825    -1.156385    -1.658449
       6.522323    -1.159013    -0.553302
       6.522152    -1.158968     0.547844
       6.523612    -1.157815     1.653044