
      -0.001380     0.309059    -0.552357
      -0.001376     0.309057     0.548158
      -0.001361    -0.618159    -0.002091
       0.880634     0.022627    -0.002118
       0.543674     1.059188    -0.002115
      -0.546440     1.059190    -0.002101
      -0.883384     0.022639    -0.002060
      -0.001363    -0.618131    -1.102668
       0.880841     0.022813    -1.102300
       0.543815     1.059643    -1.102052
      -0.546601     1.059640    -1.102038
      -0.883604     0.022817    -1.102241
      -0.001392     0.309601    -1.652854
      -0.001318    -1.547720    -0.552173
       1.765503    -0.264760    -0.551571
       1.090493     1.811791    -0.551351
      -1.093282     1.811787    -0.551331
      -1.768254    -0.264757    -0.551470
      -0.001376    -0.618151     1.098466
      -0.001375    -0.618090    -2.203087
       0.880834     0.022784     1.098058
       0.881471     0.023292    -2.202500
       0.543828     1.059636     1.097820
       0.544221     1.060902    -2.202105
      -0.546586     1.059643     1.097833
      -0.547038     1.060893    -2.202092
      -0.883592     0.022802     1.098106
      -0.884257     0.023287    -2.202449
       0.885364    -0.910615     0.547955
       0.885764    -0.910950    -1.652330
       0.885386    -0.910585    -0.552207
       1.433223     0.775159     0.547548
       1.434016     0.775924    -1.651324
       1.433221     0.775173    -0.551789
      -0.001383     1.817372     0.547461
      -0.001410     1.818662    -1.651057
      -0.001394     1.817370    -0.551687
      -1.435988     0.775174     0.547587
      -1.436813     0.775909    -1.651279
      -1.435996     0.775174    -0.551744
      -0.888095    -0.910601     0.548025
      -0.888485    -0.910925    -1.652237
      -0.888094    -0.910562    -0.552111
      -0.001352    -1.547762     0.547958
      -0.001323    -1.548398    -1.652204
       1.765490    -0.264786     0.547319
       1.766219    -0.264574    -1.650653
       1.090504     1.811785     0.547105
       1.090986     1.812940    -1.650111
      -1.093270     1.811793     0.547123
      -1.093807     1.812922    -1.650092
      -1.768243    -0.264773     0.547409
      -1.768986    -0.264582    -1.650557
      -0.001380     0.309598     1.648642
      -0.001406     0.310514    -2.753293
      -0.001217    -2.479798    -1.100950
      -0.001292    -2.479162    -0.002165
       2.653095    -0.553348    -1.098922
       2.652855    -0.553418    -0.002122
       1.639053     2.566887    -1.098425
       1.638876     2.566387    -0.002129
      -1.641872     2.566869    -1.098404
      -1.641659     2.566391    -0.002109
      -2.655846    -0.553360    -1.098810
      -2.655603    -0.553398    -0.002008
      -0.001399    -0.618111     2.198851
      -0.001386    -0.618171    -3.303247
      -0.001403    -1.548469     1.647945
      -0.001340    -1.549659    -2.751803
       0.881462     0.023253     2.198250
       0.882564     0.024008    -3.302583
       1.766188    -0.264636     1.646397
       1.768079    -0.264224    -2.749987
       0.544247     1.060895     2.197869
       0.544880     1.062852    -3.302101
       1.091016     1.812925     1.645863
       1.092148     1.815409    -2.749220
      -0.547006     1.060907     2.197878
      -0.547735     1.062835    -3.302090
      -1.093769     1.812945     1.645878
      -1.095010     1.815375    -2.749202
      -0.884240     0.023279     2.198284
      -0.885375     0.023991    -3.302546
      -1.768963    -0.264604     1.646467
      -1.770864    -0.264256    -2.749911
       0.885710    -0.911013     1.648067
       0.886777    -0.911644    -2.752170
       1.434021     0.775889     1.647078
       1.435764     0.777423    -2.750876
      -0.001376     1.818670     1.646826
      -0.001430     1.821343    -2.750485
      -1.436788     0.775919     1.647108
      -1.438592     0.777385    -2.750836
      -0.888495    -0.910998     1.648106
      -0.889519    -0.911622    -2.752105
       1.773501    -1.202246     1.096648
       1.774780    -1.203221    -2.199809
       1.773571    -1.202182    -1.100917
       1.773369    -1.201821    -0.002134
       0.887914    -1.844703     1.097367
       0.888917    -1.846436    -2.200918
       0.888025    -1.844623    -1.101665
       0.887722    -1.843997    -0.002148
       1.985117     1.529733     1.095680
       1.987068     1.531381    -2.198230
       1.985104     1.529763    -1.099931
       1.984647     1.529352    -0.002125
       2.323309     0.489063     1.095853
       2.325395     0.490335    -2.198515
       2.323316     0.489109    -1.100100
       2.322857     0.488709    -0.002122
      -0.548504     2.575571     1.095532
      -0.548796     2.578309    -2.197926
      -0.548535     2.575556    -1.099765
      -0.548511     2.574861    -0.002115
       0.545749     2.575564     1.095526
       0.545935     2.578323    -2.197932
       0.545718     2.575562    -1.099772
       0.545729     2.574860    -0.002122
      -2.326079     0.489105     1.095908
      -2.328197     0.490280    -2.198445
      -2.326095     0.489094    -1.100026
      -2.325624     0.488723    -0.002053
      -1.987883     1.529766     1.095710
      -1.989903     1.531333    -2.198189
      -1.987905     1.529747    -1.099890
      -1.987427     1.529362    -0.002087
      -0.890682    -1.844714     1.097399
      -0.891550    -1.846337    -2.200780
      -0.890630    -1.844555    -1.101500
      -0.890375    -1.843986    -0.002048
      -1.776263    -1.202251     1.096743
      -1.777502    -1.203195    -2.199676
      -1.776277    -1.202166    -1.100758
      -1.776083    -1.201828    -0.001997
      -0.001402    -2.479939     1.096620
      -0.001235    -2.481979    -2.199736
       2.653054    -0.553415     1.094675
       2.654388    -0.553016    -2.196334
       1.639083     2.566870     1.094166
       1.639922     2.568751    -2.195485
      -1.641838     2.566893     1.094183
      -1.642784     2.568710    -2.195463
      -2.655822    -0.553360     1.094780
      -2.657149    -0.553078    -2.196236
      -0.001388     0.310518     2.749066
      -0.001420     0.311654    -3.853830
      -0.000971    -3.414775    -1.647062
      -0.001178    -3.413314    -0.550432
      -0.001404    -3.413402     0.545832
       3.543509    -0.843157    -1.643762
       3.543340    -0.843634    -0.549299
       3.543309    -0.843683     0.545075
       2.189470     3.324634    -1.643039
       2.189266     3.323848    -0.549082
       2.189287     3.323836     0.544813
      -2.192328     3.324592    -1.643018
      -2.192075     3.323838    -0.549061
      -2.192054     3.323855     0.544831
      -3.546256    -0.843225    -1.643657
      -3.546088    -0.843613    -0.549181
      -3.546072    -0.843603     0.545197
      -0.001421    -0.618178     3.298985
      -0.001397    -0.618792    -4.403435
      -0.001449    -1.549710     2.747496
      -0.001353    -1.551858    -3.850858
      -0.001488    -2.482118     2.195358
      -0.001271    -2.485701    -3.297846
       0.882558     0.023978     3.298329
       0.884407     0.024756    -4.402743
       1.768043    -0.264291     2.745729
       1.771381    -0.263851    -3.849148
       2.654326    -0.553116     2.192083
       2.658578    -0.552816    -3.294693
       0.544918     1.062854     3.297860
       0.545980     1.065614    -4.402151
       1.092196     1.815395     2.744969
       1.094146     1.819289    -3.848140
       1.639978     2.568726     2.191223
       1.642488     2.573265    -3.293489
      -0.547683     1.062871     3.297867
      -0.548877     1.065587    -4.402140
      -1.094942     1.815427     2.744981
      -1.097055     1.819237    -3.848122
      -1.642714     2.568766     2.191237
      -1.645399     2.573197    -3.293467
      -0.885360     0.024013     3.298350
      -0.887244     0.024724    -4.402719
      -1.770848    -0.264235     2.745780
      -1.774185    -0.263929    -3.849089
      -2.657131    -0.553027     2.192169
      -2.661344    -0.552968    -3.294601
       0.886708    -0.911699     2.747898
       0.888624    -0.912838    -3.851444
       1.435775     0.777383     2.746625
       1.438702     0.779628    -3.849977
      -0.001373     1.821365     2.746246
      -0.001452     1.825522    -3.849484
      -1.438549     0.777430     2.746646
      -1.441569     0.779560    -3.849941
      -0.889550    -0.911675     2.747914
      -0.891384    -0.912827    -3.851412
       1.774676    -1.203305     2.195536
       1.777942    -1.204852    -3.298232
       0.888754    -1.846525     2.196609
       0.890763    -1.849423    -3.299257
       1.987095     1.531335     2.193975
       1.990875     1.534628    -3.296242
       2.325385     0.490263     2.194263
       2.329705     0.492145    -3.296620
      -0.548731     2.578345     2.193685
      -0.549674     2.583497    -3.295834
       0.545995     2.578331     2.193680
       0.546764     2.583520    -3.295840
      -2.328166     0.490332     2.194303
      -2.332539     0.492033    -3.296560
      -1.989854     1.531389     2.193997
      -1.993751     1.534540    -3.296202
      -0.891637    -1.846529     2.196600
      -0.893427    -1.849313    -3.299202
      -1.777507    -1.203282     2.195596
      -1.780674    -1.204865    -3.298141
       2.663390    -1.494666     1.642638
       2.666498    -1.496451    -2.744124
       2.663515    -1.494558    -1.646897
       2.663302    -1.493692    -0.550308
       2.663253    -1.493736     0.546055
       1.778503    -2.140860     1.644878
       1.781736    -2.144304    -2.746686
       1.778698    -2.140760    -1.649175
       1.777596    -2.138875    -0.551093
       1.777518    -2.138918     0.546801
       0.889959    -2.781132     1.644784
       0.892137    -2.785429    -2.746536
       0.890283    -2.781017    -1.649149
       0.889227    -2.779005    -0.551121
       0.889099    -2.779048     0.546755
       2.538094     2.286237     1.641047
       2.542077     2.289329    -2.741830
       2.538058     2.286286    -1.645311
       2.537015     2.285560    -0.549772
       2.537028     2.285541     0.545511
       2.880403     1.245407     1.642265
       2.885395     1.248204    -2.743277
       2.880393     1.245475    -1.646517
       2.878673     1.244348    -0.550151
       2.878676     1.244322     0.545904
       3.215203     0.202005     1.641491
       3.219667     0.204078    -2.742412
       3.215227     0.202098    -1.645732
       3.214268     0.201040    -0.549924
       3.214259     0.201004     0.545690
      -1.097003     3.335424     1.640856
      -1.097842     3.340565    -2.741507
      -1.097064     3.335384    -1.645104
      -1.097161     3.333920    -0.549693
      -1.097141     3.333933     0.545450
      -0.001367     3.339408     1.641863
      -0.001454     3.345349    -2.742682
      -0.001428     3.339388    -1.646118
      -0.001403     3.337192    -0.550010
      -0.001383     3.337199     0.545758
       1.094268     3.335402     1.640850
       1.094933     3.340602    -2.741514
       1.094209     3.335405    -1.645112
       1.094354     3.333926    -0.549701
       1.094374     3.333924     0.545443
      -3.217994     0.202099     1.641551
      -3.222460     0.203925    -2.742335
      -3.218003     0.202037    -1.645646
      -3.217037     0.201043    -0.549839
      -3.217034     0.201055     0.545764
      -2.883177     1.245479     1.642301
      -2.888235     1.248088    -2.743221
      -2.883202     1.245422    -1.646458
      -2.881461     1.244345    -0.550095
      -2.881454     1.244359     0.545951
      -2.540849     2.286295     1.641072
      -2.544954     2.289236    -2.741790
      -2.540894     2.286240    -1.645271
      -2.539816     2.285554    -0.549735
      -2.539802     2.285569     0.545543
      -0.892894    -2.781197     1.644682
      -0.894572    -2.785092    -2.746388
      -0.892655    -2.780793    -1.648872
      -0.891705    -2.778993    -0.551004
      -0.891816    -2.779118     0.546715
      -1.781345    -2.140905     1.644931
      -1.784371    -2.144180    -2.746516
      -1.781312    -2.140662    -1.648918
      -1.780217    -2.138895    -0.550871
      -1.780226    -2.138995     0.546922
      -2.666201    -1.494595     1.642762
      -2.669205    -1.496549    -2.743983
      -2.666229    -1.494561    -1.646741
      -2.666009    -1.493673    -0.550138
      -2.665988    -1.493694     0.546214
      -0.001551    -3.415026     1.642570
      -0.001022    -3.419461    -2.744505
       3.543431    -0.843282     1.639530
       3.544985    -0.842046    -2.739145
       2.189529     3.324602     1.638769
       2.190387     3.326740    -2.737940
      -2.192263     3.324646     1.638784
      -2.193298     3.326664    -2.737917
      -3.546236    -0.843157     1.639636
      -3.547719    -0.842255    -2.739040
      -0.001397     0.311673     3.849593
      -0.001436     0.312932    -4.955073
      -0.000262    -4.352394    -2.190011
      -0.000989    -4.350927    -1.095854
      -0.001468    -4.350615    -0.002498
      -0.001650    -4.350974     1.091002
       4.438008    -1.133702    -2.188602
       4.437725    -1.135710    -1.095966
       4.437397    -1.136369    -0.002096
       4.437649    -1.135840     1.091766
       2.742517     4.086121    -2.187705
       2.742251     4.084959    -1.095560
       2.742049     4.084373    -0.002139
       2.742303     4.084928     1.091280
      -2.745425     4.086044    -2.187684
      -2.745095     4.084927    -1.095540
      -2.744837     4.084381    -0.002121
      -2.745044     4.084971     1.091297
      -4.440732    -1.133903    -2.188499
      -4.440472    -1.135720    -1.095848
      -4.440156    -1.136280    -0.001966
      -4.440450    -1.135698     1.091877
      -0.001436    -0.618779     4.399162
      -0.001420    -0.620871    -5.505594
      -0.001481    -1.551877     3.846525
      -0.001380    -1.556060    -4.950812
      -0.001545    -2.485775     3.293414
      -0.001320    -2.491992    -4.396006
      -0.001641    -3.419644     2.739981
      -0.001173    -3.427973    -3.841810
       0.884407     0.024747     4.398493
       0.887815     0.025111    -5.504819
       1.771351    -0.263901     3.844895
       1.777030    -0.264049    -4.949130
       2.658516    -0.552912     3.290444
       2.666448    -0.553435    -4.393328
       3.544891    -0.842196     2.734908
       3.554420    -0.842656    -3.838128
       0.546031     1.065632     4.397906
       0.548059     1.069783    -5.504040
       1.094213     1.819286     3.843885
       1.097602     1.825252    -4.947781
       1.642568     2.573241     3.289224
       1.647313     2.580999    -4.391624
       2.190478     3.326699     2.733666
       2.196159     3.335696    -3.836245
      -0.548802     1.065654     4.397911
      -0.551000     1.069745    -5.504028
      -1.096956     1.819327     3.843894
      -1.100556     1.825181    -4.947762
      -1.645292     2.573297     3.289235
      -1.650272     2.580907    -4.391602
      -2.193188     3.326765     2.733679
      -2.199120     3.335588    -3.836221
      -0.887228     0.024788     4.398504
      -0.890692     0.025057    -5.504795
      -1.774182    -0.263827     3.844930
      -1.779865    -0.264191    -4.949063
      -2.661356    -0.552795     3.290511
      -2.669229    -0.553702    -4.393213
      -3.547739    -0.842030     2.734997
      -3.557142    -0.843034    -3.837987
       0.888551    -0.912863     3.847174
       0.891483    -0.915044    -4.950932
       1.438722     0.779598     3.845724
       1.443255     0.782481    -4.949175
      -0.001371     1.825565     3.845238
      -0.001476     1.831479    -4.948600
      -1.441504     0.779658     3.845739
      -1.446166     0.782380    -4.949141
      -0.891436    -0.912830     3.847175
      -0.894281    -0.915066    -4.950910
       1.777834    -1.204911     3.293965
       1.783457    -1.207548    -4.396071
       0.890590    -1.849464     3.294950
       0.893646    -1.854026    -4.396965
       1.990914     1.534579     3.291982
       1.996906     1.539625    -4.393584
       2.329698     0.492072     3.292366
       2.336764     0.494224    -4.394082
      -0.549576     2.583559     3.291585
      -0.551372     2.591409    -4.393118
       0.546853     2.583541     3.291582
       0.548413     2.591440    -4.393124
      -2.332491     0.492166     3.292395
      -2.339635     0.494046    -4.394027
      -1.993671     1.534653     3.291999
      -1.999825     1.539497    -4.393547
      -0.893559    -1.849455     3.294918
      -0.896356    -1.853958    -4.396965
      -1.780722    -1.204862     3.293997
      -1.786214    -1.207664    -4.395980
       2.666352    -1.496561     2.739863
       2.674441    -1.499281    -3.840816
       1.781511    -2.144376     2.742392
       1.787388    -2.149418    -3.843053
       0.891771    -2.785487     2.742170
       0.894872    -2.792469    -3.842753
       2.542133     2.289266     2.737562
       2.549362     2.296384    -3.837792
       2.885413     1.248117     2.739019
       2.893838     1.252379    -3.839138
       3.219637     0.203962     2.738165
       3.228985     0.205419    -3.838550
      -1.097739     3.340636     2.737251
      -1.101207     3.350182    -3.837403
      -0.001355     3.345387     2.738419
      -0.001481     3.355088    -3.838413
       1.095028     3.340603     2.737248
       1.098245     3.350235    -3.837411
      -3.222444     0.204093     2.738212
      -3.231803     0.205157    -3.838477
      -2.888185     1.248220     2.739047
      -2.896713     1.252191    -3.839088
      -2.544874     2.289349     2.737582
      -2.552281     2.296245    -3.837753
      -0.894859    -2.785530     2.742048
      -0.897408    -2.792143    -3.842805
      -1.784464    -2.144381     2.742401
      -1.790055    -2.149446    -3.842932
      -2.669237    -1.496460     2.739954
      -2.677145    -1.499561    -3.840641
       3.555140    -1.788116     2.185034
       3.563393    -1.791095    -3.285420
       3.555319    -1.787950    -2.189278
       3.555596    -1.787119    -1.095655
       3.555734    -1.787106    -0.002114
       3.555479    -1.787234     1.091420
       2.671335    -2.438298     2.189088
       2.679732    -2.443672    -3.288731
       2.671600    -2.438163    -2.193360
       2.668725    -2.434524    -1.097329
       2.668434    -2.433611    -0.002128
       2.668551    -2.434631     1.093064
       1.783720    -3.082804     2.190155
       1.789595    -3.090313    -3.289598
       1.784136    -3.082709    -2.194477
       1.780978    -3.078089    -1.098227
       1.780008    -3.076760    -0.002148
       1.780717    -3.078179     1.093917
       0.892591    -3.720953     2.188972
       0.895762    -3.730323    -3.288606
       0.893327    -3.720900    -2.193392
       0.891042    -3.716641    -1.097421
       0.890170    -3.715904    -0.002198
       0.890619    -3.716681     1.093004
       3.092877     3.044720     2.182782
       3.101039     3.051727    -3.281866
       3.092809     3.044791    -2.187060
       3.091209     3.044096    -1.094655
       3.090858     3.043722    -0.002138
       3.091246     3.044055     1.090378
       3.439769     2.004234     2.184960
       3.449165     2.010245    -3.283743
       3.439732     2.004328    -2.189224
       3.435929     2.002112    -1.095421
       3.435188     2.001548    -0.002129
       3.435949     2.002056     1.091162
       3.778731     0.960607     2.185185
       3.789090     0.964163    -3.284000
       3.778730     0.960727    -2.189430
       3.774838     0.958489    -1.095534
       3.774075     0.957882    -0.002117
       3.774839     0.958416     1.091297
       4.109540    -0.085358     2.183531
       4.119703    -0.082939    -3.282716
       4.109589    -0.085204    -2.187756
       4.108214    -0.087613    -1.095032
       4.107831    -0.088206    -0.002105
       4.108185    -0.087709     1.090818
      -1.646710     4.097613     2.182571
      -1.649813     4.107929    -3.281541
      -1.646810     4.097540    -2.186836
      -1.647365     4.095445    -1.094520
      -1.647370     4.094873    -0.002130
      -1.647315     4.095481     1.090259
      -0.549951     4.106086     2.184542
      -0.551543     4.117123    -3.283199
      -0.550050     4.106038    -2.188813
      -0.549943     4.101505    -1.095192
      -0.549915     4.100550    -0.002132
      -0.549893     4.101528     1.090925
       0.547245     4.106072     2.184542
       0.548581     4.117145    -3.283199
       0.547147     4.106053    -2.188814
       0.547101     4.101512    -1.095192
       0.547128     4.100549    -0.002132
       0.547152     4.101521     1.090926
       1.644005     4.097570     2.182569
       1.646850     4.107998    -3.281545
       1.643908     4.097587    -2.186841
       1.644523     4.095466    -1.094524
       1.644583     4.094869    -0.002133
       1.644574     4.095456     1.090256
      -4.112362    -0.085195     2.183588
      -4.122463    -0.083253    -3.282637
      -4.112346    -0.085361    -2.187675
      -4.110979    -0.087644    -1.094950
      -4.110610    -0.088156    -0.002027
      -4.110986    -0.087601     1.090885
      -3.781522     0.960738     2.185222
      -3.791914     0.963926    -3.283944
      -3.781534     0.960599    -2.189369
      -3.777629     0.958453    -1.095473
      -3.776863     0.957912    -0.002062
      -3.777627     0.958500     1.091342
      -3.442530     2.004341     2.184989
      -3.452042     2.010063    -3.283696
      -3.442575     2.004223    -2.189174
      -3.438741     2.002077    -1.095372
      -3.437979     2.001569    -0.002085
      -3.438723     2.002123     1.091199
      -3.095609     3.044807     2.182807
      -3.103963     3.051584    -3.281825
      -3.095687     3.044705    -2.187021
      -3.094040     3.044064    -1.094616
      -3.093648     3.043736    -0.002102
      -3.094004     3.044108     1.090409
      -0.895853    -3.721087     2.188617
      -0.897749    -3.729275    -3.288708
      -0.895103    -3.720150    -2.192993
      -0.893167    -3.716634    -1.097430
      -0.892825    -3.716124    -0.002534
      -0.893636    -3.716859     1.092607
      -1.786757    -3.082916     2.190070
      -1.792066    -3.090060    -3.289432
      -1.786540    -3.082335    -2.194117
      -1.783413    -3.078049    -1.097876
      -1.782598    -3.077002    -0.002051
      -1.783552    -3.078365     1.093884
      -2.674264    -2.438220     2.189211
      -2.682339    -2.443939    -3.288447
      -2.674237    -2.438149    -2.193107
      -2.671366    -2.434454    -1.097055
      -2.671094    -2.433559    -0.001862
      -2.671343    -2.434581     1.093255
      -3.558017    -1.787959     2.185157
      -3.566048    -1.791497    -3.285212
      -3.558030    -1.788089    -2.189128
      -3.558320    -1.787099    -1.095488
      -3.558460    -1.787020    -0.001926
      -3.558271    -1.787121     1.091576
      -0.001770    -4.352625     2.185475
       4.437889    -1.133902     2.184388
       2.742616     4.086066     2.183422
      -2.745318     4.086140     2.183437
      -4.440741    -1.133696     2.184484
       4.451134    -2.083619    -1.639649
       4.451328    -2.084102    -0.548450
       4.451251    -2.084188     0.544241
       4.450945    -2.083824     1.635427
       3.569529    -2.737906    -2.733579
       3.561166    -2.732252    -1.639533
       3.561126    -2.730717    -0.547973
       3.561015    -2.730800     0.543739
       3.560896    -2.732436     1.635288
       2.682559    -3.386821    -2.735724
       2.674903    -3.379190    -1.641780
       2.672467    -3.375885    -0.548513
       2.672306    -3.375969     0.544267
       2.674517    -3.379354     1.637519
       1.790997    -4.030512    -2.735700
       1.785862    -4.021015    -1.641783
       1.783381    -4.017635    -0.548510
       1.783148    -4.017714     0.544246
       1.785309    -4.021123     1.637491
       0.893696    -4.657209    -1.639784
       0.892057    -4.656162    -0.547983
       0.891736    -4.656197     0.543696
       0.892946    -4.657081     1.635492
       3.650032     3.805526    -1.637859
       3.648464     3.804900    -0.547733
       3.648488     3.804874     0.543437
       3.650102     3.805455     1.633563
       4.004481     2.767580    -2.726902
       3.997230     2.762750    -1.636604
       3.995289     2.761716    -0.547019
       3.995305     2.761683     0.542744
       3.997276     2.762660     1.632327
       4.347542     1.722938    -2.728855
       4.339933     1.719001    -1.637819
       4.337656     1.717535    -0.547417
       4.337664     1.717494     0.543172
       4.339954     1.718889     1.633570
       4.683891     0.675966    -2.727207
       4.675705     0.672786    -1.636779
       4.673775     0.671098    -0.547062
       4.673771     0.671044     0.542852
       4.675694     0.672645     1.632562
       5.007317    -0.375815    -1.638289
       5.005729    -0.377634    -0.547805
       5.005707    -0.377704     0.543636
       5.007258    -0.375995     1.634106
      -2.198778     4.862276    -1.637650
      -2.199208     4.860336    -0.547648
      -2.199179     4.860357     0.543368
      -2.198690     4.862342     1.633367
      -1.101007     4.879123    -2.726500
      -1.099811     4.870478    -1.636317
      -1.100022     4.868178    -0.546917
      -1.099992     4.868193     0.542632
      -1.099722     4.870525     1.632029
      -0.001479     4.882663    -2.728334
      -0.001444     4.874125    -1.637461
      -0.001409     4.871461    -0.547297
      -0.001379     4.871469     0.543016
      -0.001354     4.874152     1.633178
       1.098049     4.879161    -2.726495
       1.096924     4.870500    -1.636311
       1.097203     4.868183    -0.546911
       1.097234     4.868184     0.542638
       1.097015     4.870503     1.632036
       2.195891     4.862321    -1.637644
       2.196389     4.860346    -0.547641
       2.196421     4.860336     0.543374
       2.195983     4.862295     1.633373
      -5.010070    -0.375908    -1.638226
      -5.008510    -0.377605    -0.547739
      -5.008514    -0.377601     0.543697
      -5.010090    -0.375821     1.634160
      -4.686671     0.675724    -2.727163
      -4.678488     0.672687    -1.636733
      -4.676565     0.671105    -0.547017
      -4.676571     0.671126     0.542894
      -4.678501     0.672791     1.632597
      -4.350377     1.722734    -2.728812
      -4.342748     1.718909    -1.637774
      -4.340456     1.717533    -0.547373
      -4.340454     1.717558     0.543210
      -4.342735     1.719011     1.633602
      -4.007366     2.767411    -2.726855
      -4.000074     2.762668    -1.636555
      -3.998098     2.761708    -0.546973
      -3.998085     2.761735     0.542785
      -4.000032     2.762763     1.632362
      -3.652901     3.805456    -1.637813
      -3.651279     3.804890    -0.547688
      -3.651257     3.804916     0.543478
      -3.652832     3.805541     1.633597
      -0.895159    -4.657314    -1.640562
      -0.894755    -4.656744    -0.549258
      -0.894913    -4.656603     0.542569
      -0.896405    -4.657310     1.634580
      -1.793000    -4.029480    -2.735521
      -1.787983    -4.020600    -1.641404
      -1.785788    -4.018278    -0.548759
      -1.785953    -4.018226     0.543818
      -1.788443    -4.021423     1.637057
      -2.685002    -3.386972    -2.735169
      -2.677437    -3.378964    -1.641266
      -2.674996    -3.375715    -0.548002
      -2.675037    -3.375941     0.544600
      -2.677495    -3.379310     1.637699
      -3.572125    -2.738283    -2.733268
      -3.563889    -2.732226    -1.639281
      -3.563810    -2.730569    -0.547671
      -3.563768    -2.730705     0.543979
      -3.563797    -2.732300     1.635462
      -4.453880    -2.083682    -1.639476
      -4.454066    -2.083997    -0.548241
      -4.454020    -2.084070     0.544412
      -4.453809    -2.083635     1.635564
      -0.000632    -4.362323    -3.288027
       4.437608    -1.130536    -3.282197
       2.742034     4.086468    -3.280209
      -2.745001     4.086351    -3.280186
      -4.440290    -1.130965    -3.282062
      -0.001458     0.314293    -6.058977
      -0.002046    -5.292668    -2.732822
      -0.001566    -5.293338    -1.640738
      -0.001587    -5.292426    -0.548704
      -0.001745    -5.292461     0.544066
       5.343024    -1.429314    -2.763661
       5.340092    -1.431020    -1.653636
       5.339175    -1.430978    -0.552119
       5.339127    -1.431070     0.547965
       3.302554     4.857047    -2.762505
       3.300511     4.853394    -1.652334
       3.299949     4.852040    -0.551666
       3.299982     4.852019     0.547379
      -3.305505     4.856937    -2.762481
      -3.303397     4.853332    -1.652313
      -3.302766     4.852028    -0.551647
      -3.302738     4.852053     0.547397
      -5.345722    -1.429544    -2.763540
      -5.342836    -1.431048    -1.653494
      -5.341936    -1.430899    -0.551967
      -5.341914    -1.430950     0.548083
      -0.001457    -0.620597    -6.624934
      -0.001437    -1.564578    -6.061813
      -0.001442    -2.505032    -5.503085
      -0.001517    -3.445420    -4.945738
      -0.001856    -4.387449    -4.388103
       0.889347     0.026025    -6.623838
       1.787199    -0.265862    -6.059634
       2.682108    -0.556853    -5.499389
       3.577479    -0.848192    -4.939770
       4.477033    -1.141107    -4.378648
       0.548907     1.072253    -6.622891
       1.103847     1.835049    -6.057938
       1.656958     2.595363    -5.497181
       2.210397     3.356258    -4.937241
       2.766472     4.121000    -4.375793
      -0.551887     1.072199    -6.622878
      -1.106842     1.834962    -6.057918
      -1.659958     2.595251    -5.497158
      -2.213400     3.356127    -4.937215
      -2.769485     4.120852    -4.375765
      -0.892288     0.025943    -6.623795
      -1.790089    -0.266066    -6.059534
      -2.684928    -0.557210    -5.499227
      -3.580224    -0.848693    -4.939568
      -4.479721    -1.141712    -4.378420
       0.896197    -0.919909    -6.058005
       1.450967     0.786323    -6.055788
      -0.001500     1.840713    -6.055186
      -1.453919     0.786196    -6.055753
      -0.899075    -0.919993    -6.057944
       1.792737    -1.213462    -5.499504
       0.898194    -1.862821    -5.500696
       2.007102     1.547266    -5.496455
       2.348784     0.496510    -5.497083
      -0.554315     2.604087    -5.495990
       0.551307     2.604123    -5.495997
      -2.351693     0.496278    -5.497027
      -2.010058     1.547108    -5.496420
      -0.901043    -1.862898    -5.500613
      -1.795567    -1.213709    -5.499341
       2.688853    -1.505729    -4.941083
       1.796239    -2.158483    -4.944288
       0.898906    -2.804565    -4.943994
       2.561803     2.308384    -4.937445
       2.907489     1.258207    -4.939602
       3.245432     0.205650    -4.938442
      -1.107686     3.366232    -4.937061
      -0.001506     3.370289    -4.938812
       1.104675     3.366295    -4.937070
      -3.248278     0.205298    -4.938365
      -2.910397     1.257963    -4.939558
      -2.564759     2.308208    -4.937409
      -0.901779    -2.804607    -4.943865
      -1.799032    -2.158812    -4.944014
      -2.691605    -1.506172    -4.940822
       3.586354    -1.797971    -4.381572
       2.694038    -2.452445    -4.387307
       1.797707    -3.102316    -4.389033
       0.898871    -3.746756    -4.387304
       3.116676     3.071120    -4.377483
       3.464335     2.020432    -4.381757
       3.806573     0.967548    -4.382082
       4.143009    -0.086486    -4.378648
      -1.662384     4.129176    -4.377159
      -0.555305     4.134983    -4.381156
       0.552291     4.135011    -4.381157
       1.659368     4.129259    -4.377167
      -4.145789    -0.086938    -4.378558
      -3.809421     0.967217    -4.382032
      -3.467242     2.020186    -4.381715
      -3.119635     3.070931    -4.377444
      -0.901926    -3.746669    -4.386989
      -1.800479    -3.102837    -4.388490
      -2.696699    -2.453046    -4.386871
      -3.589016    -1.798567    -4.381273
       4.493477    -2.087161    -3.817965
       4.450105    -2.081736    -2.728534
       3.593873    -2.745486    -3.828915
       2.696288    -3.398138    -3.833256
       1.797911    -4.046585    -3.833134
       0.898005    -4.691151    -3.829482
       0.896863    -4.666970    -2.734100
       3.671747     3.844103    -3.813661
       3.652070     3.806174    -2.724837
       4.020615     2.784996    -3.822395
       4.366021     1.730564    -3.824916
       4.706455     0.674605    -3.822818
       5.046679    -0.386996    -3.815066
       5.009426    -0.371977    -2.725818
      -2.226446     4.895650    -3.813403
      -2.197804     4.864929    -2.724608
      -1.111273     4.900051    -3.821923
      -0.001509     4.902643    -3.824285
       1.108253     4.900101    -3.821919
       2.223422     4.895749    -3.813407
       2.194849     4.865011    -2.724607
      -5.049401    -0.387458    -3.814971
      -5.012142    -0.372246    -2.725744
      -4.709242     0.674223    -3.822773
      -4.368877     1.730257    -3.824877
      -4.023533     2.784747    -3.822351
      -3.674724     3.843893    -3.813619
      -3.655003     3.806041    -2.724795
      -0.901847    -4.690568    -3.828196
      -0.897122    -4.664272    -2.734060
      -1.800748    -4.047668    -3.831801
      -2.698762    -3.399042    -3.832418
      -3.596372    -2.746256    -3.828459
      -4.496044    -2.087882    -3.817669
      -4.452778    -2.082149    -2.728352
       5.353445    -2.393419    -2.209673
       5.353832    -2.389518    -1.102797
       5.353792    -2.388720    -0.002091
       4.498231    -3.039411    -3.265678
       4.455784    -3.036070    -2.176996
       4.456408    -3.034340    -1.091215
       4.456287    -3.033082    -0.002114
       4.456164    -3.034540     1.086986
       3.595131    -3.694052    -3.275433
       3.573680    -3.685240    -2.180444
       3.567729    -3.679581    -1.090780
       3.566997    -3.678187    -0.002108
       3.567387    -3.679777     1.086560
       2.696860    -4.345143    -3.277645
       2.685055    -4.330048    -2.182101
       2.680023    -4.323581    -1.091632
       2.678750    -4.322121    -0.002101
       2.679539    -4.323791     1.087421
       1.796796    -4.992999    -3.275450
       1.793538    -4.970660    -2.180420
       1.789643    -4.963357    -1.090721
       1.788167    -4.962373    -0.002097
       1.788937    -4.963575     1.086514
       0.898743    -5.602399    -2.177754
       0.897002    -5.601281    -1.091079
       0.895290    -5.600898    -0.001958
       4.222811     4.574756    -2.205697
       4.220548     4.573697    -1.101328
       4.220209     4.572680    -0.002162
       4.582757     3.554069    -3.260417
       4.576489     3.529227    -2.170922
       4.571177     3.529414    -1.087039
       4.570077     3.528608    -0.002150
       4.571219     3.529340     1.082740
       4.931001     2.497288    -3.266861
       4.921308     2.486205    -2.176601
       4.916391     2.484396    -1.089564
       4.915245     2.483588    -0.002131
       4.916418     2.484306     1.085301
       5.274094     1.441153    -3.266872
       5.260821     1.440367    -2.176590
       5.256360     1.436640    -1.089549
       5.255127     1.435896    -0.002108
       5.256368     1.436529     1.085329
       5.613364     0.381441    -3.260593
       5.594377     0.393289    -2.170929
       5.590489     0.387569    -1.087018
       5.589203     0.386860    -0.002082
       5.590471     0.387432     1.082848
       5.921738    -0.661500    -2.205701
       5.919504    -0.664411    -1.101413
       5.918802    -0.664403    -0.002046
      -2.753168     5.644742    -2.205337
      -2.753725     5.641933    -1.101109
      -2.753176     5.641169    -0.002152
      -1.669467     5.672228    -3.259978
      -1.649508     5.658303    -2.170529
      -1.652291     5.653108    -1.086817
      -1.652186     5.651745    -0.002156
      -1.652224     5.653146     1.082505
      -0.556765     5.676864    -3.266418
      -0.551104     5.664166    -2.176237
      -0.551974     5.658876    -1.089366
      -0.551891     5.657523    -0.002151
      -0.551905     5.658901     1.085062
       0.553735     5.676886    -3.266410
       0.548160     5.664181    -2.176229
       0.549113     5.658883    -1.089358
       0.549106     5.657522    -0.002143
       0.549185     5.658893     1.085070
       1.666436     5.672294    -3.259960
       1.646564     5.658347    -2.170508
       1.649430     5.653128    -1.086795
       1.649401     5.651741    -0.002135
       1.649504     5.653121     1.082524
       2.750227     5.644811    -2.205312
       2.750865     5.641964    -1.101084
       2.750393     5.641160    -0.002128
      -5.924495    -0.661674    -2.205667
      -5.922288    -0.664427    -1.101362
      -5.921609    -0.664325    -0.001990
      -5.616125     0.381052    -3.260578
      -5.597145     0.393100    -2.170918
      -5.593272     0.387532    -1.087003
      -5.592006     0.386923    -0.002063
      -5.593289     0.387571     1.082867
      -5.276915     1.440804    -3.266853
      -5.263628     1.440185    -2.176570
      -5.259161     1.436592    -1.089527
      -5.257926     1.435943    -0.002085
      -5.259165     1.436651     1.085351
      -4.933885     2.496985    -3.266823
      -4.924157     2.486042    -2.176561
      -4.919212     2.484345    -1.089524
      -4.918042     2.483623    -0.002092
      -4.919194     2.484411     1.085336
      -4.585700     3.553804    -3.260363
      -4.579375     3.529085    -2.170863
      -4.574013     3.529366    -1.086982
      -4.572871     3.528636    -0.002096
      -4.573977     3.529430     1.082788
      -4.225724     4.574633    -2.205630
      -4.223396     4.573652    -1.101264
      -4.222998     4.572703    -0.002102
      -0.902912    -5.605232    -2.181189
      -0.899729    -5.602795    -1.093973
      -0.898536    -5.601586    -0.004159
      -1.799688    -4.997221    -3.271896
      -1.795089    -4.968980    -2.181558
      -1.792115    -4.965056    -1.093155
      -1.790939    -4.963609    -0.004266
      -1.792128    -4.964237     1.084844
      -2.698978    -4.346709    -3.275743
      -2.687635    -4.329894    -2.180765
      -2.682526    -4.322943    -1.090354
      -2.681365    -4.322099    -0.001364
      -2.682538    -4.323814     1.087764
      -3.597261    -3.695126    -3.274683
      -3.576284    -3.685358    -2.179938
      -3.570470    -3.679199    -1.090249
      -3.569660    -3.678095    -0.001729
      -3.570300    -3.679694     1.086820
      -4.500563    -3.040333    -3.265263
      -4.458574    -3.036340    -2.176735
      -4.459210    -3.034138    -1.090895
      -4.459005    -3.032993    -0.001862
      -4.459026    -3.034392     1.087183
      -5.356184    -2.393432    -2.209445
      -5.356630    -2.389392    -1.102533
      -5.356532    -2.388643    -0.001899
      -0.001404     0.312970     4.950832
      -0.001826    -5.292871     1.635961
       5.339970    -1.431252     1.649459
       3.300603     4.853338     1.648045
      -3.303309     4.853410     1.648062
      -5.342815    -1.431052     1.649564
       5.353651    -2.389735     1.098602
       0.895965    -5.601493     1.087204
       4.220607     4.573634     1.097005
       5.919449    -0.664575     1.097308
      -2.753659     5.641981     1.096804
       2.750941     5.641938     1.096825
      -5.922279    -0.664426     1.097354
      -4.223344     4.573714     1.097059
      -0.899509    -5.601864     1.085576
      -5.356488    -2.389568     1.098758
      -0.001445    -0.620831     5.501331
      -0.001500    -1.556045     4.946486
      -0.001583    -2.492013     4.391558
      -0.001705    -3.428056     3.837174
       0.887828     0.025126     5.500577
       1.777011    -0.264076     4.944888
       2.666397    -0.553513     4.389086
       3.554333    -0.842796     3.833893
       0.548128     1.069821     5.499793
       1.097688     1.825263     4.943524
       1.647416     2.580985     4.387358
       2.196277     3.335656     3.831969
      -0.550901     1.069846     5.499798
      -1.100428     1.825312     4.943532
      -1.650129     2.581052     4.387368
      -2.198970     3.335739     3.831981
      -0.890660     0.025170     5.500582
      -1.779858    -0.263992     4.944909
      -2.669260    -0.553376     4.389138
      -3.557214    -0.842599     3.833971
       0.891419    -0.915032     4.946679
       1.443289     0.782468     4.944922
      -0.001370     1.831547     4.944349
      -1.446076     0.782536     4.944932
      -0.894331    -0.914995     4.946668
       1.783360    -1.207570     4.391822
       0.893482    -1.854005     4.392682
       1.996960     1.539586     4.389323
       2.336767     0.494164     4.389828
      -0.551242     2.591501     4.388864
       0.548529     2.591479     4.388861
      -2.339568     0.494274     4.389850
      -1.999715     1.539673     4.389336
      -0.896507    -1.853986     4.392635
      -1.786287    -1.207503     4.391832
       2.674308    -1.499360     3.836567
       1.787186    -2.149424     3.838784
       0.894546    -2.792413     3.838418
       2.549435     2.296321     3.833521
       2.893865     1.252291     3.834877
       3.228959     0.205306     3.834302
      -1.101064     3.350287     3.833143
      -0.001347     3.355148     3.834145
       1.098371     3.350246     3.833139
      -3.231778     0.205464     3.834339
      -2.896636     1.252419     3.834898
      -2.552166     2.296424     3.833537
      -0.897735    -2.792438     3.838286
      -1.790216    -2.149401     3.838759
      -2.677245    -1.499235     3.836630
       3.563217    -1.791248     3.281176
       2.679480    -2.443753     3.284467
       1.789213    -3.090291     3.285289
       0.895111    -3.730181     3.284189
       3.101132     3.051644     3.277584
       3.449215     2.010137     3.279476
       3.789093     0.964026     3.279750
       4.119647    -0.083108     3.278483
      -1.649664     4.108041     3.277270
      -0.551399     4.117196     3.278922
       0.548720     4.117177     3.278923
       1.646986     4.107985     3.277269
      -4.122487    -0.082901     3.278532
      -3.791885     0.964195     3.279779
      -3.451966     2.010275     3.279499
      -3.103844     3.051758     3.277606
      -0.898530    -3.730286     3.283868
      -1.792385    -3.090359     3.285166
      -2.682508    -2.443652     3.284538
      -3.566163    -1.791054     3.281278
       3.569228    -2.738083     2.729329
       2.682139    -3.386925     2.731450
       1.790425    -4.030479     2.731365
       4.004551     2.767456     2.722623
       4.347572     1.722787     2.724601
       4.683874     0.675781     2.722981
      -1.100862     4.879203     2.722209
      -0.001334     4.882710     2.724047
       1.098193     4.879170     2.722215
      -4.686688     0.675983     2.723011
      -4.350346     1.722958     2.724628
      -4.007287     2.767601     2.722653
      -1.793778    -4.030703     2.730965
      -2.685291    -3.386858     2.731527
      -3.572254    -2.737899     2.729460
      -0.001864    -4.362554     3.283322
       4.437485    -1.130744     3.277973
       2.742168     4.086405     3.275923
      -2.744843     4.086500     3.275936
      -4.440374    -1.130489     3.278060
       4.449885    -2.081969     2.724299
       0.896219    -4.666601     2.729697
       3.652180     3.806077     2.720542
       5.009344    -0.372203     2.721617
      -2.197659     4.865043     2.720325
       2.194990     4.864972     2.720328
      -5.012199    -0.371967     2.721665
      -3.654875     3.806196     2.720570
      -0.899911    -4.666805     2.728991
      -4.452823    -2.081709     2.724411
      -0.001986    -5.291793     2.728264
       5.342866    -1.429607     2.759455
       3.302694     4.856970     2.758212
      -3.305361     4.857074     2.758229
      -5.345767    -1.429335     2.759563
      -0.001407     0.314355     6.054739
       5.353186    -2.393739     2.205452
       4.455442    -3.036334     2.172761
       3.573221    -3.685462     2.176210
       2.684440    -4.330232     2.177855
       1.792735    -4.970779     2.176137
       0.897606    -5.602213     2.173759
       4.222921     4.574646     2.201374
       4.576570     3.529096     2.166621
       4.921358     2.486049     2.172335
       5.260836     1.440178     2.172363
       5.594347     0.393060     2.166743
       5.921646    -0.661770     2.201573
      -2.753036     5.644839     2.201030
      -1.649373     5.658379     2.166215
      -0.550966     5.664217     2.171932
       0.548300     5.664203     2.171939
       1.646707     5.658336     2.166232
       2.750370     5.644767     2.201049
      -5.924506    -0.661533     2.201614
      -5.597174     0.393277     2.166762
      -5.263628     1.440370     2.172384
      -4.924115     2.486216     2.172366
      -4.579295     3.529242     2.166664
      -4.225616     4.574773     2.201425
      -0.901384    -5.602327     2.172433
      -1.796280    -4.971165     2.174836
      -2.687745    -4.330203     2.177956
      -3.576362    -3.685311     2.176380
      -4.458440    -3.036084     2.172906
      -5.356133    -2.393479     2.205602
      -0.001448    -0.620520     6.620710
      -0.001510    -1.564490     6.057563
      -0.001608    -2.504903     5.498785
      -0.001759    -3.445159     4.941382
      -0.001986    -4.386851     4.383817
       0.889377     0.026065     6.619614
       1.787198    -0.265872     6.055404
       2.682074    -0.556917     5.495155
       3.577410    -0.848323     4.935536
       4.476931    -1.141314     4.374414
       0.548997     1.072309     6.618644
       1.103957     1.835075     6.053680
       1.657084     2.595360     5.492913
       2.210540     3.356228     4.932962
       2.766635     4.120942     4.371503
      -0.551769     1.072334     6.618649
      -1.106692     1.835127     6.053689
      -1.659790     2.595436     5.492923
      -2.213220     3.356323     4.932974
      -2.769292     4.121054     4.371517
      -0.892215     0.026108     6.619612
      -1.790051    -0.265783     6.055414
      -2.684948    -0.556769     5.495195
      -3.580311    -0.848106     4.935606
      -4.479858    -1.141028     4.374505
       0.896159    -0.919864     6.053775
       1.451017     0.786325     6.051537
      -0.001368     1.840803     6.050933
      -1.453805     0.786398     6.051546
      -0.899082    -0.919829     6.053756
       1.792664    -1.213462     5.495271
       0.898071    -1.862746     5.496452
       2.007173     1.547237     5.492193
       2.348803     0.496462     5.492831
      -0.554155     2.604205     5.491734
       0.551450     2.604180     5.491731
      -2.351606     0.496583     5.492848
      -2.009924     1.547334     5.492204
      -0.901126    -1.862728     5.496395
      -1.795607    -1.213387     5.495264
       2.688745    -1.505789     4.936844
       1.796081    -2.158451     4.940046
       0.898688    -2.804404     4.939720
       2.561894     2.308328     4.933173
       2.907529     1.258127     4.935341
       3.245419     0.205546     4.934195
      -1.107509     3.366368     4.932799
      -0.001340     3.370370     4.934540
       1.104829     3.366321     4.932795
      -3.248243     0.205723     4.934226
      -2.910297     1.258271     4.935358
      -2.564617     2.308445     4.933187
      -0.901943    -2.804423     4.939582
      -1.799152    -2.158411     4.939995
      -2.691710    -1.505649     4.936885
       3.586210    -1.798105     4.377330
       2.693840    -2.452486     4.383057
       1.797454    -3.102211     4.384756
       0.898586    -3.746394     4.382956
       3.116787     3.071038     4.373199
       3.464396     2.020325     4.377488
       3.806582     0.967413     4.377829
       4.142963    -0.086654     4.374411
      -1.662196     4.129321     4.372887
      -0.555125     4.135081     4.376876
       0.552464     4.135059     4.376877
       1.659537     4.129256     4.372885
      -4.145813    -0.086418     4.374455
      -3.809374     0.967606     4.377853
      -3.467139     2.020483     4.377507
      -3.119486     3.071171     4.373218
      -0.902139    -3.746484     4.382653
      -1.800704    -3.102248     4.384602
      -2.696927    -2.452367     4.383090
      -3.589201    -1.797888     4.377414
       4.493296    -2.087383     3.813723
       3.593624    -2.745621     3.824665
       2.695975    -3.398147     3.828976
       1.797590    -4.046349     3.828752
       0.897949    -4.690338     3.824874
       3.671883     3.843990     3.809364
       4.020701     2.784862     3.818114
       4.366057     1.730404     3.820659
       4.706435     0.674413     3.818584
       5.046603    -0.387223     3.810848
      -2.226249     4.895801     3.809119
      -1.111082     4.900161     3.817630
      -0.001322     4.902709     3.819995
       1.108439     4.900120     3.817635
       2.223609     4.895719     3.809120
      -5.049479    -0.386947     3.810896
      -4.709254     0.674652     3.818612
      -4.368824     1.730606     3.820682
      -4.023421     2.785036     3.818140
      -3.674559     3.844143     3.809389
      -0.901909    -4.690548     3.824247
      -1.801071    -4.046536     3.828351
      -2.699225    -3.398062     3.828990
      -3.596739    -2.745404     3.824764
      -4.496320    -2.087078     3.813828
       4.497923    -3.039653     3.261433
       3.594734    -3.694201     3.271187
       2.696385    -4.345178     3.273355
       1.796314    -4.992883     3.271055
       4.582870     3.553904     3.256117
       4.931068     2.497100     3.262592
       5.274112     1.440936     3.262638
       5.613326     0.381193     3.256392
      -1.669264     5.672342     3.255664
      -0.556563     5.676941     3.262111
       0.553938     5.676922     3.262117
       1.666640     5.672286     3.255679
      -5.616164     0.381466     3.256412
      -5.276900     1.441181     3.262658
      -4.933809     2.497318     3.262621
      -4.585567     3.554098     3.256155
      -1.800001    -4.993300     3.269985
      -2.699839    -4.345132     3.273336
      -3.598018    -3.693987     3.271303
      -4.501079    -3.039327     3.261559
      -0.004475    -5.334323    -3.826844
       0.891575    -5.643299    -3.266876
      -0.903068    -5.646298    -3.264012
       0.001058    -6.246339    -2.213072
       0.001055    -6.241923    -1.101374
      -0.000655    -6.241761    -0.000342
      -0.001409    -6.242456     1.101161
      -0.001769    -6.245960     2.212219
      -0.002281    -5.333358     3.824131
       0.891296    -5.643073     3.262549
      -0.895606    -5.643531     3.261365
       5.360867    -3.355342    -1.657079
       5.360715    -3.351847    -0.552416
       5.360544    -3.351989     0.548160
       5.360475    -3.355679     1.652824
       4.499852    -3.996667    -2.715340
       4.472154    -4.001841    -1.626169
       4.472200    -3.996317    -0.543521
       4.471980    -3.996455     0.539315
       4.471650    -4.002153     1.621959
       4.499392    -3.996935     2.711119
       3.600335    -4.649402    -2.721191
       3.586746    -4.644782    -1.631253
       3.584895    -4.640398    -0.545122
       3.584589    -4.640549     0.540959
       3.586069    -4.645095     1.627072
       3.599788    -4.649587     2.716982
       2.701323    -5.298787    -2.721089
       2.698451    -5.286226    -1.631190
       2.694966    -5.283021    -0.545082
       2.694517    -5.283198     0.540952
       2.697506    -5.286573     1.627014
       2.700691    -5.298899     2.716851
       1.798237    -5.946923    -2.715184
       1.807846    -5.924211    -1.626074
       1.802846    -5.922386    -0.543427
       1.802177    -5.922597     0.539350
       1.806467    -5.924576     1.621917
       1.797512    -5.946962     2.710862
       0.908680    -6.560865    -1.656224
       0.906590    -6.559807    -0.551078
       0.905438    -6.559809     0.549793
       0.906499    -6.560855     1.654780
      -0.903098    -6.563877    -1.650390
      -0.906439    -6.560215    -0.549181
      -0.907585    -6.560080     0.550164
      -0.909681    -6.561079     1.654670
      -1.810832    -5.926549    -1.651235
      -1.805456    -5.924177    -0.555951
      -1.805347    -5.923587     0.532354
      -1.809968    -5.925133     1.617507
      -1.801549    -5.947175     2.707567
      -2.699477    -5.303936    -2.716203
      -2.703210    -5.284288    -1.626150
      -2.697665    -5.283166    -0.542535
      -2.697546    -5.283382     0.542033
      -2.700872    -5.286690     1.627347
      -2.704490    -5.298836     2.716842
      -3.601205    -4.651296    -2.719882
      -3.590534    -4.643652    -1.630150
      -3.587443    -4.640298    -0.544476
      -3.587484    -4.640534     0.541343
      -3.589286    -4.645036     1.627305
      -3.603328    -4.649371     2.717139
      -4.501418    -3.997884    -2.714720
      -4.475469    -4.001287    -1.625595
      -4.474823    -3.996257    -0.543131
      -4.474800    -3.996356     0.539587
      -4.474728    -4.001969     1.622166
      -4.502747    -3.996592     2.711284
      -5.364008    -3.355013    -1.656745
      -5.363407    -3.351821    -0.552153
      -5.363350    -3.351880     0.548382
      -5.363469    -3.355444     1.653029