
      -0.007964     0.316425    -0.544964
      -0.008055     0.316448     0.555561
      -0.007973    -0.610792     0.005239
       0.874058     0.029989     0.005124
       0.537019     1.066567     0.005292
      -0.553141     1.066562     0.005405
      -0.890053     0.030044     0.005398
      -0.007889    -0.610755    -1.095303
       0.874406     0.030127    -1.095079
       0.537289     1.066956    -1.094642
      -0.553257     1.067017    -1.094503
      -0.890250     0.030232    -1.094751
      -0.007992     0.316991    -1.645402
      -0.007897    -1.540370    -0.544848
       1.759092    -0.257457    -0.544478
       1.083838     1.819145    -0.543913
      -1.100021     1.819172    -0.543749
      -1.774958    -0.257300    -0.543959
      -0.008131    -0.610730     1.105853
      -0.007994    -0.610656    -2.195611
       0.874071     0.030232     1.105425
       0.874984     0.030605    -2.195133
       0.537010     1.067098     1.105276
       0.537689     1.068203    -2.194622
      -0.553379     1.067059     1.105340
      -0.553740     1.068328    -2.194510
      -0.890349     0.030245     1.105578
      -0.890997     0.030777    -2.194897
       0.878673    -0.903206     0.555246
       0.879455    -0.903615    -1.645061
       0.878943    -0.903250    -0.545007
       1.426456     0.782605     0.554940
       1.427715     0.783094    -1.644027
       1.426722     0.782486    -0.544496
      -0.008179     1.824782     0.554946
      -0.008049     1.826006    -1.643514
      -0.008084     1.824725    -0.544190
      -1.442757     0.782596     0.555091
      -1.443576     0.783389    -1.643671
      -1.442732     0.782598    -0.544207
      -0.894802    -0.903165     0.555435
      -0.895170    -0.903497    -1.644782
      -0.894735    -0.903169    -0.544720
      -0.008042    -1.540372     0.555319
      -0.007920    -1.540987    -1.644799
       1.758759    -0.257349     0.554641
       1.760112    -0.257398    -1.643629
       1.083683     1.819245     0.554574
       1.084446     1.820195    -1.642659
      -1.100066     1.819192     0.554679
      -1.100537     1.820345    -1.642464
      -1.774983    -0.257313     0.554904
      -1.775739    -0.257069    -1.642991
      -0.008189     0.317054     1.656105
      -0.008151     0.317967    -2.745750
      -0.007946    -2.472444    -1.093609
      -0.007992    -2.471780     0.005233
       2.646938    -0.546164    -1.091909
       2.646130    -0.545971     0.005324
       1.632346     2.574222    -1.090967
       1.632039     2.573841     0.005353
      -1.648643     2.574300    -1.090749
      -1.648466     2.573797     0.005503
      -2.662620    -0.545848    -1.091218
      -2.662357    -0.545935     0.005533
      -0.008272    -0.610609     2.206329
      -0.008323    -0.610644    -3.295669
      -0.008202    -1.540994     1.655402
      -0.008260    -1.542140    -2.744285
       0.874553     0.030797     2.205751
       0.875833     0.031370    -3.295022
       1.759249    -0.257074     1.653929
       1.761876    -0.257098    -2.742677
       0.537303     1.068439     2.205383
       0.538157     1.070231    -3.294523
       1.084071     1.820471     1.653368
       1.085548     1.822660    -2.741710
      -0.553893     1.068391     2.205410
      -0.554594     1.070377    -3.294458
      -1.100637     1.820390     1.653428
      -1.101810     1.822894    -2.741521
      -0.891093     0.030775     2.205798
      -0.892334     0.031624    -3.294933
      -1.775769    -0.257122     1.653978
      -1.777790    -0.256600    -2.742272
       0.878839    -0.903501     1.655497
       0.880242    -0.904264    -2.744720
       1.427074     0.783444     1.654572
       1.429391     0.784554    -2.743449
      -0.008274     1.826153     1.654328
      -0.008137     1.828742    -2.742873
      -1.443618     0.783373     1.654616
      -1.445467     0.784986    -2.743143
      -0.895289    -0.903503     1.655577
      -0.896435    -0.904068    -2.744549
       1.766625    -1.194730     1.104042
       1.768880    -1.195971    -2.192673
       1.767479    -1.194931    -1.093928
       1.766794    -1.194448     0.005031
       0.881152    -1.837227     1.104741
       0.882387    -1.838977    -2.193554
       0.881641    -1.837255    -1.094423
       0.881159    -1.836613     0.005105
       1.978189     1.537280     1.103183
       1.980651     1.538443    -2.190865
       1.978576     1.537010    -1.092564
       1.977883     1.536783     0.005320
       2.316359     0.496635     1.103359
       2.319474     0.497190    -2.191331
       2.317100     0.496276    -1.092938
       2.316179     0.496128     0.005227
      -0.555378     2.583017     1.103058
      -0.555518     2.585738    -2.190273
      -0.555263     2.582947    -1.092179
      -0.555304     2.582264     0.005428
       0.538846     2.583048     1.103014
       0.539266     2.585660    -2.190368
       0.539020     2.582910    -1.092269
       0.538928     2.582269     0.005359
      -2.332891     0.496549     1.103437
      -2.335095     0.497900    -2.190737
      -2.332910     0.496594    -1.092410
      -2.332418     0.496173     0.005499
      -1.994722     1.537195     1.103257
      -1.996759     1.538909    -2.190468
      -1.994714     1.537221    -1.092253
      -1.994235     1.536791     0.005489
      -0.897425    -1.837205     1.104863
      -0.898446    -1.838923    -2.193330
      -0.897341    -1.837199    -1.094160
      -0.897078    -1.836553     0.005327
      -1.783025    -1.194741     1.104206
      -1.784381    -1.195663    -2.192127
      -1.783004    -1.194714    -1.093303
      -1.782802    -1.194354     0.005436
      -0.008130    -2.472479     1.104133
      -0.008209    -2.474510    -2.192317
       2.646038    -0.545799     1.102418
       2.649008    -0.546205    -2.189571
       1.632145     2.574409     1.101668
       1.633271     2.575988    -2.188018
      -1.648702     2.574314     1.101770
      -1.649566     2.576219    -2.187752
      -2.662605    -0.545908     1.102303
      -2.664046    -0.545428    -2.188572
      -0.008309     0.318051     2.756599
      -0.008416     0.319214    -3.846221
      -0.008154    -3.407411    -1.639761
      -0.008034    -3.405892    -0.542978
      -0.008100    -3.405924     0.553467
       3.537652    -0.836197    -1.636374
       3.536516    -0.836060    -0.541130
       3.536162    -0.835904     0.553554
       2.182704     3.331945    -1.635589
       2.182402     3.331292    -0.541609
       2.182346     3.331367     0.552301
      -2.199111     3.332101    -1.635291
      -2.198887     3.331281    -0.541389
      -2.198917     3.331276     0.552463
      -3.553125    -0.835621    -1.635967
      -3.552875    -0.836152    -0.541567
      -3.552850    -0.836192     0.552759
      -0.008373    -0.610600     3.306546
      -0.008820    -0.611120    -4.395859
      -0.008316    -1.542155     2.755044
      -0.008895    -1.544209    -3.843337
      -0.008236    -2.474583     2.202956
      -0.008867    -2.478087    -3.290379
       0.875549     0.031608     3.305935
       0.877282     0.032260    -4.395109
       1.760984    -0.256631     2.753415
       1.764712    -0.256637    -3.841538
       2.647158    -0.545398     2.199995
       2.652954    -0.546126    -3.287317
       0.537889     1.070471     3.305427
       0.538898     1.073179    -4.394537
       1.085167     1.823015     2.752508
       1.087255     1.826700    -3.840588
       1.632967     2.576335     2.198741
       1.635697     2.580561    -3.286000
      -0.554649     1.070424     3.305431
      -0.555991     1.073285    -4.394475
      -1.101880     1.822930     2.752540
      -1.104016     1.826904    -3.840393
      -1.649638     2.576226     2.198812
      -1.652263     2.580837    -3.285700
      -0.892291     0.031559     3.305912
      -0.894517     0.032554    -4.395073
      -1.777717    -0.256729     2.753322
      -1.781390    -0.256057    -3.841398
      -2.663953    -0.545568     2.199702
      -2.668482    -0.545077    -3.286881
       0.879731    -0.904095     2.755450
       0.881470    -0.905341    -3.843923
       1.428719     0.785028     2.754205
       1.431911     0.786920    -3.842438
      -0.008352     1.828918     2.753776
      -0.008371     1.833052    -3.841808
      -1.445444     0.784926     2.754181
      -1.448639     0.787335    -3.842178
      -0.896414    -0.904131     2.755452
      -0.898698    -0.905075    -3.843786
       1.767643    -1.195682     2.203111
       1.771407    -1.197545    -3.290844
       0.881879    -1.838961     2.204102
       0.883507    -1.841844    -3.291857
       1.980061     1.538970     2.201525
       1.984220     1.541744    -3.288838
       2.318287     0.497943     2.201890
       2.323478     0.499001    -3.289239
      -0.555678     2.585846     2.201213
      -0.556494     2.591027    -3.288110
       0.539013     2.585885     2.201185
       0.539977     2.590937    -3.288200
      -2.335016     0.497792     2.201837
      -2.339588     0.499845    -3.288761
      -1.996738     1.538843     2.201541
      -2.000715     1.542271    -3.288397
      -0.898420    -1.838973     2.204147
      -0.900764    -1.841721    -3.291611
      -1.784313    -1.195752     2.203105
      -1.787876    -1.197120    -3.290496
       2.656279    -1.486995     1.650343
       2.661213    -1.489399    -2.737179
       2.658181    -1.487527    -1.640269
       2.656930    -1.486380    -0.543246
       2.656380    -1.486186     0.553519
       1.771620    -2.133286     1.652306
       1.775095    -2.136740    -2.739495
       1.772676    -2.133364    -1.642125
       1.771321    -2.131530    -0.544055
       1.770845    -2.131444     0.554041
       0.883212    -2.773600     1.652267
       0.884824    -2.777768    -2.739254
       0.883582    -2.773503    -1.641890
       0.882623    -2.771545    -0.543850
       0.882402    -2.771563     0.554136
       2.531098     2.293851     1.648579
       2.535372     2.296382    -2.734479
       2.531379     2.293475    -1.637927
       2.530188     2.292975    -0.542308
       2.530104     2.293075     0.553020
       2.873382     1.253058     1.649841
       2.879016     1.254923    -2.736050
       2.874033     1.252492    -1.639272
       2.871970     1.251731    -0.542741
       2.871779     1.251870     0.553417
       3.208068     0.209740     1.649261
       3.214286     0.210234    -2.735342
       3.209575     0.208938    -1.638761
       3.207753     0.208425    -0.542576
       3.207344     0.208615     0.553305
      -1.103933     3.342890     1.648411
      -1.104611     3.348107    -2.733756
      -1.103813     3.342847    -1.637427
      -1.103954     3.341351    -0.542077
      -1.104003     3.341369     0.553026
      -0.008319     3.346915     1.649372
      -0.008197     3.352810    -2.735004
      -0.008151     3.346801    -1.638520
      -0.008191     3.344609    -0.542467
      -0.008258     3.344654     0.553274
       1.087290     3.342953     1.648338
       1.088199     3.347974    -2.733937
       1.087484     3.342767    -1.637600
       1.087544     3.341341    -0.542219
       1.087470     3.341410     0.552923
      -3.224820     0.209524     1.649112
      -3.229501     0.211736    -2.734522
      -3.224920     0.209640    -1.637932
      -3.223883     0.208525    -0.542208
      -3.223854     0.208489     0.553346
      -2.890038     1.252909     1.649868
      -2.895225     1.255844    -2.735393
      -2.890109     1.253011    -1.638729
      -2.888322     1.251829    -0.542450
      -2.888302     1.251796     0.553543
      -2.547741     2.293723     1.648650
      -2.551863     2.296929    -2.733978
      -2.547752     2.293796    -1.637543
      -2.546662     2.293022    -0.542080
      -2.546663     2.292999     0.553148
      -0.899590    -2.773603     1.652336
      -0.901924    -2.777819    -2.738905
      -0.899634    -2.773574    -1.641596
      -0.898529    -2.771556    -0.543617
      -0.898554    -2.771558     0.554269
      -1.788096    -2.133323     1.652433
      -1.791539    -2.136666    -2.738959
      -1.788171    -2.133281    -1.641522
      -1.786986    -2.131423    -0.543510
      -1.786985    -2.131430     0.554353
      -2.672976    -1.487131     1.650239
      -2.676299    -1.488803    -2.736333
      -2.673066    -1.487048    -1.639170
      -2.672768    -1.486224    -0.542647
      -2.672753    -1.486247     0.553672
      -0.008171    -3.407510     1.650302
      -0.008677    -3.411961    -2.737146
       3.536123    -0.835445     1.648052
       3.541369    -0.836324    -2.732594
       2.182532     3.332198     1.646265
       2.183624     3.333982    -2.730483
      -2.199183     3.332077     1.646389
      -2.200101     3.334284    -2.730131
      -3.553026    -0.835749     1.647186
      -3.554786    -0.834386    -2.731288
      -0.008400     0.319276     3.857186
      -0.008767     0.320658    -4.947465
      -0.008420    -4.344991    -2.182852
      -0.008126    -4.343361    -1.088388
      -0.008103    -4.343066     0.005238
      -0.008134    -4.343453     1.098876
       4.432122    -1.127334    -2.178122
       4.430669    -1.127493    -1.084812
       4.430122    -1.128177     0.008604
       4.430284    -1.127812     1.101867
       2.735759     4.093367    -2.180271
       2.735396     4.092362    -1.088117
       2.735109     4.091888     0.005322
       2.735310     4.092513     1.098750
      -2.752192     4.093656    -2.179891
      -2.751895     4.092437    -1.087809
      -2.751691     4.091827     0.005560
      -2.751960     4.092396     1.098938
      -4.447726    -1.126127    -2.180715
      -4.447310    -1.128242    -1.088154
      -4.446943    -1.128915     0.005649
      -4.447225    -1.128341     1.099464
      -0.008439    -0.611141     4.406786
      -0.009373    -0.612985    -5.498166
      -0.008383    -1.544259     3.854138
      -0.009597    -1.548234    -4.943465
      -0.008299    -2.478176     3.301059
      -0.009666    -2.484245    -4.388662
      -0.008215    -3.412081     2.747731
      -0.009472    -3.420339    -3.834395
       0.877334     0.032443     4.406171
       0.880175     0.032877    -5.497346
       1.764223    -0.256168     3.852678
       1.769581    -0.256504    -4.941612
       2.651279    -0.545127     3.298462
       2.659650    -0.546358    -4.385635
       3.537474    -0.834321     2.743398
       3.549696    -0.836879    -3.830039
       0.538947     1.073308     4.405515
       0.540538     1.077612    -5.496499
       1.087128     1.826965     3.851455
       1.090285     1.832943    -4.940275
       1.635503     2.580910     3.296758
       1.640204     2.588537    -4.384155
       2.183434     3.334352     2.741170
       2.189231     3.343074    -3.828790
      -0.555829     1.073265     4.405507
      -0.558430     1.077644    -5.496357
      -1.103952     1.826885     3.851469
      -1.107747     1.833036    -4.940005
      -1.652270     2.580803     3.296810
      -1.657286     2.588715    -4.383793
      -2.200160     3.334225     2.741267
      -2.206008     3.343359    -3.828389
      -0.894219     0.032378     4.406109
      -0.898321     0.033115    -5.497160
      -1.781105    -0.256294     3.852507
      -1.787395    -0.256072    -4.941369
      -2.668219    -0.545322     3.298066
      -2.676665    -0.545528    -4.385489
      -3.554552    -0.834619     2.742549
      -3.564494    -0.834837    -3.830233
       0.881519    -0.905188     3.854813
       0.883512    -0.907292    -4.943633
       1.431605     0.787310     3.853367
       1.435809     0.790119    -4.941723
      -0.008411     1.833180     3.852797
      -0.008704     1.839201    -4.940896
      -1.448457     0.787196     3.853305
      -1.453486     0.790360    -4.941341
      -0.898353    -0.905245     3.854770
      -0.902046    -0.907068    -4.943296
       1.770734    -1.197211     3.301663
       1.775586    -1.199971    -4.388868
       0.883670    -1.841826     3.302528
       0.885338    -1.846261    -4.389823
       1.983814     1.542285     3.299573
       1.989681     1.547105    -4.386236
       2.322525     0.499828     3.300082
       2.329563     0.501562    -4.386728
      -0.556583     2.591116     3.299126
      -0.558388     2.599091    -4.385339
       0.539811     2.591155     3.299109
       0.541368     2.599025    -4.385436
      -2.339386     0.499648     3.299948
      -2.346887     0.502082    -4.386169
      -2.000602     1.542142     3.299553
      -2.006951     1.547413    -4.385679
      -0.900373    -1.841861     3.302529
      -0.904244    -1.846101    -4.389346
      -1.787570    -1.197312     3.301555
      -1.793816    -1.199613    -4.388315
       2.659137    -1.488822     2.747722
       2.667140    -1.492035    -3.833789
       1.774547    -2.136731     2.749952
       1.779094    -2.141732    -3.836123
       0.885017    -2.777901     2.749716
       0.886495    -2.784687    -3.835663
       2.535078     2.296948     2.745114
       2.542331     2.303678    -3.830480
       2.878305     1.255849     2.746648
       2.886797     1.259480    -3.831984
       3.212386     0.211778     2.746045
       3.222410     0.212033    -3.831409
      -1.104728     3.348145     2.744799
      -1.108082     3.357845    -3.829588
      -0.008369     3.352945     2.745932
      -0.008355     3.362655    -3.830662
       1.087993     3.348211     2.744746
       1.091354     3.357712    -3.829773
      -3.229294     0.211524     2.745771
      -3.239015     0.213223    -3.830593
      -2.895074     1.255661     2.746606
      -2.903823     1.260152    -3.831178
      -2.551803     2.296797     2.745148
      -2.559285     2.304108    -3.829868
      -0.901540    -2.777912     2.749754
      -0.905344    -2.784597    -3.835135
      -1.791221    -2.136790     2.749964
      -1.797693    -2.141549    -3.835296
      -2.676031    -1.488979     2.747466
      -2.684612    -1.491443    -3.832983
       3.547788    -1.780290     2.193276
       3.558065    -1.784432    -3.278990
       3.551706    -1.781447    -2.183418
       3.549555    -1.779765    -1.088456
       3.548868    -1.779410     0.005829
       3.548328    -1.779439     1.099614
       2.664313    -2.430615     2.196662
       2.671907    -2.435998    -3.282206
       2.666077    -2.430648    -2.186739
       2.663074    -2.427239    -1.090714
       2.661969    -2.426120     0.004934
       2.661694    -2.427000     1.100431
       1.776946    -3.075210     2.197604
       1.781392    -3.082514    -3.282744
       1.777387    -3.074957    -2.187503
       1.774565    -3.070528    -1.091230
       1.773370    -3.069225     0.005042
       1.773971    -3.070610     1.101260
       0.886001    -3.713431     2.196521
       0.887570    -3.722484    -3.281487
       0.885934    -3.713196    -2.186215
       0.884156    -3.709009    -1.090194
       0.883427    -3.708343     0.005154
       0.883963    -3.709153     1.100486
       3.085852     3.052377     2.190301
       3.094151     3.058845    -3.274522
       3.086004     3.051900    -2.179691
       3.084311     3.051470    -1.087217
       3.083907     3.051245     0.005347
       3.084260     3.051652     1.097884
       3.432735     2.011923     2.192529
       3.442211     2.017120    -3.276581
       3.433020     2.011215    -2.182003
       3.429052     2.009457    -1.088028
       3.428251     2.009089     0.005358
       3.428969     2.009678     1.098698
       3.771645     0.968359     2.192891
       3.782270     0.970439    -3.277117
       3.772532     0.967218    -2.182477
       3.768171     0.965815    -1.088212
       3.767211     0.965465     0.005399
       3.767863     0.966089     1.098929
       4.102220    -0.077478     2.191772
       4.114211    -0.078294    -3.276069
       4.105086    -0.079257    -2.181239
       4.102014    -0.080233    -1.087597
       4.101024    -0.080474     0.005852
       4.101102    -0.079894     1.099013
      -1.653691     4.105086     2.190146
      -1.656593     4.115588    -3.273710
      -1.653557     4.105097    -2.179072
      -1.654147     4.102933    -1.086822
      -1.654218     4.102326     0.005513
      -1.654234     4.102934     1.097861
      -0.556948     4.113605     2.192071
      -0.558317     4.124704    -3.275429
      -0.556779     4.113545    -2.181118
      -0.556713     4.108970    -1.087566
      -0.556765     4.108009     0.005445
      -0.556824     4.109011     1.098472
       0.540230     4.113633     2.192034
       0.541809     4.124647    -3.275518
       0.540425     4.113504    -2.181207
       0.540326     4.108954    -1.087648
       0.540261     4.108018     0.005378
       0.540202     4.109033     1.098421
       1.636976     4.105173     2.190042
       1.640073     4.115397    -3.273977
       1.637177     4.104958    -2.179332
       1.637719     4.102885    -1.087051
       1.637682     4.102357     0.005333
       1.637601     4.103005     1.097724
      -4.119185    -0.077813     2.191177
      -4.129649    -0.075200    -3.274733
      -4.119380    -0.077610    -2.179854
      -4.117892    -0.080115    -1.087217
      -4.117454    -0.080734     0.005633
      -4.117804    -0.080211     1.098499
      -3.788389     0.968139     2.192815
      -3.799031     0.971897    -3.276019
      -3.788551     0.968335    -2.181533
      -3.784563     0.966006    -1.087729
      -3.783742     0.965365     0.005609
      -3.784487     0.965912     1.098965
      -3.449437     2.011754     2.192580
      -3.459071     2.017962    -3.275788
      -3.449538     2.011931    -2.181351
      -3.445656     2.009633    -1.087635
      -3.444868     2.009032     0.005583
      -3.445611     2.009545     1.098819
      -3.102550     3.052228     2.190399
      -3.110880     3.059405    -3.273951
      -3.102558     3.052365    -2.179215
      -3.100903     3.051603    -1.086888
      -3.100525     3.051196     0.005563
      -3.100909     3.051533     1.098030
      -0.902373    -3.713437     2.196591
      -0.905825    -3.722477    -3.280974
      -0.902677    -3.713385    -2.185810
      -0.900292    -3.709169    -1.089903
      -0.899591    -3.708414     0.005322
      -0.900246    -3.709181     1.100588
      -1.793415    -3.075248     2.197724
      -1.799708    -3.082525    -3.281834
      -1.793711    -3.075194    -2.186770
      -1.790353    -3.070665    -1.090609
      -1.789429    -3.069307     0.005414
      -1.790276    -3.070670     1.101474
      -2.680987    -2.430731     2.196679
      -2.689791    -2.435933    -3.280904
      -2.681248    -2.430633    -2.185592
      -2.678179    -2.427089    -1.089638
      -2.677889    -2.426161     0.005498
      -2.678096    -2.427121     1.100661
      -3.564773    -1.780552     2.192662
      -3.573386    -1.783370    -3.277539
      -3.564996    -1.780395    -2.181447
      -3.565117    -1.779659    -1.087899
      -3.565233    -1.779650     0.005575
      -3.565034    -1.779726     1.099068
      -0.008157    -4.345142     2.193374
       4.430379    -1.125938     2.193968
       2.735580     4.093707     2.190899
      -2.752293     4.093568     2.191047
      -4.447521    -1.126343     2.192056
       4.445637    -2.075070    -1.630747
       4.444492    -2.075854    -0.538521
       4.444120    -2.076222     0.553997
       4.443671    -2.075879     1.644803
       3.563828    -2.729640    -2.728353
       3.556954    -2.724733    -1.633991
       3.555052    -2.723043    -0.541190
       3.554281    -2.723070     0.551157
       3.553820    -2.724642     1.642955
       2.675235    -3.378723    -2.729403
       2.668835    -3.371263    -1.635335
       2.665892    -3.368191    -0.541617
       2.665567    -3.368302     0.551428
       2.667725    -3.371690     1.644837
       1.783397    -4.022572    -2.728835
       1.779012    -4.013142    -1.634890
       1.776544    -4.009964    -0.541424
       1.776413    -4.010097     0.551494
       1.778663    -4.013539     1.644847
       0.886518    -4.649313    -1.632756
       0.885169    -4.648516    -0.540806
       0.885119    -4.648622     0.551082
       0.886470    -4.649618     1.643013
       3.643156     3.812779    -1.630438
       3.641508     3.812386    -0.540276
       3.641502     3.812458     0.550915
       3.643084     3.813096     1.641054
       3.997593     2.774335    -2.719663
       3.990240     2.769959    -1.629266
       3.988282     2.769241    -0.539595
       3.988311     2.769298     0.550222
       3.990266     2.770321     1.639841
       4.340659     1.729186    -2.721945
       4.332890     1.726203    -1.630612
       4.330645     1.725148    -0.540028
       4.330679     1.725165     0.550672
       4.332944     1.726582     1.641149
       4.677503     0.681054    -2.721165
       4.668901     0.680036    -1.629822
       4.666899     0.678862    -0.539649
       4.666854     0.678813     0.550537
       4.668685     0.680394     1.640411
       5.001694    -0.368363    -1.630544
       4.999252    -0.369510    -0.538736
       4.998796    -0.369711     0.553022
       5.000090    -0.368133     1.643399
      -2.205531     4.869843    -1.629867
      -2.206029     4.867832    -0.539928
      -2.206081     4.867819     0.551033
      -2.205667     4.869801     1.640989
      -1.107721     4.886728    -2.718720
      -1.106550     4.878009    -1.628599
      -1.106839     4.875667    -0.539260
      -1.106899     4.875674     0.550239
      -1.106708     4.878022     1.639601
      -0.008185     4.890208    -2.720642
      -0.008176     4.881625    -1.629831
      -0.008232     4.878946    -0.539720
      -0.008297     4.878968     0.550554
      -0.008352     4.881682     1.640692
       1.091352     4.886628    -2.718903
       1.090190     4.877958    -1.628775
       1.090363     4.875663    -0.539413
       1.090296     4.875703     0.550115
       1.090003     4.878065     1.639503
       2.189143     4.869712    -1.630203
       2.189519     4.867821    -0.540211
       2.189461     4.867881     0.550807
       2.188960     4.869893     1.640812
      -5.017061    -0.368317    -1.630376
      -5.015387    -0.370193    -0.539982
      -5.015335    -0.370247     0.551379
      -5.016899    -0.368486     1.641794
      -4.693797     0.683639    -2.719217
      -4.685502     0.680329    -1.628868
      -4.683491     0.678576    -0.539239
      -4.683445     0.678520     0.550596
      -4.685360     0.680157     1.640247
      -4.357439     1.730626    -2.720890
      -4.349741     1.726573    -1.629931
      -4.347393     1.725039    -0.539610
      -4.347359     1.724982     0.550904
      -4.349635     1.726399     1.641246
      -4.014334     2.775261    -2.718970
      -4.007010     2.770331    -1.628745
      -4.005013     2.769229    -0.539236
      -4.004999     2.769174     0.550460
      -4.006961     2.770166     1.639992
      -3.659753     3.813093    -1.630030
      -3.658154     3.812407    -0.539975
      -3.658168     3.812360     0.551136
      -3.659784     3.812955     1.641216
      -0.902934    -4.649626    -1.632413
      -0.901378    -4.648701    -0.540577
      -0.901356    -4.648705     0.551232
      -0.902753    -4.649649     1.643125
      -1.800839    -4.022839    -2.727959
      -1.795229    -4.013610    -1.634152
      -1.792720    -4.010257    -0.540948
      -1.792672    -4.010248     0.551801
      -1.795002    -4.013609     1.645064
      -2.692419    -3.379216    -2.727911
      -2.684382    -3.371790    -1.634054
      -2.681867    -3.368509    -0.540865
      -2.681810    -3.368509     0.551874
      -2.684153    -3.371818     1.645110
      -3.579373    -2.730306    -2.725720
      -3.570701    -2.724816    -1.631738
      -3.570583    -2.723321    -0.540259
      -3.570527    -2.723340     0.551400
      -3.570501    -2.724897     1.642918
      -4.460728    -2.076160    -1.631800
      -4.460836    -2.076697    -0.540684
      -4.460785    -2.076735     0.551948
      -4.460549    -2.076294     1.643095
      -0.009091    -4.354910    -3.280664
       4.438284    -1.128778    -3.274069
       2.735242     4.093703    -3.272753
      -2.751782     4.094084    -3.272330
      -4.447536    -1.122799    -3.274243
      -0.009180     0.322248    -6.051440
      -0.008683    -5.284303    -2.725601
      -0.008201    -5.285286    -1.633238
      -0.008081    -5.284861    -0.541236
      -0.008099    -5.284911     0.551683
       5.338446    -1.420355    -2.720284
       5.334576    -1.420155    -1.628511
       5.332663    -1.421974    -0.534785
       5.332151    -1.422938     0.561682
       3.295883     4.864176    -2.755080
       3.293729     4.860698    -1.644935
       3.293038     4.859512    -0.544244
       3.292998     4.859585     0.554815
      -3.312252     4.864663    -2.754672
      -3.310166     4.860932    -1.644546
      -3.309595     4.859525    -0.543926
      -3.309639     4.859493     0.555074
      -5.352834    -1.421785    -2.755721
      -5.349740    -1.423593    -1.645765
      -5.348735    -1.423587    -0.544320
      -5.348688    -1.423638     0.555706
      -0.009847    -0.612429    -6.617785
      -0.010131    -1.556495    -6.054792
      -0.010269    -2.497021    -5.496114
      -0.010140    -3.437376    -4.938770
      -0.009779    -4.379124    -4.381277
       0.881090     0.034142    -6.616791
       1.778746    -0.257783    -6.052811
       2.673128    -0.548680    -5.492958
       3.567305    -0.839752    -4.934231
       4.462806    -1.131795    -4.374988
       0.541006     1.080370    -6.615505
       1.096156     1.843024    -6.050547
       1.649524     2.603188    -5.489782
       2.203239     3.363902    -4.929813
       2.759569     4.128446    -4.368325
      -0.559615     1.080294    -6.615264
      -1.114286     1.843017    -6.050166
      -1.667169     2.603250    -5.489328
      -2.220433     3.364079    -4.929343
      -2.776384     4.128786    -4.367864
      -0.900267     0.034240    -6.616233
      -1.797938    -0.257709    -6.051890
      -2.692668    -0.548793    -5.491544
      -3.587873    -0.840243    -4.931845
      -4.487291    -1.133261    -4.370649
       0.887542    -0.911790    -6.051155
       1.442915     0.794308    -6.048605
      -0.009052     1.848647    -6.047497
      -1.461501     0.794389    -6.047959
      -0.907228    -0.911726    -6.050430
       1.783526    -1.205340    -5.493088
       0.889146    -1.854775    -5.493990
       1.999327     1.555147    -5.489264
       2.340480     0.504511    -5.490173
      -0.561575     2.611947    -5.488185
       0.543955     2.611912    -5.488307
      -2.359170     0.504535    -5.489151
      -2.017378     1.555217    -5.488520
      -0.909370    -1.854687    -5.493166
      -1.803532    -1.205353    -5.491746
       2.678433    -1.497582    -4.935574
       1.786463    -2.150540    -4.938067
       0.889798    -2.796610    -4.937258
       2.554372     2.316107    -4.930213
       2.899581     1.266104    -4.932701
       3.236654     0.213826    -4.932089
      -1.114731     3.374042    -4.929203
      -0.008592     3.377997    -4.931017
       1.097537     3.373941    -4.929411
      -3.255685     0.213600    -4.930451
      -2.917653     1.266124    -4.931596
      -2.571894     2.316251    -4.929471
      -0.910113    -2.796440    -4.936490
      -1.807082    -2.150421    -4.936533
      -2.699429    -1.497733    -4.933215
       3.573176    -1.789878    -4.378343
       2.682792    -2.444805    -4.382005
       1.788039    -3.094635    -4.382625
       0.890181    -3.738780    -4.380410
       3.109566     3.078621    -4.370159
       3.456886     2.028081    -4.374705
       3.798419     0.975578    -4.375620
       4.133240    -0.077841    -4.373582
      -1.669278     4.136960    -4.369277
      -0.562208     4.142661    -4.373331
       0.545371     4.142600    -4.373423
       1.652442     4.136768    -4.369558
      -4.153149    -0.078623    -4.370617
      -3.816653     0.975409    -4.374047
      -3.474357     2.028274    -4.373744
      -3.126638     3.078936    -4.369506
      -0.909987    -3.738518    -4.379777
      -1.808504    -3.094274    -4.381268
      -2.704597    -2.444513    -4.379435
      -3.596746    -1.790096    -4.373631
       4.469198    -2.082956    -3.821334
       4.450211    -2.075601    -2.724525
       3.579373    -2.739295    -3.825525
       2.685636    -3.391152    -3.827374
       1.789051    -4.039019    -3.826342
       0.890314    -4.682841    -3.822255
       0.889328    -4.658920    -2.727017
       3.664896     3.851380    -3.806238
       3.645284     3.813165    -2.717442
       4.013533     2.792300    -3.815147
       4.358552     1.738241    -3.817974
       4.697869     0.683856    -3.816812
       5.033430    -0.371231    -3.812846
       5.006646    -0.368963    -2.721519
      -2.233229     4.903434    -3.805499
      -2.204524     4.872584    -2.716762
      -1.118052     4.907732    -3.814088
      -0.008288     4.910238    -3.816539
       1.101479     4.907604    -3.814276
       2.216664     4.903142    -3.805858
       2.188157     4.872350    -2.717118
      -5.056726    -0.379193    -3.806999
      -5.019303    -0.364341    -2.717824
      -4.716470     0.682412    -3.814768
      -4.376003     1.738373    -3.816893
      -4.030543     2.792800    -3.814404
      -3.681613     3.851905    -3.805685
      -3.661834     3.813814    -2.716929
      -0.909231    -4.682543    -3.821755
      -0.906769    -4.659057    -2.726557
      -1.808596    -4.038516    -3.825304
      -2.706741    -3.390267    -3.825376
      -3.604208    -2.737685    -3.820985
      -4.503752    -2.079372    -3.809953
      -4.459897    -2.074119    -2.720595
       5.350418    -2.381520    -2.174617
       5.347533    -2.381804    -1.082298
       5.346907    -2.381414     0.012712
       4.478303    -3.036425    -3.266674
       4.454968    -3.025752    -2.175138
       4.450848    -3.025870    -1.085032
       4.449620    -3.025240     0.005719
       4.449194    -3.026765     1.095307
       3.583788    -3.688145    -3.270388
       3.568265    -3.675773    -2.175250
       3.561181    -3.671279    -1.084534
       3.560165    -3.670322     0.004678
       3.560578    -3.672006     1.093665
       2.687968    -4.338107    -3.271101
       2.678357    -4.321586    -2.175627
       2.673108    -4.315549    -1.084872
       2.671856    -4.314359     0.004883
       2.672811    -4.316090     1.094555
       1.788838    -4.985492    -3.268439
       1.786360    -4.962661    -2.173513
       1.782497    -4.955579    -1.083759
       1.781285    -4.954720     0.005014
       1.782330    -4.955970     1.093753
       0.891245    -5.594479    -2.170922
       0.889580    -5.593724    -1.084215
       0.888446    -5.593317     0.005128
       4.216060     4.581738    -2.198251
       4.213638     4.581100    -1.093871
       4.213237     4.580244     0.005306
       4.575927     3.560892    -3.253043
       4.569596     3.536110    -2.163564
       4.564174     3.536860    -1.079650
       4.563076     3.536208     0.005285
       4.564209     3.536991     1.090213
       4.924035     2.503947    -3.259636
       4.914207     2.492978    -2.169422
       4.909277     2.491984    -1.082296
       4.908212     2.491279     0.005249
       4.909402     2.491997     1.092771
       5.267078     1.447506    -3.259991
       5.253431     1.447140    -2.169764
       5.249172     1.444568    -1.082448
       5.248090     1.443763     0.005254
       5.249353     1.444290     1.092882
       5.606342     0.387163    -3.255693
       5.586888     0.400648    -2.165235
       5.583388     0.396196    -1.080244
       5.582303     0.395053     0.005489
       5.583537     0.395315     1.090868
       5.919420    -0.650471    -2.189489
       5.914730    -0.653649    -1.086247
       5.912694    -0.655413     0.011525
      -2.759870     5.652394    -2.197503
      -2.760500     5.649488    -1.093316
      -2.760047     5.648660     0.005587
      -1.676151     5.679927    -3.252119
      -1.656197     5.665909    -2.162714
      -1.659060     5.660648    -1.079063
      -1.659057     5.659246     0.005533
      -1.659191     5.660637     1.090137
      -0.563443     5.684490    -3.258659
      -0.557780     5.671732    -2.168517
      -0.558741     5.666398    -1.081703
      -0.558769     5.665031     0.005455
      -0.558880     5.666418     1.092623
       0.547069     5.684432    -3.258760
       0.541501     5.671693    -2.168616
       0.542346     5.666384    -1.081793
       0.542216     5.665035     0.005378
       0.542198     5.666433     1.092560
       1.659786     5.679736    -3.252418
       1.639927     5.665782    -2.163007
       1.642658     5.660597    -1.079332
       1.642493     5.659259     0.005307
       1.642504     5.660684     1.089956
       2.743605     5.652129    -2.197974
       2.744085     5.649389    -1.093743
       2.743470     5.648683     0.005235
      -5.931533    -0.654009    -2.197732
      -5.929192    -0.657011    -1.093522
      -5.928439    -0.657009     0.005752
      -5.623329     0.389205    -3.252514
      -5.604234     0.400846    -2.162911
      -5.600253     0.395026    -1.079090
      -5.598907     0.394295     0.005746
      -5.600150     0.394902     1.090591
      -5.284049     1.448934    -3.258834
      -5.270698     1.447978    -2.168602
      -5.266154     1.444149    -1.081640
      -5.264862     1.443368     0.005712
      -5.266071     1.444017     1.093071
      -4.940920     2.505083    -3.258862
      -4.931161     2.493852    -2.168648
      -4.926176     2.491943    -1.081683
      -4.924981     2.491087     0.005669
      -4.926127     2.491806     1.093029
      -4.592613     3.561862    -3.252448
      -4.586285     3.536887    -2.163006
      -4.580925     3.536978    -1.079192
      -4.579794     3.536119     0.005623
      -4.580921     3.536843     1.090447
      -4.232540     4.582406    -2.197870
      -4.230243     4.581259    -1.093544
      -4.229894     4.580189     0.005570
      -0.907882    -5.594891    -2.170607
      -0.905719    -5.594037    -1.083948
      -0.904598    -5.593475     0.005309
      -1.807200    -4.985167    -3.267654
      -1.802991    -4.963261    -2.172769
      -1.798712    -4.956133    -1.083175
      -1.797524    -4.955010     0.005433
      -1.798596    -4.956106     1.094065
      -2.707102    -4.337403    -3.269781
      -2.694638    -4.322635    -2.174337
      -2.689296    -4.316320    -1.083961
      -2.688149    -4.314754     0.005516
      -2.689144    -4.316305     1.095012
      -3.605302    -3.686352    -3.267535
      -3.583330    -3.677797    -2.172622
      -3.577124    -3.672269    -1.083038
      -3.576436    -3.670805     0.005575
      -3.576968    -3.672289     1.094204
      -4.508391    -3.031716    -3.257698
      -4.465411    -3.028586    -2.169098
      -4.465876    -3.027000    -1.083414
      -4.465766    -3.025698     0.005623
      -4.465735    -3.027059     1.094676
      -5.363131    -2.386022    -2.201805
      -5.363351    -2.382191    -1.094981
      -5.363300    -2.381354     0.005668
      -0.008463     0.320630     4.958469
      -0.008122    -5.285442     1.643713
       5.332792    -1.423440     1.661489
       3.293570     4.860964     1.655490
      -3.310281     4.860833     1.655705
      -5.349581    -1.423752     1.657165
       5.346623    -2.382341     1.111018
       0.889476    -5.593979     1.094459
       4.213593     4.581265     1.104481
       5.912767    -0.656398     1.109627
      -2.760624     5.649444     1.104494
       2.743931     5.649523     1.104208
      -5.929085    -0.657125     1.105033
      -4.230295     4.581135     1.104692
      -0.905679    -5.594048     1.094592
      -5.363227    -2.382279     1.106325
      -0.008480    -0.613150     5.508995
      -0.008419    -1.548379     4.954142
      -0.008329    -2.484358     4.399232
      -0.008234    -3.420423     3.844920
       0.880717     0.032869     5.508297
       1.769852    -0.256298     4.952717
       2.659141    -0.545691     4.397144
       3.546916    -0.834908     3.842392
       0.541008     1.077545     5.507430
       1.090570     1.832992     4.951118
       1.640314     2.588704     4.394907
       2.189195     3.343359     3.839481
      -0.557975     1.077507     5.507418
      -1.107476     1.832919     4.951123
      -1.657157     2.588605     4.394946
      -2.205990     3.343239     3.839562
      -0.897697     0.032798     5.508220
      -1.786830    -0.256432     4.952518
      -2.676166    -0.545889     4.396717
      -3.564060    -0.835185     3.841534
       0.884367    -0.907310     4.954368
       1.436142     0.790227     4.952605
      -0.008454     1.839216     4.951934
      -1.453081     0.790114     4.952528
      -0.901288    -0.907375     4.954309
       1.776255    -1.199821     4.399582
       0.886563    -1.846310     4.400311
       1.989826     1.547341     4.396943
       2.329570     0.501963     4.397595
      -0.558299     2.599111     4.396419
       0.541443     2.599147     4.396409
      -2.346509     0.501782     4.397423
      -2.006694     1.547200     4.396905
      -0.903345    -1.846355     4.400296
      -1.793173    -1.199933     4.399434
       2.667102    -1.491581     3.844500
       1.780234    -2.141724     3.846412
       0.887824    -2.784759     3.845998
       2.542339     2.304056     3.841088
       2.886713     1.260075     3.842543
       3.221682     0.213156     3.842244
      -1.108104     3.357842     3.840690
      -0.008409     3.362756     3.841666
       1.091292     3.357905     3.840650
      -3.238663     0.212905     3.841905
      -2.903560     1.259879     3.842459
      -2.559135     2.303902     3.841101
      -0.904413    -2.784778     3.846028
      -1.796992    -2.141791     3.846375
      -2.684070    -1.491738     3.844179
       3.555841    -1.783416     3.289473
       2.672458    -2.436041     3.292151
       1.782485    -3.082652     3.292792
       0.888603    -3.722595     3.291759
       3.094070     3.059354     3.285114
       3.442134     2.017882     3.287067
       3.781935     0.971838     3.287504
       4.112249    -0.075185     3.286776
      -1.656697     4.115548     3.284831
      -0.558449     4.124755     3.286444
       0.541656     4.124784     3.286414
       1.639914     4.115635     3.284747
      -4.129327    -0.075520     3.286108
      -3.798770     0.971599     3.287356
      -3.458896     2.017697     3.287072
      -3.110821     3.059194     3.285181
      -0.905013    -3.722594     3.291820
      -1.799025    -3.082677     3.292869
      -2.689233    -2.436138     3.292061
      -3.572934    -1.783640     3.288802
       3.562084    -2.730308     2.737178
       2.675387    -3.379268     2.738867
       1.783888    -4.022892     2.738785
       3.997512     2.775164     2.730160
       4.340519     1.730525     2.732228
       4.676744     0.683578     2.730902
      -1.107909     4.886727     2.729756
      -0.008394     4.890278     2.731547
       1.091125     4.886777     2.729679
      -4.693552     0.683340     2.730629
      -4.357258     1.730336     2.732239
      -4.014241     2.774995     2.730253
      -1.800260    -4.022911     2.738951
      -2.691897    -3.379329     2.739033
      -3.578933    -2.730485     2.736946
      -0.008162    -4.355006     3.291174
       4.429765    -1.122752     3.287156
       2.735097     4.094095     3.283406
      -2.751863     4.093948     3.283524
      -4.447171    -1.123139     3.285622
       4.442252    -2.073963     2.733266
       0.889878    -4.659136     2.737263
       3.645131     3.813767     2.728042
       5.001714    -0.364311     2.730591
      -2.204690     4.872505     2.727909
       2.187921     4.872622     2.727775
      -5.019012    -0.364638     2.729270
      -3.661867     3.813602     2.728160
      -0.906174    -4.659136     2.737353
      -4.459551    -2.074373     2.731938
      -0.008125    -5.284467     2.736117
       5.335426    -1.421838     2.770701
       3.295624     4.864648     2.765662
      -3.312391     4.864501     2.765851
      -5.352531    -1.422056     2.767144
      -0.008507     0.322060     6.062403
       5.345922    -2.386364     2.216986
       4.448020    -3.028365     2.180973
       3.566426    -3.677736     2.183485
       2.677847    -4.322569     2.185084
       1.786302    -4.963216     2.183466
       0.891341    -5.594895     2.181204
       4.215873     4.582323     2.208855
       4.569538     3.536784     2.174120
       4.914329     2.493746     2.179863
       5.253802     1.447880     2.180029
       5.587295     0.400751     2.174958
       5.914610    -0.653910     2.213215
      -2.760077     5.652300     2.208689
      -1.656420     5.665879     2.173807
      -0.558019     5.671758     2.179462
       0.541240     5.671777     2.179410
       1.639640     5.665941     2.173659
       2.743301     5.652401     2.208442
      -5.931306    -0.654251     2.209260
      -5.604027     0.400587     2.174430
      -5.270532     1.447709     2.180049
      -4.931059     2.493578     2.180011
      -4.586269     3.536621     2.174282
      -4.232619     4.582168     2.209035
      -0.907575    -5.594928     2.181321
      -1.802589    -4.963268     2.183717
      -2.694213    -4.322670     2.185435
      -3.582933    -3.677890     2.183826
      -4.465093    -3.028756     2.180406
      -5.362840    -2.386210     2.213161
      -0.008509    -0.612819     6.628393
      -0.008442    -1.556796     6.065247
      -0.008346    -2.497200     5.506486
      -0.008242    -3.437433     4.949149
      -0.008156    -4.379102     4.391711
       0.882226     0.033845     6.627354
       1.780032    -0.258070     6.063232
       2.674864    -0.549095     5.503157
       3.570171    -0.840490     4.943860
       4.469760    -1.133504     4.383245
       0.541857     1.080085     6.626293
       1.096815     1.842851     6.061290
       1.649956     2.603126     5.500477
       2.203429     3.363975     4.940483
       2.759533     4.128671     4.378990
      -0.558881     1.080031     6.626290
      -1.113786     1.842777     6.061292
      -1.666866     2.603034     5.500505
      -2.220287     3.363870     4.940549
      -2.776368     4.128557     4.379089
      -0.899286     0.033774     6.627277
      -1.797067    -0.258194     6.063050
      -2.691902    -0.549267     5.502793
      -3.587201    -0.840692     4.943175
      -4.486696    -1.133695     4.382057
       0.889103    -0.912118     6.061483
       1.443858     0.794117     6.059238
      -0.008493     1.848521     6.058534
      -1.460856     0.794013     6.059163
      -0.906077    -0.912179     6.061427
       1.785586    -1.205701     5.503033
       0.891166    -1.855023     5.504102
       2.000024     1.555029     5.499830
       2.341614     0.504283     5.500607
      -0.561257     2.611865     5.499298
       0.544328     2.611899     5.499294
      -2.358595     0.504118     5.500440
      -2.016951     1.554898     5.499786
      -0.907989    -1.855066     5.504093
      -1.802537    -1.205800     5.502898
       2.681635    -1.498023     4.944733
       1.789181    -2.150730     4.947684
       0.892005    -2.796696     4.947319
       2.554773     2.316103     4.940751
       2.900365     1.265939     4.943022
       3.238191     0.213392     4.942114
      -1.114595     3.373971     4.940345
      -0.008443     3.378029     4.942068
       1.097716     3.374029     4.940318
      -3.255169     0.213177     4.941800
      -2.917261     1.265756     4.942925
      -2.571628     2.315958     4.940752
      -0.908624    -2.796715     4.947357
      -1.805959    -2.150790     4.947652
      -2.698576    -1.498147     4.944459
       3.579098    -1.790338     4.385481
       2.686940    -2.444771     4.390729
       1.790806    -3.094524     4.392273
       0.892174    -3.738701     4.390547
       3.109697     3.078790     4.380735
       3.457285     2.028107     4.385091
       3.799409     0.975234     4.385595
       4.135724    -0.078804     4.382605
      -1.669280     4.136874     4.380435
      -0.562217     4.142683     4.384393
       0.545362     4.142710     4.384371
       1.652430     4.136949     4.380371
      -4.152684    -0.079040     4.382027
      -3.816284     0.975020     4.385424
      -3.474095     2.027925     4.385072
      -3.126497     3.078641     4.380782
      -0.908593    -3.738699     4.390614
      -1.807359    -3.094545     4.392348
      -2.703679    -2.444842     4.390650
      -3.596008    -1.790477     4.384947
       4.486299    -2.079612     3.822342
       3.586761    -2.737897     3.832457
       2.689358    -3.390467     3.836417
       1.791205    -4.038696     3.836193
       0.891820    -4.682682     3.832490
       3.664807     3.851726     3.816868
       4.013633     2.792612     3.825665
       4.358966     1.738175     3.828309
       4.699281     0.682206     3.826519
       5.039441    -0.379416     3.819539
      -2.233351     4.903311     3.816678
      -1.118179     4.907717     3.825161
      -0.008423     4.910312     3.827486
       1.101332     4.907766     3.825097
       2.216497     4.903402     3.816573
      -5.056310    -0.379620     3.818480
      -4.716126     0.682006     3.826208
      -4.375744     1.737988     3.828272
      -4.030393     2.792441     3.825720
      -3.681589     3.851573     3.816959
      -0.908093    -4.682666     3.832579
      -1.807563    -4.038694     3.836344
      -2.705841    -3.390502     3.836553
      -3.603436    -2.737987     3.832267
      -4.503084    -2.079753     3.821345
       4.491201    -3.031859     3.269466
       3.588168    -3.686463     3.278535
       2.689988    -4.337508     3.280633
       1.790106    -4.985278     3.278439
       4.575813     3.561624     3.263630
       4.924016     2.504813     3.270152
       5.267048     1.448623     3.270361
       5.606225     0.388818     3.264606
      -1.676384     5.679866     3.263230
      -0.563683     5.684512     3.269626
       0.546816     5.684533     3.269581
       1.659517     5.679932     3.263107
      -5.623022     0.388777     3.264048
      -5.283809     1.448514     3.270296
      -4.940767     2.504671     3.270241
      -4.592573     3.561471     3.263750
      -1.806358    -4.985279     3.278656
      -2.706301    -4.337550     3.280924
      -3.604570    -3.686569     3.278781
      -4.507724    -3.032018     3.269053
      -0.009326    -5.325627    -3.821675
       5.365664    -1.422221    -3.810208
       5.369725    -2.389490    -3.266027
       0.884246    -5.635678    -3.259827
      -0.902332    -5.635390    -3.259470
      -0.008104    -6.238321    -2.208388
      -0.007984    -6.234802    -1.097030
      -0.008027    -6.234271     0.005190
      -0.008069    -6.234912     1.107413
      -0.008081    -6.238517     2.218857
      -0.008104    -5.325589     3.832174
       0.885265    -5.635521     3.270159
      -0.901483    -5.635496     3.270268
       5.355719    -3.348422    -1.644755
       5.353876    -3.345529    -0.540372
       5.353658    -3.345071     0.559630
       5.353543    -3.348376     1.663913
       4.492583    -3.987592    -2.711592
       4.465457    -3.991769    -1.621684
       4.464871    -3.988150    -0.537903
       4.464947    -3.988642     0.545808
       4.464822    -3.994351     1.628960
       4.492905    -3.988979     2.718289
       3.592989    -4.641321    -2.714755
       3.580094    -4.635600    -1.624948
       3.577740    -4.632376    -0.538568
       3.577684    -4.632715     0.547763
       3.579382    -4.637323     1.634050
       3.593381    -4.641776     2.724052
       2.693901    -5.290979    -2.714190
       2.691504    -5.277822    -1.624412
       2.687790    -5.275196    -0.538239
       2.687722    -5.275465     0.547918
       2.690967    -5.278886     1.634085
       2.694413    -5.291195     2.723983
       1.790836    -5.939220    -2.708104
       1.800422    -5.916308    -1.619135
       1.795493    -5.914780    -0.536458
       1.795421    -5.914984     0.546440
       1.800049    -5.916998     1.629118
       1.791379    -5.939357     2.718163
       0.900275    -6.552791    -1.650792
       0.898458    -6.551917    -0.545512
       0.898373    -6.552066     0.555762
       0.899955    -6.553253     1.661031
      -0.916114    -6.553257    -1.650573
      -0.914405    -6.552169    -0.545372
      -0.914444    -6.552178     0.555853
      -0.916105    -6.553288     1.661100
      -1.808242    -5.939307    -2.707462
      -1.816421    -5.917137    -1.618505
      -1.811606    -5.915236    -0.535954
      -1.811590    -5.915212     0.546825
      -1.816268    -5.917095     1.629422
      -1.807607    -5.939386     2.718428
      -2.711339    -5.291193    -2.713275
      -2.707500    -5.279087    -1.623474
      -2.704050    -5.275817    -0.537459
      -2.703997    -5.275795     0.548528
      -2.707259    -5.279056     1.634571
      -2.710674    -5.291287     2.724402
      -3.610342    -4.641810    -2.713340
      -3.596046    -4.637550    -1.623475
      -3.594160    -4.633137    -0.537417
      -3.594088    -4.633132     0.548608
      -3.595768    -4.637568     1.634684
      -3.609682    -4.641962     2.724573
      -4.509850    -3.989065    -2.707444
      -4.481586    -3.994552    -1.618348
      -4.481567    -3.989025    -0.535757
      -4.481490    -3.989041     0.547026
      -4.481312    -3.994628     1.629631
      -4.509231    -3.989299     2.718758
      -5.370369    -3.348053    -1.649264
      -5.370144    -3.344559    -0.544622
      -5.370071    -3.344594     0.555926
      -5.370118    -3.348176     1.660572