
  -0.0016380822   0.2867199183  -0.5501393080
  -0.0016380163   0.2867202163   0.5501376390
  -0.0014332669  -0.6408096552  -0.0000005714
   0.8804865479   0.0001804622  -0.0000007998
   0.5433471799   1.0370037556  -0.0000010657
  -0.5469121933   1.0370032787  -0.0000009999
  -0.8837706447   0.0000957415  -0.0000006950
  -0.0012971809  -0.6408064961  -1.1000149250
   0.8808284402   0.0003454988  -1.0999071598
   0.5436264277   1.0373879671  -1.0998291969
  -0.5468607545   1.0373793840  -1.0999073982
  -0.8838095665   0.0002259819  -1.1000150442
  -0.0013684701   0.2870908976  -1.6504770517
  -0.0011049479  -1.5711590052  -0.5494978428
   1.7655849457  -0.2868076563  -0.5493287444
   1.0901657343   1.7898112535  -0.5491870046
  -1.0935323238   1.7899757624  -0.5493291616
  -1.7686228752  -0.2872831225  -0.5494981408
  -0.0012970506  -0.6408059001   1.1000137329
  -0.0009306640  -0.6408938169  -2.2002193928
   0.8808286190   0.0003460997   1.0999056101
   0.8818123341   0.0007440562  -2.1999866962
   0.5436265469   1.0373885632   1.0998270512
   0.5444021821   1.0384557247  -2.1998128891
  -0.5468606353   1.0373799801   1.0999053717
  -0.5467857718   1.0384380817  -2.1999869347
  -0.8838094473   0.0002265828   1.1000136137
  -0.8840056658   0.0005473994  -2.2002193928
   0.8855477571  -0.9336098433   0.5497654080
   0.8861930370  -0.9337561727  -1.6494654417
   0.8855476975  -0.9336101413  -0.5497664809
   1.4330549240   0.7531545758   0.5495625138
   1.4340671301   0.7538044453  -1.6489282846
   1.4330549240   0.7531542778  -0.5495646000
  -0.0017133954   1.7953305244   0.5495623350
  -0.0014079695   1.7964936495  -1.6489284039
  -0.0017134614   1.7953301668  -0.5495648384
  -1.4365003109   0.7530614734   0.5497651100
  -1.4368386269   0.7536295652  -1.6494657993
  -1.4365004301   0.7530611753  -0.5497668386
  -0.8881552815  -0.9337521195   0.5498351455
  -0.8882987499  -0.9339500666  -1.6496667862
  -0.8881553411  -0.9337524176  -0.5498360395
  -0.0011048834  -1.5711587667   0.5494972467
  -0.0008827427  -1.5714796782  -1.6486988068
   1.7655850649  -0.2868073583   0.5493271947
   1.7665413618  -0.2866233587  -1.6482433081
   1.0901657343   1.7898114920   0.5491843820
   1.0909081697   1.7908332348  -1.6478722095
  -1.0935322046   1.7899761200   0.5493267775
  -1.0936526060   1.7909421921  -1.6482437849
  -1.7686227560  -0.2872827947   0.5494970083
  -1.7689962387  -0.2871710956  -1.6486990452
  -0.0013682737   0.2870917916   1.6504753828
  -0.0009013478   0.2877337635  -2.7509026527
  -0.0007724680  -2.5043790340  -1.0972205400
  -0.0008655213  -2.5043196678  -0.0000000634
   2.6535980701  -0.5744142532  -1.0966856480
   2.6532588005  -0.5744184256  -0.0000007500
   1.6387791634   2.5450897217  -1.0962288380
   1.6384700537   2.5446643829  -0.0000015524
  -1.6416419744   2.5455288887  -1.0966862440
  -1.6415411234   2.5452051163  -0.0000013524
  -2.6562061310  -0.5755456686  -1.0972208977
  -2.6561212540  -0.5756156445  -0.0000004355
  -0.0009304035  -0.6408925653   2.2002182007
  -0.0004116410  -0.6412134767  -3.3004817963
  -0.0008825487  -1.5714788437   1.6486982107
  -0.0004787629  -1.5726249218  -2.7482678890
   0.8818125725   0.0007452696   2.1999850273
   0.8833790421   0.0012335677  -3.3000965118
   1.7665416002  -0.2866224349   1.6482417583
   1.7687594891  -0.2864362895  -2.7475323677
   0.5444024205   1.0384569168   2.1998107433
   0.5456011891   1.0401061773  -3.2998023033
   1.0909084082   1.7908340693   1.6478695869
   1.0925211906   1.7930535078  -2.7469375134
  -0.5467854738   1.0384392738   2.1999847889
  -0.5468045473   1.0400792360  -3.3000965118
  -1.0936523676   1.7909430265   1.6482414007
  -1.0941604376   1.7931092978  -2.7475326061
  -0.8840054274   0.0005486126   2.2002179623
  -0.8844699860   0.0009419877  -3.3004820347
  -1.7689961195  -0.2871702015   1.6486979723
  -1.7702100277  -0.2871412039  -2.7482681274
   0.8861932158  -0.9337552786   1.6494643688
   0.8875920177  -0.9343597889  -2.7492530346
   1.4340673685   0.7538053393   1.6489261389
   1.4362047911   0.7550733089  -2.7483959198
  -0.0014077720   1.7964946032   1.6489259005
  -0.0008621355   1.7989188433  -2.7483961582
  -1.4368383884   0.7536304593   1.6494640112
  -1.4378451109   0.7547731400  -2.7492532730
  -0.8882985711  -0.9339491725   1.6496658325
  -0.8888013363  -0.9346422553  -2.7495753765
   1.7741125822  -1.2244176865   1.0984163284
   1.7756463289  -1.2252972126  -2.1971578598
   1.7741124630  -1.2244182825  -1.0984174013
   1.7737767696  -1.2241778374  -0.0000005193
   0.8885092139  -1.8682934046   1.0985552073
   0.8898195028  -1.8693009615  -2.1974205971
   0.8885090947  -1.8682940006  -1.0985558033
   0.8880687356  -1.8681442738  -0.0000002904
   1.9849977493   1.5080537796   1.0976406336
   1.9872487783   1.5094536543  -2.1958155632
   1.9849976301   1.5080531836  -1.0976432562
   1.9844346046   1.5077219009  -0.0000012861
   2.3234355450   0.4675992429   1.0977565050
   2.3257722855   0.4686132371  -2.1960315704
   2.3234355450   0.4675986469  -1.0977585316
   2.3228840828   0.4672696888  -0.0000010185
  -0.5486046076   2.5537695885   1.0977560282
  -0.5483623147   2.5563049316  -2.1960318089
  -0.5486047268   2.5537688732  -1.0977588892
  -0.5487472415   2.5531430244  -0.0000014212
   0.5455096364   2.5536580086   1.0976403952
   0.5461453199   2.5562312603  -2.1958158016
   0.5455094576   2.5536575317  -1.0976433754
   0.5453682542   2.5530197620  -0.0000014878
  -2.3262887001   0.4668466151   1.0985548496
  -2.3276515007   0.4677806497  -2.1974210739
  -2.3262887001   0.4668459892  -1.0985562801
  -2.3260104656   0.4664736986  -0.0000007408
  -1.9878251553   1.5081495047   1.0984158516
  -1.9891352654   1.5093356371  -2.1971583366
  -1.9878252745   1.5081489086  -1.0984178782
  -1.9874930382   1.5079040527  -0.0000010467
  -0.8903830051  -1.8684551716   1.0986896753
  -0.8910780549  -1.8695446253  -2.1976728439
  -0.8903831840  -1.8684557676  -1.0986900330
  -0.8901555538  -1.8682802916  -0.0000001856
  -1.7763575315  -1.2249078751   1.0986895561
  -1.7771780491  -1.2259061337  -2.1976728439
  -1.7763576508  -1.2249084711  -1.0986901522
  -1.7762613297  -1.2246376276  -0.0000003098
  -0.0007723399  -2.5043783188   1.0972204208
  -0.0005029394  -2.5050563812  -2.1949830055
   2.6535983086  -0.5744136572   1.0966840982
   2.6551396847  -0.5743185282  -2.1940314770
   1.6387792826   2.5450904369   1.0962257385
   1.6399900913   2.5467565060  -2.1932349205
  -1.6416418552   2.5455296040   1.0966835022
  -1.6420273781   2.5470242500  -2.1940319538
  -2.6562061310  -0.5755450726   1.0972200632
  -2.6569335461  -0.5754989386  -2.1949834824
  -0.0009010200   0.2877352834   2.7509009838
  -0.0003157628   0.2885397375  -3.8515398502
  -0.0004715107  -3.4407143593  -1.6424686909
  -0.0006329154  -3.4411013126  -0.5474610925
  -0.0006328519  -3.4411010742   0.5474615097
   3.5445275307  -0.8632572889  -1.6415736675
   3.5442326069  -0.8634003401  -0.5471623540
   3.5442326069  -0.8634000421   0.5471609235
   2.1892752647   3.3029601574  -1.6408267021
   2.1888208389   3.3023345470  -0.5469207168
   2.1888208389   3.3023350239   0.5469171405
  -2.1918292046   3.3034729958  -1.6415745020
  -2.1918742657   3.3031485081  -0.5471631885
  -2.1918742657   3.3031487465   0.5471600890
  -3.5467424393  -0.8648015261  -1.6424691677
  -3.5470607281  -0.8650745749  -0.5474616289
  -3.5470607281  -0.8650742769   0.5474610329
  -0.0004112500  -0.6412116885   3.3004806042
   0.0001681033  -0.6422042251  -4.4008722305
  -0.0004784395  -1.5726233721   2.7482671738
   0.0000232245  -1.5750452280  -3.8477020264
  -0.0005026826  -2.5050551891   2.1949830055
  -0.0001009324  -2.5083281994  -3.2936656475
   0.8833794594   0.0012353776   3.3000948429
   0.8857420683   0.0015658917  -4.4003243446
   1.7687598467  -0.2864347696   2.7475306988
   1.7724400759  -0.2865217626  -3.8466837406
   2.6551399231  -0.5743172765   2.1940298080
   2.6595678329  -0.5746949911  -3.2923281193
   0.5456015468   1.0401079655   3.2998001575
   0.5473236442   1.0424772501  -4.3999009132
   1.0925215483   1.7930550575   2.7469348907
   1.0950837135   1.7965812683  -3.8458559513
   1.6399903297   2.5467576981   2.1932318211
   1.6430463791   2.5509638786  -3.2912149429
  -0.5468041301   1.0400810242   3.3000946045
  -0.5472189784   1.0424289703  -4.4003248215
  -1.0941600800   1.7931108475   2.7475302219
  -1.0953795910   1.7965829372  -3.8466842175
  -1.6420271397   2.5470254421   2.1940293312
  -1.6437544823   2.5511188507  -3.2923285961
  -0.8844696283   0.0009437972   3.3004806042
  -0.8855912685   0.0011868008  -4.4008727074
  -1.7702097893  -0.2871396840   2.7482669353
  -1.7726666927  -0.2874123752  -3.8477022648
  -2.6569333076  -0.5754977465   2.1949825287
  -2.6601691246  -0.5761285424  -3.2936661243
   0.8875923157  -0.9343582988   2.7492518425
   0.8898448348  -0.9358339310  -3.8486537933
   1.4362051487   0.7550747991   2.7483937740
   1.4396331310   0.7568894029  -3.8474891186
  -0.0008618062   1.7989203930   2.7483937740
  -0.0001949958   1.8027405739  -3.8474893570
  -1.4378447533   0.7547746897   2.7492516041
  -1.4399434328   0.7564595938  -3.8486540318
  -0.8888010383  -0.9346407056   2.7495744228
  -0.8899477124  -0.9362206459  -3.8490831852
   1.7756466866  -1.2252960205   2.1971566677
   1.7790715694  -1.2272144556  -3.2955636978
   0.8898197412  -1.8692997694   2.1974201202
   0.8920086622  -1.8720954657  -3.2959501743
   1.9872490168   1.5094548464   2.1958129406
   1.9914666414   1.5123369694  -3.2937633991
   2.3257725239   0.4686144590   2.1960294247
   2.3304338455   0.4700003862  -3.2940778732
  -0.5483620167   2.5563061237   2.1960289478
  -0.5484843850   2.5611665249  -3.2940783501
   0.5461456180   2.5562324524   2.1958127022
   0.5475832820   2.5611338615  -3.2937636375
  -2.3276512623   0.4677818418   2.1974196434
  -2.3309857845   0.4689982533  -3.2959506512
  -1.9891350269   1.5093368292   2.1971561909
  -1.9920175076   1.5119999647  -3.2955641747
  -0.8910777569  -1.8695433140   2.1976723671
  -0.8923617601  -1.8724610806  -3.2962882519
  -1.7771776915  -1.2259049416   2.1976723671
  -1.7795543671  -1.2280290127  -3.2962884903
   2.6646509171  -1.5154234171   1.6445614100
   2.6677997112  -1.5178052187  -2.7416920662
   2.6646506786  -1.5154243708  -1.6445623636
   2.6642189026  -1.5144839287  -0.5480986238
   2.6642189026  -1.5144836903   0.5480976701
   1.7797824144  -2.1628363132   1.6462904215
   1.7831797600  -2.1662225723  -2.7437839508
   1.7797822952  -2.1628372669  -1.6462910175
   1.7783460617  -2.1615245342  -0.5486161709
   1.7783460617  -2.1615240574   0.5486156344
   0.8910965323  -2.8049197197   1.6450079679
   0.8935881257  -2.8076870441  -2.7423505783
   0.8910963535  -2.8049206734  -1.6450079679
   0.8897597790  -2.8047289848  -0.5482651591
   0.8897598386  -2.8047287464   0.5482650995
   2.5380373001   2.2647581100   1.6429846287
   2.5423865318   2.2674636841  -2.7394113541
   2.5380373001   2.2647573948  -1.6429876089
   2.5367958546   2.2642116547  -0.5475740433
   2.5367958546   2.2642118931   0.5475710034
   2.8806111813   1.2242091894   1.6441240311
   2.8858802319   1.2265472412  -2.7407746315
   2.8806109428   1.2242082357  -1.6441265345
   2.8787367344   1.2232807875  -0.5479315519
   2.8787367344   1.2232811451   0.5479289889
   3.2157733440   0.1812955886   1.6433556080
   3.2204203606   0.1827870607  -2.7399570942
   3.2157733440   0.1812946945  -1.6433575153
   3.2146971226   0.1804710627  -0.5477101803
   3.2146973610   0.1804713607   0.5477082133
  -1.0968126059   3.3138384819   1.6433550119
  -1.0968304873   3.3187181950  -2.7399575710
  -1.0968128443   3.3138375282  -1.6433581114
  -1.0972635746   3.3125596046  -0.5477107763
  -1.0972634554   3.3125600815   0.5477076173
  -0.0013728330   3.3176023960   1.6441235542
  -0.0007779512   3.3233356476  -2.7407751083
  -0.0013730313   3.3176014423  -1.6441268921
  -0.0016756898   3.3155324459  -0.5479319096
  -0.0016756237   3.3155326843   0.5479285717
   1.0941101313   3.3135869503   1.6429843903
   1.0953390598   3.3185589314  -2.7394115925
   1.0941098928   3.3135859966  -1.6429878473
   1.0939747095   3.3122367859  -0.5475742817
   1.0939748287   3.3122370243   0.5475708246
  -3.2178089619   0.1796751767   1.6450073719
  -3.2212102413   0.1811883152  -2.7423510551
  -3.2178089619   0.1796742678  -1.6450085640
  -3.2172138691   0.1784625798  -0.5482657552
  -3.2172138691   0.1784628779   0.5482645631
  -2.8820030689   1.2233552933   1.6462898254
  -2.8862729073   1.2255383730  -2.7437846661
  -2.8820033073   1.2233543396  -1.6462916136
  -2.8803107738   1.2223945856  -0.5486168265
  -2.8803107738   1.2223949432   0.5486149788
  -2.5399484634   2.2650530338   1.6445606947
  -2.5431864262   2.2673103809  -2.7416927814
  -2.5399484634   2.2650520802  -1.6445630789
  -2.5389208794   2.2649323940  -0.5480993390
  -2.5389208794   2.2649326324   0.5480968952
  -0.8922843337  -2.8050928116   1.6451737881
  -0.8941132426  -2.8079946041  -2.7426047325
  -0.8922845125  -2.8050937653  -1.6451736689
  -0.8912995458  -2.8048374653  -0.5483226776
  -0.8912994862  -2.8048372269   0.5483227968
  -1.7812652588  -2.1633005142   1.6466426849
  -1.7838848829  -2.1669077873  -2.7443118095
  -1.7812654972  -2.1633014679  -1.6466428041
  -1.7802375555  -2.1618862152  -0.5487409830
  -1.7802374363  -2.1618857384   0.5487408638
  -2.6665005684  -1.5163514614   1.6451735497
  -2.6686937809  -1.5189887285  -2.7426049709
  -2.6665008068  -1.5163524151  -1.6451739073
  -2.6665616035  -1.5153362751  -0.5483229160
  -2.6665616035  -1.5153360367   0.5483225584
  -0.0004713197  -3.4407134056   1.6424690485
  -0.0001761479  -3.4410965443  -2.7383215427
   3.5445277691  -0.8632563949   1.6415722370
   3.5461132526  -0.8628429770  -2.7368934155
   2.1892755032   3.3029611111   1.6408231258
   2.1906061172   3.3047919273  -2.7356944084
  -2.1918289661   3.3034739494   1.6415714025
  -2.1919252872   3.3051090240  -2.7368943691
  -3.5467422009  -0.8648006320   1.6424685717
  -3.5471971035  -0.8646390438  -2.7383220196
  -0.0003153042   0.2885418534   3.8515381813
   0.0003114262   0.2894029915  -4.9529132843
  -0.0001980328  -4.3808751106  -2.1875910759
  -0.0004277301  -4.3822231293  -1.0944180489
  -0.0005120644  -4.3824119568   0.0000004536
  -0.0004276035  -4.3822226524   1.0944190025
   4.4394454956  -1.1532684565  -2.1864411831
   4.4391350746  -1.1545090675  -1.0938355923
   4.4387807846  -1.1548746824  -0.0000006923
   4.4391350746  -1.1545084715   1.0938341618
   2.7424306870   4.0644917488  -2.1854965687
   2.7417821884   4.0635991096  -1.0933855772
   2.7414302826   4.0631151199  -0.0000020365
   2.7417824268   4.0635995865   1.0933815241
  -2.7443606853   4.0648488998  -2.1864421368
  -2.7454447746   4.0641703606  -1.0938365459
  -2.7456831932   4.0637207031  -0.0000017000
  -2.7454445362   4.0641708374   1.0938332081
  -4.4409084320  -1.1552666426  -2.1875915527
  -4.4421195984  -1.1559016705  -1.0944187641
  -4.4422731400  -1.1560401917  -0.0000001687
  -4.4421191216  -1.1559010744   1.0944184065
   0.0001686249  -0.6422017813   4.4008712769
   0.0007322718  -0.6448618174  -5.5030903816
   0.0000236779  -1.5750430822   3.8477013111
   0.0005321584  -1.5799055099  -4.9478573799
  -0.0001005470  -2.5083262920   3.2936656475
   0.0003426919  -2.5152666569  -4.3925595284
  -0.0001758292  -3.4410951138   2.7383220196
   0.0001986799  -3.4493069649  -3.8378152847
   0.8857425451   0.0015683122   4.4003229141
   0.8896758556   0.0013460232  -5.5024032593
   1.7724405527  -0.2865196466   3.8466823101
   1.7784783840  -0.2873897254  -4.9465818405
   2.6595680714  -0.5746932030   3.2923266888
   2.6676595211  -0.5761182904  -4.3908200264
   3.5461134911  -0.8628414869   2.7368919849
   3.5556008816  -0.8644239306  -3.8357515335
   0.5473241210   1.0424796343   4.3998985291
   0.5500236154   1.0461941957  -5.5018610954
   1.0950841904   1.7965834141   3.8458533287
   1.0991176367   1.8021345139  -4.9455308914
   1.6430467367   2.5509657860   3.2912118435
   1.6483980417   2.5583314896  -4.3893580437
   2.1906063557   3.3047935963   2.7356908321
   2.1968674660   3.3134119511  -3.8340032101
  -0.5472184420   1.0424314737   4.4003229141
  -0.5486443043   1.0461019278  -5.5024032593
  -1.0953792334   1.7965850830   3.8466818333
  -1.0980720520   1.8020567894  -4.9465823174
  -1.6437541246   2.5511207581   3.2923259735
  -1.6476100683   2.5583736897  -4.3908205032
  -2.1919250488   3.3051104546   2.7368912697
  -2.1963624954   3.3136425018  -3.8357522488
  -0.8855907321   0.0011892212   4.4008712769
  -0.8882929087   0.0009013576  -5.5030908585
  -1.7726663351  -0.2874102592   3.8477010727
  -1.7774461508  -0.2884314954  -4.9478573799
  -2.6601686478  -0.5761267543   3.2936651707
  -2.6669044495  -0.5778523684  -4.3925600052
  -3.5471968651  -0.8646375537   2.7383215427
  -3.5551207066  -0.8668215871  -3.8378160000
   0.8898452520  -0.9358317852   3.8486526012
   0.8931326270  -0.9387139082  -4.9481382370
   1.4396336079   0.7568915486   3.8474872112
   1.4447051287   0.7592339516  -4.9467191696
  -0.0001945348   1.8027427197   3.8474869728
   0.0004664453   1.8082889318  -4.9467191696
  -1.4399429560   0.7564616799   3.8486523628
  -1.4436987638   0.7586955428  -4.9481387138
  -0.8899472356  -0.9362185001   3.8490822315
  -0.8921109438  -0.9391990304  -4.9486465454
   1.7790719271  -1.2272126675   3.2955625057
   1.7847954035  -1.2307277918  -4.3932585716
   0.8920090795  -1.8720936775   3.2959496975
   0.8951544762  -1.8774726391  -4.3937668800
   1.9914669991   1.5123387575   3.2937607765
   1.9979561567   1.5168687105  -4.3911004066
   2.3304340839   0.4700022042   3.2940759659
   2.3378770351   0.4714915752  -4.3915128708
  -0.5484839678   2.5611684322   3.2940754890
  -0.5493677258   2.5687060356  -4.3915133476
   0.5475836396   2.5611355305   3.2937605381
   0.5498863459   2.5687065125  -4.3911004066
  -2.3309853077   0.4690000415   3.2959492207
  -2.3370718956   0.4703269303  -4.3937673569
  -1.9920170307   1.5120017529   3.2955620289
  -1.9971283674   1.5163567066  -4.3932590485
  -0.8923614025  -1.8724592924   3.2962877750
  -0.8945111632  -1.8779705763  -4.3941531181
  -1.7795540094  -1.2280272245   3.2962877750
  -1.7841290236  -1.2317768335  -4.3941535950
   2.6678001881  -1.5178036690   2.7416911125
   2.6757221222  -1.5216628313  -3.8381655216
   1.7831801176  -2.1662209034   2.7437834740
   1.7888101339  -2.1723217964  -3.8400022984
   0.8935884237  -2.8076856136   2.7423503399
   0.8964174986  -2.8152148724  -3.8390250206
   2.5423867702   2.2674653530   2.7394084930
   2.5500640869   2.2740819454  -3.8353304863
   2.8858804703   1.2265486717   2.7407720089
   2.8946449757   1.2301814556  -3.8365771770
   3.2204205990   0.1827885658   2.7399549484
   3.2299816608   0.1834244430  -3.8360347748
  -1.0968301296   3.3187198639   2.7399544716
  -1.0991806984   3.3280076981  -3.8360352516
  -0.0007776208   3.3233370781   2.7407717705
  -0.0000319822   3.3327944279  -3.8365776539
   1.0953392982   3.3185603619   2.7394082546
   1.0992588997   3.3279066086  -3.8353307247
  -3.2212100029   0.1811898202   2.7423498631
  -3.2292439938   0.1815510094  -3.8390254974
  -2.8862726688   1.2255399227   2.7437827587
  -2.8938140869   1.2290066481  -3.8400030136
  -2.5431859493   2.2673120499   2.7416903973
  -2.5493044853   2.2736515999  -3.8381662369
  -0.8941129446  -2.8079931736   2.7426047325
  -0.8961067796  -2.8156886101  -3.8393204212
  -1.7838845253  -2.1669063568   2.7443118095
  -1.7885309458  -2.1733043194  -3.8406424522
  -2.6686935425  -1.5189871788   2.7426044941
  -2.6753938198  -1.5232638121  -3.8393206596
   3.5570454597  -1.8079658747   2.1869931221
   3.5648849010  -1.8123171329  -3.2829287052
   3.5570452213  -1.8079670668  -2.1869940758
   3.5572102070  -1.8065010309  -1.0934534073
   3.5572679043  -1.8062741756  -0.0000004615
   3.5572102070  -1.8065004349   1.0934524536
   2.6735308170  -2.4587116241   2.1907994747
   2.6814420223  -2.4655508995  -3.2859485149
   2.6735305786  -2.4587128162  -2.1907999516
   2.6703922749  -2.4548165798  -1.0949345827
   2.6699593067  -2.4539380074  -0.0000002313
   2.6703922749  -2.4548161030   1.0949341059
   1.7860147953  -3.1039528847   2.1910648346
   1.7915792465  -3.1125032902  -3.2862799168
   1.7860145569  -3.1039540768  -2.1910648346
   1.7823065519  -3.1004688740  -1.0950965881
   1.7812911272  -3.0999994278  -0.0000000018
   1.7823066711  -3.1004681587   1.0950965881
   0.8945155740  -3.7436883450   2.1878495216
   0.8979057670  -3.7512876987  -3.2840185165
   0.8945152760  -3.7436895370  -2.1878490448
   0.8919762969  -3.7441790104  -1.0939511061
   0.8914004564  -3.7444219589   0.0000002269
   0.8919764161  -3.7441782951   1.0939515829
   3.0928742886   3.0233402252   2.1847190857
   3.1014618874   3.0298326015  -3.2794582844
   3.0928740501   3.0233390331  -2.1847224236
   3.0909852982   3.0229446888  -1.0924040079
   3.0905170441   3.0226895809  -0.0000017698
   3.0909852982   3.0229454041   1.0924005508
   3.4400184155   1.9831329584   2.1868193150
   3.4497265816   1.9885325432  -3.2812533379
   3.4400181770   1.9831317663  -2.1868221760
   3.4359993935   1.9812664986  -1.0931408405
   3.4351751804   1.9808418751  -0.0000015016
   3.4359993935   1.9812670946   1.0931377411
   3.7793264389   0.9399362206   2.1870284081
   3.7898826599   0.9427375197  -3.2815210819
   3.7793262005   0.9399350286  -2.1870307922
   3.7752990723   0.9381117225  -1.0932579041
   3.7744860649   0.9376695752  -0.0000012325
   3.7752990723   0.9381123185   1.0932554007
   4.1105461121  -0.1054315865   2.1854221821
   4.1207695007  -0.1039917842  -3.2803480625
   4.1105461121  -0.1054327860  -2.1854240894
   4.1091418266  -0.1073078290  -1.0927987099
   4.1087460518  -0.1076916382  -0.0000009626
   4.1091418266  -0.1073072255   1.0927968025
  -1.6461764574   4.0760917664   2.1854212284
  -1.6479674578   4.0862584114  -3.2803487778
  -1.6461766958   4.0760908127  -2.1854248047
  -1.6475257874   4.0741758347  -1.0927995443
  -1.6477686167   4.0736808777  -0.0000017701
  -1.6475256681   4.0741763115   1.0927959681
  -0.5496218204   4.0843639374   2.1870276928
  -0.5502211452   4.0952687263  -3.2815215588
  -0.5496221185   4.0843629837  -2.1870312691
  -0.5501109362   4.0799694061  -1.0932585001
  -0.5502802134   4.0790600777  -0.0000018390
  -0.5501107574   4.0799698830   1.0932548046
   0.5473692417   4.0842733383   2.1868188381
   0.5495030880   4.0951743126  -3.2812535763
   0.5473689437   4.0842719078  -2.1868226528
   0.5468376279   4.0798735619  -1.0931411982
   0.5466884971   4.0789585114  -0.0000019063
   0.5468377471   4.0798740387   1.0931373835
   1.6439405680   4.0758056641   2.1847188473
   1.6474601030   4.0859789848  -3.2794582844
   1.6439402103   4.0758042336  -2.1847226620
   1.6441490650   4.0738863945  -1.0924042463
   1.6440509558   4.0733623505  -0.0000019722
   1.6441491842   4.0738868713   1.0924003124
  -4.1116232872  -0.1073677689   2.1878488064
  -4.1198978424  -0.1064944416  -3.2840192318
  -4.1116237640  -0.1073689684  -2.1878497601
  -4.1113042831  -0.1099347547  -1.0939518213
  -4.1113576889  -0.1105573624  -0.0000004742
  -4.1113042831  -0.1099341586   1.0939508677
  -3.7789206505   0.9382616878   2.1910641193
  -3.7887716293   0.9409086704  -3.2862808704
  -3.7789208889   0.9382604957  -2.1910655499
  -3.7744598389   0.9358121157  -1.0950974226
  -3.7736997604   0.9349917173  -0.0000007802
  -3.7744596004   0.9358127117   1.0950958729
  -3.4397499561   1.9818058014   2.1907987595
  -3.4486992359   1.9872136116  -3.2859494686
  -3.4397501945   1.9818046093  -2.1908009052
  -3.4350745678   1.9800249338  -1.0949354172
  -3.4341053963   1.9798851013  -0.0000010867
  -3.4350743294   1.9800255299   1.0949332714
  -3.0941069126   3.0232467651   2.1869921684
  -3.1006681919   3.0293555260  -3.2829296589
  -3.0941071510   3.0232455730  -2.1869950294
  -3.0927641392   3.0238559246  -1.0934543610
  -3.0925664902   3.0239810944  -0.0000013938
  -3.0927641392   3.0238564014   1.0934516191
  -0.8950985670  -3.7438936234   2.1879985332
  -0.8978095055  -3.7516942024  -3.2842309475
  -0.8950988650  -3.7438948154  -2.1879978180
  -0.8930190206  -3.7442755699  -1.0940300226
  -0.8926076293  -3.7444834709   0.0000003304
  -0.8930189013  -3.7442748547   1.0940307379
  -1.7868030071  -3.1044552326   2.1914114952
  -1.7915995121  -3.1133432388  -3.2867281437
  -1.7868032455  -3.1044564247  -2.1914110184
  -1.7836041451  -3.1007590294  -1.0952827930
  -1.7827583551  -3.1002271175   0.0000002062
  -1.7836040258  -3.1007583141   1.0952831507
  -2.6745793819  -2.4595990181   2.1914112568
  -2.6815476418  -2.4669096470  -3.2867281437
  -2.6745796204  -2.4596002102  -2.1914112568
  -2.6720528603  -2.4554145336  -1.0952829123
  -2.6718089581  -2.4544456005   0.0000000816
  -2.6720528603  -2.4554138184   1.0952830315
  -3.5584182739  -1.8093321323   2.1879980564
  -3.5649971962  -1.8143230677  -3.2842314243
  -3.5584185123  -1.8093333244  -2.1879982948
  -3.5594239235  -1.8074730635  -1.0940303802
  -3.5597491264  -1.8071459532  -0.0000000431
  -3.5594236851  -1.8074724674   1.0940302610
  -0.0001977790  -4.3808741570   2.1875917912
   4.4394454956  -1.1532672644   2.1864397526
   2.7424309254   4.0644927025   2.1854925156
  -2.7443604469   4.0648503304   2.1864387989
  -4.4409079552  -1.1552654505   2.1875913143
   4.4533963203  -2.1022207737  -1.6373802423
   4.4534945488  -2.1021337509  -0.5462588072
   4.4534945488  -2.1021332741   0.5462579131
   4.4533963203  -2.1022198200   1.6373792887
   3.5719335079  -2.7582168579  -2.7309377193
   3.5639309883  -2.7512285709  -1.6371338367
   3.5636608601  -2.7492578030  -0.5457324386
   3.5636608601  -2.7492573261   0.5457320809
   3.5639309883  -2.7512276173   1.6371334791
   2.6854140759  -3.4075210094  -2.7325229645
   2.6778833866  -3.3985385895  -1.6388931274
   2.6750996113  -3.3953831196  -0.5461122394
   2.6750996113  -3.3953826427   0.5461122990
   2.6778836250  -3.3985376358   1.6388932467
   1.7942663431  -4.0505523682  -2.7314782143
   1.7886387110  -4.0416774750  -1.6375378370
   1.7861284018  -4.0411577225  -0.5458729863
   1.7861285210  -4.0411572456   0.5458734632
   1.7886388302  -4.0416765213   1.6375384331
   0.8964095712  -4.6876254082  -1.6381406784
   0.8955652118  -4.6880269051  -0.5465005040
   0.8955652714  -4.6880264282   0.5465014577
   0.8964097500  -4.6876244545   1.6381416321
   3.6498129368   3.7844870090  -1.6355562210
   3.6480200291   3.7841036320  -0.5455299020
   3.6480202675   3.7841041088   0.5455258489
   3.6498131752   3.7844879627   1.6355522871
   4.0048213005   2.7463333607  -2.7244970798
   3.9972817898   2.7420063019  -1.6342787743
   3.9951772690   2.7412571907  -0.5448152423
   3.9951772690   2.7412574291   0.5448117256
   3.9972820282   2.7420072556   1.6342753172
   4.3481512070   1.7020207644  -2.7264685631
   4.3403429985   1.6986838579  -1.6355156898
   4.3379592896   1.6975489855  -0.5452300310
   4.3379592896   1.6975492239   0.5452271104
   4.3403434753   1.6986848116   1.6355127096
   4.6848330498   0.6554975510  -2.7249026299
   4.6765727997   0.6530320644  -1.6345429420
   4.6746087074   0.6517384052  -0.5449107289
   4.6746087074   0.6517387033   0.5449082851
   4.6765732765   0.6530329585   1.6345405579
   5.0086917877  -0.3948685825  -1.6361263990
   5.0071530342  -0.3962179124  -0.5456965566
   5.0071530342  -0.3962176144   0.5456947088
   5.0086922646  -0.3948676884   1.6361244917
  -2.1991593838   4.8407144547  -1.6361273527
  -2.1999669075   4.8388338089  -0.5456975698
  -2.1999669075   4.8388342857   0.5456936955
  -2.1991591454   4.8407154083   1.6361235380
  -1.1001274586   4.8575325012  -2.7249033451
  -1.0999180079   4.8489146233  -1.6345437765
  -1.1005411148   4.8466467857  -0.5449115038
  -1.1005409956   4.8466472626   0.5449075103
  -1.0999178886   4.8489155769   1.6345397234
  -0.0007851670   4.8609676361  -2.7264692783
  -0.0015441224   4.8525104523  -1.6355162859
  -0.0018864904   4.8498926163  -0.5452306867
  -0.0018864244   4.8498926163   0.5452265143
  -0.0015439244   4.8525109291   1.6355121136
   1.0985108614   4.8573966026  -2.7244975567
   1.0967271328   4.8488888741  -1.6342792511
   1.0966651440   4.8466558456  -0.5448156595
   1.0966652632   4.8466563225   0.5448113084
   1.0967272520   4.8488898277   1.6342748404
   2.1955606937   4.8408155441  -1.6355564594
   2.1957504749   4.8389921188  -0.5455300808
   2.1957504749   4.8389925957   0.5455256701
   2.1955609322   4.8408164978   1.6355520487
  -5.0098810196  -0.3974598646  -1.6381415129
  -5.0100016594  -0.3983867764  -0.5465013385
  -5.0100016594  -0.3983864784   0.5465006232
  -5.0098810196  -0.3974589407   1.6381407976
  -4.6816754341   0.6533921361  -2.7314791679
  -4.6714959145   0.6507847905  -1.6375387907
  -4.6702251434   0.6485584974  -0.5458738804
  -4.6702251434   0.6485587955   0.5458725691
  -4.6714954376   0.6507856846   1.6375374794
  -4.3457293510   1.6997065544  -2.7325239182
  -4.3348588943   1.6953226328  -1.6388942003
  -4.3309974670   1.6936513186  -0.5461131930
  -4.3309969902   1.6936516762   0.5461112857
  -4.3348584175   1.6953235865   1.6388922930
  -4.0023865700   2.7435591221  -2.7309389114
  -3.9932665825   2.7381100655  -1.6371349096
  -3.9913089275   2.7384626865  -0.5457335114
  -3.9913089275   2.7384629250   0.5457310081
  -3.9932663441   2.7381107807   1.6371324062
  -3.6511166096   3.7846724987  -1.6373813152
  -3.6510643959   3.7847931385  -0.5462599397
  -3.6510643959   3.7847933769   0.5462567806
  -3.6511163712   3.7846734524   1.6373782158
  -0.8970104456  -4.6877412796  -1.6382123232
  -0.8964928985  -4.6880655289  -0.5465294123
  -0.8964928389  -4.6880650520   0.5465306044
  -0.8970102668  -4.6877403259   1.6382135153
  -1.7944468260  -4.0511736870  -2.7317478657
  -1.7894153595  -4.0419712067  -1.6377060413
  -1.7872284651  -4.0413136482  -0.5459350944
  -1.7872284651  -4.0413131714   0.5459360480
  -1.7894151211  -4.0419702530   1.6377069950
  -2.6857681274  -3.4085345268  -2.7329974174
  -2.6789031029  -3.3990831375  -1.6392184496
  -2.6764461994  -3.3957006931  -0.5462281704
  -2.6764461994  -3.3957004547   0.5462288857
  -2.6789028645  -3.3990821838   1.6392191648
  -3.5725321770  -2.7596216202  -2.7317481041
  -3.5653371811  -2.7519910336  -1.6377062798
  -3.5653879642  -2.7497079372  -0.5459353328
  -3.5653879642  -2.7497076988   0.5459357500
  -3.5653369427  -2.7519900799   1.6377067566
  -4.4554138184  -2.1030158997  -1.6382128000
  -4.4558820724  -2.1026237011  -0.5465299487
  -4.4558820724  -2.1026234627   0.5465301275
  -4.4554133415  -2.1030149460   1.6382130384
   0.0001206704  -4.3784728050  -3.2821943760
   4.4388952255  -1.1512140036  -3.2799277306
   2.7424139977   4.0644683838  -3.2779877186
  -2.7422366142   4.0649609566  -3.2799286842
  -4.4387221336  -1.1542208195  -3.2821948528
   0.0009225671   0.2902441323  -6.0568966866
  -0.0000594870  -5.3323993683  -2.7633221149
  -0.0002792593  -5.3315420151  -1.6530650854
  -0.0004163123  -5.3308763504  -0.5505865812
  -0.0004162487  -5.3308763504   0.5505880117
   5.3448557854  -1.4482849836  -2.7617485523
   5.3419122696  -1.4491215944  -1.6515663862
   5.3409562111  -1.4486020803  -0.5500148535
   5.3409562111  -1.4486017227   0.5500134826
   3.3024728298   4.8355040550  -2.7604346275
   3.3000168800   4.8321232796  -1.6502078772
   3.2991766930   4.8309664726  -0.5495277643
   3.2991766930   4.8309669495   0.5495231748
  -3.3048968315   4.8346552849  -2.7617497444
  -3.3047821522   4.8315973282  -1.6515675783
  -3.3039929867   4.8308491707  -0.5500160456
  -3.3039927483   4.8308496475   0.5500122905
  -5.3458385468  -1.4493737221  -2.7633228302
  -5.3449559212  -1.4493175745  -1.6530658007
  -5.3442802429  -1.4492418766  -0.5505873561
  -5.3442802429  -1.4492415190   0.5505872965
   0.0012624126  -0.6455414891  -6.6221618652
   0.0010126434  -1.5896440744  -6.0584034920
   0.0007715915  -2.5306172371  -5.4987325668
   0.0005670040  -3.4721758366  -4.9397392273
   0.0004366994  -4.4182977676  -4.3792667389
   0.8915849328   0.0016886198  -6.6214041710
   1.7890352011  -0.2898444831  -6.0569539070
   2.6836030483  -0.5802419186  -5.4966826439
   3.5788197517  -0.8707544804  -4.9371876717
   4.4784307480  -1.1627510786  -4.3762106895
   0.5515192151   1.0482529402  -6.6207356453
   1.1059340239   1.8115185499  -6.0557246208
   1.6585522890   2.5723106861  -5.4949440956
   2.2115576267   3.3336355686  -4.9350228310
   2.7672898769   4.0987153053  -4.3736348152
  -0.5489086509   1.0480232239  -6.6214041710
  -1.1036707163   1.8113368750  -6.0569543839
  -1.6564615965   2.5722606182  -5.4966831207
  -2.2095625401   3.3337657452  -4.9371881485
  -2.7654335499   4.0989909172  -4.3762116432
  -0.8891029358   0.0011951950  -6.6221618652
  -1.7868556976  -0.2909861505  -6.0584039688
  -2.6816349030  -0.5821914673  -5.4987330437
  -3.5769822598  -0.8735431433  -4.9397397041
  -4.4766926765  -1.1662353277  -4.3792672157
   0.8983569145  -0.9443954825  -6.0549659729
   1.4529275894   0.7625153661  -6.0533747673
   0.0010446161   1.8171229362  -6.0533752441
  -1.4507170916   0.7619067430  -6.0549664497
  -0.8963027000  -0.9449700117  -6.0555014610
   1.7943938971  -1.2375174761  -5.4963746071
   0.9000892639  -1.8876532316  -5.4969758987
   2.0086147785   1.5239936113  -5.4940013885
   2.3502950668   0.4731557369  -5.4944872856
  -0.5516249537   2.5810298920  -5.4944877625
   0.5533663034   2.5810456276  -5.4940018654
  -2.3482792377   0.4718715549  -5.4969763756
  -2.0065531731   1.5233850479  -5.4963750839
  -0.8985082507  -1.8882712126  -5.4973664284
  -1.7926886082  -1.2387634516  -5.4973664284
   2.6901884079  -1.5290604830  -4.9381175041
   1.7976375818  -2.1829011440  -4.9406051636
   0.9004949331  -2.8301613331  -4.9391670227
   2.5629000664   2.2856056690  -4.9349923134
   2.9086310863   1.2354282141  -4.9370141029
   3.2466969490   0.1829552948  -4.9358363152
  -1.1047955751   3.3437585831  -4.9358367920
   0.0006329510   3.3477172852  -4.9370145798
   1.1062488556   3.3436768055  -4.9349923134
  -3.2447183132   0.1808066070  -4.9391674995
  -2.9066045284   1.2341297865  -4.9406056404
  -2.5608127117   2.2851209641  -4.9381179810
  -0.8993575573  -2.8307921886  -4.9394521713
  -1.7964128256  -2.1841554642  -4.9412975311
  -2.6887516975  -1.5310258865  -4.9394526482
   3.5875961781  -1.8202670813  -4.3788657188
   2.6952006817  -2.4759426117  -4.3840279579
   1.7987908125  -3.1276390553  -4.3844394684
   0.9000973105  -3.7740850449  -4.3802418709
   3.1174271107   3.0487689972  -4.3750700951
   3.4651634693   1.9981676340  -4.3792171478
   3.8075733185   0.9454494715  -4.3795313835
   4.1442666054  -0.1083765775  -4.3761653900
  -1.6594032049   4.1072478294  -4.3761663437
  -0.5531123877   4.1129307747  -4.3795318604
   0.5538926125   4.1128339767  -4.3792176247
   1.6605317593   4.1070175171  -4.3750705719
  -4.1422553062  -0.1114600301  -4.3802423477
  -3.8053951263   0.9430862665  -4.3844404221
  -3.4628360271   1.9970843792  -4.3840289116
  -3.1152513027   3.0484950542  -4.3788666725
  -0.8992961049  -3.7747068405  -4.3804368973
  -1.7979911566  -3.1288292408  -4.3849129677
  -2.6942977905  -2.4777770042  -4.3849129677
  -3.5864219666  -1.8228530884  -4.3804373741
   4.4947266579  -2.1083798409  -3.8154630661
   4.4521851540  -2.1015520096  -2.7261919975
   3.5950996876  -2.7675976753  -3.8260486126
   2.6972222328  -3.4220678806  -3.8294317722
   1.7978053093  -4.0742278099  -3.8267631531
   0.8934234977  -4.7264657021  -3.8172547817
   0.8979022503  -4.6854572296  -2.7274999619
   3.6722147465   3.8221139908  -3.8113138676
   3.6522195339   3.7847328186  -2.7224929333
   4.0212082863   2.7631821632  -3.8199298382
   4.3668079376   1.7089668512  -3.8224587440
   4.7075333595   0.6532493234  -3.8204450607
   5.0481276512  -0.4081706107  -3.8127319813
   5.0106101036  -0.3918868005  -2.7235448360
  -2.2240037918   4.8741040230  -3.8127329350
  -2.1969168186   4.8434610367  -2.7235457897
  -1.1092848778   4.8784246445  -3.8204457760
   0.0000516439   4.8808574677  -3.8224592209
   1.1094667912   4.8781900406  -3.8199303150
   2.2244164944   4.8737545013  -3.8113141060
   2.1950504780   4.8431797028  -2.7224931717
  -5.0458941460  -0.4123103619  -3.8172557354
  -5.0082807541  -0.3953700662  -2.7275006771
  -4.7052845955   0.6494363546  -3.8267641068
  -4.3632144928   1.7064373493  -3.8294327259
  -4.0184712410   2.7626891136  -3.8260498047
  -3.6697540283   3.8220722675  -3.8154642582
  -3.6501059532   3.7837274075  -2.7261931896
  -0.8927161098  -4.7270998955  -3.8173482418
  -0.8979516625  -4.6856980324  -2.7275884151
  -1.7972561121  -4.0753064156  -3.8270518780
  -2.6967477798  -3.4236507416  -3.8299860954
  -3.5946135521  -2.7697560787  -3.8270521164
  -4.4941706657  -2.1111030579  -3.8173487186
  -4.4531793594  -2.1032793522  -2.7275888920
   5.3562316895  -2.4112157822  -2.2073595524
   5.3566732407  -2.4066598415  -1.1004834175
   5.3565239906  -2.4057378769  -0.0000004019
   4.4998841286  -3.0600705147  -3.2630746365
   4.4593605995  -3.0547699928  -2.1745028496
   4.4600129128  -3.0518889427  -1.0887837410
   4.4597406387  -3.0505309105  -0.0000001719
   4.4600129128  -3.0518882275   1.0887833834
   3.5969057083  -3.7157497406  -3.2722010612
   3.5779685974  -3.7040350437  -2.1775186062
   3.5720682144  -3.6972842216  -1.0881849527
   3.5711045265  -3.6958715916   0.0000000578
   3.5720682144  -3.6972835064   1.0881850719
   2.6981182098  -4.3691096306  -3.2724294662
   2.6910696030  -4.3486251831  -2.1776807308
   2.6852922440  -4.3416447639  -1.0882649422
   2.6838829517  -4.3405160904   0.0000002867
   2.6852922440  -4.3416442871   1.0882655382
   1.7958247662  -5.0255827904  -3.2639641762
   1.8011991978  -4.9868092537  -2.1751577854
   1.7969233990  -4.9869060516  -1.0890879631
   1.7953451872  -4.9863872528   0.0000005156
   1.7969235182  -4.9869050980   1.0890890360
   0.9112961292  -5.6408982277  -2.2080135345
   0.9056935310  -5.6406393051  -1.1009949446
   0.9046022892  -5.6404457092   0.0000007464
   4.2225399017   4.5537776947  -2.2033777237
   4.2199759483   4.5531110764  -1.0990679264
   4.2194962502   4.5522580147  -0.0000022615
   4.5831308365   3.5326569080  -3.2579922676
   4.5765147209   3.5084898472  -2.1685316563
   4.5709595680   3.5091187954  -1.0847529173
   4.5697531700   3.5084953308  -0.0000019931
   4.5709595680   3.5091192722   1.0847489834
   4.9316167831   2.4760875702  -3.2644839287
   4.9216513634   2.4658341408  -2.1742677689
   4.9165511131   2.4645359516  -1.0873205662
   4.9153323174   2.4639365673  -0.0000017239
   4.9165515900   2.4645364285   1.0873172283
   5.2750215530   1.4202276468  -3.2646172047
   5.2615451813   1.4204777479  -2.1743657589
   5.2569861412   1.4173452854  -1.0873774290
   5.2557201385   1.4168440104  -0.0000014531
   5.2569861412   1.4173458815   1.0873744488
   5.6146621704   0.3607638478  -3.2584877014
   5.5955615044   0.3739312887  -2.1688592434
   5.5916905403   0.3688948154  -1.0849436522
   5.5904164314   0.3684617579  -0.0000011813
   5.5916905403   0.3688954115   1.0849413872
   5.9235115051  -0.6803005934  -2.2038629055
   5.9213466644  -0.6825482249  -1.0994659662
   5.9206790924  -0.6822508574  -0.0000009091
  -2.7534902096   5.6224327087  -2.2038640976
  -2.7549586296   5.6196789742  -1.0994671583
  -2.7544696331   5.6191363335  -0.0000021267
  -1.6679456234   5.6506481171  -3.2584886551
  -1.6495171785   5.6365551949  -2.1688604355
  -1.6531100273   5.6313171387  -1.0849447250
  -1.6531280279   5.6299715042  -0.0000021979
  -1.6531099081   5.6313176155   1.0849403143
  -0.5553820133   5.6552710533  -3.2646181583
  -0.5509770513   5.6425328255  -2.1743664742
  -0.5525463223   5.6372284889  -1.0873782635
  -0.5526318550   5.6358699799  -0.0000022676
  -0.5525462031   5.6372289658   1.0873736143
   0.5549185872   5.6551995277  -3.2644846439
   0.5482490063   5.6425523758  -2.1742682457
   0.5485911965   5.6373009682  -1.0873212814
   0.5483980179   5.6359562874  -0.0000023356
   0.5485913754   5.6373014450   1.0873165131
   1.6674648523   5.6505155563  -3.2579927444
   1.6465278864   5.6367511749  -2.1685321331
   1.6488436460   5.6316628456  -1.0847533941
   1.6486234665   5.6303229332  -0.0000024016
   1.6488437653   5.6316633224   1.0847485065
   2.7500431538   5.6233582497  -2.2033779621
   2.7502017021   5.6207146645  -1.0990681648
   2.7495386600   5.6199946404  -0.0000024660
  -5.9210352898  -0.6780825853  -2.2080144882
  -5.9190564156  -0.6833304167  -1.1009958982
  -5.9185347557  -0.6843079925  -0.0000002098
  -5.6093993187   0.3533664048  -3.2639653683
  -5.5741882324   0.3704675734  -2.1751587391
  -5.5729579926   0.3663715422  -1.0890890360
  -5.5719766617   0.3650312126  -0.0000005172
  -5.5729579926   0.3663721383   1.0890879631
  -5.2641167641   1.4144368172  -3.2724304199
  -5.2424569130   1.4140683413  -2.1776819229
  -5.2340321541   1.4107327461  -1.0882661343
  -5.2325229645   1.4097416401  -0.0000008227
  -5.2340321541   1.4107333422   1.0882644653
  -4.9207105637   2.4712102413  -3.2722022533
  -4.9037146568   2.4568243027  -2.1775197983
  -4.8954701424   2.4533004761  -1.0881861448
  -4.8938288689   2.4528212547  -0.0000011281
  -4.8954701424   2.4533011913   1.0881838799
  -4.5763950348   3.5326869488  -3.2630758286
  -4.5588235855   3.4957883358  -2.1745042801
  -4.5562853813   3.4972999096  -1.0887849331
  -4.5549097061   3.4974610806  -0.0000014346
  -4.5562853813   3.4973003864   1.0887820721
  -4.2241497040   4.5477075577  -2.2073609829
  -4.2199540138   4.5495367050  -1.1004847288
  -4.2190313339   4.5496797562  -0.0000017438
  -0.9116041660  -5.6411304474  -2.2081143856
  -0.9063883424  -5.6406946182  -1.1010382175
  -0.9054564834  -5.6404447556   0.0000008506
  -1.7953469753  -5.0265145302  -3.2640719414
  -1.8014731407  -4.9871587753  -2.1752486229
  -1.7977081537  -4.9870600700  -1.0891628265
  -1.7962964773  -4.9864611626   0.0000007229
  -1.7977080345  -4.9870595932   1.0891642570
  -2.6978259087  -4.3703923225  -3.2727122307
  -2.6915104389  -4.3492984772  -2.1779048443
  -2.6862509251  -4.3419275284  -1.0883949995
  -2.6850049496  -4.3406734467   0.0000005978
  -2.6862509251  -4.3419270515   1.0883961916
  -3.5967543125  -3.7174355984  -3.2727124691
  -3.5786473751  -3.7049069405  -2.1779048443
  -3.5732641220  -3.6976258755  -1.0883951187
  -3.5724573135  -3.6960530281   0.0000004737
  -3.5732641220  -3.6976251602   1.0883960724
  -4.4997911453  -3.0620815754  -3.2640724182
  -4.4604697227  -3.0557372570  -2.1752490997
  -4.4615406990  -3.0521261692  -1.0891631842
  -4.4614076614  -3.0505983829   0.0000003501
  -4.4615406990  -3.0521256924   1.0891638994
  -5.3575620651  -2.4117100239  -2.2081148624
  -5.3587608337  -2.4066147804  -1.1010388136
  -5.3588113785  -2.4056513309   0.0000002272
   0.0003120159   0.2894057035   4.9529118538
  -0.0002790683  -5.3315415382   1.6530665159
   5.3419122696  -1.4491206408   1.6515650749
   3.3000171185   4.8321242332   1.6502033472
  -3.3047821522   4.8315982819   1.6515637636
  -5.3449554443  -1.4493166208   1.6530658007
   5.3566732407  -2.4066591263   1.1004825830
   0.9056936502  -5.6406388283   1.1009964943
   4.2199764252   4.5531115532   1.0990633965
   5.9213466644  -0.6825476289   1.0994641781
  -2.7549583912   5.6196794510   1.0994629860
   2.7502017021   5.6207151413   1.0990632772
  -5.9190564156  -0.6833298206   1.1009955406
  -4.2199535370   4.5495371819   1.1004812717
  -0.9063881636  -5.6406941414   1.1010398865
  -5.3587608337  -2.4066143036   1.1010392904
   0.0007329244  -0.6448588371   5.5030894279
   0.0005327419  -1.5799028873   4.9478564262
   0.0003432068  -2.5152642727   4.3925595284
   0.0001991273  -3.4493048191   3.8378157616
   0.8896765113   0.0013490475   5.5024018288
   1.7784789801  -0.2873870134   4.9465804100
   2.6676599979  -0.5761158466   4.3908185959
   3.5556013584  -0.8644218445   3.8357501030
   0.5500242710   1.0461971760   5.5018591881
   1.0991182327   1.8021371365   4.9455285072
   1.6483985186   2.5583338737   4.3893551826
   2.1968679428   3.3134140968   3.8339996338
  -0.5486436486   1.0461049080   5.5024013519
  -1.0980714560   1.8020594120   4.9465799332
  -1.6476094723   2.5583760738   4.3908181190
  -2.1963620186   3.3136446476   3.8357491493
  -0.8882922530   0.0009043816   5.5030894279
  -1.7774455547  -0.2884287834   4.9478564262
  -2.6669039726  -0.5778499842   4.3925590515
  -3.5551202297  -0.8668194413   3.8378152847
   0.8931332231  -0.9387111664   4.9481372833
   1.4447057247   0.7592366934   4.9467172623
   0.0004670381   1.8082916737   4.9467167854
  -1.4436981678   0.7586982846   4.9481368065
  -0.8921104074  -0.9391962886   4.9486460686
   1.7847958803  -1.2307254076   4.3932576180
   0.8951550126  -1.8774702549   4.3937659264
   1.9979567528   1.5168712139   4.3910975456
   2.3378775120   0.4714939892   4.3915109634
  -0.5493671894   2.5687084198   4.3915104866
   0.5498868823   2.5687088966   4.3910975456
  -2.3370714188   0.4703293443   4.3937654495
  -1.9971278906   1.5163590908   4.3932571411
  -0.8945106268  -1.8779681921   4.3941531181
  -1.7841285467  -1.2317744493   4.3941526413
   2.6757225990  -1.5216606855   3.8381645679
   1.7888106108  -2.1723196507   3.8400018215
   0.8964179158  -2.8152127266   3.8390250206
   2.5500645638   2.2740840912   3.8353276253
   2.8946454525   1.2301834822   3.8365745544
   3.2299818993   0.1834265590   3.8360326290
  -1.0991802216   3.3280098438   3.8360321522
  -0.0000315197   3.3327965736   3.8365743160
   1.0992593765   3.3279087543   3.8353273869
  -3.2292435169   0.1815531254   3.8390243053
  -2.8938136101   1.2290086746   3.8400011063
  -2.5493040085   2.2736537457   3.8381638527
  -0.8961063623  -2.8156864643   3.8393206596
  -1.7885304689  -2.1733021736   3.8406422138
  -2.6753933430  -1.5232616663   3.8393204212
   3.5648853779  -1.8123153448   3.2829277515
   2.6814424992  -2.4655489922   3.2859480381
   1.7915796041  -3.1125016212   3.2862799168
   0.8979061246  -3.7512860298   3.2840189934
   3.1014621258   3.0298342705   3.2794547081
   3.4497270584   1.9885343313   3.2812502384
   3.7898831367   0.9427393079   3.2815184593
   4.1207699776  -0.1039899811   3.2803461552
  -1.6479671001   4.0862603188   3.2803452015
  -0.5502207279   4.0952701569   3.2815179825
   0.5495035052   4.0951762199   3.2812497616
   1.6474604607   4.0859808922   3.2794544697
  -4.1198973656  -0.1064926386   3.2840182781
  -3.7887711525   0.9409104586   3.2862792015
  -3.4486987591   1.9872153997   3.2859473228
  -3.1006677151   3.0293574333   3.2829267979
  -0.8978091478  -3.7516922951   3.2842316628
  -1.7915991545  -3.1133415699   3.2867286205
  -2.6815471649  -2.4669079781   3.2867283821
  -3.5649967194  -1.8143212795   3.2842311859
   3.5719337463  -2.7582154274   2.7309374809
   2.6854145527  -3.4075193405   2.7325229645
   1.7942667007  -4.0505509377   2.7314786911
   4.0048217773   2.7463347912   2.7244935036
   4.3481516838   1.7020221949   2.7264657021
   4.6848335266   0.6554990411   2.7249000072
  -1.1001272202   4.8575339317   2.7248992920
  -0.0007848372   4.8609690666   2.7264649868
   1.0985112190   4.8573980331   2.7244932652
  -4.6816754341   0.6533936858   2.7314777374
  -4.3457288742   1.6997081041   2.7325220108
  -4.0023865700   2.7435605526   2.7309362888
  -1.7944465876  -4.0511722565   2.7317488194
  -2.6857676506  -3.4085330963   2.7329981327
  -3.5725319386  -2.7596201897   2.7317485809
   0.0001210515  -4.3784713745   3.2821953297
   4.4388957024  -1.1512122154   3.2799263000
   2.7424144745   4.0644702911   3.2779836655
  -2.7422361374   4.0649628639   3.2799253464
  -4.4387216568  -1.1542190313   3.2821946144
   4.4521856308  -2.1015505791   2.7261912823
   0.8979025483  -4.6854557991   2.7275009155
   3.6522197723   3.7847342491   2.7224888802
   5.0106105804  -0.3918853104   2.7235429287
  -2.1969165802   4.8434624672   2.7235419750
   2.1950507164   4.8431816101   2.7224888802
  -5.0082802773  -0.3953685462   2.7274999619
  -3.6501057148   3.7837288380   2.7261900902
  -0.8979513645  -4.6856966019   2.7275896072
  -4.4531793594  -2.1032776833   2.7275891304
  -0.0000591674  -5.3323979378   2.7633235455
   5.3448562622  -1.4482834339   2.7617471218
   3.3024730682   4.8355054855   2.7604300976
  -3.3048963547   4.8346571922   2.7617459297
  -5.3458380699  -1.4493721724   2.7633228302
   0.0009232884   0.2902474701   6.0568947792
   5.3562321663  -2.4112145901   2.2073588371
   4.4593605995  -3.0547688007   2.1745026112
   3.5779688358  -3.7040338516   2.1775186062
   2.6910698414  -4.3486242294   2.1776814461
   1.8011995554  -4.9868078232   2.1751587391
   0.9112963676  -5.6408972740   2.2080149651
   4.2225399017   4.5537791252   2.2033731937
   4.5765151978   3.5084910393   2.1685276031
   4.9216518402   2.4658353329   2.1742641926
   5.2615456581   1.4204789400   2.1743628979
   5.5955615044   0.3739324510   2.1688568592
   5.9235115051  -0.6802994013   2.2038609982
  -2.7534899712   5.6224336624   2.2038598061
  -1.6495169401   5.6365566254   2.1688559055
  -0.5509768128   5.6425337791   2.1743619442
   0.5482492447   5.6425533295   2.1742637157
   1.6465282440   5.6367521286   2.1685273647
   2.7500433922   5.6233596802   2.2033729553
  -5.9210348129  -0.6780813932   2.2080140114
  -5.5741877556   0.3704687655   2.1751577854
  -5.2424569130   1.4140695333   2.1776802540
  -4.9037141800   2.4568254948   2.1775174141
  -4.5588231087   3.4957895279   2.1745014191
  -4.2241497040   4.5477089882   2.2073574066
  -0.9116038680  -5.6411294937   2.2081160545
  -1.8014729023  -4.9871578217   2.1752500534
  -2.6915102005  -4.3492975235   2.1779060364
  -3.5786471367  -3.7049057484   2.1779057980
  -4.4604697227  -3.0557360649   2.1752495766
  -5.3575620651  -2.4117088318   2.2081153393
   0.0012631987  -0.6455378532   6.6221604347
   0.0010133591  -1.5896407366   6.0584030151
   0.0007722371  -2.5306141376   5.4987325668
   0.0005675810  -3.4721729755   4.9397397041
   0.0004372088  -4.4182953835   4.3792676926
   0.8915857077   0.0016922610   6.6214022636
   1.7890359163  -0.2898411453   6.0569524765
   2.6836037636  -0.5802388787   5.4966807365
   3.5788202286  -0.8707517982   4.9371862411
   4.4784312248  -1.1627486944   4.3762092590
   0.5515199900   1.0482566357   6.6207332611
   1.1059348583   1.8115218878   6.0557217598
   1.6585530043   2.5723137856   5.4949407578
   2.2115581036   3.3336384296   4.9350190163
   2.7672905922   4.0987176895   4.3736305237
  -0.5489078760   1.0480268002   6.6214022636
  -1.1036700010   1.8113402128   6.0569519997
  -1.6564608812   2.5722637177   5.4966802597
  -2.2095618248   3.3337683678   4.9371852875
  -2.7654330730   4.0989933014   4.3762083054
  -0.8891021609   0.0011988351   6.6221604347
  -1.7868549824  -0.2909828126   6.0584025383
  -2.6816344261  -0.5821884274   5.4987320900
  -3.5769817829  -0.8735404611   4.9397392273
  -4.4766921997  -1.1662329435   4.3792672157
   0.8983576298  -0.9443921447   6.0549650192
   1.4529284239   0.7625187039   6.0533728600
   0.0010453409   1.8171262741   6.0533723831
  -1.4507163763   0.7619100213   6.0549645424
  -0.8963019848  -0.9449667335   6.0555005074
   1.7943946123  -1.2375144958   5.4963736534
   0.9000899196  -1.8876502514   5.4969754219
   2.0086152554   1.5239965916   5.4939990044
   2.3502955437   0.4731587470   5.4944853783
  -0.5516242981   2.5810327530   5.4944849014
   0.5533669591   2.5810487270   5.4939990044
  -2.3482787609   0.4718745947   5.4969749451
  -2.0065526962   1.5233880281   5.4963731766
  -0.8985075951  -1.8882682323   5.4973659515
  -1.7926878929  -1.2387604713   5.4973659515
   2.6901888847  -1.5290577412   4.9381165504
   1.7976381779  -2.1828985214   4.9406046867
   0.9004955292  -2.8301587105   4.9391670227
   2.5629005432   2.2856085300   4.9349889755
   2.9086315632   1.2354309559   4.9370117188
   3.2466976643   0.1829580069   4.9358339310
  -1.1047949791   3.3437614441   4.9358334541
   0.0006335455   3.3477199078   4.9370112419
   1.1062494516   3.3436794281   4.9349889755
  -3.2447178364   0.1808093190   4.9391660690
  -2.9066040516   1.2341324091   4.9406037331
  -2.5608119965   2.2851238251   4.9381155968
  -0.8993569613  -2.8307893276   4.9394521713
  -1.7964122295  -2.1841528416   4.9412975311
  -2.6887512207  -1.5310231447   4.9394521713
   3.5875966549  -1.8202646971   4.3788647652
   2.6952013969  -2.4759402275   4.3840279579
   1.7987914085  -3.1276364326   4.3844394684
   0.9000978470  -3.7740826607   4.3802423477
   3.1174275875   3.0487716198   4.3750667572
   3.4651639462   1.9981700182   4.3792142868
   3.8075740337   0.9454519153   4.3795289993
   4.1442670822  -0.1083741784   4.3761634827
  -1.6594026089   4.1072502136   4.3761625290
  -0.5531118512   4.1129331589   4.3795280457
   0.5538931489   4.1128363609   4.3792138100
   1.6605322361   4.1070199013   4.3750662804
  -4.1422548294  -0.1114576235   4.3802413940
  -3.8053946495   0.9430887103   4.3844385147
  -3.4628355503   1.9970868826   4.3840270042
  -3.1152505875   3.0484976768   4.3788638115
  -0.8992956281  -3.7747044563   4.3804378510
  -1.7979906797  -3.1288268566   4.3849134445
  -2.6942973137  -2.4777746201   4.3849134445
  -3.5864214897  -1.8228507042   4.3804373741
   4.4947271347  -2.1083776951   3.8154621124
   3.5951001644  -2.7675957680   3.8260483742
   2.6972227097  -3.4220657349   3.8294317722
   1.7978056669  -4.0742259026   3.8267636299
   0.8934239745  -4.7264637947   3.8172557354
   3.6722152233   3.8221158981   3.8113098145
   4.0212082863   2.7631843090   3.8199262619
   4.3668084145   1.7089689970   3.8224556446
   4.7075338364   0.6532514095   3.8204426765
   5.0481281281  -0.4081685245   3.8127300739
  -2.2240033150   4.8741059303   3.8127291203
  -1.1092844009   4.8784265518   3.8204417229
   0.0000521060   4.8808593750   3.8224551678
   1.1094672680   4.8781924248   3.8199260235
   2.2244169712   4.8737564087   3.8113095760
  -5.0458936691  -0.4123082757   3.8172550201
  -4.7052841187   0.6494384408   3.8267629147
  -4.3632140160   1.7064394951   3.8294308186
  -4.0184707642   2.7626910210   3.8260471821
  -3.6697535515   3.8220741749   3.8154611588
  -0.8927156925  -4.7270975113   3.8173494339
  -1.7972556353  -4.0753045082   3.8270528316
  -2.6967475414  -3.4236485958   3.8299868107
  -3.5946130753  -2.7697539330   3.8270525932
  -4.4941701889  -2.1111009121   3.8173489571
   4.4998846054  -3.0600686073   3.2630741596
   3.5969059467  -3.7157480717   3.2722010612
   2.6981184483  -4.3691077232   3.2724299431
   1.7958251238  -5.0255813599   3.2639653683
   4.5831313133   3.5326588154   3.2579882145
   4.9316167831   2.4760894775   3.2644805908
   5.2750220299   1.4202294350   3.2646143436
   5.6146626472   0.3607656360   3.2584853172
  -1.6679451466   5.6506495476   3.2584843636
  -0.5553815961   5.6552729607   3.2646136284
   0.5549190044   5.6552014351   3.2644798756
   1.6674653292   5.6505174637   3.2579879761
  -5.6093988419   0.3533681929   3.2639641762
  -5.2641162872   1.4144386053   3.2724287510
  -4.9207100868   2.4712121487   3.2721998692
  -4.5763945580   3.5326888561   3.2630729675
  -1.7953466177  -5.0265130997   3.2640733719
  -2.6978254318  -4.3703904152   3.2727134228
  -3.5967538357  -3.7174339294   3.2727134228
  -4.4997906685  -3.0620796680   3.2640731335
   5.3657016754  -3.3720188141  -1.6545317173
   5.3649668694  -3.3686001301  -0.5501388311
   5.3649668694  -3.3685996532   0.5501385331
   5.3657016754  -3.3720178604   1.6545314789
   4.5026373863  -4.0166897774  -2.7123627663
   4.4782562256  -4.0186414719  -1.6232607365
   4.4773693085  -4.0133171082  -0.5411345959
   4.4773693085  -4.0133166313   0.5411347747
   4.4782567024  -4.0186405182   1.6232608557
   4.5026373863  -4.0166883469   2.7123630047
   3.6035020351  -4.6705207825  -2.7174646854
   3.5952699184  -4.6612582207  -1.6277736425
   3.5918252468  -4.6573419571  -0.5425859094
   3.5918252468  -4.6573414803   0.5425865650
   3.5952701569  -4.6612572670   1.6277742386
   3.6035022736  -4.6705193520   2.7174654007
   2.7040019035  -5.3238759041  -2.7125530243
   2.7111926079  -5.3025312424  -1.6233444214
   2.7055382729  -5.3004932404  -0.5411688089
   2.7055382729  -5.3004932404   0.5411699414
   2.7111926079  -5.3025302887   1.6233456135
   2.7040021420  -5.3238744736   2.7125539780
   1.8216961622  -5.9467329979  -1.6546140909
   1.8178310394  -5.9453525543  -0.5501927137
   1.8178310394  -5.9453520775   0.5501942635
   1.8216962814  -5.9467320442   1.6546156406
  -6.4934024811   0.0931236297  -1.6546152830
  -6.4908943176   0.0898750424  -0.5501938462
  -6.4908943176   0.0898753479   0.5501930714
  -6.4934020042   0.0931245387   1.6546145678
  -6.1739072800   1.1247907877  -2.7125542164
  -6.1558322906   1.1382294893  -1.6233457327
  -6.1521458626   1.1334826946  -0.5411700606
  -6.1521458626   1.1334830523   0.5411686897
  -6.1558322906   1.1382304430   1.6233443022
  -6.1739068031   1.1247923374   2.7125527859
  -5.8307261467   2.1822404861  -2.7174658775
  -5.8193721771   2.1772763729  -1.6277749538
  -5.8145828247   2.1752116680  -0.5425872207
  -5.8145823479   2.1752121449   0.5425851941
  -5.8193717003   2.1772773266   1.6277729273
  -5.8307256699   2.1822421551   2.7174639702
  -5.4869794846   3.2394905090  -2.7123641968
  -5.4812965393   3.2157013416  -1.6232620478
  -5.4759588242   3.2165045738  -0.5411359668
  -5.4759588242   3.2165048122   0.5411334038
  -5.4812960625   3.2157022953   1.6232595444
  -5.4869794846   3.2394919395   2.7123615742
  -5.1407899857   4.2596049309  -1.6545331478
  -5.1373119354   4.2599639893  -0.5501402617
  -5.1373119354   4.2599639893   0.5501370430
  -5.1407899857   4.2596058846   1.6545299292
  -1.8221665621  -5.9469852448  -1.6547230482
  -1.8186417818  -5.9453997612  -0.5502337813
  -1.8186417818  -5.9453992844   0.5502357483
  -1.8221663237  -5.9469842911   1.6547250748
  -2.7036936283  -5.3249125481  -2.7126722336
  -2.7117726803  -5.3029046059  -1.6234544516
  -2.7064719200  -5.3005971909  -0.5412093997
  -2.7064716816  -5.3005967140   0.5412110686
  -2.7117724419  -5.3029036522   1.6234561205
  -2.7036933899  -5.3249111176   2.7126739025
  -3.6033837795  -4.6718201637  -2.7176296711
  -3.5960433483  -4.6617145538  -1.6278959513
  -3.5929477215  -4.6574525833  -0.5426312685
  -3.5929474831  -4.6574521065   0.5426327586
  -3.5960431099  -4.6617136002   1.6278973818
  -3.6033835411  -4.6718187332   2.7176313400
  -4.5026764870  -4.0181813240  -2.7126724720
  -4.4792494774  -4.0190587044  -1.6234546900
  -4.4786944389  -4.0133037567  -0.5412096381
  -4.4786944389  -4.0133037567   0.5412108302
  -4.4792490005  -4.0190577507   1.6234558821
  -4.5026764870  -4.0181794167   2.7126736641
  -5.3668537140  -3.3722224236  -1.6547235250
  -5.3664364815  -3.3683800697  -0.5502342582
  -5.3664364815  -3.3683798313   0.5502352715
  -5.3668537140  -3.3722217083   1.6547245979
