
      -0.199751    -0.056827    -0.542383
      -0.199871    -0.056788     0.557914
      -0.199778    -0.984274     0.007724
       0.682367    -0.343550     0.007549
       0.345282     0.693613     0.007724
      -0.745046     0.693553     0.007893
      -1.081813    -0.343303     0.007893
      -0.199889    -0.984555    -1.092169
       0.682516    -0.343741    -1.092510
       0.345295     0.693607    -1.092277
      -0.745391     0.693606    -1.091981
      -1.082233    -0.343458    -1.091903
      -0.200214    -0.056960    -1.642657
      -0.200163    -1.914697    -0.541601
       1.567343    -0.631330    -0.542154
       0.891984     1.446339    -0.541770
      -1.292407     1.446029    -0.541335
      -1.966772    -0.630779    -0.541193
      -0.200249    -0.984513     1.107692
      -0.200627    -0.985332    -2.192143
       0.682068    -0.343598     1.107729
       0.682433    -0.344100    -2.192535
       0.344982     0.693783     1.107799
       0.344984     0.693896    -2.192375
      -0.745524     0.693668     1.107806
      -0.746527     0.693895    -2.192002
      -1.082378    -0.343427     1.107728
      -1.083594    -0.343832    -2.191828
       0.686639    -1.277528     0.557438
       0.687197    -1.278241    -1.641884
       0.686995    -1.277580    -0.542217
       1.234689     0.409376     0.557506
       1.235452     0.409135    -1.642086
       1.235008     0.409212    -0.542289
      -0.200266     1.451931     0.557612
      -0.200623     1.452351    -1.641552
      -0.200170     1.451869    -0.541912
      -1.634797     0.409350     0.557489
      -1.636030     0.409426    -1.640882
      -1.634771     0.409340    -0.541598
      -1.086756    -1.277143     0.557410
      -1.087574    -1.277893    -1.641015
      -1.086640    -1.277151    -0.541710
      -0.200378    -1.914700     0.557073
      -0.200550    -1.915506    -1.640455
       1.566891    -0.631186     0.557160
       1.568014    -0.631782    -1.641464
       0.891814     1.446465     0.557242
       0.892033     1.446644    -1.640910
      -1.292442     1.446060     0.557292
      -1.293344     1.446449    -1.640197
      -1.966819    -0.630780     0.557151
      -1.968021    -0.631147    -1.639826
      -0.200476    -0.056876     1.658322
      -0.201158    -0.057145    -2.742973
      -0.200956    -2.848037    -1.088941
      -0.200988    -2.847769     0.007734
       2.455216    -0.920057    -1.090004
       2.454320    -0.919670     0.007835
       1.440261     2.201410    -1.089473
       1.440222     2.201432     0.007735
      -1.841785     2.200747    -1.088594
      -1.841481     2.200558     0.008041
      -2.854668    -0.919210    -1.088137
      -2.854151    -0.919062     0.008042
      -0.201101    -0.985287     2.207852
      -0.201905    -0.986593    -3.292129
      -0.201044    -1.915529     1.656051
      -0.201668    -1.917492    -2.739646
       0.681838    -0.343912     2.208099
       0.682280    -0.344597    -3.292542
       1.566843    -0.631408     1.656633
       1.568896    -0.632494    -2.740657
       0.344577     0.694133     2.208085
       0.344440     0.694588    -3.292514
       0.891653     1.446944     1.656507
       0.892134     1.447903    -2.740381
      -0.746670     0.693979     2.207916
      -0.748344     0.694498    -3.292051
      -1.293396     1.446523     1.656204
      -1.295431     1.447657    -2.739422
      -1.083761    -0.343812     2.207743
      -1.085792    -0.344375    -3.291757
      -1.968109    -0.631166     1.655834
      -1.970812    -0.631934    -2.738828
       0.686328    -1.278130     1.657286
       0.687180    -1.279706    -2.741474
       1.234684     0.409545     1.657487
       1.236106     0.409449    -2.741796
      -0.200821     1.452499     1.657341
      -0.201607     1.453725    -2.741253
      -1.636067     0.409442     1.656853
      -1.638681     0.409712    -2.740253
      -1.087828    -1.277892     1.656804
      -1.089647    -1.279466    -2.740396
       1.574417    -1.569020     1.106373
       1.576467    -1.570730    -2.189996
       1.575476    -1.569200    -1.091221
       1.574797    -1.568647     0.007572
       0.688587    -2.212433     1.106162
       0.689617    -2.214057    -2.189462
       0.689234    -2.212427    -1.090810
       0.688772    -2.212072     0.007633
       1.785837     1.164252     1.106436
       1.787515     1.164255    -2.189978
       1.786355     1.163877    -1.091085
       1.785819     1.164096     0.007632
       2.124105     0.122864     1.106507
       2.126658     0.122442    -2.190250
       2.125072     0.122397    -1.091359
       2.124236     0.122556     0.007570
      -0.748197     2.209575     1.106334
      -0.748975     2.211149    -2.189102
      -0.748127     2.209503    -1.090439
      -0.748001     2.209133     0.007930
       0.346725     2.209824     1.106384
       0.346280     2.211311    -2.189483
       0.346878     2.209696    -1.090706
       0.347100     2.209368     0.007813
      -2.525138     0.123187     1.105619
      -2.527924     0.123426    -2.187630
      -2.525159     0.123197    -1.089558
      -2.524470     0.123121     0.008012
      -2.187271     1.163788     1.105734
      -2.189907     1.164374    -2.187846
      -2.187299     1.163785    -1.089674
      -2.186618     1.163718     0.008012
      -1.090311    -2.212163     1.105587
      -1.091914    -2.214014    -2.188095
      -1.090103    -2.212153    -1.089910
      -1.089690    -2.211741     0.007813
      -1.975321    -1.568866     1.105561
      -1.977363    -1.570524    -2.187760
      -1.975216    -1.568858    -1.089665
      -1.974745    -1.568433     0.007930
      -0.201285    -2.848098     1.104458
      -0.201653    -2.849390    -2.186227
       2.453949    -0.919652     1.105451
       2.456882    -0.920883    -2.188093
       1.440039     2.201642     1.104995
       1.440288     2.202123    -2.187177
      -1.841785     2.200788     1.104698
      -1.843209     2.201609    -2.185874
      -2.854695    -0.919230     1.104242
      -2.856744    -0.919806    -2.185077
      -0.201381    -0.057075     2.758824
      -0.202432    -0.057349    -3.843522
      -0.201605    -3.784507    -1.633847
      -0.201380    -3.784365    -0.539450
      -0.201523    -3.784414     0.554902
       3.346290    -1.209788    -1.634886
       3.345009    -1.209206    -0.538692
       3.344550    -1.209061     0.556659
       1.990270     2.959041    -1.634736
       1.990685     2.959338    -0.539745
       1.990608     2.959451     0.555207
      -2.392801     2.958204    -1.633383
      -2.392399     2.958131    -0.539036
      -2.392385     2.958142     0.555239
      -3.745630    -1.208646    -1.632635
      -3.744822    -1.208434    -0.538793
      -3.744820    -1.208443     0.554999
      -0.202171    -0.986597     3.308033
      -0.203521    -0.988616    -4.392329
      -0.202042    -1.917560     2.755406
      -0.203357    -1.920935    -3.838778
      -0.201990    -2.849530     2.201851
      -0.203234    -2.853661    -3.284510
       0.681842    -0.344463     3.308484
       0.682536    -0.345292    -4.392818
       1.567642    -0.632097     2.756384
       1.570469    -0.633534    -3.839681
       2.454325    -0.920062     2.203409
       2.459615    -0.922191    -3.285945
       0.344230     0.694738     3.308420
       0.344020     0.695961    -4.392879
       0.891879     1.448163     2.756144
       0.892588     1.450455    -3.839800
       1.440111     2.202414     2.202808
       1.441393     2.205290    -3.285849
      -0.748322     0.694550     3.308063
      -0.750845     0.695735    -4.392237
      -1.295374     1.447726     2.755506
      -1.298668     1.449990    -3.838517
      -1.843136     2.201660     2.202034
      -1.846799     2.204594    -3.284106
      -1.085809    -0.344427     3.307769
      -1.088968    -0.345147    -4.391812
      -1.970811    -0.632013     2.754912
      -1.975269    -0.633184    -3.837688
      -2.856722    -0.919873     2.201239
      -2.861923    -0.921343    -3.282991
       0.686314    -1.279609     2.757196
       0.687210    -1.282185    -3.840745
       1.235347     0.409863     2.757520
       1.237342     0.410349    -3.841176
      -0.201696     1.453869     2.757171
      -0.202967     1.456385    -3.840586
      -1.638621     0.409697     2.756344
      -1.642811     0.410350    -3.839259
      -1.089813    -1.279527     2.756313
      -1.092848    -1.282047    -3.839419
       1.574762    -1.570527     2.205423
       1.577887    -1.573574    -3.288223
       0.688754    -2.214132     2.205011
       0.689720    -2.217825    -3.287816
       1.786863     1.164804     2.205529
       1.789680     1.166179    -3.288543
       2.125156     0.123262     2.205676
       2.129311     0.123011    -3.288563
      -0.748994     2.211245     2.205087
      -0.750903     2.214811    -3.287427
       0.346163     2.211477     2.205287
       0.345782     2.215011    -3.287926
      -2.527828     0.123384     2.203785
      -2.533242     0.123641    -3.285476
      -2.189798     1.164363     2.204000
      -2.194705     1.166058    -3.285792
      -1.092122    -2.214076     2.203895
      -1.095067    -2.217928    -3.286051
      -1.977446    -1.570578     2.203745
      -1.981700    -1.573559    -3.285624
       2.464126    -1.860743     1.653210
       2.468749    -1.864184    -2.735085
       2.466377    -1.861142    -1.637980
       2.465228    -1.859646    -0.540713
       2.464633    -1.859482     0.556231
       1.579155    -2.507680     1.654129
       1.582281    -2.511699    -2.736255
       1.580483    -2.507636    -1.638866
       1.579180    -2.506003    -0.541155
       1.578650    -2.505952     0.556278
       0.690164    -3.149292     1.652352
       0.691610    -3.152706    -2.734070
       0.690782    -3.149088    -1.636943
       0.689879    -3.148539    -0.540470
       0.689594    -3.148586     0.555811
       2.337910     1.920866     1.652968
       2.341024     1.921809    -2.734985
       2.338281     1.920360    -1.637555
       2.337309     1.920938    -0.540694
       2.337109     1.921134     0.556037
       2.679665     0.879124     1.654483
       2.684524     0.879750    -2.736787
       2.680714     0.878327    -1.639223
       2.678728     0.878189    -0.541282
       2.678269     0.878452     0.556404
       3.015227    -0.164548     1.653376
       3.020919    -0.165135    -2.735344
       3.017294    -0.165533    -1.638155
       3.015526    -0.165714    -0.540776
       3.014944    -0.165504     0.556288
      -1.297563     2.968539     1.652529
      -1.298918     2.972337    -2.733511
      -1.297578     2.968494    -1.636463
      -1.297712     2.967463    -0.540070
      -1.297723     2.967484     0.556083
      -0.201162     2.972074     1.654179
      -0.202108     2.976826    -2.735696
      -0.201119     2.972003    -1.638300
      -0.200669     2.970082    -0.540698
      -0.200708     2.970116     0.556503
       0.895188     2.969068     1.652830
       0.894609     2.972767    -2.734386
       0.895279     2.968943    -1.637138
       0.896298     2.968003    -0.540459
       0.896233     2.968062     0.556063
      -3.417404    -0.163816     1.651009
      -3.422772    -0.163359    -2.731104
      -3.417508    -0.163778    -1.634781
      -3.416095    -0.164094    -0.539455
      -3.416067    -0.164103     0.555629
      -3.082826     0.879309     1.652139
      -3.088748     0.880597    -2.732453
      -3.082958     0.879344    -1.635915
      -3.080802     0.878964    -0.539815
      -3.080763     0.878955     0.555980
      -2.740855     1.919987     1.651379
      -2.745765     1.921576    -2.731650
      -2.740972     1.920005    -1.635151
      -2.739527     1.920014    -0.539592
      -2.739494     1.920010     0.555766
      -1.093742    -3.149295     1.651175
      -1.096734    -3.153146    -2.731991
      -1.093569    -3.149251    -1.635489
      -1.092412    -3.148505    -0.539904
      -1.092510    -3.148513     0.555506
      -1.982087    -2.508351     1.652014
      -1.986091    -2.512561    -2.732682
      -1.981993    -2.508333    -1.636135
      -1.980474    -2.506852    -0.540012
      -1.980532    -2.506850     0.555819
      -2.865907    -1.861099     1.650956
      -2.869996    -1.864317    -2.731227
      -2.865880    -1.861074    -1.634887
      -2.864913    -1.860082    -0.539543
      -2.864939    -1.860083     0.555561
      -0.201869    -3.784671     1.649347
      -0.202871    -3.785820    -2.729140
       3.343993    -1.209054     1.651689
       3.349656    -1.211193    -2.731743
       1.990177     2.959302     1.650252
       1.989916     2.959685    -2.730566
      -2.392731     2.958228     1.649621
      -2.394490     2.958851    -2.728633
      -3.745594    -1.208686     1.648875
      -3.747947    -1.209292    -2.727433
      -0.202440    -0.057350     3.859523
      -0.203898    -0.057536    -4.944888
      -0.202399    -4.725156    -2.178747
      -0.200968    -4.725344    -1.086174
      -0.200617    -4.725206     0.007680
      -0.201182    -4.725474     1.101548
       4.241094    -1.500703    -2.176784
       4.239390    -1.499914    -1.081969
       4.239385    -1.499826     0.012026
       4.239270    -1.499881     1.105603
       2.542547     3.719786    -2.179885
       2.543704     3.720739    -1.086746
       2.543864     3.720959     0.007693
       2.543642     3.720932     1.102150
      -2.946352     3.718960    -2.178157
      -2.945250     3.719754    -1.085625
      -2.944696     3.719833     0.008148
      -2.945198     3.719755     1.101936
      -4.640898    -1.499490    -2.177210
      -4.639734    -1.499195    -1.085173
      -4.639120    -1.499023     0.008151
      -4.639700    -1.499207     1.101489
      -0.203298    -0.988725     4.408314
      -0.205209    -0.992267    -5.494534
      -0.203182    -1.921076     3.854609
      -0.205187    -1.926837    -4.938814
      -0.203086    -2.853856     3.300186
      -0.205192    -2.861761    -4.383116
      -0.202829    -3.786064     2.744693
      -0.205037    -3.795351    -3.828061
       0.682513    -0.345293     4.408954
       0.684181    -0.346425    -5.495221
       1.569688    -0.633293     3.855925
       1.573895    -0.635186    -4.939924
       2.457218    -0.921428     3.302200
       2.464563    -0.924266    -4.384394
       3.344163    -1.209424     2.747468
       3.355964    -1.213629    -3.829139
       0.344268     0.695907     4.408864
       0.344479     0.698707    -5.495226
       0.892822     1.450449     3.855633
       0.894328     1.455054    -4.940097
       1.441642     2.205336     3.301533
       1.444434     2.211603    -4.384865
       1.990116     2.959826     2.746135
       1.993858     2.966985    -3.830131
      -0.750503     0.695705     4.408324
      -0.754370     0.698376    -5.494306
      -1.298364     1.450001     3.854677
      -1.303428     1.454379    -4.938380
      -1.846545     2.204611     3.300333
      -1.852816     2.210618    -4.382548
      -2.394290     2.958860     2.744924
      -2.401480     2.965800    -3.827438
      -1.088678    -0.345322     4.407899
      -1.093811    -0.346418    -5.493762
      -1.975036    -0.633362     3.853848
      -1.982193    -0.635193    -4.937326
      -2.861735    -0.921488     3.299220
      -2.870903    -0.924072    -4.381084
      -3.747799    -1.209394     2.743726
      -3.758335    -1.212517    -3.825688
       0.686926    -1.282186     3.856683
       0.687921    -1.285989    -4.940410
       1.237113     0.410496     3.857115
       1.239895     0.411902    -4.940923
      -0.202723     1.456431     3.856612
      -0.204448     1.460841    -4.940052
      -1.642532     0.410263     3.855466
      -1.648659     0.411552    -4.938438
      -1.092687    -1.282226     3.855444
      -1.097177    -1.286007    -4.938627
       1.576633    -1.573446     3.304078
       1.580465    -1.577966    -4.386153
       0.689410    -2.217966     3.303499
       0.690125    -2.224257    -4.385712
       1.789519     1.166450     3.304228
       1.793651     1.169975    -4.386614
       2.128220     0.123617     3.304418
       2.133791     0.124057    -4.386545
      -0.750698     2.214861     3.303514
      -0.753868     2.221167    -4.385062
       0.345968     2.215077     3.303856
       0.345869     2.221448    -4.385715
      -2.532990     0.123537     3.301742
      -2.541436     0.123877    -4.382739
      -2.194432     1.166005     3.302057
      -2.201882     1.169318    -4.383152
      -1.094973    -2.218089     3.301978
      -1.099356    -2.224433    -4.383453
      -1.981574    -1.573709     3.301712
      -1.988429    -1.578221    -4.382898
       2.465842    -1.863938     2.750703
       2.472941    -1.868927    -3.831620
       1.581167    -2.511938     2.751750
       1.584659    -2.518878    -3.832697
       0.691343    -3.153024     2.749540
       0.691723    -3.161467    -3.830697
       2.341009     1.922192     2.750459
       2.346281     1.927534    -3.831859
       2.683767     0.880570     2.752281
       2.690638     0.883133    -3.833346
       3.018415    -0.163651     2.750959
       3.026987    -0.164600    -3.831923
      -1.298758     2.972361     2.749659
      -1.303366     2.980226    -3.829912
      -0.201975     2.976862     2.751689
      -0.203466     2.985224    -3.831836
       0.894743     2.972823     2.750205
       0.896256     2.980761    -3.831017
      -3.422546    -0.163450     2.747418
      -3.433089    -0.164133    -3.826938
      -3.088485     0.880521     2.748773
      -3.098178     0.882875    -3.828162
      -2.745515     1.921531     2.747964
      -2.754086     1.926752    -3.827644
      -1.096686    -3.153270     2.747802
      -1.100842    -3.161956    -3.828017
      -1.986025    -2.512654     2.748675
      -1.992668    -2.519675    -3.828401
      -2.869895    -1.864410     2.747377
      -2.878982    -1.869487    -3.827071
       3.355630    -2.153920     2.196703
       3.365366    -2.159311    -3.277152
       3.360104    -2.154637    -2.181429
       3.358283    -2.152022    -1.086110
       3.357806    -2.151310     0.008583
       3.357114    -2.151697     1.102772
       2.472102    -2.804299     2.199113
       2.478731    -2.811592    -3.279352
       2.474320    -2.804024    -2.184020
       2.471639    -2.799872    -1.087992
       2.470537    -2.798678     0.007559
       2.470184    -2.799713     1.102944
       1.584458    -3.449128     2.198627
       1.588000    -3.458286    -3.278726
       1.585297    -3.448632    -2.183457
       1.582588    -3.444736    -1.087524
       1.581435    -3.444201     0.007606
       1.581871    -3.444921     1.102671
       0.692697    -4.088421     2.194771
       0.693885    -4.096870    -3.275453
       0.693012    -4.087978    -2.179442
       0.691688    -4.087871    -1.085877
       0.691251    -4.088011     0.007663
       0.691340    -4.088092     1.101185
       2.892071     2.678672     2.195784
       2.898196     2.683445    -3.276759
       2.892041     2.678168    -2.180445
       2.890790     2.679783    -1.086451
       2.890513     2.680428     0.007668
       2.890654     2.680140     1.101769
       3.237426     1.637229     2.199242
       3.245815     1.641546    -3.279513
       3.237801     1.636364    -2.184073
       3.233233     1.635474    -1.087874
       3.231961     1.635919     0.007607
       3.232770     1.636027     1.103023
       3.576309     0.593756     2.199461
       3.586034     0.594960    -3.279812
       3.577943     0.592250    -2.184377
       3.573285     0.591016    -1.088184
       3.571685     0.590874     0.007558
       3.572016     0.591731     1.103131
       3.908701    -0.451765     2.196852
       3.919734    -0.453794    -3.277378
       3.912771    -0.453802    -2.181603
       3.909780    -0.454373    -1.086200
       3.908986    -0.454504     0.008579
       3.908634    -0.453958     1.102850
      -1.847505     3.729831     2.194995
      -1.851639     3.738038    -3.274644
      -1.847622     3.729828    -2.178780
      -1.848493     3.728703    -1.085320
      -1.848634     3.728547     0.008068
      -1.848469     3.728713     1.101478
      -0.750238     3.736857     2.198734
      -0.752992     3.747146    -3.277739
      -0.750332     3.736861    -2.182676
      -0.749944     3.731809    -1.086896
      -0.750085     3.730836     0.007976
      -0.749949     3.731824     1.102878
       0.347026     3.737082     2.198932
       0.347141     3.747404    -3.278169
       0.346953     3.737080    -2.183043
       0.348056     3.732011    -1.087166
       0.348611     3.731030     0.007877
       0.348022     3.732040     1.102959
       1.444277     3.730521     2.195661
       1.445542     3.738801    -3.276061
       1.444219     3.730469    -2.179964
       1.446720     3.729302    -1.086143
       1.447319     3.729183     0.007780
       1.446657     3.729377     1.101742
      -4.312216    -0.451292     2.192777
      -4.323338    -0.451375    -3.271056
      -4.312407    -0.451232    -2.176407
      -4.310529    -0.452065    -1.084179
      -4.309934    -0.452150     0.008147
      -4.310445    -0.452084     1.100494
      -3.981533     0.594253     2.194871
      -3.992955     0.595711    -3.272830
      -3.981772     0.594321    -2.178493
      -3.977299     0.593427    -1.084910
      -3.976304     0.593265     0.008147
      -3.977187     0.593399     1.101227
      -3.642749     1.637607     2.195080
      -3.653335     1.641660    -3.273098
      -3.642992     1.637674    -2.178702
      -3.638537     1.636744    -1.085027
      -3.637539     1.636601     0.008147
      -3.638423     1.636713     1.101345
      -3.296141     2.677963     2.193479
      -3.305635     2.682901    -3.271948
      -3.296348     2.678009    -2.177109
      -3.293988     2.678669    -1.084574
      -3.293374     2.678728     0.008147
      -3.293897     2.678646     1.100889
      -1.097492    -4.088890     2.193219
      -1.102454    -4.098017    -3.272382
      -1.097459    -4.088813    -2.177539
      -1.095058    -4.088085    -1.084990
      -1.094606    -4.087837     0.007775
      -1.095192    -4.088110     1.100577
      -1.989393    -3.450930     2.194890
      -1.995715    -3.459998    -3.273395
      -1.989413    -3.450908    -2.179002
      -1.986258    -3.447662    -1.085321
      -1.985584    -3.447016     0.007880
      -1.986332    -3.447650     1.101116
      -2.876735    -2.805965     2.194753
      -2.885223    -2.813426    -3.273031
      -2.876786    -2.805940    -2.178692
      -2.873615    -2.802721    -1.085098
      -2.872936    -2.802063     0.007980
      -2.873648    -2.802711     1.101086
      -3.758815    -2.154471     2.192724
      -3.767964    -2.160518    -3.271168
      -3.758889    -2.154427    -2.176505
      -3.757805    -2.152790    -1.084267
      -3.757386    -2.152429     0.008073
      -3.757804    -2.152794     1.100433
      -0.202526    -4.725416     2.194181
       4.237846    -1.499664     2.198072
       2.542641     3.720020     2.195354
      -2.946201     3.718954     2.194508
      -4.640784    -1.499546     2.193565
       4.254518    -2.446934    -1.628464
       4.253909    -2.446631    -0.535692
       4.253707    -2.446724     0.557141
       4.252924    -2.447269     1.648362
       3.372126    -3.103201    -2.725776
       3.366339    -3.096460    -1.631448
       3.364569    -3.093979    -0.538504
       3.363829    -3.093958     0.553872
       3.363111    -3.096420     1.645781
       2.483589    -3.752518    -2.725804
       2.478293    -3.742962    -1.632001
       2.475370    -3.739762    -0.538740
       2.475029    -3.739902     0.553742
       2.476983    -3.743568     1.646669
       1.591902    -4.395465    -2.723694
       1.588306    -4.385723    -1.629805
       1.586182    -4.385212    -0.538220
       1.585996    -4.385387     0.553375
       1.587698    -4.386329     1.644852
       0.696082    -5.031380    -1.629864
       0.695811    -5.031678    -0.538687
       0.695663    -5.031811     0.553907
       0.695708    -5.031811     1.645079
       3.448512     3.440515    -1.630689
       3.448300     3.441353    -0.538951
       3.448274     3.441529     0.554188
       3.448503     3.441037     1.645924
       3.799853     2.398030    -2.724507
       3.790855     2.393225    -1.630378
       3.788642     2.394455    -0.538422
       3.788603     2.394694     0.553581
       3.790742     2.394041     1.645429
       4.143120     1.353715    -2.726288
       4.132978     1.349866    -1.632332
       4.128621     1.349372    -0.538858
       4.128432     1.349679     0.553859
       4.132288     1.351106     1.646996
       4.480125     0.306156    -2.726067
       4.471344     0.304769    -1.631627
       4.468425     0.304152    -0.538570
       4.467816     0.304566     0.553933
       4.468716     0.306621     1.645949
       4.808144    -0.742816    -1.628564
       4.807490    -0.742360    -0.535732
       4.807379    -0.742167     0.557164
       4.807038    -0.741607     1.648429
      -2.399687     4.494826    -1.629148
      -2.399732     4.494791    -0.538104
      -2.399717     4.494787     0.554353
      -2.399607     4.494809     1.645432
      -1.301164     4.507375    -2.722709
      -1.298601     4.496947    -1.628981
      -1.299460     4.495163    -0.537655
      -1.299455     4.495157     0.553754
      -1.298540     4.496923     1.645120
      -0.202319     4.511491    -2.724379
      -0.201285     4.499710    -1.630835
      -0.200807     4.495473    -0.538128
      -0.200813     4.495468     0.554051
      -0.201244     4.499678     1.646809
       0.896598     4.507786    -2.723446
       0.896174     4.497191    -1.629592
       0.897969     4.495248    -0.537994
       0.897947     4.495256     0.553721
       0.896186     4.497185     1.645380
       1.997712     4.495139    -1.630338
       1.998671     4.494956    -0.538745
       1.998629     4.494996     0.554255
       1.997676     4.495212     1.645911
      -5.210365    -0.739600    -1.627233
      -5.208595    -0.740369    -0.537292
      -5.208549    -0.740371     0.553691
      -5.210219    -0.739620     1.643665
      -4.887440     0.308987    -2.716075
      -4.878663     0.308004    -1.625940
      -4.876415     0.307345    -0.536563
      -4.876352     0.307335     0.552987
      -4.878472     0.307966     1.642394
      -4.551273     1.355626    -2.718043
      -4.542860     1.353693    -1.627173
      -4.540156     1.353177    -0.536975
      -4.540089     1.353160     0.553405
      -4.542656     1.353637     1.643633
      -4.208389     2.400133    -2.716482
      -4.200119     2.397236    -1.626205
      -4.197665     2.397094    -0.536659
      -4.197604     2.397073     0.553084
      -4.199930     2.397173     1.642659
      -3.852696     3.440163    -1.627805
      -3.850563     3.440319    -0.537459
      -3.850517     3.440301     0.553860
      -3.852546     3.440110     1.644236
      -1.099467    -5.032465    -1.628324
      -1.097690    -5.031427    -0.537953
      -1.097788    -5.031439     0.553423
      -1.099632    -5.032506     1.643860
      -1.998806    -4.399992    -2.716842
      -1.993605    -4.392943    -1.626572
      -1.991694    -4.391459    -0.537019
      -1.991747    -4.391442     0.552752
      -1.993664    -4.392913     1.642366
      -2.890152    -3.756498    -2.718302
      -2.884293    -3.750154    -1.627437
      -2.882385    -3.748227    -0.537232
      -2.882411    -3.748208     0.553167
      -2.884296    -3.750121     1.643419
      -3.777309    -3.107345    -2.716254
      -3.770637    -3.101566    -1.626117
      -3.769182    -3.099801    -0.536728
      -3.769191    -3.099789     0.552839
      -3.770609    -3.101555     1.642262
      -4.654814    -2.449049    -1.627320
      -4.653812    -2.447481    -0.537367
      -4.653807    -2.447475     0.553631
      -4.654764    -2.449054     1.643612
      -0.204757    -4.723997    -3.272214
       4.247911    -1.503239    -3.273777
       2.540433     3.718345    -3.274479
      -2.947294     3.717021    -3.271570
      -4.641048    -1.499409    -3.269628
      -0.205438    -0.057682    -6.048949
      -0.201415    -5.677404    -2.754086
      -0.199547    -5.674912    -1.643989
      -0.199866    -5.673941    -0.542436
      -0.200018    -5.674004     0.557638
       5.146043    -1.794904    -2.717850
       5.142197    -1.793321    -1.624375
       5.141739    -1.793011    -0.530563
       5.141893    -1.793059     0.566089
       3.101853     4.489555    -2.755626
       3.101682     4.488689    -1.645456
       3.101383     4.488205    -0.542981
       3.101328     4.488310     0.558245
      -3.505416     4.489966    -2.753429
      -3.502405     4.488862    -1.643299
      -3.501852     4.487850    -0.541806
      -3.501829     4.487842     0.558169
      -5.547307    -1.793996    -2.752113
      -5.543186    -1.792746    -1.641936
      -5.541741    -1.792323    -0.541313
      -5.541723    -1.792319     0.557685
      -0.206740    -0.993820    -6.613785
      -0.206764    -1.937522    -6.049420
      -0.206866    -2.878170    -5.489171
      -0.206854    -3.819455    -4.929620
      -0.206639    -4.765317    -4.368560
       0.683785    -0.346859    -6.614825
       1.581594    -0.638199    -6.051357
       2.476028    -0.928451    -5.492186
       3.370297    -1.218685    -4.934307
       4.265995    -1.509456    -4.376156
       0.343856     0.699794    -6.614550
       0.899069     1.463496    -6.050882
       1.452549     2.224634    -5.491238
       2.006503     2.986133    -4.932192
       2.563166     3.751228    -4.371637
      -0.756585     0.699369    -6.613360
      -1.310930     1.462723    -6.048754
      -1.863634     2.223471    -5.488386
      -2.416834     2.984709    -4.928829
      -2.972766     3.749754    -4.367800
      -1.096699    -0.347055    -6.612689
      -1.993643    -0.638667    -6.047521
      -2.887701    -0.929329    -5.486644
      -3.782427    -1.220183    -4.926662
      -4.681621    -1.512456    -4.365224
       0.690788    -1.292431    -6.047691
       1.245763     0.414411    -6.048234
      -0.205842     1.468699    -6.046908
      -1.657623     0.413852    -6.045090
      -1.103363    -1.292676    -6.045308
       1.586880    -1.585366    -5.490171
       0.692652    -2.235333    -5.489203
       1.802068     1.176393    -5.490207
       2.143148     0.125335    -5.490572
      -0.758070     2.232471    -5.488148
       0.347330     2.232825    -5.488955
      -2.554558     0.124474    -5.485605
      -2.213213     1.175374    -5.486092
      -1.105349    -2.235618    -5.486452
      -1.998947    -1.586047    -5.485766
       2.482064    -1.876761    -4.933323
       1.590196    -2.530467    -4.933959
       0.693335    -3.177571    -4.930900
       2.357050     1.938442    -4.932248
       2.701887     0.888266    -4.934667
       3.038852    -0.164467    -4.933626
      -1.311078     2.994859    -4.929809
      -0.204833     2.999155    -4.932398
       0.901222     2.995520    -4.931186
      -3.450496    -0.165841    -4.926545
      -3.112805     0.886925    -4.928541
      -2.767575     1.937046    -4.927391
      -1.106145    -3.177919    -4.927837
      -2.002448    -2.531248    -4.928792
      -2.894284    -1.878043    -4.926675
       3.377413    -2.167771    -4.376702
       2.487116    -2.823504    -4.378717
       1.591922    -3.474970    -4.377178
       0.693498    -4.121222    -4.371483
       2.912348     2.701962    -4.373065
       3.258929     1.651633    -4.378076
       3.599880     0.598789    -4.379212
       3.934398    -0.454758    -4.376934
      -1.865649     3.757950    -4.370512
      -0.758376     3.763776    -4.375753
       0.349776     3.764060    -4.376281
       1.456695     3.758791    -4.372290
      -4.347595    -0.457267    -4.366603
      -4.011279     0.597041    -4.370727
      -3.669409     1.649925    -4.371042
      -3.322258     2.700349    -4.367701
      -1.106094    -4.121661    -4.368192
      -2.004217    -3.475880    -4.371348
      -2.899533    -2.825028    -4.370926
      -3.791237    -2.169774    -4.366711
       4.273838    -2.459390    -3.819645
       4.258338    -2.448739    -2.722701
       3.384669    -3.116079    -3.822714
       2.490350    -3.769532    -3.823088
       1.592079    -4.421196    -3.818849
       0.687785    -5.073132    -3.807889
       0.695436    -5.029918    -2.718637
       3.467390     3.476115    -3.809780
       3.447708     3.438449    -2.720030
       3.815499     2.417486    -3.819860
       4.158864     1.362570    -3.823657
       4.498014     0.308439    -3.823034
       4.831097    -0.745350    -3.819827
       4.812298    -0.744198    -2.722860
      -2.429978     4.524274    -3.807067
      -2.399256     4.493601    -2.717872
      -1.314705     4.528690    -3.817748
      -0.203662     4.530313    -3.821222
       0.907257     4.529163    -3.818675
       2.022252     4.525141    -3.809335
       1.994997     4.494385    -2.719624
      -5.250930    -0.756773    -3.802827
      -5.212580    -0.738328    -2.714083
      -4.910741     0.305030    -3.811442
      -4.570577     1.361016    -3.813969
      -4.225566     2.415346    -3.811959
      -3.877091     3.474215    -3.804248
      -3.856132     3.438903    -2.715137
      -1.099873    -5.073962    -3.804787
      -1.103203    -5.033340    -2.715666
      -2.004129    -4.422163    -3.812317
      -2.902894    -3.771984    -3.814219
      -3.798723    -3.117619    -3.811615
      -4.698029    -2.458572    -3.802915
      -4.655944    -2.451185    -2.714168
       5.159808    -2.752695    -2.171965
       5.157407    -2.752026    -1.078924
       5.156998    -2.750744     0.016296
       4.285544    -3.410712    -3.264146
       4.265008    -3.397532    -2.172647
       4.261264    -3.395967    -1.082143
       4.260064    -3.394906     0.008620
       4.259687    -3.396461     1.098199
       3.390434    -4.063582    -3.266905
       3.378646    -4.047360    -2.172048
       3.372279    -4.041255    -1.081518
       3.371160    -4.040151     0.007315
       3.371689    -4.041937     1.095913
       2.493552    -4.715807    -3.265248
       2.490471    -4.692700    -2.170628
       2.485322    -4.685646    -1.080967
       2.483955    -4.684771     0.007447
       2.484944    -4.686265     1.095774
       1.591655    -5.372043    -3.255562
       1.600387    -5.330825    -2.167109
       1.597228    -5.330949    -1.081351
       1.595729    -5.330601     0.007538
       1.596865    -5.331416     1.096397
       0.711321    -5.985357    -2.199912
       0.706635    -5.984595    -1.093040
       0.705511    -5.984390     0.007537
       4.020891     4.202913    -2.200647
       4.016383     4.205928    -1.093582
       4.015393     4.206610     0.007549
       4.373851     3.187534    -3.256558
       4.356069     3.150515    -2.167852
       4.353023     3.153087    -1.081729
       4.351498     3.153861     0.007540
       4.353031     3.153654     1.096779
       4.717689     2.126634    -3.265763
       4.701099     2.110772    -2.171018
       4.692447     2.108738    -1.081180
       4.690728     2.109026     0.007446
       4.692520     2.109445     1.095984
       5.059721     1.071877    -3.267200
       5.040302     1.066523    -2.172281
       5.031356     1.065935    -1.081655
       5.029737     1.065893     0.007311
       5.031291     1.066826     1.096041
       5.399973     0.017590    -3.264294
       5.375295     0.019808    -2.172758
       5.371325     0.021297    -1.082231
       5.369714     0.021332     0.008612
       5.370353     0.022623     1.098267
       5.720299    -1.027744    -2.172143
       5.717933    -1.026393    -1.079007
       5.716856    -1.027004     0.016275
      -2.948447     5.275615    -2.199100
      -2.951360     5.272145    -1.092270
      -2.951735     5.271289     0.008159
      -1.874566     5.297161    -3.254747
      -1.844596     5.268941    -2.166249
      -1.846691     5.266975    -1.080611
      -1.847226     5.265691     0.008106
      -1.846659     5.266944     1.096839
      -0.758636     5.296743    -3.263977
      -0.749920     5.276056    -2.169357
      -0.748965     5.267063    -1.080093
      -0.748979     5.265320     0.008032
      -0.748948     5.267027     1.096172
       0.352528     5.296912    -3.264300
       0.346488     5.276107    -2.169613
       0.347214     5.266988    -1.080266
       0.347713     5.265214     0.007942
       0.347207     5.266960     1.096171
       1.468366     5.297509    -3.255961
       1.441564     5.269183    -2.167226
       1.445217     5.266674    -1.081218
       1.446190     5.265317     0.007826
       1.445179     5.266687     1.096898
       2.546067     5.275002    -2.200253
       2.550526     5.271499    -1.093292
       2.551263     5.270735     0.007697
      -6.125993    -1.025258    -2.195018
      -6.123411    -1.026256    -1.090767
      -6.122451    -1.025848     0.008225
      -5.817603     0.012863    -3.249496
      -5.797906     0.028461    -2.160094
      -5.793666     0.024653    -1.076397
      -5.792241     0.024440     0.008263
      -5.793539     0.024649     1.092936
      -5.478404     1.072465    -3.255993
      -5.464187     1.074854    -2.165826
      -5.459178     1.072869    -1.078956
      -5.457751     1.072618     0.008274
      -5.459037     1.072843     1.095515
      -5.135484     2.128501    -3.256127
      -5.124598     2.120339    -2.165924
      -5.118948     2.120155    -1.079013
      -5.117543     2.119789     0.008275
      -5.118812     2.120111     1.095573
      -4.787373     3.185226    -3.249994
      -4.779515     3.163316    -2.160423
      -4.773309     3.165077    -1.076588
      -4.771946     3.164645     0.008265
      -4.773192     3.165022     1.093130
      -4.424984     4.208926    -2.195506
      -4.421800     4.209432    -1.091165
      -4.421371     4.208765     0.008228
      -1.110540    -5.990693    -2.196149
      -1.107672    -5.989358    -1.091821
      -1.107870    -5.988642     0.007619
      -2.005954    -5.375329    -3.250408
      -2.012072    -5.353224    -2.160853
      -2.005950    -5.351097    -1.077035
      -2.005191    -5.349986     0.007829
      -2.006089    -5.351048     1.092729
      -2.908706    -4.725038    -3.256429
      -2.904348    -4.712271    -2.166240
      -2.899791    -4.708904    -1.079343
      -2.898922    -4.707822     0.007947
      -2.899856    -4.708848     1.095262
      -3.806829    -4.072247    -3.256221
      -3.793620    -4.066061    -2.166063
      -3.790638    -4.061627    -1.079199
      -3.789666    -4.060633     0.008036
      -3.790660    -4.061588     1.095291
      -4.704043    -3.414391    -3.249661
      -4.678672    -3.415694    -2.160266
      -4.677398    -3.410251    -1.076560
      -4.676396    -3.409290     0.008115
      -4.677396    -3.410227     1.092803
      -5.563498    -2.756138    -2.195114
      -5.561931    -2.753942    -1.090843
      -5.560928    -2.753749     0.008173
      -0.203533    -0.057658     4.960940
      -0.199898    -5.675115     1.659225
       5.142487    -1.793397     1.666402
       3.101592     4.488981     1.660764
      -3.502310     4.488835     1.659682
      -5.543108    -1.792750     1.658327
       5.156718    -2.751291     1.114718
       0.706239    -5.984918     1.108086
       4.016292     4.206388     1.108657
       5.716959    -1.026568     1.114749
      -2.951322     5.272122     1.108598
       2.550447     5.271579     1.108707
      -6.123318    -1.026239     1.107230
      -4.421716     4.209379     1.107632
      -1.107917    -5.989381     1.107095
      -5.561913    -2.753924     1.107194
      -0.204355    -0.992529     5.510424
      -0.204270    -1.927086     4.954541
      -0.204278    -2.861995     4.398705
      -0.204299    -3.795585     3.843567
       0.684809    -0.346635     5.511213
       1.574100    -0.635264     4.956126
       2.463642    -0.923984     4.401126
       3.351847    -1.212317     3.846937
       0.345328     0.698408     5.511114
       0.895228     1.454701     4.955823
       1.445328     2.211233     4.400457
       1.994615     2.966710     3.845650
      -0.753610     0.698219     5.510427
      -1.302790     1.454286     4.954592
      -1.852297     2.210558     4.398832
      -2.401070     2.965755     3.843778
      -1.093107    -0.346735     5.509883
      -1.981626    -0.635484     4.953539
      -2.870455    -0.924312     4.397368
      -3.757985    -1.212700     3.842029
       0.688603    -1.286194     4.956215
       1.240571     0.411649     4.956726
      -0.203739     1.460728     4.956126
      -1.648071     0.411365     4.954723
      -1.096547    -1.286330     4.954702
       1.580736    -1.578090     4.401957
       0.690938    -2.224491     4.401241
       1.794459     1.169660     4.402141
       2.134087     0.123969     4.402345
      -0.753310     2.221110     4.401229
       0.346541     2.221317     4.401705
      -2.540956     0.123691     4.399093
      -2.201376     1.169197     4.399507
      -1.098754    -2.224720     4.399442
      -1.987956    -1.578493     4.399066
       2.472097    -1.868943     3.847453
       1.585179    -2.519171     3.848038
       0.692517    -3.161752     3.846048
       2.347110     1.927265     3.847211
       2.691244     0.883029     3.848682
       3.026316    -0.164130     3.847750
      -1.302941     2.980183     3.846139
      -0.202987     2.985152     3.847928
       0.896844     2.980617     3.846908
      -3.432687    -0.164294     3.843335
      -3.097743     0.882743     3.844573
      -2.753653     1.926660     3.844040
      -1.100306    -3.162184     3.843904
      -1.992256    -2.519886     3.844493
      -2.878626    -1.869684     3.843299
       3.361736    -2.159480     3.292919
       2.478437    -2.812231     3.294440
       1.588459    -3.458775     3.293829
       0.694371    -4.097237     3.290730
       2.898831     2.683414     3.292043
       3.246494     1.641631     3.294613
       3.586182     0.595608     3.294890
       3.916890    -0.451570     3.293131
      -1.851325     3.737996     3.290922
      -0.752656     3.747080     3.293884
       0.347516     3.747310     3.294160
       1.445977     3.738695     3.291850
      -4.323003    -0.451500     3.287492
      -3.992573     0.595591     3.289280
      -3.652944     1.641552     3.289548
      -3.305272     2.682823     3.288383
      -1.102075    -4.098188     3.288158
      -1.995384    -3.460125     3.289387
      -2.884935    -2.813546     3.289179
      -3.767701    -2.160645     3.287448
       3.369655    -3.104523     2.739911
       2.483122    -3.753536     2.740397
       1.591835    -4.396137     2.738702
       3.800223     2.398568     2.739517
       4.143359     1.354777     2.740873
       4.478902     0.308656     2.740180
      -1.300937     4.507307     2.738907
      -0.202087     4.511401     2.740429
       0.896824     4.507703     2.739321
      -4.887114     0.308900     2.732575
      -4.550927     1.355528     2.734547
      -4.208059     2.400034     2.732981
      -1.998627    -4.400026     2.732723
      -2.889949    -3.756528     2.734357
      -3.777114    -3.107394     2.732456
      -0.204348    -4.724283     3.287686
       4.235265    -1.499164     3.292157
       2.540962     3.718290     3.289979
      -2.946987     3.716993     3.287971
      -4.640794    -1.499541     3.286031
       4.249959    -2.447885     2.737257
       0.695417    -5.030495     2.733925
       3.448074     3.438868     2.735334
       4.804951    -0.739937     2.737342
      -2.399042     4.493570     2.734212
       1.995182     4.494372     2.735290
      -5.212318    -0.738398     2.730565
      -3.855856     3.438827     2.731619
      -1.103118    -5.033443     2.731299
      -4.655776    -2.451260     2.730512
      -0.201640    -5.677687     2.769426
       5.142951    -1.793781     2.775596
       3.101923     4.489832     2.771047
      -3.505201     4.489909     2.769839
      -5.547115    -1.794041     2.768529
      -0.204575    -0.057965     6.064947
       5.154929    -2.756494     2.220729
       4.257686    -3.400185     2.184127
       3.376433    -4.049613     2.185507
       2.489520    -4.694021     2.185196
       1.599792    -5.331758     2.182169
       0.710681    -5.985962     2.215000
       4.020797     4.203718     2.215775
       4.356179     3.151574     2.182919
       4.701135     2.112364     2.185583
       5.039858     1.069626     2.185730
       5.370954     0.026257     2.184213
       5.718622    -1.021735     2.220822
      -2.948309     5.275561     2.215449
      -1.844459     5.268889     2.182517
      -0.749783     5.275972     2.185477
       0.346604     5.276025     2.185569
       1.441636     5.269160     2.182970
       2.546046     5.275114     2.215736
      -6.125788    -1.025255     2.211504
      -5.797649     0.028433     2.176660
      -5.463905     1.074792     2.182406
      -5.124321     2.120251     2.182506
      -4.779271     3.163213     2.176991
      -4.424792     4.208827     2.211993
      -1.110794    -5.990762     2.211507
      -2.012148    -5.353180     2.176629
      -2.904314    -4.712217     2.182218
      -3.793536    -4.066033     2.182198
      -4.678573    -3.415694     2.176540
      -5.563388    -2.756143     2.211476
      -0.205308    -0.994264     6.629429
      -0.205229    -1.937900     6.064929
      -0.205311    -2.878443     5.504585
      -0.205476    -3.819629     4.945019
      -0.205604    -4.765439     4.383981
       0.685229    -0.347331     6.630306
       1.583195    -0.638726     6.066663
       2.478152    -0.929151     5.507217
       3.373680    -1.219799     4.948631
       4.273650    -1.511966     4.388772
       0.345282     0.699306     6.630190
       0.900546     1.462887     6.066386
       1.453988     2.223922     5.506649
       2.007746     2.985439     4.947590
       2.564106     3.750690     4.387065
      -0.755396     0.699072     6.629448
      -1.309934     1.462498     6.064978
      -1.862815     2.223298     5.504699
      -2.416169     2.984568     4.945208
      -2.972226     3.749625     4.384240
      -1.095565    -0.347508     6.628778
      -1.992709    -0.639061     6.063745
      -2.886944    -0.929655     5.502957
      -3.781815    -1.220439     4.943041
      -4.681119    -1.512647     4.381662
       0.692377    -1.292919     6.063058
       1.247342     0.413858     6.063596
      -0.204668     1.468424     6.062969
      -1.656702     0.413558     6.061400
      -1.102262    -1.293139     6.061372
       1.588907    -1.585937     5.505166
       0.694419    -2.235724     5.504376
       1.803743     1.175649     5.505373
       2.145133     0.124583     5.505557
      -0.757128     2.232282     5.504357
       0.348499     2.232487     5.504936
      -2.553817     0.124201     5.502008
      -2.212447     1.175171     5.502495
      -1.104224    -2.236029     5.502436
      -1.998085    -1.586437     5.501978
       2.485129    -1.877464     4.947545
       1.592528    -2.530843     4.948653
       0.695070    -3.177801     4.946016
       2.358612     1.937578     4.947359
       2.704016     0.887166     4.949349
       3.041763    -0.165734     4.947831
      -1.310334     2.994715     4.946093
      -0.203944     2.998943     4.948545
       0.902306     2.995138     4.947072
      -3.449888    -0.166073     4.942997
      -3.112176     0.886730     4.945014
      -2.766934     1.936890     4.943842
      -1.105068    -3.178244     4.943724
      -2.001623    -2.531586     4.944942
      -2.893611    -1.878348     4.942961
       3.382990    -2.168675     4.388976
       2.490673    -2.823780     4.392590
       1.594093    -3.475074     4.391925
       0.694904    -4.121295     4.386680
       2.913558     2.701158     4.388263
       3.260774     1.650395     4.392814
       3.602951     0.596867     4.393064
       3.939479    -0.457363     4.389171
      -1.865063     3.757827     4.386849
      -0.757712     3.763619     4.391965
       0.350553     3.763832     4.392332
       1.457587     3.758451     4.388093
      -4.347086    -0.457447     4.383092
      -4.010743     0.596869     4.387233
      -3.668863     1.649769     4.387547
      -3.321723     2.700212     4.384189
      -1.105200    -4.121904     4.383992
      -2.003477    -3.476136     4.387405
      -2.898922    -2.825273     4.387142
      -3.790706    -2.169999     4.383048
       4.290947    -2.456574     3.826603
       3.391286    -3.115260     3.835132
       2.493338    -3.769265     3.837335
       1.593604    -4.421077     3.833833
       0.688761    -5.073065     3.823212
       3.468177     3.475440     3.825112
       3.816696     2.416438     3.834842
       4.161157     1.360529     3.837890
       4.502928     0.303790     3.835419
       4.843364    -0.757842     3.826694
      -2.429500     4.524159     3.823460
      -1.314202     4.528556     3.834005
      -0.203115     4.530143     3.837334
       0.907856     4.528960     3.834613
       2.022887     4.524922     3.825061
      -5.250500    -0.756891     3.819361
      -4.910277     0.304897     3.827983
      -4.570096     1.360874     3.830512
      -4.225097     2.415204     3.828499
      -3.876651     3.474078     3.820781
      -1.099257    -5.074149     3.820501
      -2.003545    -4.422330     3.828266
      -2.902367    -3.772145     3.830339
      -3.798256    -3.117787     3.827873
      -4.697590    -2.458743     3.819309
       4.296873    -3.407239     3.272714
       3.393848    -4.062630     3.280337
       2.494859    -4.715665     3.279928
       1.592338    -5.371948     3.270770
       4.374391     3.187000     3.271773
       4.718698     2.125691     3.280441
       5.061956     1.069030     3.280617
       5.407133     0.008033     3.272817
      -1.874177     5.297041     3.271062
      -0.758246     5.296602     3.280141
       0.352922     5.296758     3.280306
       1.468752     5.297372     3.271781
      -5.817211     0.012779     3.266089
      -5.477985     1.072356     3.272593
      -5.135067     2.128372     3.272728
      -4.786986     3.185091     3.266588
      -2.005580    -5.375427     3.266256
      -2.908301    -4.725119     3.272456
      -3.806434    -4.072345     3.272396
      -4.703672    -3.414514     3.265974
       5.166443    -1.801908    -3.814491
       5.177036    -2.761874    -3.263685
       5.739583    -1.031392    -3.263927
       5.167135    -3.717884    -1.641202
       5.165059    -3.714644    -0.536849
       5.164922    -3.713649     0.562994
       5.164903    -3.717055     1.666991
       4.300636    -4.361052    -2.708430
       4.278070    -4.361050    -1.618424
       4.276963    -4.357291    -0.534982
       4.277162    -4.357556     0.548312
       4.277477    -4.363428     1.631028
       4.300208    -4.362991     2.720407
       3.401241    -5.015787    -2.710664
       3.395370    -5.004354    -1.621057
       3.391807    -5.001342    -0.535558
       3.391804    -5.001609     0.549904
       3.394535    -5.006131     1.635286
       3.400932    -5.016774     2.725081
       2.501550    -5.669343    -2.705055
       2.511513    -5.646207    -1.616040
       2.505950    -5.644602    -0.533810
       2.505850    -5.644864     0.548580
       2.510650    -5.647434     1.630796
       2.501336    -5.670016     2.719956
       1.622411    -6.290840    -1.647121
       1.618721    -6.289678    -0.542664
       1.618553    -6.289900     0.557669
       1.621547    -6.291738     1.662097
       4.937280     3.914641    -1.647311
       4.933316     3.916292    -0.542761
       4.933328     3.916557     0.557764
       4.937154     3.915838     1.662289
       5.284328     2.893722    -2.705362
       5.278070     2.870372    -1.616235
       5.272323     2.872786    -0.533889
       5.272409     2.873047     0.548652
       5.278124     2.871844     1.630987
       5.284593     2.894341     2.720264
       5.628051     1.836146    -2.710831
       5.616064     1.831428    -1.621183
       5.611192     1.831525    -0.535609
       5.611355     1.831737     0.549945
       5.616453     1.833342     1.635404
       5.628417     1.837075     2.725242
       5.970757     0.777780    -2.708558
       5.952158     0.792044    -1.618543
       5.948905     0.790087    -0.535032
       5.949229     0.790186     0.548346
       5.953090     0.794324     1.631132
       5.971589     0.779551     2.720521
       6.293427    -0.250896    -1.641357
       6.289785    -0.251866    -0.536926
       6.289106    -0.252582     0.563011
       6.291190    -0.250209     1.667083
      -2.391201     6.058428    -1.646333
      -2.392529     6.055193    -0.541971
      -2.392518     6.055176     0.558269
      -2.391128     6.058374     1.662636
      -1.314300     6.072624    -2.704126
      -1.293159     6.059803    -1.615078
      -1.295485     6.054931    -0.533010
      -1.295482     6.054911     0.549203
      -1.293102     6.059739     1.631286
      -1.314019     6.072508     2.720360
      -0.202559     6.072970    -2.709313
      -0.201064     6.060557    -1.619667
      -0.200504     6.055310    -0.534540
      -0.200514     6.055292     0.550576
      -0.201036     6.060491     1.635725
      -0.202293     6.072839     2.725395
       0.909203     6.072682    -2.704500
       0.891138     6.059548    -1.615339
       0.894570     6.054531    -0.533225
       0.894542     6.054524     0.549064
       0.891121     6.059511     1.631210
       0.909447     6.072570     2.720407
       1.989446     6.057677    -1.646821
       1.991794     6.054273    -0.542433
       1.991752     6.054291     0.557934
       1.989392     6.057710     1.662350