
      -0.282680    -0.140026    -0.554285
      -0.282645    -0.140036     0.546251
      -0.282464    -1.067373    -0.003990
       0.599647    -0.426985    -0.003931
       0.262295     0.610088    -0.003981
      -0.828174     0.610201    -0.004063
      -1.164757    -0.426267    -0.004062
      -0.282927    -1.067639    -1.104058
       0.599400    -0.427033    -1.104437
       0.262009     0.610241    -1.104607
      -0.828664     0.610332    -1.104168
      -1.165386    -0.426411    -1.103950
      -0.283499    -0.140160    -1.654821
      -0.282878    -1.997624    -0.553361
       1.484606    -0.714379    -0.553858
       0.808376     1.362322    -0.554059
      -1.375473     1.362986    -0.553454
      -2.049867    -0.713412    -0.553256
      -0.282766    -1.067649     1.096036
      -0.284056    -1.068445    -2.204229
       0.599545    -0.427074     1.096492
       0.598894    -0.427268    -2.204815
       0.262144     0.610164     1.096602
       0.261344     0.610620    -2.205042
      -0.828609     0.610308     1.096028
      -0.830019     0.610704    -2.204330
      -1.165324    -0.426416     1.095813
      -1.167068    -0.426823    -2.203991
       0.604472    -1.360626     0.546027
       0.603992    -1.361215    -1.653910
       0.604292    -1.360611    -0.553915
       1.151815     0.325374     0.546330
       1.151761     0.325822    -1.654571
       1.151660     0.325461    -0.554185
      -0.283608     1.368035     0.545982
      -0.284112     1.368857    -1.654081
      -0.283647     1.368066    -0.554060
      -1.717904     0.326519     0.545489
      -1.719328     0.326609    -1.652998
      -1.717917     0.326521    -0.553641
      -1.169500    -1.359963     0.545536
      -1.170781    -1.360753    -1.653001
      -1.169553    -1.359969    -0.553615
      -0.282768    -1.997610     0.545379
      -0.283658    -1.998468    -1.652351
       1.484792    -0.714434     0.546029
       1.484711    -0.714596    -1.653707
       0.808459     1.362252     0.546113
       0.808356     1.363133    -1.654100
      -1.375461     1.362970     0.545272
      -1.376475     1.363507    -1.652393
      -2.049846    -0.713403     0.545084
      -2.051322    -0.713838    -1.651920
      -0.283395    -0.140187     1.646732
      -0.284850    -0.140386    -2.755324
      -0.283719    -2.930842    -1.100711
      -0.283426    -2.930501    -0.003989
       2.372250    -1.002022    -1.102588
       2.372183    -1.001888    -0.003988
       1.355874     2.116664    -1.102823
       1.355657     2.115941    -0.003964
      -1.924215     2.118405    -1.100696
      -1.923876     2.118194    -0.004113
      -2.937855    -1.001612    -1.100244
      -2.937241    -1.001410    -0.004101
      -0.283803    -1.068463     2.196116
      -0.285729    -1.069795    -3.304379
      -0.283410    -1.998439     1.644302
      -0.285166    -2.000547    -2.751680
       0.599146    -0.427337     2.196693
       0.598340    -0.427780    -3.305019
       1.485154    -0.714724     1.645618
       1.485121    -0.715265    -2.753212
       0.261562     0.610508     2.196940
       0.260449     0.611315    -3.305237
       0.808546     1.362981     1.646076
       0.808303     1.364671    -2.753689
      -0.829932     0.610660     2.196156
      -0.832147     0.611306    -3.304427
      -1.376454     1.363462     1.644193
      -1.378787     1.364736    -2.751632
      -1.166965    -0.426820     2.195820
      -1.169619    -0.427477    -3.304026
      -2.051272    -0.713804     1.643731
      -2.054397    -0.714759    -2.750972
       0.604423    -1.361261     1.645882
       0.603526    -1.362713    -2.753745
       1.152141     0.325630     1.646565
       1.152146     0.326385    -2.754500
      -0.284023     1.368777     1.645964
      -0.285228     1.370473    -2.753861
      -1.719300     0.326607     1.644821
      -1.722228     0.326823    -2.752435
      -1.170655    -1.360726     1.644885
      -1.173196    -1.362436    -2.752473
       1.493209    -1.651808     1.095294
       1.493018    -1.653278    -2.202367
       1.492567    -1.651740    -1.103226
       1.492625    -1.651302    -0.003912
       0.606785    -2.295143     1.094660
       0.606335    -2.296881    -2.201481
       0.606414    -2.295185    -1.102612
       0.606501    -2.294815    -0.003944
       1.702630     1.079608     1.095792
       1.703511     1.081154    -2.203075
       1.702335     1.079841    -1.103689
       1.702008     1.079295    -0.003910
       2.042219     0.039263     1.095613
       2.042839     0.039964    -2.202780
       2.041647     0.039560    -1.103508
       2.041447     0.039252    -0.003887
      -0.831151     2.126248     1.094494
      -0.831989     2.128155    -2.201370
      -0.831166     2.126291    -1.102646
      -0.831092     2.125748    -0.004068
       0.263029     2.125411     1.095359
       0.262808     2.127817    -2.202547
       0.262983     2.125479    -1.103408
       0.262990     2.124644    -0.004010
      -2.608318     0.040767     1.093446
      -2.611255     0.040870    -2.199727
      -2.608314     0.040751    -1.101647
      -2.607567     0.040710    -0.004095
      -2.270269     1.081336     1.093595
      -2.273031     1.081844    -2.199983
      -2.270257     1.081339    -1.101803
      -2.269536     1.081281    -0.004098
      -1.172953    -2.294854     1.093710
      -1.175160    -2.296856    -2.200000
      -1.173034    -2.294893    -1.101762
      -1.172377    -2.294439    -0.004013
      -2.058250    -1.651433     1.093504
      -2.060702    -1.653240    -2.199747
      -2.058294    -1.651466    -1.101641
      -2.057659    -1.651001    -0.004061
      -0.283602    -2.930764     1.092706
      -0.284772    -2.932297    -2.198077
       2.372979    -1.002246     1.094430
       2.373321    -1.002845    -2.201084
       1.355938     2.116545     1.094859
       1.356583     2.118779    -2.201592
      -1.924226     2.118376     1.092463
      -1.925842     2.119190    -2.197924
      -2.937842    -1.001577     1.092033
      -2.940137    -1.002340    -2.197171
      -0.284695    -0.140424     2.747151
      -0.286511    -0.140675    -3.855982
      -0.284350    -3.867264    -1.645553
      -0.283821    -3.867004    -0.551134
      -0.283808    -3.866934     0.543188
       3.262883    -1.290608    -1.649178
       3.262201    -1.289967    -0.552600
       3.262910    -1.290191     0.543712
       1.905080     2.873368    -1.648956
       1.904444     2.871868    -0.552156
       1.904426     2.871811     0.544248
      -2.474465     2.876488    -1.645401
      -2.473849     2.876597    -0.551191
      -2.473866     2.876584     0.542918
      -3.828892    -1.290904    -1.644737
      -3.827961    -1.290582    -0.550969
      -3.827964    -1.290561     0.542732
      -0.285477    -1.069812     3.296174
      -0.287745    -1.071984    -4.404698
      -0.284946    -2.000512     2.743552
      -0.287246    -2.004162    -3.850922
      -0.284715    -2.932188     2.190019
      -0.286714    -2.936738    -3.296430
       0.598638    -0.427856     3.296721
       0.598189    -0.428673    -4.405431
       1.485653    -0.715413     2.744817
       1.486229    -0.716575    -3.852437
       2.374280    -1.003136     2.192494
       2.375505    -1.004543    -3.299138
       0.260669     0.611213     3.297037
       0.259672     0.612581    -4.405578
       0.808468     1.364543     2.745574
       0.808481     1.367230    -3.852842
       1.356581     2.118687     2.193560
       1.357798     2.122452    -3.299713
      -0.832069     0.611249     3.296207
      -0.835059     0.612400    -4.404656
      -1.378792     1.364671     2.743402
      -1.382483     1.366903    -3.850759
      -1.925889     2.119139     2.189672
      -1.929970     2.121912    -3.296160
      -1.169512    -0.427448     3.295809
      -1.173157    -0.428445    -4.404162
      -2.054353    -0.714683     2.742753
      -2.059184    -0.716223    -3.849881
      -2.940135    -1.002258     2.188940
      -2.945596    -1.004089    -3.295086
       0.604010    -1.362787     2.745543
       0.603109    -1.365366    -3.853177
       1.152591     0.326197     2.746308
       1.153056     0.327164    -3.853924
      -0.285159     1.370370     2.745686
      -0.286968     1.373118    -3.853150
      -1.722210     0.326829     2.744215
      -1.726701     0.327271    -3.851497
      -1.173067    -1.362369     2.744300
      -1.176757    -1.365204    -3.851567
       1.493893    -1.653404     2.194167
       1.493931    -1.656333    -3.300803
       0.606788    -2.296851     2.193396
       0.606007    -2.300824    -3.299989
       1.703883     1.080899     2.195020
       1.705594     1.083313    -3.301562
       2.043640     0.039594     2.194597
       2.045108     0.040359    -3.301273
      -0.832005     2.128082     2.193181
      -0.834324     2.131781    -3.299695
       0.262817     2.127724     2.194433
       0.262204     2.131842    -3.300834
      -2.611278     0.040910     2.191494
      -2.616856     0.040874    -3.297590
      -2.273069     1.081841     2.191744
      -2.278163     1.083306    -3.297928
      -1.175089    -2.296765     2.191887
      -1.178654    -2.300944    -3.298006
      -2.060660    -1.653157     2.191573
      -2.065349    -1.656459    -3.297630
       2.384562    -1.943137     1.642480
       2.384965    -1.946215    -2.748055
       2.383121    -1.942898    -1.650698
       2.382609    -1.941389    -0.552899
       2.383210    -1.941493     0.544835
       1.498235    -2.589911     1.642887
       1.498765    -2.594238    -2.748489
       1.497439    -2.589971    -1.650865
       1.496735    -2.588284    -0.552801
       1.497111    -2.588244     0.544987
       0.608162    -3.231552     1.640746
       0.608378    -3.235538    -2.745971
       0.607944    -3.231735    -1.648729
       0.607472    -3.231072    -0.552123
       0.607606    -3.230981     0.544231
       2.254042     1.836134     1.643247
       2.257130     1.839438    -2.748680
       2.253928     1.836372    -1.651169
       2.252309     1.835064    -0.552952
       2.252387     1.834922     0.545136
       2.597610     0.795507     1.643775
       2.600466     0.797675    -2.749420
       2.596944     0.795984    -1.651698
       2.595270     0.794973    -0.553139
       2.595584     0.794737     0.545416
       2.935143    -0.247473     1.642658
       2.936895    -0.246786    -2.748302
       2.933811    -0.246846    -1.650848
       2.932666    -0.247262    -0.552938
       2.933231    -0.247516     0.544923
      -1.379621     2.886161     1.640262
      -1.381399     2.889801    -2.745515
      -1.379575     2.886200    -1.648480
      -1.379687     2.885192    -0.552142
      -1.379695     2.885178     0.543946
      -0.283893     2.888828     1.642609
      -0.284838     2.893857    -2.748095
      -0.283848     2.888863    -1.650749
      -0.283823     2.886499    -0.552881
      -0.283825     2.886484     0.544779
       0.811251     2.884552     1.642729
       0.811720     2.889639    -2.748057
       0.811319     2.884580    -1.650784
       0.811196     2.882122    -0.552875
       0.811194     2.882102     0.544877
      -3.500732    -0.245962     1.638625
      -3.506175    -0.245798    -2.743164
      -3.500693    -0.246009    -1.646880
      -3.499182    -0.246219    -0.551615
      -3.499193    -0.246205     0.543379
      -3.165956     0.797207     1.639778
      -3.171946     0.798208    -2.744532
      -3.165902     0.797183    -1.648038
      -3.163643     0.796909    -0.551984
      -3.163660     0.796916     0.543743
      -2.823492     1.838010     1.639007
      -2.828583     1.839305    -2.743702
      -2.823432     1.838013    -1.647278
      -2.821841     1.838136    -0.551773
      -2.821859     1.838135     0.543521
      -1.176536    -3.231896     1.639215
      -1.179973    -3.236023    -2.743782
      -1.176505    -3.231972    -1.647272
      -1.175085    -3.231137    -0.551686
      -1.175073    -3.231115     0.543677
      -2.065088    -2.590897     1.639887
      -2.069460    -2.595338    -2.744539
      -2.065082    -2.590959    -1.648010
      -2.063345    -2.589398    -0.551921
      -2.063334    -2.589383     0.543833
      -2.949088    -1.943482     1.638682
      -2.953448    -1.946955    -2.743167
      -2.949084    -1.943547    -1.646870
      -2.947948    -1.942467    -0.551589
      -2.947943    -1.942449     0.543422
      -0.284434    -3.867106     1.637552
      -0.285937    -3.868748    -2.740870
       3.264527    -1.291137     1.640183
       3.265719    -1.292518    -2.746072
       1.904948     2.873315     1.640991
       1.907127     2.877629    -2.746364
      -2.474526     2.876453     1.637117
      -2.476748     2.876755    -2.740577
      -3.828911    -1.290833     1.636488
      -3.831427    -1.291748    -2.739477
      -0.286343    -0.140711     3.847731
      -0.288355    -0.141022    -4.957431
      -0.285087    -4.807940    -2.190302
      -0.283345    -4.807960    -1.097742
      -0.282740    -4.807693    -0.003912
      -0.283394    -4.807826     1.089849
       4.157314    -1.580852    -2.193363
       4.155946    -1.579516    -1.099134
       4.156386    -1.579384    -0.005659
       4.157517    -1.580054     1.088419
       2.455896     3.632159    -2.191993
       2.455276     3.630477    -1.097534
       2.455175     3.630077    -0.003917
       2.455149     3.630423     1.089646
      -3.027543     3.637560    -2.190082
      -3.025847     3.638832    -1.097729
      -3.025157     3.639071    -0.004157
      -3.025902     3.638810     1.089411
      -4.724250    -1.581680    -2.189247
      -4.722938    -1.581212    -1.097328
      -4.722276    -1.580967    -0.004131
      -4.722962    -1.581162     1.089060
      -0.287571    -1.071976     4.396440
      -0.289834    -1.075889    -5.506985
      -0.287182    -2.004102     3.842760
      -0.289458    -2.010318    -4.951033
      -0.286908    -2.936612     3.288372
      -0.289023    -2.945085    -4.395085
      -0.286358    -3.868563     2.732871
      -0.288424    -3.878513    -3.839796
       0.598468    -0.428738     4.397025
       0.599400    -0.430155    -5.508013
       1.486745    -0.716714     3.843825
       1.489176    -0.718706    -4.952917
       2.376422    -1.004819     3.290147
       2.379915    -1.007262    -4.397794
       3.267365    -1.293051     2.736496
       3.271452    -1.295757    -3.843455
       0.259818     0.612515     4.397322
       0.259706     0.615045    -5.508048
       0.808506     1.367186     3.844684
       0.809750     1.371483    -4.953082
       1.357578     2.122506     3.291667
       1.360371     2.128401    -4.398058
       1.906700     2.877776     2.738396
       1.911157     2.885252    -3.843634
      -0.835029     0.612342     4.396394
      -0.839068     0.614764    -5.506847
      -1.382544     1.366831     3.842497
      -1.387839     1.370973    -4.950767
      -1.930079     2.121849     3.287884
      -1.936725     2.127548    -4.394739
      -2.476873     2.876706     2.732277
      -2.484640     2.883214    -3.839444
      -1.173085    -0.428379     4.395904
      -1.178378    -0.429984    -5.506169
      -2.059177    -0.716098     3.841630
      -2.066470    -0.718503    -4.949555
      -2.945633    -1.003951     3.286831
      -2.954909    -1.007086    -4.393181
      -3.831483    -1.291618     2.731212
      -3.842107    -1.295234    -3.837696
       0.603492    -1.365431     3.844859
       0.603384    -1.369471    -4.952955
       1.153420     0.327040     3.845609
       1.155144     0.328255    -4.953853
      -0.286982     1.373016     3.844923
      -0.289038     1.377242    -4.952739
      -1.726719     0.327295     3.843228
      -1.732962     0.328188    -4.950728
      -1.176692    -1.365080     3.843344
      -1.181459    -1.369412    -4.950825
       1.494691    -1.656486     3.292360
       1.496020    -1.661115    -4.398868
       0.606247    -2.300804     3.291830
       0.606005    -2.307546    -4.397977
       1.705799     1.083204     3.293413
       1.709110     1.086461    -4.399665
       2.045836     0.040088     3.292833
       2.049083     0.040713    -4.399544
      -0.834424     2.131696     3.291463
      -0.838091     2.137746    -4.397513
       0.262079     2.131771     3.292660
       0.261532     2.137898    -4.398604
      -2.616914     0.040945     3.289319
      -2.625418     0.040823    -4.394869
      -2.278246     1.083309     3.289650
      -2.285807     1.086241    -4.395315
      -1.178696    -2.300783     3.289836
      -1.183293    -2.307684    -4.395449
      -2.065364    -1.656308     3.289413
      -2.072419    -1.661362    -4.394923
       2.386426    -1.946537     2.739408
       2.388612    -1.951455    -3.844707
       1.499353    -2.594222     2.740319
       1.500706    -2.601776    -3.845054
       0.608274    -3.235364     2.737970
       0.608121    -3.244580    -3.842662
       2.256983     1.839412     2.740709
       2.262188     1.844569    -3.845176
       2.600982     0.797369     2.741268
       2.606108     0.800058    -3.846246
       2.938288    -0.247353     2.739663
       2.942393    -0.247204    -3.845176
      -1.381527     2.889750     2.737266
      -1.386899     2.897186    -3.842092
      -0.285002     2.893825     2.739901
      -0.287275     2.901780    -3.844388
       0.811463     2.889665     2.739940
       0.812631     2.897493    -3.844277
      -3.506252    -0.245710     2.734882
      -3.516807    -0.246861    -3.838974
      -3.172045     0.798251     2.736241
      -3.181757     0.800157    -3.840215
      -2.828695     1.839301     2.735405
      -2.837448     1.844078    -3.839671
      -1.180181    -3.235871     2.735668
      -1.184397    -3.245049    -3.839821
      -2.069557    -2.595202     2.736364
      -2.076345    -2.602663    -3.840254
      -2.953505    -1.946823     2.734947
      -2.962733    -1.952349    -3.838987
       3.279100    -2.236432     2.186509
       3.281206    -2.240958    -3.291102
       3.276472    -2.235704    -2.195378
       3.275091    -2.232724    -1.099831
       3.275405    -2.232107    -0.004545
       3.276630    -2.233167     1.090981
       2.392229    -2.885899     2.188291
       2.394955    -2.893836    -3.291925
       2.390970    -2.885833    -2.196407
       2.388808    -2.881447    -1.099996
       2.388623    -2.880274    -0.003921
       2.389875    -2.881466     1.092167
       1.502492    -3.530687     2.187411
       1.504665    -3.540972    -3.290667
       1.502349    -3.530980    -2.195283
       1.500093    -3.526870    -1.099154
       1.499532    -3.526186    -0.003805
       1.500508    -3.526628     1.091403
       0.609941    -4.170298     2.183191
       0.610778    -4.179802    -3.287164
       0.610241    -4.170627    -2.191115
       0.609261    -4.170318    -1.097488
       0.609176    -4.170268    -0.003882
       0.609345    -4.170078     1.089623
       2.807687     2.595353     2.187586
       2.814657     2.602274    -3.290757
       2.808054     2.595365    -2.195433
       2.804315     2.592764    -1.099310
       2.803493     2.592383    -0.003854
       2.804287     2.592553     1.091512
       3.154089     1.554868     2.189108
       3.161472     1.559312    -3.292327
       3.154058     1.555116    -2.196922
       3.149458     1.552894    -1.100354
       3.148154     1.552156    -0.003757
       3.149725     1.552504     1.092702
       3.495246     0.510972     2.188862
       3.501609     0.513000    -3.292726
       3.494103     0.511653    -2.196936
       3.490035     0.510405    -1.100286
       3.489317     0.509683    -0.003876
       3.490998     0.509800     1.092552
       3.831550    -0.535067     2.186732
       3.835371    -0.535228    -3.291493
       3.828973    -0.534088    -2.195577
       3.826489    -0.534268    -1.099896
       3.826568    -0.534568    -0.004527
       3.828026    -0.534816     1.091089
      -1.928958     3.647963     2.182429
      -1.934100     3.655602    -3.286667
      -1.928831     3.647994    -2.190707
      -1.929230     3.647298    -1.097357
      -1.929315     3.647286    -0.004124
      -1.929279     3.647280     1.089099
      -0.831836     3.654579     2.186567
      -0.835715     3.664128    -3.289986
      -0.831681     3.654573    -2.194789
      -0.831131     3.649739    -1.099004
      -0.831410     3.648764    -0.004085
      -0.831181     3.649738     1.090818
       0.264981     3.654372     2.187765
       0.264431     3.664007    -3.290906
       0.265198     3.654311    -2.195927
       0.265407     3.648514    -1.099893
       0.265402     3.646824    -0.004041
       0.265343     3.648536     1.091786
       1.360852     3.646954     2.186879
       1.363779     3.656292    -3.290067
       1.361170     3.646839    -2.194952
       1.360760     3.641852    -1.099115
       1.360937     3.640759    -0.003990
       1.360673     3.641881     1.091102
      -4.395737    -0.533269     2.180170
      -4.406847    -0.533783    -3.283053
      -4.395656    -0.533354    -2.188472
      -4.393636    -0.534003    -1.096346
      -4.393022    -0.534013    -0.004138
      -4.393675    -0.533965     1.088062
      -4.064900     0.512348     2.182266
      -4.076287     0.513354    -3.284840
      -4.064800     0.512291    -2.190578
      -4.060149     0.511609    -1.097090
      -4.059139     0.511529    -0.004143
      -4.060198     0.511635     1.088796
      -3.725709     1.555820     2.182459
      -3.736360     1.559384    -3.285084
      -3.725598     1.555792    -2.190779
      -3.720880     1.555104    -1.097209
      -3.719844     1.555050    -0.004147
      -3.720935     1.555117     1.088906
      -3.378456     2.596353     2.180816
      -3.388258     2.600746    -3.283859
      -3.378340     2.596358    -2.189144
      -3.375558     2.597314    -1.096735
      -3.374852     2.597473    -0.004152
      -3.375614     2.597312     1.088424
      -1.180666    -4.171470     2.181143
      -1.185651    -4.180960    -3.284018
      -1.180365    -4.171570    -2.189211
      -1.177685    -4.170695    -1.096697
      -1.177053    -4.170387    -0.003998
      -1.177753    -4.170662     1.088675
      -2.072688    -3.533501     2.182619
      -2.079077    -3.542847    -3.285108
      -2.072501    -3.533584    -2.190759
      -2.069100    -3.530219    -1.097142
      -2.068288    -3.529538    -0.004038
      -2.069148    -3.530197     1.089046
      -2.960125    -2.888409     2.182353
      -2.968711    -2.896166    -3.284815
      -2.960015    -2.888503    -2.190539
      -2.956628    -2.885163    -1.097032
      -2.955842    -2.884464    -0.004070
      -2.956658    -2.885131     1.088879
      -3.842274    -2.236718     2.180214
      -3.851525    -2.243123    -3.283031
      -3.842206    -2.236827    -2.188447
      -3.840942    -2.235048    -1.096314
      -3.840446    -2.234629    -0.004101
      -3.840963    -2.235003     1.088104
      -0.285546    -4.807724     2.182346
       4.160146    -1.581806     2.183058
       2.455430     3.632294     2.184074
      -3.027668     3.637518     2.181753
      -4.724313    -1.581564     2.180965
       4.170990    -2.526782    -1.644591
       4.170782    -2.526314    -0.552320
       4.171441    -2.526405     0.540650
       4.173507    -2.528290     1.634092
       3.288437    -3.184559    -2.738896
       3.282987    -3.177296    -1.644235
       3.282019    -3.174695    -0.550938
       3.282607    -3.174741     0.542415
       3.285095    -3.177690     1.636199
       2.400552    -3.834549    -2.737657
       2.395658    -3.824617    -1.643630
       2.393323    -3.821196    -0.550044
       2.393844    -3.821119     0.542895
       2.396319    -3.824307     1.636202
       1.509122    -4.477907    -2.735316
       1.505860    -4.467836    -1.641339
       1.504125    -4.467063    -0.549629
       1.504405    -4.466893     0.542133
       1.505943    -4.467323     1.633633
       0.613735    -5.113843    -1.641346
       0.613781    -5.113908    -0.550134
       0.613926    -5.113766     0.542507
       0.613582    -5.113458     1.633565
       3.358830     3.352210    -1.641814
       3.357332     3.352122    -0.549802
       3.357350     3.351960     0.542172
       3.358514     3.352043     1.634081
       3.715926     2.318322    -2.738046
       3.706926     2.312980    -1.643967
       3.703222     2.311549    -0.550296
       3.703370     2.311282     0.542881
       3.706814     2.312654     1.636386
       4.058881     1.273296    -2.738997
       4.049470     1.270758    -1.644579
       4.045681     1.269616    -0.550369
       4.046092     1.269265     0.543303
       4.049909     1.270126     1.637232
       4.395757     0.225945    -2.739560
       4.387377     0.225937    -1.644552
       4.385535     0.225228    -0.551055
       4.386069     0.224903     0.542623
       4.389499     0.224920     1.636668
       4.724334    -0.821868    -1.644812
       4.724309    -0.821063    -0.552415
       4.724886    -0.821423     0.540755
       4.727260    -0.822260     1.634328
      -2.479571     4.413786    -1.641200
      -2.479290     4.414187    -0.550327
      -2.479322     4.414181     0.542033
      -2.479687     4.413763     1.632890
      -1.382192     4.425090    -2.734897
      -1.378251     4.415397    -1.641082
      -1.378979     4.414047    -0.549822
      -1.379013     4.414053     0.541582
      -1.378380     4.415411     1.632820
      -0.283226     4.428682    -2.737057
      -0.280931     4.417812    -1.643348
      -0.280755     4.413613    -0.550347
      -0.280794     4.413638     0.542165
      -0.281093     4.417886     1.635137
       0.816390     4.425263    -2.737079
       0.815650     4.414358    -1.643390
       0.815788     4.410098    -0.550333
       0.815747     4.410136     0.542222
       0.815448     4.414484     1.635240
       1.911366     4.404355    -1.641582
       1.912154     4.402580    -0.549832
       1.912117     4.402607     0.541844
       1.911117     4.404489     1.633545
      -5.293531    -0.821438    -1.639360
      -5.291674    -0.822065    -0.549566
      -5.291698    -0.822045     0.541249
      -5.293604    -0.821371     1.631033
      -4.970607     0.226984    -2.728103
      -4.961591     0.226316    -1.638088
      -4.959243     0.225822    -0.548857
      -4.959272     0.225838     0.540521
      -4.961678     0.226367     1.629744
      -4.634100     1.273746    -2.730049
      -4.625351     1.272197    -1.639308
      -4.622501     1.271875    -0.549270
      -4.622533     1.271886     0.540924
      -4.625447     1.272233     1.630953
      -4.290715     2.318422    -2.728415
      -4.281937     2.315967    -1.638287
      -4.279249     2.316044    -0.548937
      -4.279283     2.316051     0.540583
      -4.282038     2.315985     1.629925
      -3.933658     3.359186    -1.639830
      -3.931173     3.359579    -0.549709
      -3.931207     3.359579     0.541351
      -3.933760     3.359183     1.631464
      -1.182032    -5.115098    -1.639876
      -1.179993    -5.113948    -0.549600
      -1.180007    -5.113946     0.541614
      -1.182219    -5.115065     1.631838
      -2.081886    -4.482731    -2.728454
      -2.076407    -4.475538    -1.638268
      -2.074287    -4.473986    -0.548847
      -2.074321    -4.473992     0.540738
      -2.076589    -4.475521     1.630128
      -2.973397    -3.839152    -2.730002
      -2.967295    -3.832672    -1.639240
      -2.965213    -3.830678    -0.549181
      -2.965242    -3.830673     0.541027
      -2.967431    -3.832633     1.631063
      -3.860672    -3.189882    -2.728035
      -3.853786    -3.183943    -1.638015
      -3.852183    -3.182091    -0.548783
      -3.852204    -3.182075     0.540593
      -3.853880    -3.183877     1.629810
      -4.738057    -2.531230    -1.639311
      -4.736930    -2.529555    -0.549520
      -4.736946    -2.529532     0.541289
      -4.738121    -2.531147     1.631068
      -0.287763    -4.807022    -3.283749
       4.163709    -1.584330    -3.289885
       2.461052     3.640844    -3.289799
      -3.029528     3.635012    -3.283435
      -4.724626    -1.581851    -3.281562
      -0.290301    -0.141434    -6.061584
      -0.283957    -5.760259    -2.765336
      -0.281816    -5.757590    -1.655337
      -0.281835    -5.756456    -0.553842
      -0.281732    -5.756399     0.546181
       5.062312    -1.874925    -2.736477
       5.058941    -1.872320    -1.644605
       5.058688    -1.871740    -0.553596
       5.059070    -1.871927     0.538365
       3.007786     4.392323    -2.734656
       3.008837     4.392641    -1.642320
       3.008746     4.392054    -0.550338
       3.008734     4.391991     0.542558
      -3.586068     4.408999    -2.765115
      -3.582372     4.408420    -1.655306
      -3.581507     4.407679    -0.554067
      -3.581538     4.407669     0.545723
      -5.630799    -1.876156    -2.764017
      -5.626509    -1.874704    -1.654001
      -5.624953    -1.874157    -0.553546
      -5.624968    -1.874133     0.545265
      -0.291766    -1.077768    -6.626304
      -0.291408    -2.021317    -6.061692
      -0.291040    -2.961802    -5.501171
      -0.290539    -3.902915    -4.941350
      -0.289901    -4.848610    -4.380023
       0.598566    -0.430979    -6.627871
       1.496454    -0.722181    -6.064625
       2.390961    -1.012018    -5.505803
       3.285313    -1.301516    -4.948629
       4.181192    -1.591382    -4.391874
       0.258525     0.615616    -6.627789
       0.813724     1.379113    -6.064517
       1.367008     2.139651    -5.505584
       1.920351     2.899902    -4.948039
       2.474576     3.661204    -4.390406
      -0.841797     0.615451    -6.626104
      -1.395907     1.378997    -6.061368
      -1.948201     2.140089    -5.500791
      -2.500763     2.901803    -4.940982
      -3.055925     3.667360    -4.379723
      -1.181604    -0.430905    -6.625183
      -2.078288    -0.722263    -6.059783
      -2.972080    -1.012633    -5.498733
      -3.866572    -1.303190    -4.938615
      -4.765599    -1.595198    -4.377039
       0.605862    -1.376275    -6.060318
       1.160473     0.330205    -6.061576
      -0.291033     1.384609    -6.059963
      -1.742364     0.330167    -6.057439
      -1.188023    -1.376352    -6.057551
       1.502034    -1.668969    -5.502984
       0.608171    -2.318985    -5.501511
       1.716718     1.091783    -5.503931
       2.057952     0.041291    -5.504000
      -0.843050     2.148590    -5.500966
       0.261968     2.148363    -5.502483
      -2.638952     0.041104    -5.497745
      -2.297643     1.091958    -5.498313
      -1.189644    -2.319137    -5.498486
      -2.083297    -1.669454    -5.497809
       2.397284    -1.959869    -4.946474
       1.505873    -2.613819    -4.946361
       0.609395    -3.261042    -4.942881
       2.271508     1.852905    -4.946815
       2.616726     0.803759    -4.948293
       2.953826    -0.247943    -4.947214
      -1.395581     2.911406    -4.942275
      -0.290045     2.914884    -4.945611
       0.815374     2.910293    -4.945653
      -3.534596    -0.248887    -4.938552
      -3.196827     0.803865    -4.940589
      -2.851507     1.854004    -4.939464
      -1.190016    -3.261270    -4.939661
      -2.086451    -2.614482    -4.940652
      -2.978372    -1.961160    -4.938572
       3.292716    -2.250156    -4.390560
       2.402971    -2.906335    -4.391305
       1.508243    -3.558099    -4.389150
       0.610089    -4.204511    -4.383175
       2.826137     2.614451    -4.389687
       3.173667     1.566006    -4.392268
       3.515131     0.515036    -4.392627
       3.849644    -0.537242    -4.391120
      -1.949391     3.675143    -4.382648
      -0.842966     3.680082    -4.388439
       0.263935     3.678975    -4.390295
       1.369600     3.672020    -4.388852
      -4.431466    -0.540006    -4.378526
      -4.094988     0.514332    -4.382694
      -3.752912     1.567255    -4.382996
      -3.405518     2.617741    -4.379613
      -1.189564    -4.204835    -4.379818
      -2.087859    -3.558947    -4.383047
      -2.983307    -2.907983    -4.382677
      -3.875121    -2.252616    -4.378509
       4.189347    -2.541013    -3.834935
       4.174442    -2.529376    -2.738457
       3.300787    -3.198230    -3.835712
       2.406987    -3.852086    -3.835017
       1.508993    -4.504085    -3.830479
       0.604837    -5.156253    -3.819324
       0.612795    -5.112642    -2.730125
       3.381479     3.377761    -3.831339
       3.366690     3.358593    -2.736118
       3.730055     2.328859    -3.835576
       4.074430     1.278082    -3.837039
       4.413895     0.226028    -3.836597
       4.746762    -0.826703    -3.835521
       4.728200    -0.824333    -2.738883
      -2.512962     4.442180    -3.818968
      -2.480217     4.411784    -2.729779
      -1.398223     4.445888    -3.830035
      -0.288542     4.446221    -3.834425
       0.819145     4.442682    -3.834351
       1.925365     4.435046    -3.830799
       1.913685     4.414401    -2.735646
      -5.334650    -0.839209    -3.814682
      -5.295911    -0.820410    -2.726069
      -4.994227     0.222652    -3.823388
      -4.653806     1.278698    -3.825894
      -4.308465     2.333066    -3.823802
      -3.959669     3.391925    -3.816026
      -3.937888     3.357471    -2.727036
      -1.183128    -5.156920    -3.816234
      -1.186095    -5.116181    -2.727176
      -2.087490    -4.505058    -3.823874
      -2.986383    -3.854805    -3.825855
      -3.882320    -3.200347    -3.823316
      -4.781731    -2.541226    -3.814638
      -4.739363    -2.533564    -2.726020
       5.076031    -2.832628    -2.191063
       5.074197    -2.831738    -1.100216
       5.074281    -2.830312    -0.008644
       4.202211    -3.492115    -3.277956
       4.180835    -3.477663    -2.186850
       4.178221    -3.476016    -1.096930
       4.177615    -3.474758    -0.005926
       4.179352    -3.475462     1.085542
       3.307470    -4.145356    -3.278720
       3.295874    -4.128595    -2.183677
       3.290049    -4.122104    -1.092735
       3.289564    -4.120792    -0.003132
       3.291697    -4.121860     1.086646
       2.410842    -4.798029    -3.276726
       2.408003    -4.774465    -2.182031
       2.403222    -4.767045    -1.092210
       2.402273    -4.765838    -0.003527
       2.404120    -4.766553     1.085198
       1.509113    -5.454674    -3.266914
       1.518094    -5.412997    -2.178481
       1.515249    -5.412804    -1.092680
       1.514076    -5.412109    -0.003687
       1.515751    -5.412328     1.085310
       0.629197    -6.067911    -2.211205
       0.624804    -6.066870    -1.104330
       0.624008    -6.066388    -0.003710
       3.918205     4.114155    -2.179885
       3.916462     4.114311    -1.093172
       3.915288     4.114383    -0.003778
       4.286409     3.094302    -3.277418
       4.270975     3.076920    -2.182461
       4.263707     3.073195    -1.092605
       4.262223     3.072865    -0.003666
       4.263788     3.072639     1.085299
       4.633266     2.042111    -3.280211
       4.615728     2.033999    -2.184645
       4.608002     2.031917    -1.093638
       4.606444     2.031265    -0.003504
       4.608464     2.031051     1.086682
       4.975901     0.989707    -3.280010
       4.955900     0.988489    -2.184626
       4.947783     0.988712    -1.093305
       4.946819     0.987994    -0.003096
       4.948992     0.987511     1.087302
       5.316540    -0.063567    -3.278546
       5.289855    -0.058364    -2.187234
       5.287572    -0.056090    -1.097274
       5.286570    -0.056570    -0.005868
       5.288171    -0.057353     1.086044
       5.636658    -1.105715    -2.191840
       5.634912    -1.103754    -1.100591
       5.634311    -1.104726    -0.008636
      -3.027531     5.195073    -2.211252
      -3.029872     5.191983    -1.104589
      -3.030351     5.191218    -0.004159
      -1.956744     5.215185    -3.266833
      -1.923550     5.187177    -2.178403
      -1.924796     5.186118    -1.092935
      -1.925502     5.184986    -0.004143
      -1.924894     5.186132     1.084640
      -0.841298     5.213859    -3.276706
      -0.828358     5.193925    -2.181926
      -0.826493     5.185725    -1.092522
      -0.826816     5.184143    -0.004129
      -0.826602     5.185781     1.084254
       0.268066     5.212538    -3.278932
       0.269628     5.193183    -2.183602
       0.270349     5.184856    -1.093386
       0.270355     5.182936    -0.004113
       0.270234     5.184952     1.085147
       1.376871     5.207573    -3.276763
       1.367539     5.187279    -2.181972
       1.366924     5.178898    -1.092507
       1.367246     5.177300    -0.004076
       1.366814     5.179011     1.084334
       2.462982     5.172078    -2.179707
       2.464322     5.169966    -1.093119
       2.464939     5.168784    -0.003981
      -6.209281    -1.107007    -2.207105
      -6.206523    -1.107789    -1.102979
      -6.205543    -1.107303    -0.004171
      -5.900966    -0.069185    -3.261460
      -5.880956    -0.053181    -2.172180
      -5.876540    -0.056737    -1.088644
      -5.875114    -0.056855    -0.004191
      -5.876603    -0.056703     1.080260
      -5.561502     0.990460    -3.267952
      -5.546880     0.993402    -2.177891
      -5.541635     0.991726    -1.091199
      -5.540192     0.991592    -0.004198
      -5.541703     0.991754     1.082801
      -5.218213     2.046552    -3.267980
      -5.206749     2.039120    -2.177903
      -5.200756     2.039300    -1.091210
      -5.199298     2.039070    -0.004203
      -5.200829     2.039321     1.082803
      -4.869683     3.103276    -3.261676
      -4.860962     3.082300    -2.172256
      -4.854272     3.084456    -1.088702
      -4.852808     3.084170    -0.004206
      -4.854346     3.084469     1.080289
      -4.505589     4.128045    -2.207243
      -4.501862     4.128902    -1.103207
      -4.501291     4.128374    -0.004199
      -1.193124    -6.073347    -2.207401
      -1.189950    -6.071859    -1.103180
      -1.189872    -6.071079    -0.003924
      -2.089168    -5.458076    -3.261826
      -2.094864    -5.435877    -2.172353
      -2.088458    -5.433648    -1.088694
      -2.087523    -5.432541    -0.004072
      -2.088534    -5.433676     1.080531
      -2.992008    -4.807757    -3.267972
      -2.987340    -4.794877    -2.177874
      -2.982548    -4.791420    -1.091145
      -2.981560    -4.790338    -0.004098
      -2.982642    -4.791425     1.082937
      -3.890235    -4.154906    -3.267852
      -3.876789    -4.148559    -2.177790
      -3.873607    -4.144020    -1.091098
      -3.872547    -4.143006    -0.004102
      -3.873687    -4.143995     1.082887
      -4.787513    -3.496982    -3.261343
      -4.761959    -3.498042    -2.172068
      -4.760507    -3.492469    -1.088544
      -4.759435    -3.491470    -0.004108
      -4.760567    -3.492425     1.080322
      -5.646845    -2.838342    -2.207037
      -5.645096    -2.835992    -1.102918
      -5.644026    -2.835744    -0.004119
      -0.288219    -0.141043     4.949132
      -0.281831    -5.757453     1.647587
       5.060563    -1.873152     1.630712
       3.008518     4.392655     1.634460
      -3.582472     4.408393     1.646963
      -5.626562    -1.874621     1.645719
       5.075797    -2.830293     1.083311
       0.625206    -6.066536     1.096924
       3.916418     4.113976     1.085626
       5.635277    -1.106111     1.083630
      -3.029959     5.191971     1.096269
       2.464238     5.170024     1.085119
      -6.206576    -1.107753     1.094635
      -4.501931     4.128908     1.094809
      -1.189936    -6.071837     1.095274
      -5.645143    -2.835938     1.094681
      -0.289780    -1.075833     5.498731
      -0.289589    -2.010200     4.942905
      -0.289500    -2.944912     4.387103
      -0.289249    -3.878311     3.831909
       0.599591    -0.430191     5.499603
       1.489568    -0.718810     4.944264
       2.380659    -1.007489     4.388649
       3.272811    -1.296200     3.833377
       0.259727     0.615015     5.499794
       0.809581     1.371516     4.944954
       1.359891     2.128596     4.390079
       1.910391     2.885629     3.835754
      -0.839107     0.614718     5.498557
      -1.387964     1.370910     4.942479
      -1.936902     2.127488     4.386443
      -2.484838     2.883163     3.831134
      -1.178366    -0.429882     5.497883
      -2.066516    -0.718340     4.941278
      -2.954998    -1.006901     4.384906
      -3.842218    -1.295047     3.829419
       0.603569    -1.369473     4.944637
       1.155306     0.328197     4.945537
      -0.289159     1.377157     4.944479
      -1.733030     0.328232     4.942420
      -1.181486    -1.369232     4.942571
       1.496452    -1.661197     4.390370
       0.605902    -2.307464     4.389883
       1.708990     1.086511     4.391574
       2.049496     0.040573     4.391051
      -0.838290     2.137669     4.389246
       0.261244     2.137871     4.390396
      -2.625519     0.040924     4.386565
      -2.285940     1.086254     4.387005
      -1.183488    -2.307454     4.387247
      -2.072514    -1.661150     4.386670
       2.389547    -1.951736     3.835813
       1.500689    -2.601722     3.836926
       0.607518    -3.244391     3.834798
       2.261616     1.844835     3.837322
       2.606081     0.800082     3.838128
       2.943323    -0.247500     3.836291
      -1.387127     2.897137     3.833812
      -0.287593     2.901773     3.836146
       0.812138     2.897605     3.836132
      -3.516928    -0.246733     3.830667
      -3.181902     0.800221     3.831896
      -2.837616     1.844078     3.831349
      -1.184841    -3.244816     3.831680
      -2.076575    -2.602446     3.832032
      -2.962867    -1.952149     3.830736
       3.283236    -2.241805     3.281466
       2.395201    -2.893928     3.283647
       1.503916    -3.540742     3.282930
       0.609780    -4.179522     3.279407
       2.813758     2.602714     3.283028
       3.160788     1.559638     3.284616
       3.501884     0.512943     3.284473
       3.837516    -0.535751     3.281864
      -1.934329     3.655572     3.278372
      -0.836017     3.664154     3.281724
       0.263996     3.664125     3.282693
       1.363140     3.656546     3.281968
      -4.406973    -0.533648     3.274735
      -4.076436     0.513442     3.276508
      -3.736527     1.559425     3.276743
      -3.388437     2.600739     3.275515
      -1.186292    -4.180774     3.275926
      -2.079471    -3.542678     3.276920
      -2.968945    -2.895992     3.276590
      -3.851671    -2.242941     3.274779
       3.289520    -3.185366     2.730357
       2.399759    -3.834414     2.730218
       1.508027    -4.477528     2.727722
       3.714971     2.318787     2.730505
       4.058212     1.273638     2.731626
       4.397203     0.225878     2.731083
      -1.382463     4.425124     2.726613
      -0.283583     4.428812     2.728805
       0.815911     4.425495     2.728882
      -4.970749     0.227073     2.719748
      -4.634257     1.273807     2.721683
      -4.290880     2.318452     2.720042
      -2.082344    -4.482644     2.720279
      -2.973723    -3.839037     2.721792
      -3.860890    -3.189735     2.719806
      -0.288753    -4.806781     3.275863
       4.166247    -1.585181     3.278438
       2.460146     3.641318     3.281966
      -3.029724     3.634957     3.275099
      -4.724732    -1.581668     3.273271
       4.178297    -2.533207     2.727905
       0.611759    -5.112208     2.722327
       3.365737     3.359009     2.728453
       4.733587    -0.823609     2.728334
      -2.480431     4.411742     2.721451
       1.913042     4.414723     2.727571
      -5.296028    -0.820294     2.717730
      -3.938054     3.357467     2.718660
      -1.186656    -5.116093     2.719117
      -4.739491    -2.533388     2.717755
      -0.284441    -5.760116     2.757532
       5.064886    -1.875918     2.723886
       3.006924     4.392715     2.726810
      -3.586245     4.408967     2.756781
      -5.630907    -1.876009     2.755744
      -0.290236    -0.141430     6.053278
       5.079721    -2.831905     2.175648
       4.184083    -3.479866     2.177506
       3.295701    -4.128379     2.177289
       2.407344    -4.774111     2.174814
       1.517383    -5.412225     2.170870
       0.629191    -6.067629     2.203684
       3.917448     4.114167     2.172226
       4.270276     3.077073     2.175056
       4.615055     2.034090     2.177494
       4.955704     0.988245     2.178365
       5.294246    -0.058871     2.178274
       5.638851    -1.109398     2.176007
      -3.027721     5.195059     2.202937
      -1.923783     5.187178     2.170080
      -0.828649     5.194034     2.173634
       0.269284     5.193383     2.175334
       1.367151     5.187543     2.173763
       2.462582     5.172328     2.171662
      -6.209386    -1.106924     2.198758
      -5.881078    -0.053108     2.163792
      -5.547014     0.993462     2.169489
      -5.206890     2.039162     2.169492
      -4.861104     3.082324     2.163839
      -4.505727     4.128053     2.198843
      -1.193386    -6.073276     2.199407
      -2.095196    -5.435859     2.164152
      -2.987648    -4.794830     2.169640
      -3.877028    -4.148467     2.169560
      -4.762130    -3.497918     2.163835
      -5.646971    -2.838207     2.198801
      -0.291819    -1.077612     6.618128
      -0.291684    -2.021114     6.053645
      -0.291692    -2.961569     5.493290
      -0.291588    -3.902678     4.933593
      -0.291242    -4.848381     4.372347
       0.598641    -0.430982     6.619570
       1.496577    -0.722208     6.056194
       2.391163    -1.012087     5.497094
       3.285556    -1.301614     4.939408
       4.181226    -1.591389     4.381838
       0.258395     0.615566     6.619616
       0.813378     1.379163     6.056475
       1.366337     2.139906     5.497708
       1.919372     2.900396     4.940280
       2.473393     3.661886     4.382703
      -0.841902     0.615442     6.617802
      -1.396076     1.378964     6.053066
      -1.948421     2.140050     5.492485
      -2.501015     2.901766     4.932666
      -3.056191     3.667322     4.371396
      -1.181662    -0.430792     6.616886
      -2.078383    -0.722094     6.051492
      -2.972212    -1.012430     5.490448
      -3.866731    -1.302972     4.930332
      -4.765771    -1.594973     4.368758
       0.605823    -1.376171     6.052116
       1.160381     0.330185     6.053385
      -0.291233     1.384543     6.051695
      -1.742473     0.330227     6.049105
      -1.188120    -1.376139     6.049290
       1.502030    -1.668854     5.494710
       0.607788    -2.318779     5.493577
       1.716273     1.091893     5.496016
       2.057870     0.041229     5.495751
      -0.843313     2.148534     5.492675
       0.261556     2.148372     5.494262
      -2.639087     0.041222     5.489420
      -2.297810     1.091985     5.489981
      -1.189951    -2.318861     5.490272
      -2.083450    -1.669213     5.489533
       2.397301    -1.959727     4.938031
       1.505276    -2.613552     4.938564
       0.608498    -3.260779     4.935203
       2.270617     1.853281     4.939158
       2.616046     0.803934     4.940543
       2.953719    -0.248066     4.938816
      -1.395880     2.911372     4.933971
      -0.290478     2.914908     4.937335
       0.814702     2.910477     4.937504
      -3.534752    -0.248732     4.930229
      -3.197008     0.803946     4.932251
      -2.851716     1.854012     4.931127
      -1.190635    -3.260982     4.931518
      -2.086784    -2.614210     4.932395
      -2.978567    -1.960919     4.930297
       3.292679    -2.249965     4.381818
       2.401824    -2.905974     4.383761
       1.506870    -3.557808     4.381735
       0.608722    -4.204254     4.375613
       2.824904     2.615112     4.382145
       3.172355     1.566626     4.384912
       3.513889     0.515429     4.385183
       3.849435    -0.537391     4.382433
      -1.949707     3.675130     4.374332
      -0.843393     3.680134     4.380141
       0.263313     3.679150     4.382046
       1.368709     3.672398     4.380764
      -4.431634    -0.539836     4.370196
      -4.095177     0.514445     4.374346
      -3.753122     1.567311     4.374640
      -3.405748     2.617740     4.371259
      -1.190470    -4.204583     4.371737
      -2.088428    -3.558700     4.374821
      -2.983649    -2.907742     4.374417
      -3.875341    -2.252382     4.370239
       4.189029    -2.541007     3.825918
       3.298151    -3.197746     3.828887
       2.404631    -3.851935     3.828093
       1.507015    -4.503932     3.823158
       0.603078    -5.156058     3.811763
       3.380105     3.378641     3.823818
       3.728410     2.329918     3.828317
       4.072344     1.279323     3.830249
       4.411269     0.227189     3.829949
       4.746435    -0.826463     3.826514
      -2.513311     4.442165     3.810633
      -1.398644     4.445957     3.821721
      -0.289095     4.446404     3.826134
       0.818396     4.443013     3.826123
       1.924370     4.435554     3.822738
      -5.334821    -0.839062     3.806338
      -4.994418     0.222770     3.815023
      -4.654012     1.278781     3.817519
      -4.308682     2.333112     3.815420
      -3.959891     3.391938     3.807646
      -1.184067    -5.156786     3.808196
      -2.088214    -4.504896     3.815676
      -2.986890    -3.854609     3.817613
      -3.882666    -3.200121     3.815062
      -4.781979    -2.540973     3.806365
       4.194834    -3.491547     3.273961
       3.303139    -4.145851     3.273138
       2.407729    -4.798459     3.269834
       1.506603    -5.454760     3.259559
       4.284794     3.095727     3.270151
       4.631010     2.044094     3.273466
       4.972562     0.992569     3.274636
       5.309933    -0.059577     3.274989
      -1.957189     5.215235     3.258493
      -0.841806     5.214026     3.268388
       0.267453     5.212836     3.270635
       1.376130     5.207996     3.268530
      -5.901143    -0.069089     3.253068
      -5.561694     0.990545     3.259546
      -5.218413     2.046617     3.259566
      -4.869881     3.103324     3.253257
      -2.089891    -5.457976     3.253609
      -2.992622    -4.807607     3.259721
      -3.890710    -4.154701     3.259605
      -4.787878    -3.496725     3.253094
       5.082129    -1.883191    -3.832583
       3.031517     4.426408    -3.830704
       5.093315    -2.842652    -3.281741
       3.936764     4.151985    -3.268772
       5.655884    -1.112477    -3.282881
       2.491134     5.201708    -3.268508
       3.569178     5.163629    -2.217404
       3.567236     5.160554    -1.106055
       3.566925     5.159975    -0.003842
       3.567234     5.160400     1.098372
       3.568904     5.163649     2.209625
       5.081859    -1.882851     3.823372
       3.030263     4.427175     3.823036
       5.092165    -2.837411     3.272984
       3.935377     4.153072     3.261239
       5.651966    -1.115602     3.273646
       2.490270     5.202223     3.260451
       5.084296    -3.798308    -1.662317
       5.082642    -3.795020    -0.560226
       5.083064    -3.794014     0.534704
       5.087235    -3.794489     1.627771
       5.098319    -3.797310     2.723632
       4.218068    -4.441769    -2.719899
       4.195716    -4.441408    -1.629477
       4.194911    -4.437375    -0.544768
       4.195703    -4.436981     0.541049
       4.200333    -4.438520     1.627791
       4.205984    -4.448058     2.718035
       3.318864    -5.097178    -2.721848
       3.313231    -5.085282    -1.632093
       3.309965    -5.081931    -0.546260
       3.310467    -5.081704     0.539797
       3.315690    -5.083462     1.626030
       3.313191    -5.099851     2.715880
       2.419362    -5.751249    -2.716235
       2.429579    -5.727704    -1.627172
       2.424305    -5.725734    -0.544792
       2.424595    -5.725451     0.537856
       2.430873    -5.726419     1.620391
       2.415583    -5.752804     2.709354
       1.540664    -6.372789    -1.658361
       1.537282    -6.371271    -0.553858
       1.537528    -6.371005     0.546579
       1.541619    -6.371818     1.651181
       4.488906     4.884002    -1.659746
       4.486924     4.884108    -0.554428
       4.486905     4.883895     0.546915
       4.488883     4.883351     1.652273
       4.848633     3.864505    -2.716921
       4.842929     3.839984    -1.627919
       4.838010     3.841364    -0.545136
       4.837979     3.841099     0.537920
       4.842883     3.839049     1.620762
       4.847248     3.866326     2.709707
       5.198170     2.809210    -2.722965
       5.188451     2.799658    -1.633096
       5.183883     2.799443    -0.546717
       5.183922     2.799095     0.539753
       5.188659     2.798069     1.626269
       5.196335     2.811887     2.716157
       5.543602     1.755015    -2.723608
       5.529711     1.757749    -1.633586
       5.525945     1.756270    -0.546740
       5.526206     1.755786     0.540328
       5.530553     1.754804     1.627589
       5.540593     1.760097     2.717756
       5.886944     0.697073    -2.720911
       5.867444     0.716456    -1.630418
       5.864934     0.713658    -0.545085
       5.865318     0.712813     0.541426
       5.869385     0.711161     1.628795
       5.880763     0.709135     2.719255
       6.209584    -0.326699    -1.662996
       6.206815    -0.328031    -0.560360
       6.206550    -0.329173     0.535194
       6.209731    -0.331861     1.628830
       6.220909    -0.341273     2.724912
      -2.467842     5.977635    -1.658847
      -2.469689     5.974620    -0.554335
      -2.469746     5.974626     0.546039
      -2.468040     5.977651     1.650552
      -1.395046     5.990475    -2.716768
      -1.368789     5.978206    -1.627816
      -1.371984     5.973697    -0.545428
      -1.372041     5.973720     0.537113
      -1.369006     5.978275     1.619493
      -1.395568     5.990591     2.708427
      -0.283641     5.989764    -2.722661
      -0.274410     5.977844    -1.632912
      -0.275425     5.973141    -0.547052
      -0.275478     5.973184     0.538730
      -0.274637     5.977981     1.624578
      -0.284200     5.989999     2.714313
       0.825375     5.986619    -2.722543
       0.821541     5.974493    -1.632849
       0.822488     5.969794    -0.547024
       0.822451     5.969851     0.538718
       0.821325     5.974681     1.624524
       0.824772     5.986957     2.714200
       1.936948     5.980044    -2.716619
       1.917486     5.966804    -1.627755
       1.920366     5.962379    -0.545373
       1.920358     5.962428     0.537167
       1.917314     5.966982     1.619510
       1.936320     5.980435     2.708342
       3.019773     5.952116    -1.659605
       3.020615     5.950115    -0.554470
       3.020644     5.950085     0.546626
       3.019662     5.952156     1.651685
