
       0.217106     0.083231    -0.557736
       0.217102     0.083100     0.542806
       0.217364    -0.844585    -0.007245
       1.099039    -0.203667    -0.007425
       0.761989     0.833710    -0.007592
      -0.327907     0.833903    -0.007594
      -0.664748    -0.203371    -0.007421
       0.217489    -0.844420    -1.107640
       1.099460    -0.203425    -1.107495
       0.762332     0.834035    -1.107605
      -0.327886     0.834178    -1.107826
      -0.664822    -0.203174    -1.108054
       0.217490     0.083537    -1.658356
       0.217227    -1.774965    -0.556897
       1.983940    -0.491001    -0.556790
       1.308890     1.586528    -0.557003
      -0.875003     1.586820    -0.557203
      -1.548962    -0.490521    -0.557508
       0.217477    -0.844903     1.093025
       0.217870    -0.844612    -2.208118
       1.099380    -0.203794     1.092569
       1.100586    -0.203211    -2.207761
       0.762310     0.833878     1.092383
       0.763270     0.834788    -2.207821
      -0.327875     0.834023     1.092599
      -0.327837     0.834857    -2.208166
      -0.664760    -0.203537     1.093133
      -0.664977    -0.203045    -2.208586
       1.103878    -1.138016     0.542536
       1.104657    -1.137730    -1.657043
       1.103944    -1.137652    -0.557161
       1.651514     0.549307     0.542069
       1.652691     0.549928    -1.656674
       1.651546     0.549425    -0.557165
       0.216912     1.592389     0.542122
       0.217270     1.593176    -1.657141
       0.216914     1.592422    -0.557409
      -1.216994     0.549810     0.542516
      -1.217636     0.550172    -1.657771
      -1.217020     0.549925    -0.557619
      -0.668866    -1.137533     0.542831
      -0.669339    -1.137341    -1.657713
      -0.668916    -1.137169    -0.557439
       0.217217    -1.775450     0.542500
       0.217395    -1.775147    -1.656410
       1.983867    -0.491212     0.541913
       1.985028    -0.490831    -1.655804
       1.308872     1.586478     0.541653
       1.309748     1.587255    -1.655951
      -0.874988     1.586773     0.541843
      -0.875186     1.587393    -1.656434
      -1.548900    -0.490728     0.542635
      -1.549763    -0.490579    -1.657576
       0.217479     0.083247     1.643290
       0.218130     0.083903    -2.759008
       0.216482    -2.708028    -1.105061
       0.216373    -2.708355    -0.007534
       2.871799    -0.778930    -1.104140
       2.871343    -0.779028    -0.007436
       1.857855     2.341512    -1.104371
       1.857569     2.341172    -0.007735
      -1.424317     2.341670    -1.104837
      -1.424314     2.341494    -0.007743
      -2.435626    -0.778475    -1.106286
      -2.434831    -0.778407    -0.007442
       0.217848    -0.845259     2.193151
       0.218531    -0.845245    -3.308529
       0.217371    -1.776403     1.641840
       0.217900    -1.776447    -2.756136
       1.100466    -0.203702     2.192647
       1.102365    -0.203082    -3.308051
       1.984842    -0.491315     1.640804
       1.987458    -0.490878    -2.755209
       0.763225     0.834603     2.192508
       0.764722     0.835933    -3.308077
       1.309693     1.587162     1.640550
       1.311617     1.588907    -2.755303
      -0.327815     0.834678     2.192849
      -0.327779     0.835983    -3.308491
      -0.875142     1.587308     1.641024
      -0.875677     1.588966    -2.755990
      -0.664893    -0.203525     2.193472
      -0.665324    -0.203033    -3.308921
      -1.549610    -0.491047     1.642573
      -1.551187    -0.490905    -2.757240
       1.104481    -1.138615     1.642235
       1.106210    -1.138501    -2.756977
       1.652603     0.549669     1.641488
       1.655059     0.550803    -2.756306
       0.217264     1.593122     1.641773
       0.217968     1.594919    -2.756975
      -1.217568     0.549925     1.642575
      -1.218834     0.550815    -2.757717
      -0.669203    -1.138221     1.642914
      -0.669977    -1.138297    -2.757743
       1.992015    -1.429417     1.091066
       1.993928    -1.429680    -2.204646
       1.992230    -1.428787    -1.105829
       1.991790    -1.428780    -0.007339
       1.106203    -2.073452     1.091493
       1.107823    -2.073341    -2.205062
       1.106371    -2.072369    -1.106059
       1.105873    -2.072558    -0.007278
       2.203587     1.304140     1.090128
       2.206084     1.305278    -2.203743
       2.203633     1.304249    -1.105415
       2.202993     1.303977    -0.007625
       2.541739     0.263241     1.090256
       2.544368     0.264229    -2.203681
       2.541820     0.263449    -1.105328
       2.541172     0.263104    -0.007511
      -0.330704     2.350356     1.090750
      -0.330258     2.352187    -2.205018
      -0.330709     2.350339    -1.106207
      -0.330950     2.349876    -0.007710
       0.764293     2.350283     1.090597
       0.765016     2.352178    -2.204750
       0.764302     2.350270    -1.106048
       0.764182     2.349774    -0.007707
      -2.106240     0.263519     1.091914
      -2.108491     0.263953    -2.206264
      -2.106306     0.263711    -1.107004
      -2.105501     0.263599    -0.007519
      -1.769101     1.304513     1.091137
      -1.770667     1.305226    -2.205402
      -1.769140     1.304608    -1.106442
      -1.768649     1.304577    -0.007634
      -0.671953    -2.072980     1.091802
      -0.672977    -2.072980    -2.205475
      -0.672078    -2.071888    -1.106336
      -0.671659    -2.072060    -0.007260
      -1.556479    -1.428706     1.092171
      -1.558337    -1.429255    -2.206253
      -1.556656    -1.428079    -1.106918
      -1.555977    -1.427949    -0.007330
       0.216455    -2.709385     1.090213
       0.216921    -2.708666    -2.202921
       2.871632    -0.779238     1.089217
       2.873539    -0.778950    -2.201522
       1.857821     2.341482     1.088879
       1.859169     2.342698    -2.201696
      -1.424286     2.341650     1.089329
      -1.424490     2.342658    -2.202488
      -2.435487    -0.778767     1.091350
      -2.437884    -0.779077    -2.205069
       0.218111     0.083646     2.743753
       0.218925     0.084279    -3.859828
       0.215700    -3.644096    -1.651116
       0.215291    -3.644608    -0.556273
       0.215277    -3.645105     0.538884
       3.762637    -1.068133    -1.648946
       3.762175    -1.068236    -0.554570
       3.762081    -1.068363     0.539713
       2.408517     3.099200    -1.649209
       2.408173     3.098926    -0.554897
       2.408162     3.098926     0.539310
      -1.975430     3.098885    -1.649924
      -1.975945     3.098917    -0.555138
      -1.975933     3.098924     0.539530
      -3.325075    -1.067398    -1.652389
      -3.323394    -1.066952    -0.555632
      -3.323318    -1.067062     0.540732
       0.218500    -0.845733     3.293178
       0.219431    -0.846648    -4.409046
       0.217867    -1.777796     2.740998
       0.218803    -1.779184    -3.855692
       0.216886    -2.711397     2.188194
       0.217861    -2.712143    -3.301687
       1.102258    -0.203368     3.292740
       1.105026    -0.203178    -4.408444
       1.987260    -0.491247     2.740044
       1.991446    -0.491319    -3.854474
       2.873287    -0.779255     2.186493
       2.878265    -0.779603    -3.299864
       0.764650     0.835905     3.292664
       0.766779     0.837718    -4.408450
       1.311527     1.588908     2.739824
       1.314547     1.591739    -3.854536
       1.859101     2.342721     2.186147
       1.862570     2.346115    -3.300003
      -0.327741     0.835962     3.293073
      -0.327946     0.837803    -4.408962
      -0.875608     1.588980     2.740501
      -0.876643     1.591866    -3.855456
      -1.424431     2.342698     2.186923
      -1.425865     2.346158    -3.301148
      -0.665269    -0.203304     3.293607
      -0.666232    -0.203247    -4.409334
      -1.551041    -0.491245     2.742066
      -1.553571    -0.491597    -3.856410
      -2.437688    -0.779342     2.190023
      -2.441650    -0.780222    -3.303169
       1.106015    -1.139391     2.741845
       1.108761    -1.140269    -3.856499
       1.654933     0.550636     2.740990
       1.658813     0.552097    -3.855568
       0.217957     1.594960     2.741485
       0.218930     1.597994    -3.856441
      -1.218743     0.550668     2.742390
      -1.220817     0.552037    -3.857178
      -0.669842    -1.139174     2.742612
      -0.670894    -1.140278    -3.857252
       1.993575    -1.430511     2.189685
       1.997634    -1.431787    -3.303120
       1.107471    -2.075063     2.190219
       1.110346    -2.076286    -3.303676
       2.205994     1.305195     2.188366
       2.210633     1.307550    -3.301858
       2.544231     0.264025     2.188483
       2.549347     0.265190    -3.301813
      -0.330246     2.352278     2.189467
      -0.330033     2.356188    -3.303517
       0.764995     2.352264     2.189205
       0.766707     2.356190    -3.303155
      -2.108387     0.263779     2.191047
      -2.112131     0.264668    -3.304673
      -1.770596     1.305167     2.190007
      -1.773435     1.307391    -3.303968
      -0.672688    -2.074701     2.190648
      -0.673960    -2.076169    -3.304148
      -1.558043    -1.430065     2.191297
      -1.560891    -1.431788    -3.304706
       2.882216    -1.720661     1.637104
       2.886018    -1.722610    -2.749047
       2.882611    -1.720115    -1.651928
       2.882014    -1.719233    -0.555473
       2.881878    -1.719497     0.540718
       1.996961    -2.368523     1.639028
       2.001119    -2.370660    -2.751250
       1.997424    -2.367248    -1.653715
       1.995823    -2.366133    -0.555950
       1.995703    -2.366662     0.541405
       1.107841    -3.011170     1.638108
       1.111071    -3.011650    -2.750147
       1.108176    -3.008878    -1.652773
       1.106664    -3.008894    -0.555902
       1.106629    -3.009519     0.540953
       2.756887     2.060751     1.635536
       2.761574     2.062835    -2.747570
       2.756929     2.060783    -1.650989
       2.755570     2.060515    -0.555381
       2.755557     2.060487     0.539980
       3.099130     1.019847     1.636537
       3.104769     1.021825    -2.748511
       3.099186     1.019947    -1.651806
       3.097145     1.019207    -0.555550
       3.097126     1.019145     0.540355
       3.433999    -0.023436     1.635763
       3.439050    -0.022087    -2.747455
       3.434106    -0.023268    -1.650845
       3.432856    -0.023992    -0.555196
       3.432815    -0.024089     0.540199
      -0.879915     3.109438     1.636950
      -0.879328     3.113408    -2.749786
      -0.879925     3.109332    -1.652574
      -0.880959     3.108232    -0.555974
      -0.880957     3.108260     0.540405
       0.216761     3.112869     1.638260
       0.217627     3.117805    -2.751269
       0.216762     3.112746    -1.653873
       0.216346     3.110690    -0.556319
       0.216345     3.110725     0.540768
       1.313307     3.109526     1.636532
       1.314530     3.113541    -2.749194
       1.313320     3.109428    -1.652144
       1.313508     3.108245    -0.555801
       1.313505     3.108270     0.540244
      -2.997623    -0.023796     1.639289
      -3.002654    -0.023331    -2.751772
      -2.997701    -0.023669    -1.654407
      -2.995295    -0.023950    -0.556417
      -2.995263    -0.024031     0.541389
      -2.663409     1.019194     1.639296
      -2.667960     1.020815    -2.752119
      -2.663451     1.019261    -1.654594
      -2.661182     1.018943    -0.556534
      -2.661167     1.018894     0.541313
      -2.322564     2.060580     1.637167
      -2.325523     2.062353    -2.749983
      -2.322600     2.060586    -1.652645
      -2.321623     2.060901    -0.555953
      -2.321611     2.060881     0.540528
      -0.675250    -3.010765     1.638279
      -0.676856    -3.011373    -2.750373
      -0.675516    -3.008436    -1.652881
      -0.674527    -3.008462    -0.555926
      -0.674521    -3.009097     0.541030
      -1.562943    -2.367839     1.639889
      -1.566108    -2.370249    -2.752179
      -1.563343    -2.366567    -1.654541
      -1.561639    -2.365353    -0.556299
      -1.561549    -2.365883     0.541793
      -2.446434    -1.719885     1.639561
      -2.450605    -1.722379    -2.751770
      -2.446761    -1.719364    -1.654376
      -2.444908    -1.717992    -0.556328
      -2.444796    -1.718249     0.541578
       0.215658    -3.646557     1.634899
       0.216635    -3.644535    -2.746782
       3.762390    -1.068351     1.634042
       3.764492    -1.067917    -2.744239
       2.408481     3.099234     1.633588
       2.410102     3.100192    -2.744460
      -1.975394     3.098937     1.634280
      -1.975027     3.099912    -2.745650
      -3.324882    -1.067570     1.637447
      -3.329713    -1.068843    -2.749765
       0.218900     0.084241     3.844419
       0.219832     0.084654    -4.961381
       0.215323    -4.584072    -2.197324
       0.214444    -4.585469    -1.105088
       0.214167    -4.585593    -0.011758
       0.214436    -4.585621     1.082005
       4.657530    -1.358559    -2.193637
       4.656998    -1.359669    -1.101127
       4.656507    -1.360064    -0.007382
       4.656802    -1.359841     1.086349
       2.961773     3.860200    -2.193955
       2.960748     3.860744    -1.101505
       2.960226     3.860740    -0.007838
       2.960738     3.860776     1.085813
      -2.528408     3.859343    -2.194883
      -2.529876     3.859879    -1.101974
      -2.530216     3.859896    -0.007852
      -2.529863     3.859928     1.086254
      -4.216984    -1.357181    -2.195374
      -4.215170    -1.356631    -1.100967
      -4.214712    -1.356556    -0.007435
      -4.215017    -1.356731     1.086093
       0.219396    -0.846704     4.393498
       0.220468    -0.849727    -5.511458
       0.218765    -1.780040     3.840029
       0.219917    -1.784426    -4.956046
       0.217817    -2.714708     3.286009
       0.219080    -2.719431    -4.400743
       0.216589    -3.650380     2.731639
       0.217967    -3.653073    -3.846309
       1.104966    -0.202971     4.393050
       1.109359    -0.203820    -5.510659
       1.991341    -0.491152     3.839235
       1.997884    -0.492570    -4.954470
       2.878104    -0.779442     3.284782
       2.886747    -0.781367    -4.398402
       3.764254    -1.067835     2.729281
       3.774350    -1.069792    -3.843091
       0.766681     0.838014     4.392960
       0.769881     0.840877    -5.510659
       1.314431     1.591984     3.838980
       1.319002     1.596623    -4.954516
       1.862474     2.346311     3.284385
       1.868384     2.352604    -4.398521
       2.410037     3.100342     2.728785
       2.416966     3.107565    -3.843294
      -0.327891     0.838109     4.393467
      -0.328961     0.841009    -5.511358
      -0.876557     1.592129     3.839890
      -0.878874     1.596862    -4.955783
      -1.425787     2.346375     3.285513
      -1.429212     2.352851    -4.400181
      -1.974971     3.100088     2.729951
      -1.979004     3.107649    -3.845201
      -0.666234    -0.203021     4.393938
      -0.668548    -0.203949    -5.511730
      -1.553534    -0.491390     3.841164
      -1.557898    -0.492957    -4.956528
      -2.441563    -0.780004     3.288069
      -2.447923    -0.782218    -4.401383
      -3.329563    -1.068690     2.734779
      -3.338009    -1.071507    -3.846938
       1.108648    -1.140582     3.841146
       1.112475    -1.143503    -4.956092
       1.658671     0.552269     3.840142
       1.664292     0.553929    -4.954952
       0.218915     1.598260     3.840833
       0.220003     1.602886    -4.956015
      -1.220721     0.552235     3.841741
      -1.224110     0.553928    -4.956896
      -0.670853    -1.140569     3.841901
      -0.672467    -1.143641    -4.956989
       1.997382    -1.432083     3.288023
       2.003753    -1.435593    -4.400874
       1.110056    -2.077566     3.288400
       1.113992    -2.081940    -4.401564
       2.210512     1.307684     3.286376
       2.217556     1.311427    -4.399361
       2.549203     0.265293     3.286486
       2.557197     0.266208    -4.399327
      -0.330015     2.356443     3.287853
      -0.330441     2.362985    -4.401361
       0.766671     2.356437     3.287497
       0.769398     2.362945    -4.400878
      -2.112036     0.264813     3.289326
      -2.117675     0.265856    -4.402512
      -1.773345     1.307556     3.288468
      -1.778007     1.311466    -4.402007
      -0.673747    -2.077430     3.288881
      -0.675273    -2.082053    -4.402229
      -1.560714    -1.432043     3.289609
      -1.564693    -1.435909    -4.402561
       2.885616    -1.722803     2.734163
       2.894303    -1.726696    -3.845516
       2.000529    -2.371688     2.736330
       2.007181    -2.376947    -3.847485
       1.110383    -3.014541     2.735094
       1.114502    -3.019374    -3.846846
       2.761503     2.062936     2.732034
       2.769735     2.068591    -3.843642
       3.104686     1.021888     2.733128
       3.113968     1.024858    -3.844367
       3.438930    -0.022035     2.732247
       3.449009    -0.021872    -3.843547
      -0.879308     3.113643     2.734074
      -0.881126     3.121733    -3.846411
       0.217623     3.118058     2.735559
       0.218799     3.126516    -3.847436
       1.314501     3.113763     2.733495
       1.318808     3.121775    -3.845630
      -3.002584    -0.023222     2.736529
      -3.010400    -0.022953    -3.848031
      -2.667905     1.020923     2.736705
      -2.674839     1.024328    -3.848550
      -2.325469     2.062488     2.734421
      -2.331011     2.068426    -3.846831
      -0.676246    -3.014273     2.735354
      -0.677723    -3.019422    -3.847290
      -1.565591    -2.371248     2.737280
      -1.569615    -2.377029    -3.848662
      -2.450288    -1.722516     2.736884
      -2.456661    -1.727149    -3.848036
       3.774414    -2.013235     2.179478
       3.783107    -2.017575    -3.290092
       3.774943    -2.013047    -2.194221
       3.774882    -2.011505    -1.100759
       3.774775    -2.011345    -0.007370
       3.774560    -2.011779     1.086036
       2.890362    -2.664172     2.183494
       2.899394    -2.670460    -3.293194
       2.891103    -2.663498    -2.198091
       2.887696    -2.659609    -1.102258
       2.887080    -2.658927    -0.007318
       2.887294    -2.660248     1.087684
       2.002149    -3.310354     2.184023
       2.009168    -3.316923    -3.293769
       2.003107    -3.308296    -2.198561
       1.999057    -3.304939    -1.102535
       1.997869    -3.304916    -0.007277
       1.998750    -3.306391     1.088143
       1.110207    -3.951951     2.181337
       1.115025    -3.955110    -3.292156
       1.110927    -3.947448    -2.196086
       1.107929    -3.948074    -1.102336
       1.107209    -3.948583    -0.008315
       1.107867    -3.949298     1.086207
       3.311959     2.819156     2.177365
       3.321176     2.824507    -3.287820
       3.311991     2.819087    -2.192962
       3.309727     2.819397    -1.100446
       3.309164     2.819330    -0.007762
       3.309717     2.819392     1.084902
       3.658857     1.778677     2.179174
       3.669079     1.783314    -3.289069
       3.658878     1.778641    -2.194616
       3.654540     1.777229    -1.100886
       3.653609     1.776906    -0.007671
       3.654532     1.777186     1.085517
       3.997895     0.735199     2.179272
       4.008901     0.737486    -3.289011
       3.997924     0.735195    -2.194548
       3.993609     0.733679    -1.100802
       3.992686     0.733282    -0.007573
       3.993590     0.733595     1.085620
       4.328781    -0.310465     2.177688
       4.339476    -0.309356    -3.287647
       4.328877    -0.310435    -2.192763
       4.327224    -0.312110    -1.100203
       4.326708    -0.312496    -0.007472
       4.327152    -0.312240     1.085222
      -1.429573     3.870718     2.179495
      -1.430839     3.879187    -3.291271
      -1.429583     3.870516    -2.195263
      -1.432199     3.869093    -1.101576
      -1.432894     3.868871    -0.007844
      -1.432198     3.869181     1.085866
      -0.331927     3.877816     2.182779
      -0.332163     3.888172    -3.293622
      -0.331928     3.877581    -2.198543
      -0.333031     3.872335    -1.102752
      -0.333622     3.871305    -0.007839
      -0.333032     3.872444     1.087050
       0.765603     3.877957     2.182539
       0.768171     3.888262    -3.293331
       0.765606     3.877727    -2.198297
       0.765268     3.872516    -1.102588
       0.765413     3.871509    -0.007835
       0.765270     3.872623     1.086893
       1.863011     3.871131     2.178737
       1.866935     3.879432    -3.290317
       1.863022     3.870945    -2.194486
       1.863964     3.869634    -1.101101
       1.864129     3.869429    -0.007834
       1.863964     3.869714     1.085410
      -3.892520    -0.311466     2.183426
      -3.902393    -0.312032    -3.293724
      -3.892572    -0.311518    -2.198565
      -3.887664    -0.312110    -1.102659
      -3.886650    -0.312496    -0.007501
      -3.887619    -0.312185     1.087619
      -3.561060     0.733183     2.184443
      -3.570188     0.735805    -3.294848
      -3.561065     0.733112    -2.199766
      -3.555522     0.731756    -1.103588
      -3.553879     0.731400    -0.007591
      -3.555517     0.731716     1.088365
      -3.222527     1.776492     2.183454
      -3.230615     1.781989    -3.294304
      -3.222534     1.776405    -2.198935
      -3.217958     1.775143    -1.102908
      -3.216896     1.775316    -0.007686
      -3.217956     1.775132     1.087505
      -2.877493     2.817974     2.179672
      -2.883472     2.823688    -3.291565
      -2.877517     2.817868    -2.195301
      -2.876521     2.819045    -1.101542
      -2.876442     2.819430    -0.007775
      -2.876512     2.819063     1.085969
      -0.678696    -3.951553     2.181557
      -0.680752    -3.955019    -3.292478
      -0.679350    -3.946931    -2.196160
      -0.677824    -3.947572    -1.102340
      -0.677541    -3.948158    -0.008281
      -0.677803    -3.948824     1.086300
      -1.569746    -3.309552     2.184578
      -1.573914    -3.316638    -3.294527
      -1.570642    -3.307492    -2.199046
      -1.567626    -3.304074    -1.102803
      -1.566595    -3.304110    -0.007249
      -1.567374    -3.305521     1.088474
      -2.457082    -2.663260     2.185155
      -2.463553    -2.670079    -3.294847
      -2.457738    -2.662632    -2.199722
      -2.453991    -2.658462    -1.103456
      -2.452757    -2.657493    -0.007304
      -2.453652    -2.659084     1.088918
      -3.339524    -2.012556     2.183800
      -3.348194    -2.017730    -3.293701
      -3.339932    -2.012433    -2.198536
      -3.336264    -2.009181    -1.102605
      -3.335571    -2.008444    -0.007385
      -3.335995    -2.009421     1.087864
       0.215283    -4.587564     2.176617
       4.657231    -1.358622     2.178800
       2.961740     3.860315     2.178222
      -2.528376     3.859485     2.179122
      -4.216770    -1.357150     2.180471
       4.671017    -2.307595    -1.644522
       4.670910    -2.307471    -0.553525
       4.670736    -2.307574     0.538891
       4.670487    -2.307830     1.629893
       3.789501    -2.963443    -2.738040
       3.781169    -2.956351    -1.644323
       3.780662    -2.954366    -0.553007
       3.780438    -2.954493     0.538425
       3.780404    -2.956757     1.629850
       2.902572    -3.612363    -2.739723
       2.894628    -3.603330    -1.646145
       2.891555    -3.600259    -0.553381
       2.891316    -3.600546     0.538937
       2.893646    -3.604408     1.632033
       2.010896    -4.254769    -2.739184
       2.004724    -4.245920    -1.645234
       2.001894    -4.245754    -0.553510
       2.001686    -4.246476     0.538679
       2.003766    -4.249034     1.631431
       1.111598    -4.891407    -1.647756
       1.110497    -4.891905    -0.556777
       1.110353    -4.892072     0.535809
       1.110802    -4.892830     1.628326
       3.868183     3.581125    -1.643682
       3.866098     3.581053    -0.553423
       3.866099     3.581054     0.537788
       3.868180     3.581167     1.628019
       4.224018     2.541512    -2.732337
       4.215846     2.538003    -1.642088
       4.213449     2.537546    -0.552580
       4.213453     2.537531     0.537096
       4.215854     2.538014     1.626568
       4.567132     1.496970    -2.733976
       4.558837     1.494226    -1.643078
       4.556198     1.493310    -0.552849
       4.556205     1.493276     0.537537
       4.558856     1.494200     1.627718
       4.903526     0.450240    -2.732203
       4.894868     0.448193    -1.641932
       4.892675     0.447047    -0.552403
       4.892672     0.446987     0.537286
       4.894867     0.448113     1.626754
       5.226750    -0.600050    -1.643371
       5.225003    -0.601313    -0.553059
       5.224958    -0.601406     0.538196
       5.226651    -0.600208     1.628442
      -1.983773     4.634574    -1.645608
      -1.984923     4.634157    -0.554251
      -1.984926     4.634208     0.538451
      -1.983779     4.634733     1.629775
      -0.882090     4.648026    -2.738811
      -0.881744     4.637172    -1.645083
      -0.883629     4.635079    -0.553650
      -0.883631     4.635141     0.537845
      -0.881748     4.637362     1.629246
       0.217100     4.652155    -2.739917
       0.216066     4.640181    -1.646469
       0.215567     4.635853    -0.553899
       0.215568     4.635919     0.538098
       0.216068     4.640381     1.630636
       1.316146     4.648409    -2.738346
       1.313626     4.637800    -1.644707
       1.314504     4.635938    -0.553514
       1.314508     4.635998     0.537723
       1.313633     4.637982     1.628885
       2.414880     4.635940    -1.644922
       2.414962     4.635807    -0.554024
       2.414968     4.635851     0.538250
       2.414889     4.636082     1.629116
      -4.783004    -0.600382    -1.645096
      -4.781541    -0.601366    -0.553332
      -4.781518    -0.601409     0.538351
      -4.782955    -0.600407     1.630059
      -4.464655     0.446656    -2.740847
      -4.453893     0.444792    -1.647065
      -4.449805     0.443719    -0.553911
      -4.449814     0.443698     0.538735
      -4.453920     0.444814     1.631827
      -4.128248     1.493462    -2.741066
      -4.118331     1.488831    -1.647214
      -4.114245     1.487787    -0.554027
      -4.114260     1.487782     0.538672
      -4.118368     1.488881     1.631806
      -3.785418     2.537552    -2.739280
      -3.776973     2.531907    -1.645241
      -3.775216     2.532640    -0.553642
      -3.775225     2.532646     0.538121
      -3.776991     2.531971     1.629679
      -3.435004     3.579313    -1.645660
      -3.435218     3.579703    -0.554260
      -3.435220     3.579719     0.538595
      -3.435003     3.579394     1.629960
      -0.682720    -4.890735    -1.647834
      -0.682749    -4.891365    -0.556807
      -0.682589    -4.891530     0.535956
      -0.681886    -4.892212     1.628589
      -1.578645    -4.253912    -2.739740
      -1.575078    -4.244562    -1.645491
      -1.573174    -4.244583    -0.553607
      -1.572979    -4.245294     0.538854
      -1.574146    -4.247653     1.631788
      -2.469692    -3.611083    -2.741026
      -2.464343    -3.601600    -1.647065
      -2.461552    -3.598541    -0.553703
      -2.461338    -3.598820     0.539314
      -2.463427    -3.602635     1.633017
      -3.357128    -2.962050    -2.740763
      -3.349481    -2.954261    -1.646934
      -3.346711    -2.951077    -0.553693
      -3.346513    -2.951185     0.539125
      -3.348828    -2.954609     1.632501
      -4.230067    -2.302171    -1.645034
      -4.229396    -2.300583    -0.553239
      -4.229247    -2.300643     0.538520
      -4.229627    -2.302298     1.630351
       0.216720    -4.581693    -3.291327
       4.657299    -1.356739    -3.287048
       2.962632     3.858621    -3.287325
      -2.526024     3.858430    -3.289386
      -4.226682    -1.360315    -3.293129
       0.220833     0.085033    -6.065543
       0.214688    -5.535880    -2.774596
       0.213773    -5.535256    -1.665726
       0.213346    -5.534610    -0.565733
       0.213371    -5.534455     0.530692
       5.562999    -1.653963    -2.768691
       5.559785    -1.654652    -1.658647
       5.558633    -1.654100    -0.557247
       5.558524    -1.654227     0.542640
       3.520695     4.631419    -2.769101
       3.517719     4.630069    -1.659097
       3.517191     4.628919    -0.557768
       3.517193     4.628937     0.542022
      -3.088297     4.628876    -2.770379
      -3.088479     4.627578    -1.660464
      -3.088443     4.626800    -0.558339
      -3.088443     4.626828     0.542561
      -5.110466    -1.647498    -2.738008
      -5.111182    -1.647742    -1.645709
      -5.110544    -1.647580    -0.553807
      -5.110459    -1.647643     0.538993
       0.221514    -0.850741    -6.630841
       0.220967    -1.794569    -6.066851
       0.220164    -2.735271    -5.507059
       0.219097    -3.676609    -4.948146
       0.217944    -4.622655    -4.388012
       1.111781    -0.203886    -6.629775
       2.008921    -0.495392    -6.064919
       2.903162    -0.785828    -5.504298
       3.798041    -1.076437    -4.944507
       4.697332    -1.368583    -4.383254
       0.771757     0.842396    -6.629791
       1.326248     1.605452    -6.064963
       1.879033     2.365922    -5.504405
       2.432237     3.126925    -4.944690
       2.988097     3.891808    -4.383508
      -0.328746     0.842536    -6.630740
      -0.884003     1.605752    -6.066613
      -1.437636     2.366316    -5.506586
      -1.991830     3.127232    -4.947268
      -2.548778     3.891820    -4.386522
      -0.668763    -0.203981    -6.631259
      -1.566352    -0.495673    -6.067745
      -2.460555    -0.786297    -5.508706
      -3.354587    -1.076875    -4.951183
      -4.249993    -1.367883    -4.393634
       1.118172    -1.149565    -6.063019
       1.672969     0.556792    -6.061725
       0.221038     1.611199    -6.062950
      -1.230532     0.556858    -6.064171
      -0.675959    -1.149724    -6.064262
       2.013812    -1.442725    -5.504031
       1.119462    -2.092495    -5.504832
       2.228703     1.318046    -5.502381
       2.570080     0.267478    -5.502356
      -0.332218     2.374774    -5.504645
       0.773339     2.374679    -5.504032
      -2.127777     0.267424    -5.506385
      -1.786864     1.318290    -5.505603
      -0.678442    -2.092741    -5.505811
      -1.571957    -1.443063    -5.506430
       2.909212    -1.734379    -4.945459
       2.016502    -2.387829    -4.948082
       1.119195    -3.034716    -4.946968
       2.783118     2.079446    -4.943425
       3.128446     1.029599    -4.944839
       3.466188    -0.022729    -4.943349
      -0.886312     3.136876    -4.946588
       0.219952     3.140820    -4.948027
       1.326355     3.136798    -4.945560
      -3.023419    -0.022817    -4.949367
      -2.686550     1.029764    -4.949854
      -2.342017     2.079746    -4.947229
      -0.679977    -3.035077    -4.947632
      -1.575898    -2.388277    -4.949962
      -2.467120    -1.734862    -4.949367
       3.806250    -2.025758    -4.385965
       2.913605    -2.681069    -4.391225
       2.016915    -3.332339    -4.391865
       1.117904    -3.978411    -4.388194
       3.337767     2.842520    -4.383556
       3.685065     1.792265    -4.387043
       4.027077     0.739694    -4.386996
       4.363448    -0.314127    -4.383411
      -1.442066     3.899553    -4.387469
      -0.334917     3.905158    -4.391721
       0.773439     3.905208    -4.391338
       1.880864     3.899688    -4.386168
      -3.919161    -0.313795    -4.392471
      -3.584411     0.739736    -4.394281
      -3.243783     1.792498    -4.392883
      -2.897612     2.842718    -4.387838
      -0.680990    -3.978932    -4.388591
      -1.578378    -3.332904    -4.393092
      -2.472745    -2.681583    -4.394283
      -3.362796    -2.026128    -4.392442
       4.713047    -2.314108    -3.822356
       4.670073    -2.307056    -2.733213
       3.813094    -2.972988    -3.833060
       2.914852    -3.627070    -3.836565
       2.015063    -4.278762    -3.834296
       1.110345    -4.930657    -3.825665
       1.113776    -4.888941    -2.736461
       3.892493     3.616234    -3.819964
       3.871515     3.580271    -2.730923
       4.241137     2.557418    -3.827789
       4.586350     1.503243    -3.829920
       4.926706     0.447490    -3.827672
       5.267006    -0.614029    -3.819747
       5.228966    -0.597339    -2.730668
      -2.007845     4.665384    -3.824344
      -1.980847     4.634220    -2.734748
      -0.892701     4.669710    -3.833969
       0.218409     4.671236    -3.836711
       1.329629     4.669982    -3.833328
       2.445025     4.665918    -3.822653
       2.414387     4.634926    -2.733546
      -4.816649    -0.605860    -3.834363
      -4.793336    -0.600214    -2.739224
      -4.482261     0.448416    -3.838156
      -4.143611     1.502789    -3.838523
      -3.800706     2.557781    -3.834619
      -3.453001     3.616494    -3.824491
      -3.433611     3.577911    -2.734798
      -0.675511    -4.931510    -3.825844
      -0.682423    -4.888304    -2.736540
      -1.579112    -4.279440    -3.835025
      -2.476627    -3.627660    -3.838515
      -3.370336    -2.973813    -3.838086
      -4.260532    -2.317489    -3.834318
      -4.238352    -2.308354    -2.739179
       5.573829    -2.617026    -2.214313
       5.574012    -2.612436    -1.107581
       5.573665    -2.611547    -0.007243
       4.717503    -3.265792    -3.269940
       4.676562    -3.260312    -2.181508
       4.676946    -3.257359    -1.095918
       4.676447    -3.255995    -0.007251
       4.676392    -3.257564     1.081448
       3.814093    -3.921100    -3.279156
       3.794755    -3.909258    -2.184552
       3.788512    -3.902433    -1.095302
       3.787300    -3.900995    -0.007167
       3.787814    -3.902608     1.081054
       2.914859    -4.574054    -3.279516
       2.907340    -4.553411    -2.184832
       2.901144    -4.546434    -1.095426
       2.899486    -4.545337    -0.007047
       2.900325    -4.546794     1.081564
       2.012151    -5.230109    -3.271802
       2.016812    -5.190627    -2.183421
       2.012200    -5.191237    -1.097700
       2.010461    -5.191071    -0.008373
       2.011269    -5.192614     1.082134
       1.126583    -5.844746    -2.219869
       1.120780    -5.844759    -1.114189
       1.120042    -5.844814    -0.016097
       4.440373     4.350108    -2.211347
       4.437220     4.350224    -1.107100
       4.436821     4.349441    -0.007855
       4.802808     3.327142    -3.265743
       4.795039     3.304415    -2.176258
       4.788882     3.305704    -1.092517
       4.787568     3.305135    -0.007797
       4.788895     3.305693     1.076909
       5.151116     2.270479    -3.271910
       5.140335     2.261283    -2.181750
       5.134740     2.260496    -1.094907
       5.133388     2.259953    -0.007721
       5.134762     2.260457     1.079446
       5.494225     1.214499    -3.271840
       5.480127     1.215512    -2.181675
       5.475165     1.212758    -1.094825
       5.473780     1.212292    -0.007634
       5.475191     1.212671     1.079531
       5.833536     0.154917    -3.265539
       5.813918     0.168647    -2.176029
       5.809707     0.163884    -1.092262
       5.808314     0.163451    -0.007520
       5.809703     0.163730     1.077186
       6.141636    -0.885809    -2.210908
       6.139149    -0.887845    -1.106619
       6.138331    -0.887581    -0.007316
      -2.532408     5.414193    -2.215242
      -2.536985     5.410464    -1.108578
      -2.537852     5.409578    -0.007938
      -1.454109     5.437590    -3.271138
      -1.427536     5.408942    -2.182564
      -1.431338     5.406153    -1.096738
      -1.432405     5.404724    -0.007953
      -1.431347     5.406282     1.080821
      -0.338135     5.437367    -3.279717
      -0.332176     5.416335    -2.185139
      -0.332984     5.407038    -1.095952
      -0.333536     5.405243    -0.007958
      -0.332986     5.407179     1.080026
       0.773188     5.437607    -3.279542
       0.764474     5.416733    -2.185015
       0.763492     5.407615    -1.095893
       0.763490     5.405874    -0.007954
       0.763500     5.407754     1.079976
       1.889263     5.438441    -3.270348
       1.859341     5.409980    -2.181975
       1.861451     5.407899    -1.096479
       1.861996     5.406618    -0.007941
       1.861466     5.408020     1.080586
       2.963387     5.416922    -2.214804
       2.966287     5.413364    -1.108144
       2.966682     5.412492    -0.007920
      -5.683613    -0.887968    -2.183170
      -5.682045    -0.889386    -1.096593
      -5.681078    -0.890240    -0.007449
      -5.382005     0.154907    -3.280428
      -5.359582     0.158437    -2.185596
      -5.351286     0.157052    -1.096070
      -5.349808     0.156386    -0.007570
      -5.351313     0.157010     1.080905
      -5.044225     1.210875    -3.282759
      -5.025931     1.204410    -2.187362
      -5.017979     1.201850    -1.097049
      -5.016076     1.201421    -0.007667
      -5.018029     1.201852     1.081695
      -4.702845     2.266236    -3.280789
      -4.687313     2.248969    -2.185884
      -4.679692     2.245411    -1.096318
      -4.677973     2.245425    -0.007748
      -4.679733     2.245438     1.080805
      -4.359482     3.327348    -3.271440
      -4.342392     3.288779    -2.182762
      -4.340342     3.290357    -1.096947
      -4.338908     3.290878    -0.007818
      -4.340368     3.290397     1.081296
      -4.008005     4.341449    -2.215613
      -4.003982     4.343711    -1.108793
      -4.003099     4.344162    -0.007868
      -0.698892    -5.844240    -2.220242
      -0.694396    -5.844065    -1.114387
      -0.693882    -5.844192    -0.015974
      -1.578767    -5.230628    -3.272190
      -1.587628    -5.188747    -2.183704
      -1.585157    -5.189476    -1.097984
      -1.583656    -5.189439    -0.008303
      -1.584166    -5.190803     1.082569
      -2.480259    -4.574082    -3.280742
      -2.477889    -4.550901    -2.185738
      -2.473755    -4.543653    -1.095964
      -2.472219    -4.542723    -0.007009
      -2.472939    -4.543993     1.082188
      -3.376788    -3.921013    -3.282597
      -3.365788    -3.904990    -2.187138
      -3.360795    -3.898262    -1.096714
      -3.359345    -3.896806    -0.007146
      -3.360141    -3.898398     1.082515
      -4.270746    -3.265297    -3.280301
      -4.250521    -3.254949    -2.185436
      -4.244566    -3.248967    -1.095854
      -4.243602    -3.247589    -0.007253
      -4.244063    -3.249071     1.081389
      -5.127713    -2.598866    -2.183110
      -5.127242    -2.596836    -1.096522
      -5.126845    -2.595667    -0.007344
       0.219803     0.085004     4.945919
       0.213874    -5.535004     1.624217
       5.559477    -1.654934     1.644008
       3.517719     4.630146     1.643330
      -3.088475     4.627681     1.644664
      -5.110943    -1.647832     1.630876
       5.573582    -2.612717     1.093123
       1.121315    -5.845653     1.078765
       4.437229     4.350231     1.091383
       6.139047    -0.888077     1.091952
      -2.537000     5.410570     1.092692
       2.966309     5.413457     1.092293
      -5.681987    -0.889489     1.081669
      -4.003995     4.343756     1.093047
      -0.694791    -5.844921     1.079248
      -5.126891    -2.596966     1.081851
       0.220437    -0.849100     5.496054
       0.219885    -1.784245     4.940426
       0.219041    -2.720439     4.384586
       0.217897    -3.657459     3.829078
       1.109348    -0.202968     5.495359
       1.997903    -0.491669     4.939333
       2.886780    -0.780476     4.383404
       3.774330    -1.069066     3.828178
       0.769773     0.841607     5.495134
       1.318879     1.597214     4.938906
       1.868275     2.353069     4.382847
       2.416884     3.107924     3.827569
      -0.328899     0.841751     5.495829
      -0.878788     1.597474     4.940163
      -1.429131     2.353342     4.384489
      -1.978940     3.108036     3.829451
      -0.668600    -0.203073     5.496432
      -1.557991    -0.492003     4.941390
      -2.448041    -0.781254     4.386375
      -3.338088    -1.070700     3.832000
       1.112465    -1.142835     4.940870
       1.664155     0.554585     4.939474
       0.219985     1.603471     4.940327
      -1.224025     0.554617     4.941409
      -0.672526    -1.142942     4.941776
       2.003757    -1.434800     4.385927
       1.113933    -2.081695     4.386335
       2.217422     1.311921     4.383798
       2.557087     0.266825     4.383935
      -0.330420     2.363477     4.385606
       0.769351     2.363428     4.385129
      -2.117623     0.266525     4.387103
      -1.777914     1.311998     4.386425
      -0.675287    -2.081767     4.387021
      -1.564775    -1.435053     4.387625
       2.894252    -1.725905     3.830749
       2.007036    -2.376420     3.832716
       1.114196    -3.020236     3.831573
       2.769639     2.068956     3.828027
       3.113873     1.025275     3.828883
       3.448934    -0.021336     3.828262
      -0.881098     3.122151     3.830616
       0.218792     3.126945     3.831634
       1.318764     3.122179     3.829848
      -3.010392    -0.022352     3.832714
      -2.674788     1.024797     3.833036
      -2.330944     2.068830     3.831188
      -0.677511    -3.020237     3.832054
      -1.569550    -2.376427     3.833924
      -2.456699    -1.726275     3.833272
       3.782886    -2.017044     3.275400
       2.899048    -2.669923     3.278664
       2.008444    -3.317066     3.279234
       1.113703    -3.958580     3.276923
       3.321119     2.824768     3.272161
       3.669035     1.783594     3.273538
       4.008864     0.737805     3.273631
       4.339409    -0.308981     3.272476
      -1.430818     3.879539     3.275437
      -0.332160     3.888554     3.277785
       0.768161     3.888637     3.277501
       1.866906     3.879765     3.274502
      -3.902396    -0.311584     3.278501
      -3.570192     0.736188     3.279423
      -3.230600     1.782321     3.278734
      -2.883435     2.823991     3.275871
      -0.679558    -3.958488     3.277332
      -1.573278    -3.316715     3.280059
      -2.463288    -2.669452     3.280346
      -3.348084    -2.017112     3.279002
       3.788829    -2.963333     2.723606
       2.901452    -3.612531     2.725685
       2.008881    -4.256752     2.725567
       4.224014     2.541689     2.716760
       4.567149     1.497145     2.718543
       4.903533     0.450393     2.716939
      -0.882091     4.648353     2.722927
       0.217101     4.652492     2.724037
       1.316148     4.648724     2.722477
      -4.464694     0.446913     2.725519
      -4.128288     1.493713     2.725579
      -3.785432     2.537786     2.723657
      -1.576647    -4.255905     2.726266
      -2.468640    -3.611176     2.727057
      -3.356570    -2.961833     2.726357
       0.216615    -4.595103     3.273543
       4.657133    -1.356301     3.272172
       2.962569     3.858881     3.271543
      -2.525971     3.858721     3.273574
      -4.226647    -1.359799     3.278229
       4.669506    -2.306927     2.718513
       1.112052    -4.897165     2.722340
       3.871479     3.580436     2.715208
       5.228878    -0.597255     2.715643
      -1.980843     4.634501     2.718866
       2.414384     4.635184     2.717690
      -4.793311    -0.599971     2.724099
      -3.433588     3.578121     2.719042
      -0.680586    -4.896897     2.722803
      -4.238026    -2.308114     2.724509
       0.215310    -5.539286     2.717440
       5.562646    -1.654114     2.753949
       3.520686     4.631606     2.753306
      -3.088287     4.629098     2.754550
      -5.110271    -1.647295     2.723132
       0.220804     0.085906     6.050136
       5.573051    -2.617461     2.199813
       4.675490    -3.260608     2.167025
       3.793210    -3.909772     2.170543
       2.904533    -4.554843     2.171902
       2.012075    -5.196825     2.172416
       1.121630    -5.848243     2.171382
       4.440380     4.350203     2.195617
       4.795053     3.304495     2.160619
       5.140372     2.261337     2.166246
       5.480174     1.215508     2.166323
       5.813922     0.168542     2.160872
       6.141480    -0.886047     2.196159
      -2.532432     5.414414     2.199335
      -1.427547     5.409198     2.166620
      -0.332177     5.416614     2.169191
       0.764484     5.417008     2.169074
       1.859359     5.410221     2.166053
       2.963418     5.417120     2.198932
      -5.683542    -0.887969     2.168172
      -5.359629     0.158530     2.170368
      -5.026006     1.204552     2.171956
      -4.687373     2.249128     2.170328
      -4.342412     3.288927     2.167069
      -4.008019     4.341598     2.199846
      -0.693457    -5.847724     2.172228
      -1.582762    -5.194867     2.172868
      -2.475078    -4.552254     2.172902
      -3.364341    -3.905386     2.173188
      -4.249683    -3.255081     2.171027
      -5.127140    -2.598946     2.168420
       0.221491    -0.849250     6.615956
       0.220952    -1.792910     6.052141
       0.220160    -2.733057     5.492624
       0.219097    -3.673064     4.934419
       0.217921    -4.614606     4.376000
       1.111779    -0.202428     6.614720
       2.009012    -0.493866     6.050000
       2.903355    -0.784320     5.489474
       3.798272    -1.075129     4.929701
       4.697509    -1.367615     4.368428
       0.771650     0.843573     6.614299
       1.326138     1.606420     6.049341
       1.878935     2.366702     5.488702
       2.432162     3.127547     4.928928
       2.988052     3.892309     4.367693
      -0.328687     0.843733     6.615243
      -0.883935     1.606744     6.050980
      -1.437572     2.367126     5.490866
      -1.991782     3.127888     4.931480
      -2.548754     3.892357     4.370673
      -0.668811    -0.202492     6.616216
      -1.566506    -0.494080     6.052839
      -2.460825    -0.784688     5.493892
      -3.354908    -1.075443     4.936381
      -4.250263    -1.366801     4.378797
       1.118178    -1.147945     6.048236
       1.672843     0.557937     6.046257
       0.221019     1.612131     6.047237
      -1.230458     0.558043     6.048696
      -0.676016    -1.148062     6.049505
       2.013964    -1.440977     5.489439
       1.119534    -2.090436     5.490412
       2.228573     1.318941     5.486774
       2.570010     0.268624     5.486969
      -0.332196     2.375536     5.488840
       0.773287     2.375431     5.488234
      -2.127770     0.268639     5.490985
      -1.786781     1.319230     5.489977
      -0.678548    -2.090619     5.491442
      -1.572167    -1.441227     5.491877
       2.909504    -1.732718     4.930924
       2.016846    -2.385557     4.933956
       1.119468    -3.031639     4.933304
       2.783013     2.080136     4.927752
       3.128353     1.030439     4.929296
       3.466185    -0.021658     4.928061
      -0.886283     3.137506     4.930737
       0.219941     3.141446     4.932163
       1.326304     3.137412     4.929722
      -3.023486    -0.021656     4.934055
      -2.686511     1.030670     4.934282
      -2.341951     2.080484     4.931527
      -0.680279    -3.031891     4.934060
      -1.576288    -2.385880     4.935910
      -2.467475    -1.733072     4.934874
       3.806588    -2.024456     4.371352
       2.914151    -2.679038     4.377046
       2.017730    -3.328947     4.378540
       1.118758    -3.972907     4.376447
       3.337696     2.843055     4.367841
       3.684998     1.792878     4.371445
       4.027037     0.740430     4.371550
       4.363467    -0.313253     4.368215
      -1.442050     3.900081     4.371582
      -0.334915     3.905696     4.375829
       0.773425     3.905739     4.375451
       1.880834     3.900195     4.370301
      -3.919256    -0.312826     4.377233
      -3.584428     0.740549     4.378793
      -3.243759     1.793173     4.377243
      -2.897573     2.843303     4.372084
      -0.681913    -3.973213     4.377029
      -1.579264    -3.329329     4.379892
      -2.473333    -2.679391     4.380190
      -3.363175    -2.024677     4.377878
       4.713384    -2.313251     3.807621
       3.813647    -2.971632     3.818650
       2.915993    -3.624386     3.822870
       2.017837    -4.272823     3.822393
       1.118235    -4.915399     3.819163
       3.892448     3.616668     3.804201
       4.241100     2.557876     3.812157
       4.586337     1.503753     3.814422
       4.926704     0.448054     3.812338
       5.266994    -0.613430     3.804640
      -2.007854     4.665826     3.808412
      -0.892707     4.670175     3.818044
       0.218408     4.671706     3.820792
       1.329632     4.670435     3.817416
       2.445031     4.666335     3.806746
      -4.816711    -0.605188     3.819192
      -4.482310     0.449053     3.822766
      -4.143639     1.503363     3.822972
      -3.800706     2.558298     3.818937
      -3.452982     3.616979     3.808680
      -0.683793    -4.915731     3.819783
      -1.582099    -4.273206     3.823320
      -2.477856    -3.624777     3.824928
      -3.370853    -2.972302     3.823771
      -4.260790    -2.316554     3.819657
       4.717779    -3.265214     3.255311
       3.814605    -3.919955     3.265035
       2.916788    -4.571178     3.266617
       2.018915    -5.220519     3.263713
       4.802787     3.327498     3.250065
       5.151125     2.270850     3.256366
       5.494253     1.214873     3.256439
       5.833538     0.155268     3.250311
      -1.454127     5.437984     3.255161
      -0.338138     5.437775     3.263747
       0.773199     5.438009     3.263579
       1.889289     5.438818     3.254393
      -5.382052     0.155326     3.265141
      -5.044290     1.211303     3.267302
      -4.702888     2.266653     3.265189
      -4.359497     3.327756     3.255699
      -1.585753    -5.220734     3.264366
      -2.482316    -4.571002     3.267959
      -3.377337    -3.919722     3.268558
      -4.270851    -3.264589     3.265842
      -5.150014    -1.660357    -3.834020
      -5.720706    -0.906562    -3.272004
      -5.168676    -2.605643    -3.271947
      -6.017762    -1.942310    -2.220830
      -6.014145    -1.941164    -1.109476
      -6.013436    -1.941017    -0.007362
      -6.013942    -1.941344     1.094755
      -6.017413    -1.942521     2.206028
       0.217039    -5.561186     3.814114
      -5.150157    -1.659696     3.819140
       1.126156    -5.867714     3.262855
      -5.720697    -0.906181     3.256910
      -0.693343    -5.868034     3.264041
      -5.168749    -2.605194     3.257203
       5.582583    -3.577972    -1.661570
       5.581585    -3.574525    -0.557287
       5.581325    -3.574617     0.542861
       5.581470    -3.578519     1.647173
       4.719434    -4.222424    -2.719203
       4.694700    -4.224240    -1.630199
       4.693549    -4.218840    -0.548184
       4.693273    -4.218855     0.533977
       4.693282    -4.224685     1.616006
       4.718720    -4.222448     2.704866
       3.819843    -4.875853    -2.724304
       3.811186    -4.866471    -1.634659
       3.807498    -4.862420    -0.549504
       3.807252    -4.862341     0.535698
       3.809269    -4.866716     1.620969
       3.818808    -4.875879     2.710428
       2.919813    -5.528779    -2.719537
       2.926560    -5.507304    -1.630344
       2.920808    -5.505117    -0.547905
       2.920638    -5.504853     0.535074
       2.924180    -5.507140     1.618237
       2.917848    -5.528643     2.708059
       2.037094    -6.151241    -1.666377
       2.033609    -6.150119    -0.562631
       2.034547    -6.150573     0.536892
       2.037332    -6.153675     1.640982
      -1.975808     6.197008    -1.662159
      -1.978278     6.193435    -0.558011
      -1.978288     6.193498     0.542027
      -1.975834     6.197196     1.646169
      -0.895108     6.212772    -2.719853
      -0.877311     6.199365    -1.630858
      -0.880867     6.194219    -0.549000
      -0.880872     6.194288     0.532973
      -0.877323     6.199572     1.614824
      -0.895115     6.213110     2.703810
       0.216742     6.213491    -2.724875
       0.215122     6.200888    -1.635360
       0.214484     6.195560    -0.550443
       0.214486     6.195631     0.534416
       0.215129     6.201100     1.619327
       0.216751     6.213834     2.708836
       1.328577     6.213567    -2.719793
       1.307444     6.200571    -1.630876
       1.309735     6.195644    -0.548996
       1.309745     6.195712     0.532988
       1.307470     6.200771     1.614860
       1.328600     6.213895     2.703767
       2.405651     6.199564    -1.662212
       2.406955     6.196276    -0.557995
       2.406970     6.196333     0.542051
       2.405689     6.199739     1.646261
      -6.597678    -1.175924    -1.663078
      -6.595943    -1.177087    -0.557914
      -6.595894    -1.177199     0.543208
      -6.597562    -1.176149     1.648334
      -6.289691    -0.138692    -2.720196
      -6.270814    -0.123173    -1.631307
      -6.267394    -0.126929    -0.548851
      -6.267402    -0.126999     0.533769
      -6.270841    -0.123283     1.616180
      -6.289714    -0.138487     2.705014
      -5.952469     0.920458    -2.726187
      -5.939345     0.921489    -1.636456
      -5.935002     0.919548    -0.550564
      -5.935031     0.919515     0.535252
      -5.939423     0.921475     1.621116
      -5.952543     0.920720     2.710816
      -5.612781     1.976127    -2.726385
      -5.603715     1.964914    -1.636593
      -5.598685     1.964890    -0.550670
      -5.598714     1.964884     0.535184
      -5.603793     1.964961     1.621087
      -5.612854     1.976426     2.710854
      -5.269971     3.033336    -2.720668
      -5.265603     3.005988    -1.631609
      -5.259983     3.008128    -0.549138
      -5.260006     3.008137     0.533510
      -5.265660     3.006066     1.615967
      -5.270015     3.033644     2.704999
      -4.924956     4.051211    -1.662671
      -4.921163     4.052519    -0.558110
      -4.921178     4.052535     0.542389
      -4.924991     4.051301     1.646944
      -1.611404    -6.148768    -1.666870
      -1.608160    -6.147940    -0.562684
      -1.609029    -6.148354     0.537354
      -1.611271    -6.151061     1.641924
      -2.487993    -5.528071    -2.720506
      -2.500769    -5.503258    -1.631249
      -2.495104    -5.501610    -0.548192
      -2.494903    -5.501331     0.535470
      -2.498254    -5.503095     1.619252
      -2.486078    -5.527730     2.709142
      -3.386851    -4.874296    -2.726051
      -3.386176    -4.859807    -1.636134
      -3.382087    -4.856760    -0.549973
      -3.381841    -4.856664     0.536232
      -3.384245    -4.859990     1.622514
      -3.385895    -4.874147     2.712244
      -4.282232    -4.219934    -2.725905
      -4.271011    -4.213011    -1.636103
      -4.268544    -4.208868    -0.550081
      -4.268285    -4.208842     0.535917
      -4.269683    -4.213294     1.621954
      -4.281629    -4.219762     2.711637
      -5.177633    -3.561294    -2.720035
      -5.153222    -3.562745    -1.631113
      -5.152556    -3.557733    -0.548589
      -5.152326    -3.557765     0.534135
      -5.152290    -3.563051     1.616660
      -5.177200    -3.561166     2.705515
      -6.036458    -2.903211    -1.663076
      -6.035655    -2.901339    -0.557911
      -6.035463    -2.901422     0.543228
      -6.035772    -2.903573     1.648404