
       0.118253    -0.160509    -0.541112
       0.118337    -0.160635     0.559662
       0.118552    -1.088045     0.009423
       1.000299    -0.447448     0.009437
       0.663323     0.589636     0.009261
      -0.426961     0.589911     0.009005
      -0.763647    -0.447039     0.009173
       0.118651    -1.088362    -1.090777
       1.000579    -0.447593    -1.090767
       0.663380     0.589813    -1.091361
      -0.427120     0.590101    -1.091510
      -0.763806    -0.447094    -1.091430
       0.118485    -0.160831    -1.641755
       0.118762    -2.018585    -0.539870
       1.885243    -0.735170    -0.539868
       1.209713     1.341831    -0.540772
      -0.974161     1.343008    -0.540873
      -1.647872    -0.734227    -0.540906
       0.118705    -1.088528     1.109672
       0.119035    -1.089501    -2.190994
       1.000698    -0.447778     1.109686
       1.001548    -0.448254    -2.190988
       0.663749     0.589460     1.109978
       0.663998     0.589887    -2.191741
      -0.426766     0.589654     1.109693
      -0.427204     0.590147    -2.191722
      -0.763637    -0.447473     1.109885
      -0.764050    -0.447747    -2.191789
       1.005228    -1.381369     0.559170
       1.005952    -1.382258    -1.639710
       1.005227    -1.381319    -0.540195
       1.552875     0.304788     0.559427
       1.553619     0.305122    -1.640596
       1.552744     0.304918    -0.540624
       0.117952     1.347495     0.559353
       0.117684     1.348616    -1.641231
       0.117596     1.347829    -0.541060
      -1.315908     0.305885     0.559202
      -1.316917     0.306330    -1.641327
      -1.316123     0.306281    -0.541201
      -0.767671    -1.381053     0.559370
      -0.768077    -1.381790    -1.640629
      -0.767694    -1.380940    -0.540672
       0.118739    -2.018642     0.558926
       0.119006    -2.019616    -1.638844
       1.885290    -0.735241     0.558930
       1.886160    -0.735621    -1.638848
       1.209972     1.341634     0.559383
       1.210346     1.342530    -1.640711
      -0.973782     1.342547     0.558766
      -0.974689     1.343641    -1.640302
      -1.647810    -0.734451     0.559223
      -1.648682    -0.734770    -1.640804
       0.118681    -0.161123     1.660475
       0.118970    -0.161515    -2.742272
       0.118628    -2.952173    -1.086986
       0.118538    -2.951794     0.009611
       2.773193    -1.023454    -1.087013
       2.772845    -1.023380     0.009589
       1.757696     2.095977    -1.089437
       1.757344     2.095251     0.009326
      -1.523285     2.098622    -1.088543
      -1.522526     2.097764     0.009323
      -2.534411    -1.022422    -1.089566
      -2.533697    -1.022106     0.009142
       0.119057    -1.089715     2.210002
       0.119726    -1.091417    -3.291132
       0.118898    -2.019733     1.657963
       0.119664    -2.022132    -2.738106
       1.001706    -0.448502     2.210015
       1.003164    -0.449442    -3.291128
       1.886265    -0.735783     1.657967
       1.888361    -0.736911    -2.738113
       0.664539     0.589389     2.210589
       0.665223     0.589905    -3.291884
       1.210987     1.342066     1.659469
       1.211951     1.343508    -2.740195
      -0.426678     0.589549     2.210359
      -0.427282     0.590174    -3.291730
      -0.973694     1.342490     1.658512
      -0.975405     1.344479    -2.739422
      -0.763828    -0.448233     2.210504
      -0.764430    -0.449001    -3.291922
      -1.648562    -0.735241     1.659310
      -1.650051    -0.736212    -2.740263
       1.005927    -1.382367     1.658780
       1.007511    -1.384339    -2.739241
       1.553941     0.304817     1.659504
       1.555688     0.305097    -2.740311
       0.118587     1.347815     1.659761
       0.118191     1.349767    -2.740952
      -1.316392     0.305405     1.659630
      -1.318208     0.306041    -2.741005
      -0.768066    -1.382029     1.659448
      -0.768596    -1.383864    -2.740336
       1.893631    -1.673239     1.107441
       1.895403    -1.675236    -2.186541
       1.893681    -1.673192    -1.088280
       1.893274    -1.672697     0.009559
       1.008224    -2.316482     1.107447
       1.009845    -2.318700    -2.186526
       1.008328    -2.316462    -1.088268
       1.007891    -2.315950     0.009568
       2.104320     1.058967     1.108725
       2.106317     1.060187    -2.188923
       2.104018     1.059207    -1.089924
       2.103377     1.058685     0.009371
       2.443142     0.018535     1.108044
       2.445124     0.018905    -2.187679
       2.442987     0.018702    -1.089041
       2.442499     0.018381     0.009481
      -0.428979     2.105297     1.108377
      -0.430148     2.108144    -2.188946
      -0.430057     2.106269    -1.090060
      -0.429717     2.105271     0.009142
       0.665211     2.104535     1.108884
       0.665244     2.107125    -2.189493
       0.664444     2.105070    -1.090339
       0.664471     2.104099     0.009226
      -2.205036     0.019472     1.108634
      -2.207501     0.019791    -2.189612
      -2.205311     0.020196    -1.090537
      -2.204400     0.019995     0.008972
      -1.867582     1.060276     1.108183
      -1.870196     1.061967    -2.189083
      -1.868357     1.061504    -1.090298
      -1.867425     1.060942     0.008890
      -0.770588    -2.316175     1.108018
      -0.771225    -2.318175    -2.187684
      -0.770511    -2.316104    -1.089054
      -0.770166    -2.315661     0.009459
      -1.655398    -1.672340     1.108629
      -1.656885    -1.674276    -2.188963
      -1.655377    -1.672199    -1.089986
      -1.654780    -1.671613     0.009284
       0.118490    -2.952206     1.106236
       0.119181    -2.953902    -2.184211
       2.773235    -1.023557     1.106217
       2.774681    -1.024366    -2.184241
       1.758185     2.095695     1.108145
       1.759463     2.097742    -2.188077
      -1.522070     2.097308     1.107055
      -1.524447     2.100018    -2.186444
      -2.534433    -1.022666     1.107932
      -2.536528    -1.023901    -2.188169
       0.119168    -0.161801     2.761231
       0.119646    -0.162452    -3.842930
       0.118165    -3.888890    -1.631532
       0.117745    -3.888510    -0.537354
       0.117646    -3.888505     0.556752
       3.664225    -1.312346    -1.631599
       3.663974    -1.312011    -0.537416
       3.663976    -1.312066     0.556696
       2.307495     2.852408    -1.635482
       2.306401     2.851048    -0.538820
       2.306643     2.850941     0.557494
      -2.074503     2.856773    -1.633071
      -2.073280     2.855644    -0.536963
      -2.072537     2.855087     0.558403
      -3.423617    -1.311820    -1.635602
      -3.422136    -1.310781    -0.538995
      -3.422208    -1.310830     0.557263
       0.119589    -1.091518     3.310270
       0.120666    -1.094324    -4.391412
       0.119384    -2.022181     2.757323
       0.120743    -2.026360    -3.837262
       0.118856    -2.953892     2.203530
       0.120436    -2.958814    -3.282447
       1.003245    -0.449582     3.310278
       1.005656    -0.451173    -4.391406
       1.888429    -0.737038     2.757324
       1.892064    -0.739135    -3.837268
       2.774709    -1.024493     2.203511
       2.778978    -1.026927    -3.282479
       0.665668     0.589536     3.310971
       0.667167     0.590218    -4.392206
       1.212618     1.343080     2.759149
       1.214700     1.345049    -3.839274
       1.760148     2.097416     2.206904
       1.762802     2.100526    -3.286090
      -0.426791     0.589719     3.310850
      -0.427568     0.590542    -4.392056
      -0.974235     1.343287     2.758373
      -0.976543     1.345943    -3.838447
      -1.522194     2.097596     2.205064
      -1.526298     2.102358    -3.284177
      -0.764324    -0.449254     3.310902
      -0.765292    -0.450816    -4.392250
      -1.650043    -0.736449     2.759008
      -1.652290    -0.738558    -3.839360
      -2.536695    -1.023946     2.206699
      -2.540079    -1.026616    -3.286208
       1.007384    -1.384401     2.758458
       1.010019    -1.387725    -3.838379
       1.556024     0.304823     2.759374
       1.559127     0.304855    -3.839555
       0.119209     1.348943     2.759876
       0.119051     1.351509    -3.840239
      -1.317636     0.305182     2.759775
      -1.320144     0.305621    -3.840283
      -0.768742    -1.383992     2.759326
      -0.769327    -1.387298    -3.839583
       1.895268    -1.675274     2.205813
       1.899017    -1.679049    -3.284530
       1.009601    -2.318686     2.205819
       1.012461    -2.323283    -3.284514
       2.106748     1.059885     2.207872
       2.110554     1.061352    -3.287087
       2.445338     0.018691     2.206788
       2.449583     0.018317    -3.285930
      -0.428342     2.106699     2.207618
      -0.430167     2.111046    -3.287166
       0.666406     2.106428     2.208265
       0.666899     2.110315    -3.287803
      -2.207186     0.018959     2.208052
      -2.211002     0.018846    -3.287908
      -1.869035     1.060137     2.207490
      -1.873021     1.062628    -3.287220
      -0.771467    -2.318186     2.206764
      -0.771896    -2.322703    -3.285932
      -1.657057    -1.674317     2.207781
      -1.659152    -1.678156    -3.287125
       2.784142    -1.965310     1.652958
       2.787661    -1.969293    -2.730083
       2.784278    -1.965270    -1.633630
       2.783613    -1.963995    -0.538069
       2.783570    -1.964016     0.557333
       1.899798    -2.612734     1.653910
       1.903640    -2.617633    -2.731130
       1.900019    -2.612762    -1.634552
       1.898653    -2.610992    -0.538337
       1.898582    -2.610989     0.557624
       1.010737    -3.253661     1.652987
       1.013935    -3.258156    -2.730036
       1.011009    -3.253719    -1.633586
       1.009861    -3.252714    -0.538030
       1.009775    -3.252700     0.557366
       2.656787     1.815346     1.656036
       2.661181     1.817942    -2.734307
       2.656408     1.815601    -1.637202
       2.654189     1.814421    -0.539459
       2.654348     1.814304     0.558190
       2.999293     0.774998     1.656054
       3.004242     0.776239    -2.734258
       2.999063     0.775224    -1.637060
       2.996824     0.774217    -0.539335
       2.996921     0.774117     0.558238
       3.335291    -0.268048     1.653875
       3.339381    -0.268067    -2.731639
       3.335186    -0.267871    -1.634706
       3.334202    -0.268578    -0.538463
       3.334248    -0.268654     0.557570
      -0.976854     2.864571     1.655022
      -0.979893     2.870066    -2.733479
      -0.979188     2.866491    -1.636434
      -0.978829     2.864575    -0.539109
      -0.978174     2.863987     0.557980
       0.118981     2.867470     1.656600
       0.118008     2.872827    -2.735453
       0.117390     2.868417    -1.638047
       0.117314     2.865927    -0.539885
       0.117886     2.865493     0.558296
       1.214242     2.863311     1.656322
       1.215277     2.868136    -2.734981
       1.213275     2.863694    -1.637664
       1.212784     2.861350    -0.539664
       1.213167     2.861153     0.558263
      -3.096381    -0.268025     1.656001
      -3.101074    -0.268680    -2.735160
      -3.096344    -0.267542    -1.637851
      -3.094042    -0.267434    -0.539942
      -3.094014    -0.267724     0.557923
      -2.761753     0.774793     1.656302
      -2.766817     0.776574    -2.735631
      -2.762433     0.776326    -1.638353
      -2.759968     0.775847    -0.540295
      -2.759624     0.775183     0.557914
      -2.420191     1.816049     1.654902
      -2.425452     1.820100    -2.733634
      -2.422094     1.818691    -1.636826
      -2.420086     1.817866    -0.539503
      -2.419413     1.817074     0.557733
      -0.773794    -3.253190     1.653880
      -0.774478    -3.257419    -2.731611
      -0.773548    -3.253252    -1.634681
      -0.772734    -3.252434    -0.538447
      -0.772804    -3.252431     0.557579
      -1.661945    -2.611223     1.656011
      -1.664132    -2.616129    -2.734251
      -1.661754    -2.611308    -1.637066
      -1.660262    -2.609315    -0.539359
      -1.660306    -2.609316     0.558200
      -2.545530    -1.963882     1.655918
      -2.548859    -1.968158    -2.734336
      -2.545356    -1.963996    -1.637247
      -2.543704    -1.961974    -0.539542
      -2.543736    -1.961985     0.558078
       0.117852    -3.888841     1.650970
       0.119512    -3.890694    -2.726677
       3.664211    -1.312476     1.650921
       3.665540    -1.314001    -2.726745
       2.308083     2.852202     1.654201
       2.311003     2.856058    -2.732763
      -2.071919     2.854455     1.653366
      -2.076793     2.859522    -2.729599
      -3.423886    -1.311708     1.653964
      -3.427998    -1.314615    -2.732900
       0.119718    -0.162565     3.862086
       0.120477    -0.163570    -4.944431
       0.118229    -4.829769    -2.176020
       0.116345    -4.829607    -1.083742
       0.115630    -4.829317     0.009773
       0.116093    -4.829551     1.103307
       4.559061    -1.602978    -2.176134
       4.559460    -1.601372    -1.083854
       4.559373    -1.600816     0.009671
       4.559422    -1.601495     1.103215
       2.858835     3.610964    -2.178457
       2.857450     3.609592    -1.084148
       2.857317     3.609229     0.009314
       2.857886     3.609469     1.102782
      -2.628624     3.617744    -2.174549
      -2.626295     3.616473    -1.079752
      -2.625421     3.616444     0.014395
      -2.624976     3.616169     1.107792
      -4.315263    -1.602232    -2.178598
      -4.313739    -1.600656    -1.084312
      -4.313521    -1.600245     0.009086
      -4.313988    -1.600535     1.102540
       0.120257    -1.094164     4.410651
       0.121733    -1.099017    -5.493667
       0.120206    -2.026204     3.856576
       0.121993    -2.033211    -4.937305
       0.119862    -2.958649     3.301850
       0.122015    -2.967738    -4.381035
       0.118950    -3.890530     2.746177
       0.121636    -3.900932    -3.825536
       1.005543    -0.451051     4.410655
       1.009824    -0.453575    -5.493657
       1.891987    -0.739092     3.856572
       1.898215    -0.742349    -4.937309
       2.778906    -1.026968     3.301829
       2.786992    -1.031062    -4.381066
       3.665459    -1.314119     2.746131
       3.674633    -1.319021    -3.825604
       0.667274     0.590219     4.411403
       0.670154     0.591655    -5.494705
       1.215001     1.344978     3.858323
       1.218906     1.348147    -4.939489
       1.763218     2.100467     3.304983
       1.768088     2.105322    -4.384366
       2.311525     2.855998     2.751530
       2.317301     2.862681    -3.829936
      -0.427326     0.590457     4.411432
      -0.428613     0.592040    -5.494741
      -0.975613     1.345208     3.858042
      -0.978708     1.348971    -4.939014
      -1.524041     2.100190     3.303971
      -1.529426     2.106685    -4.382886
      -2.071992     2.854614     2.749111
      -2.080765     2.864958    -3.826929
      -0.765480    -0.450569     4.411348
      -0.767503    -0.453230    -5.494771
      -1.652596    -0.738111     3.858203
      -1.656429    -0.741731    -4.939634
      -2.540560    -1.025885     3.304799
      -2.546134    -1.030457    -4.384580
      -3.428582    -1.313744     2.751304
      -3.436070    -1.319060    -3.830180
       1.009706    -1.387620     3.857741
       1.013663    -1.392675    -4.937692
       1.559284     0.304828     3.858754
       1.564224     0.304763    -4.939139
       0.119687     1.351127     3.859433
       0.120091     1.354472    -4.940131
      -1.319852     0.305414     3.859356
      -1.323207     0.305487    -4.940217
      -0.769778    -1.387085     3.858715
      -0.770719    -1.392230    -4.939177
       1.898743    -1.678992     3.303935
       1.904959    -1.684763    -4.381942
       1.012024    -2.323156     3.303942
       1.016155    -2.330668    -4.381929
       2.110858     1.061237     3.306191
       2.116910     1.063104    -4.384783
       2.449710     0.018228     3.305163
       2.456856     0.017120    -4.383716
      -0.428590     2.109964     3.306349
      -0.430411     2.115587    -4.385333
       0.667743     2.109977     3.306737
       0.669323     2.115176    -4.385807
      -2.210965     0.018817     3.306563
      -2.216243     0.017776    -4.386009
      -1.872024     1.061410     3.306266
      -1.877190     1.064114    -4.385404
      -0.772418    -2.322474     3.305144
      -0.772879    -2.330074    -4.383717
      -1.659641    -1.677781     3.306111
      -1.662649    -1.683828    -4.384836
       2.787407    -1.969291     2.749512
       2.795688    -1.975691    -3.826053
       1.903251    -2.617539     2.750601
       1.909567    -2.625687    -3.826858
       1.013450    -3.258011     2.749539
       1.017669    -3.267745    -3.826008
       2.661534     1.817777     2.753287
       2.668616     1.821674    -3.830399
       3.004455     0.776062     2.753388
       3.012793     0.776826    -3.830443
       3.339453    -0.268219     2.750908
       3.348448    -0.270538    -3.828153
      -0.976711     2.867901     2.752550
      -0.981343     2.875832    -3.830189
       0.119735     2.872136     2.754260
       0.119001     2.879460    -3.832101
       1.216188     2.867994     2.753708
       1.218953     2.875001    -3.831347
      -3.101421    -0.268385     2.753427
      -3.108563    -0.270606    -3.831664
      -2.766378     0.775567     2.754037
      -2.773254     0.777132    -3.832351
      -2.423322     1.816985     2.752503
      -2.430432     1.822928    -3.830198
      -0.774980    -3.257176     2.750912
      -0.774769    -3.266912    -3.828121
      -1.664602    -2.615759     2.753347
      -1.667163    -2.624273    -3.830431
      -2.549344    -1.967586     2.753174
      -2.554524    -1.974394    -3.830447
       3.676876    -2.258528     2.194791
       3.685069    -2.266049    -3.270057
       3.677110    -2.258465    -2.175338
       3.676706    -2.255907    -1.082945
       3.676441    -2.255321     0.009678
       3.676588    -2.255957     1.102328
       2.794304    -2.910356     2.196615
       2.802379    -2.918969    -3.271429
       2.794655    -2.910399    -2.177107
       2.791872    -2.906515    -1.083482
       2.791213    -2.905658     0.009704
       2.791696    -2.906505     1.102917
       1.906340    -3.555443     2.196638
       1.912668    -3.565482    -3.271394
       1.906765    -3.555555    -2.177073
       1.903778    -3.551779    -1.083448
       1.903027    -3.550955     0.009734
       1.903568    -3.551731     1.102944
       1.013629    -4.193308     2.194853
       1.019030    -4.203348    -3.269962
       1.014105    -4.193456    -2.175248
       1.011609    -4.192293    -1.082855
       1.010959    -4.191878     0.009761
       1.011377    -4.192230     1.102400
       3.211742     2.574152     2.200126
       3.219690     2.580118    -3.276244
       3.211372     2.574353    -2.181284
       3.206765     2.572126    -1.085625
       3.205789     2.571776     0.009343
       3.207040     2.571944     1.104355
       3.557564     1.534015     2.201149
       3.566930     1.536888    -3.276972
       3.557343     1.534241    -2.182144
       3.551742     1.532328    -1.086286
       3.550195     1.531611     0.009421
       3.551909     1.532143     1.105175
       3.896777     0.490764     2.200077
       3.907165     0.490503    -3.275981
       3.896662     0.490981    -2.180914
       3.891820     0.489673    -1.085280
       3.890992     0.488921     0.009517
       3.891914     0.489508     1.104350
       4.229519    -0.554872     2.196081
       4.238621    -0.556889    -3.272630
       4.229498    -0.554673    -2.176773
       4.228803    -0.555624    -1.083534
       4.228781    -0.555888     0.009608
       4.228833    -0.555766     1.102775
      -1.525410     3.625756     2.198383
      -1.532537     3.635474    -3.275170
      -1.530061     3.629115    -2.179461
      -1.529229     3.626176    -1.084209
      -1.528776     3.625395     0.010448
      -1.527749     3.625158     1.104565
      -0.428195     3.632710     2.201136
      -0.431666     3.641961    -3.278108
      -0.431027     3.633905    -2.182624
      -0.430782     3.629105    -1.086500
      -0.430456     3.627432     0.009284
      -0.429240     3.628045     1.104885
       0.668727     3.632709     2.201717
       0.669142     3.641728    -3.278419
       0.667173     3.632938    -2.183230
       0.666611     3.627446    -1.086977
       0.666879     3.625577     0.009277
       0.667609     3.627084     1.105451
       1.764724     3.625394     2.200422
       1.768537     3.634215    -3.277008
       1.763788     3.625426    -2.181836
       1.762536     3.620758    -1.085917
       1.762793     3.619670     0.009315
       1.763184     3.620631     1.104514
      -3.991298    -0.555882     2.200075
      -4.000379    -0.558932    -3.277387
      -3.990738    -0.556255    -2.182087
      -3.986078    -0.555744    -1.086200
      -3.985256    -0.555983     0.008937
      -3.986299    -0.555959     1.104139
      -3.659461     0.488671     2.201310
      -3.668020     0.488960    -3.278884
      -3.659275     0.489162    -2.183565
      -3.653968     0.488772    -1.087414
      -3.652292     0.488169     0.008735
      -3.653839     0.487960     1.104961
      -3.320223     1.531743     2.200895
      -3.328701     1.536334    -3.278447
      -3.321432     1.534294    -2.183079
      -3.316708     1.533086    -1.087148
      -3.314860     1.532179     0.008768
      -3.315566     1.531222     1.104517
      -2.974207     2.573119     2.198482
      -2.983810     2.581985    -3.275105
      -2.978330     2.578272    -2.180033
      -2.974832     2.576788    -1.084712
      -2.973341     2.576096     0.010322
      -2.973019     2.575097     1.104607
      -0.777439    -4.192261     2.196113
      -0.777492    -4.201971    -3.272566
      -0.776980    -4.192485    -2.176706
      -0.776070    -4.192005    -1.083475
      -0.776001    -4.191975     0.009654
      -0.776276    -4.191925     1.102813
      -1.669042    -3.552581     2.200075
      -1.671227    -3.563276    -3.275925
      -1.668640    -3.552930    -2.180868
      -1.666106    -3.548530    -1.085249
      -1.665303    -3.547820     0.009531
      -1.666264    -3.548410     1.104354
      -2.556386    -2.907467     2.201103
      -2.561267    -2.916591    -3.276921
      -2.556008    -2.907972    -2.182108
      -2.552672    -2.902928    -1.086279
      -2.551666    -2.901443     0.009399
      -2.552796    -2.902758     1.105136
      -3.438735    -2.257020     2.200003
      -3.446134    -2.264286    -3.276258
      -3.438321    -2.257676    -2.181288
      -3.435004    -2.253526    -1.085669
      -3.434515    -2.252383     0.009253
      -3.435134    -2.253337     1.104241
       0.117697    -4.829616     2.195626
       4.558962    -1.603163     2.195547
       2.859458     3.610868     2.197122
      -2.623977     3.614828     2.199946
      -4.315843    -1.601488     2.196881
       4.573823    -2.551140    -1.625943
       4.573064    -2.548919    -0.535838
       4.572991    -2.548964     0.555252
       4.573608    -2.551253     1.645401
       3.694971    -3.211933    -2.714539
       3.689001    -3.204851    -1.624426
       3.687718    -3.202502    -0.535042
       3.687616    -3.202512     0.554550
       3.688700    -3.204867     1.643970
       2.807389    -3.861403    -2.716242
       2.801962    -3.854104    -1.625477
       2.800101    -3.851711    -0.535361
       2.799983    -3.851694     0.554958
       2.801609    -3.854048     1.645108
       1.915502    -4.504957    -2.714448
       1.910415    -4.497157    -1.624334
       1.908386    -4.495280    -0.534955
       1.908259    -4.495247     0.554629
       1.910031    -4.497054     1.644040
       1.015313    -5.136732    -1.625780
       1.013208    -5.135336    -0.535680
       1.013073    -5.135295     0.555395
       1.014904    -5.136603     1.645524
       3.761671     3.331643    -1.628031
       3.759821     3.331636    -0.536458
       3.759979     3.331531     0.555087
       3.762052     3.331413     1.646726
       4.120182     2.296954    -2.723245
       4.109996     2.292570    -1.629716
       4.105927     2.291139    -0.536821
       4.106017     2.291026     0.555620
       4.110207     2.292318     1.648588
       4.463375     1.252102    -2.723118
       4.452260     1.250585    -1.629559
       4.448194     1.249194    -0.536705
       4.448245     1.249089     0.555695
       4.452373     1.250342     1.648608
       4.799665     0.205671    -2.720870
       4.789104     0.206049    -1.627194
       4.787974     0.204666    -0.536062
       4.787996     0.204571     0.555236
       4.789147     0.205821     1.646413
       5.127877    -0.842059    -1.627223
       5.128046    -0.841963    -0.536470
       5.128044    -0.842051     0.555787
       5.127855    -0.842279     1.646577
      -2.080868     4.391288    -1.626254
      -2.079670     4.391060    -0.533572
      -2.079137     4.391087     0.559239
      -2.078223     4.390779     1.650237
      -0.981963     4.403162    -2.724104
      -0.979565     4.394823    -1.629685
      -0.979061     4.392111    -0.536735
      -0.978206     4.391691     0.555738
      -0.976123     4.392976     1.647612
       0.119126     4.406310    -2.725031
       0.119520     4.396174    -1.631004
       0.120032     4.391775    -0.537296
       0.120591     4.391688     0.555723
       0.121525     4.395908     1.649073
       1.219460     4.403254    -2.724352
       1.217060     4.392744    -1.630514
       1.217116     4.388549    -0.537151
       1.217524     4.388563     0.555655
       1.218322     4.392792     1.648872
       2.313261     4.383029    -1.628356
       2.313835     4.381431    -0.536572
       2.314151     4.381423     0.555145
       2.314149     4.383044     1.646888
      -4.881035    -0.844346    -1.628688
      -4.879928    -0.844719    -0.536994
      -4.880088    -0.844831     0.554738
      -4.881655    -0.844200     1.646503
      -4.562300     0.200826    -2.724905
      -4.551734     0.201354    -1.630999
      -4.547925     0.200721    -0.537760
      -4.548014     0.200399     0.555095
      -4.552217     0.201008     1.648374
      -4.225508     1.248205    -2.725861
      -4.216182     1.246549    -1.631759
      -4.212191     1.245312    -0.538213
      -4.211991     1.244653     0.554968
      -4.216093     1.245059     1.648483
      -3.883706     2.295245    -2.724669
      -3.876045     2.291947    -1.630616
      -3.872556     2.290302    -0.537176
      -3.871947     2.289326     0.555549
      -3.873587     2.287800     1.647477
      -3.533191     3.338120    -1.626364
      -3.530894     3.336931    -0.532886
      -3.530489     3.336372     0.559989
      -3.530324     3.335464     1.650791
      -0.781320    -5.135647    -1.627124
      -0.781719    -5.135674    -0.536389
      -0.781841    -5.135619     0.555855
      -0.781722    -5.135458     1.646638
      -1.676149    -4.500013    -2.720781
      -1.673487    -4.489638    -1.627112
      -1.672053    -4.488819    -0.536004
      -1.672150    -4.488735     0.555278
      -1.673824    -4.489356     1.646447
      -2.567480    -3.857016    -2.723009
      -2.562848    -3.846601    -1.629474
      -2.560486    -3.842889    -0.536650
      -2.560557    -3.842771     0.555726
      -2.563128    -3.846182     1.648625
      -3.455157    -3.207959    -2.723131
      -3.448103    -3.199180    -1.629633
      -3.445694    -3.195368    -0.536779
      -3.445745    -3.195231     0.555626
      -3.448351    -3.198659     1.648569
      -4.328711    -2.546873    -1.628012
      -4.328336    -2.544604    -0.536489
      -4.328390    -2.544486     0.555011
      -4.328988    -2.546326     1.646625
       0.120938    -4.829189    -3.269323
       4.557690    -1.605170    -3.269436
       2.865684     3.618901    -3.276147
      -2.633073     3.623532    -3.270913
      -4.324726    -1.607035    -3.276387
       0.121431    -0.164820    -6.048700
       0.116737    -5.782316    -2.750840
       0.114314    -5.779411    -1.641126
       0.114118    -5.778156    -0.540008
       0.113981    -5.778122     0.559674
       5.465455    -1.895774    -2.751001
       5.463418    -1.892806    -1.641285
       5.462253    -1.892487    -0.540161
       5.462221    -1.892570     0.559535
       3.411160     4.370937    -2.721050
       3.411077     4.371803    -1.628890
       3.410693     4.371366    -0.537089
       3.410946     4.371288     0.555634
      -3.187272     4.388011    -2.714579
      -3.183679     4.384907    -1.620987
      -3.182500     4.384423    -0.527081
      -3.182524     4.384324     0.569323
      -5.208524    -1.893293    -2.721231
      -5.209581    -1.892021    -1.629043
      -5.209290    -1.891135    -0.537317
      -5.209398    -1.891122     0.555396
       0.122752    -1.101733    -6.612999
       0.123086    -2.044934    -6.047947
       0.123312    -2.985094    -5.487102
       0.123258    -3.925912    -4.927058
       0.122884    -4.871376    -4.365573
       1.012108    -0.455306    -6.612997
       1.909049    -0.746931    -6.047953
       2.803116    -1.037562    -5.487130
       3.697900    -1.328166    -4.927121
       4.597220    -1.619910    -4.365677
       0.671684     0.591183    -6.614627
       1.225560     1.354807    -6.050977
       1.777289     2.115619    -5.491869
       2.328843     2.876422    -4.934268
       2.881231     3.638488    -4.376634
      -0.428429     0.591906    -6.614825
      -0.983418     1.355633    -6.051064
      -1.536349     2.116553    -5.491397
      -2.089121     2.877247    -4.932892
      -2.642619     3.638964    -4.374140
      -0.767389    -0.454799    -6.614740
      -1.664682    -0.746039    -6.051203
      -2.558637    -1.036152    -5.492197
      -3.452571    -1.326040    -4.934645
      -4.348014    -1.616191    -4.377017
       1.019308    -1.400368    -6.044466
       1.572445     0.305750    -6.046423
       0.121088     1.360769    -6.047910
      -1.329329     0.306487    -6.048091
      -0.774116    -1.399763    -6.046464
       1.914879    -1.693667    -5.484936
       1.021648    -2.342817    -5.484928
       2.127218     1.067285    -5.488648
       2.469220     0.016320    -5.487185
      -0.431755     2.124838    -5.489852
       0.672730     2.124599    -5.490050
      -2.226046     0.017350    -5.490423
      -1.885265     1.068218    -5.490103
      -0.775848    -2.342131    -5.487181
      -1.669710    -1.692436    -5.488714
       2.810273    -1.985483    -4.925809
       1.918788    -2.638288    -4.927254
       1.022582    -3.284616    -4.925773
       2.680310     1.828694    -4.931699
       3.026474     0.778718    -4.931618
       3.365089    -0.273916    -4.928322
      -0.984630     2.887134    -4.932338
       0.119958     2.891231    -4.934106
       1.224563     2.886923    -4.932912
      -3.121430    -0.272473    -4.933427
      -2.784335     0.779596    -4.934689
      -2.439484     1.829401    -4.932699
      -0.776586    -3.283860    -4.928279
      -1.673072    -2.636839    -4.931599
      -2.564688    -1.983556    -4.931777
       3.707385    -2.276779    -4.365744
       2.816009    -2.931761    -4.369326
       1.920732    -3.582343    -4.369294
       1.022469    -4.227863    -4.365662
       3.233105     2.590908    -4.374911
       3.581541     1.541434    -4.376264
       3.924829     0.488946    -4.374367
       4.262282    -0.564983    -4.368572
      -1.537680     3.649122    -4.375011
      -0.433147     3.655948    -4.377989
       0.672275     3.655853    -4.378255
       1.777001     3.649311    -4.375830
      -4.017173    -0.562729    -4.376393
      -3.682053     0.489830    -4.379060
      -3.340595     1.541251    -4.379021
      -2.993415     2.590605    -4.375638
      -0.776965    -4.227088    -4.368491
      -1.675056    -3.580732    -4.374291
      -2.569945    -2.929336    -4.376207
      -3.460376    -2.274062    -4.374968
       4.614630    -2.564757    -3.801956
       4.574070    -2.555176    -2.713050
       3.715469    -3.223771    -3.809897
       2.819578    -3.878049    -3.812097
       1.920583    -4.528050    -3.809810
       1.016082    -5.179692    -3.801818
       1.019302    -5.138222    -2.712903
       3.786762     3.355097    -3.816940
       3.770559     3.337239    -2.721934
       4.136012     2.305290    -3.820400
       4.481814     1.252819    -3.820386
       4.824549     0.197259    -3.815923
       5.165686    -0.864111    -3.804798
       5.126413    -0.842891    -2.715700
      -2.090937     4.412025    -3.817170
      -2.084306     4.394607    -2.720329
      -0.986601     4.420667    -3.821147
       0.119374     4.422987    -3.822897
       1.225498     4.420295    -3.821742
       2.331001     4.413068    -3.817553
       2.316994     4.392735    -2.722477
      -4.914818    -0.853858    -3.818114
      -4.891251    -0.846064    -2.722895
      -4.580123     0.199397    -3.822574
      -4.240793     1.251690    -3.824314
      -3.896554     2.302474    -3.823379
      -3.548405     3.352445    -3.818845
      -3.538668     3.342024    -2.720428
      -0.771562    -5.178712    -3.804673
      -0.779834    -5.134613    -2.715584
      -1.675641    -4.526506    -3.815809
      -2.573659    -3.874613    -3.820254
      -3.467761    -3.220822    -3.820275
      -4.358249    -2.564633    -3.816937
      -4.336490    -2.554229    -2.721890
       5.481993    -2.857443    -2.193316
       5.481036    -2.854038    -1.089302
       5.480079    -2.853827     0.009692
       4.621001    -3.519628    -3.247624
       4.597048    -3.518552    -2.158272
       4.596247    -3.511916    -1.074729
       4.595184    -3.510734     0.009777
       4.596019    -3.511980     1.094299
       3.723694    -4.177710    -3.253906
       3.711426    -4.169860    -2.163855
       3.708739    -4.164487    -1.077173
       3.707665    -4.163254     0.009842
       3.708481    -4.164490     1.096867
       2.825285    -4.830535    -3.253844
       2.821388    -4.816572    -2.163793
       2.816896    -4.812476    -1.077113
       2.815860    -4.811183     0.009898
       2.816621    -4.812432     1.096917
       1.922222    -5.480691    -3.247452
       1.928338    -5.457666    -2.158092
       1.922030    -5.454926    -1.074555
       1.921007    -5.453617     0.009940
       1.921745    -5.454850     1.094443
       1.026157    -6.095084    -2.193040
       1.022947    -6.093142    -1.089035
       1.022785    -6.092189     0.009939
       4.321212     4.093693    -2.166125
       4.318848     4.094122    -1.079736
       4.317693     4.094163     0.009240
       4.690920     3.071978    -3.262941
       4.674453     3.056546    -2.168269
       4.666681     3.053101    -1.078950
       4.665114     3.052712     0.009352
       4.666883     3.052851     1.097684
       5.038428     2.018888    -3.265005
       5.019497     2.014088    -2.169778
       5.011338     2.011892    -1.079692
       5.009514     2.011106     0.009458
       5.011447     2.011657     1.098632
       5.382607     0.964142    -3.262667
       5.359591     0.969922    -2.167985
       5.351153     0.968825    -1.078705
       5.349727     0.967837     0.009559
       5.351208     0.968610     1.097842
       5.728667    -0.096353    -3.252696
       5.691683    -0.073921    -2.164380
       5.690911    -0.075788    -1.079016
       5.689999    -0.077002     0.009647
       5.690917    -0.075992     1.098324
       6.040260    -1.121680    -2.197085
       6.037917    -1.125145    -1.090585
       6.037269    -1.126027     0.009687
      -2.633155     5.171058    -2.169260
      -2.630361     5.169456    -1.076352
      -2.630447     5.168280     0.018865
      -1.541434     5.188831    -3.261939
      -1.529615     5.165965    -2.170571
      -1.526185     5.163237    -1.080289
      -1.525597     5.161831     0.010559
      -1.524001     5.162890     1.100195
      -0.434031     5.190606    -3.265744
      -0.429536     5.170927    -2.170752
      -0.426618     5.162840    -1.080083
      -0.426322     5.161388     0.009068
      -0.425240     5.163159     1.097972
       0.673103     5.190213    -3.266454
       0.670473     5.170776    -2.171122
       0.670936     5.162546    -1.080486
       0.671316     5.160771     0.009139
       0.671991     5.162859     1.098668
       1.781250     5.185730    -3.263759
       1.769221     5.165459    -2.168984
       1.767967     5.157220    -1.079388
       1.768525     5.155712     0.009217
       1.768827     5.157394     1.097778
       2.864903     5.150663    -2.166364
       2.865669     5.148906    -1.079873
       2.866443     5.147784     0.009274
      -5.781288    -1.132410    -2.166759
      -5.780214    -1.132538    -1.080374
      -5.779527    -1.133342     0.008812
      -5.480123    -0.092883    -3.264565
      -5.457107    -0.085916    -2.169631
      -5.448996    -0.085731    -1.080099
      -5.447811    -0.086601     0.008595
      -5.449501    -0.086210     1.097226
      -5.141946     0.961541    -3.267790
      -5.122789     0.960643    -2.172005
      -5.115269     0.959733    -1.081486
      -5.113621     0.958655     0.008322
      -5.115654     0.958710     1.097989
      -4.800009     2.013202    -3.268602
      -4.783292     2.007100    -2.172584
      -4.776769     2.004338    -1.081988
      -4.774996     2.002980     0.007749
      -4.776642     2.002411     1.097068
      -4.454335     3.063070    -3.267598
      -4.441191     3.053414    -2.171017
      -4.436090     3.049301    -1.079251
      -4.434594     3.047963     0.011664
      -4.435994     3.046951     1.100971
      -4.101669     4.105991    -2.166245
      -4.099261     4.102312    -1.073092
      -4.098221     4.101325     0.021416
      -0.797181    -6.089873    -2.196993
      -0.793429    -6.088583    -1.090485
      -0.792663    -6.088132     0.009778
      -1.675723    -5.477054    -3.252541
      -1.685919    -5.434633    -2.164250
      -1.684209    -5.434319    -1.078933
      -1.683027    -5.433665     0.009707
      -1.684464    -5.434111     1.098373
      -2.577457    -4.820409    -3.262497
      -2.576102    -4.796422    -2.167843
      -2.572740    -4.788435    -1.078593
      -2.571585    -4.787140     0.009645
      -2.572942    -4.788143     1.097906
      -3.474272    -4.167374    -3.264787
      -3.464113    -4.150456    -2.169588
      -3.459785    -4.142953    -1.079540
      -3.458676    -4.141142     0.009569
      -3.459932    -4.142600     1.098708
      -4.368462    -3.511710    -3.262718
      -4.348974    -3.500286    -2.168067
      -4.343565    -3.493411    -1.078791
      -4.342887    -3.491650     0.009451
      -4.343674    -3.493049     1.097733
      -5.226281    -2.843916    -2.166032
      -5.226177    -2.840852    -1.079671
      -5.226002    -2.839302     0.009235
       0.120292    -0.163367     4.963665
       0.113896    -5.779281     1.660805
       5.463316    -1.893015     1.660683
       3.411746     4.371648     1.647457
      -3.182821     4.384651     1.669006
      -5.210051    -1.891595     1.647214
       5.480855    -2.854173     1.108700
       1.022662    -6.093055     1.108920
       4.319216     4.093883     1.098248
       6.037891    -1.125345     1.109972
      -2.629614     5.168542     1.117160
       2.866383     5.148895     1.098399
      -5.780643    -1.132723     1.097975
      -4.099097     4.100471     1.118941
      -0.793718    -6.088441     1.110049
      -5.226300    -2.840589     1.098195
       0.120989    -1.098496     5.512956
       0.121164    -2.032755     4.956689
       0.121169    -2.967330     4.400507
       0.120804    -3.900569     3.845093
       1.009420    -0.453106     5.512957
       1.897904    -0.742054     4.956682
       2.786741    -1.030931     4.400485
       3.674416    -1.319038     3.845048
       0.669792     0.592160     5.513812
       1.218648     1.348601     4.958442
       1.767933     2.105717     4.403179
       2.317345     2.862954     3.848663
      -0.428839     0.592524     5.513974
      -0.978458     1.349117     4.958584
      -1.528159     2.105859     4.403239
      -2.076924     2.861384     3.848810
      -0.768124    -0.452371     5.513766
      -1.657190    -0.740453     4.958338
      -2.547032    -1.028723     4.403011
      -3.437020    -1.317084     3.848449
       1.013104    -1.392323     4.957156
       1.564071     0.305110     4.958408
       0.120014     1.354870     4.959207
      -1.323524     0.306260     4.959142
      -0.771552    -1.391552     4.958377
       1.904500    -1.684543     4.401458
       1.015492    -2.330362     4.401465
       2.116895     1.063350     4.403972
       2.456775     0.017283     4.403048
      -0.429977     2.115698     4.404491
       0.669302     2.115598     4.404596
      -2.216806     0.019091     4.404446
      -1.877048     1.064511     4.404429
      -0.773738    -2.329481     4.403034
      -1.663546    -1.682856     4.403903
       2.795284    -1.975590     3.845581
       1.908994    -2.625483     3.846438
       1.016958    -3.267463     3.845607
       2.668702     1.821806     3.849474
       3.012839     0.776870     3.849693
       3.348388    -0.270538     3.847516
      -0.979737     2.875224     3.849522
       0.119459     2.879815     3.850752
       1.219056     2.875435     3.849954
      -3.109392    -0.268778     3.849702
      -2.773597     0.778241     3.850573
      -2.429347     1.822147     3.849506
      -0.775585    -3.266377     3.847523
      -1.668003    -2.623458     3.849658
      -2.555425    -1.973122     3.849370
       3.684701    -2.266063     3.289584
       2.801859    -2.918861     3.291021
       1.912035    -3.565285     3.291042
       1.018305    -4.203091     3.289642
       3.219904     2.580111     3.295188
       3.567051     1.536812     3.296098
       3.907201     0.490390     3.295249
       4.238558    -0.557027     3.292015
      -1.528033     3.633474     3.294690
      -0.430076     3.642234     3.296608
       0.669791     3.642248     3.296825
       1.768945     3.634541     3.295552
      -4.001312    -0.557016     3.295230
      -3.668845     0.490646     3.296481
      -3.328698     1.536536     3.296440
      -2.980763     2.578012     3.294805
      -0.778253    -4.201501     3.292044
      -1.671965    -3.562570     3.295245
      -2.562026    -2.915569     3.296052
      -3.446964    -2.262874     3.295066
       3.694490    -3.211930     2.734139
       2.806814    -3.861297     2.735923
       1.914863    -4.504775     2.734200
       4.120376     2.296758     2.742222
       4.463461     1.251887     2.742259
       4.799669     0.205444     2.740162
      -0.977942     4.402898     2.741818
       0.120978     4.406883     2.743007
       1.220560     4.403657     2.742671
      -4.563223     0.202291     2.742227
      -4.226304     1.249001     2.742541
      -3.882478     2.292698     2.741772
      -1.676804    -4.499423     2.740187
      -2.568094    -3.856171     2.742266
      -3.455772    -3.206861     2.742189
       0.120127    -4.828894     3.288980
       4.557507    -1.605329     3.288910
       2.866028     3.619003     3.294816
      -2.622575     3.612736     3.293932
      -4.325641    -1.605146     3.294577
       4.573744    -2.555317     2.732584
       1.018617    -5.137985     2.732684
       3.770933     3.337087     2.740729
       5.126346    -0.843133     2.735115
      -2.076158     4.389026     2.738887
       2.317795     4.392897     2.740996
      -4.892177    -0.844537     2.740631
      -3.529412     3.332955     2.739296
      -0.780547    -5.134258     2.735169
      -4.337177    -2.552908     2.740613
       0.116041    -5.782049     2.770535
       5.465260    -1.896027     2.770426
       3.411828     4.370879     2.739670
      -3.183030     4.385012     2.777566
      -5.209393    -1.891802     2.739423
       0.120875    -0.164190     6.067884
       5.481646    -2.857664     2.212741
       4.596609    -3.518657     2.177874
       3.710922    -4.169853     2.183575
       2.820842    -4.816480     2.183620
       1.927769    -5.457516     2.178003
       1.025581    -6.094900     2.212941
       4.321760     4.093396     2.184734
       4.674739     3.056225     2.187078
       5.019639     2.013774     2.188778
       5.359643     0.969620     2.187167
       5.691662    -0.074220     2.183719
       6.040186    -1.121979     2.216500
      -2.625473     5.171502     2.222825
      -1.520894     5.164072     2.185868
      -0.425492     5.171672     2.187702
       0.672697     5.171355     2.189051
       1.770695     5.165753     2.187312
       2.866059     5.150703     2.184897
      -5.782315    -1.131711     2.184499
      -5.458023    -0.085301     2.186805
      -5.123875     0.960707     2.188461
      -4.784519     2.005241     2.187028
      -4.437901     3.044283     2.186223
      -4.103118     4.097487     2.224031
      -0.797773    -6.089539     2.216563
      -1.686518    -5.434212     2.183769
      -2.576623    -4.795750     2.187218
      -3.464568    -4.149604     2.188828
      -4.349384    -3.499329     2.187092
      -5.226689    -2.843006     2.184651
       0.121674    -1.100807     6.632268
       0.121980    -2.044140     6.067353
       0.122213    -2.984399     5.506609
       0.122185    -3.925298     4.946654
       0.121826    -4.870830     4.385255
       1.011398    -0.454499     6.632262
       1.908464    -0.746377     6.067343
       2.802633    -1.037230     5.506587
       3.697487    -1.328030     4.946613
       4.596837    -1.619952     4.385195
       0.670892     0.592181     6.633464
       1.224828     1.355733     6.069699
       1.776620     2.116422     5.510496
       2.328358     2.877011     4.952869
       2.881077     3.638798     4.395253
      -0.429276     0.593094     6.633474
      -0.984230     1.357031     6.069598
      -1.537341     2.118463     5.509782
      -2.090738     2.880346     4.950800
      -2.646790     3.645948     4.390669
      -0.768522    -0.453430     6.633419
      -1.665918    -0.744133     6.069601
      -2.559931    -1.033667     5.510338
      -3.453827    -1.323182     4.952661
      -4.349157    -1.613281     4.395013
       1.018482    -1.399755     6.063969
       1.571960     0.306472     6.065684
       0.120341     1.361963     6.066519
      -1.330404     0.308129     6.066454
      -0.775313    -1.398643     6.065659
       1.914208    -1.693264     5.504517
       1.020753    -2.342309     5.504523
       2.126844     1.067919     5.507839
       2.468879     0.016768     5.506569
      -0.432650     2.126428     5.508146
       0.671958     2.125742     5.508463
      -2.227311     0.019703     5.508319
      -1.886465     1.070365     5.508082
      -0.777021    -2.341155     5.506561
      -1.670998    -1.690903     5.507779
       2.809697    -1.985254     4.945409
       1.918030    -2.637955     4.946907
       1.021657    -3.284174     4.945431
       2.680042     1.829191     4.950786
       3.026277     0.779059     4.950937
       3.364835    -0.273701     4.947750
      -0.986113     2.889539     4.949962
       0.118881     2.892779     4.952069
       1.223851     2.887886     4.951252
      -3.122748    -0.269473     4.951014
      -2.785794     0.782817     4.951899
      -2.441050     1.832646     4.949927
      -0.777698    -3.282995     4.947761
      -1.674275    -2.635550     4.950910
      -2.565990    -1.981602     4.950691
       3.706855    -2.276709     4.385342
       2.815330    -2.931570     4.388985
       1.919918    -3.582045     4.389003
       1.021535    -4.227469     4.385391
       3.233017     2.591202     4.393888
       3.581462     1.541632     4.395468
       3.924714     0.489044     4.393711
       4.262072    -0.564963     4.388019
      -1.540916     3.653353     4.390876
      -0.435108     3.658255     4.395199
       0.671296     3.657092     4.396247
       1.776570     3.649967     4.394239
      -4.018370    -0.559465     4.393929
      -3.683461     0.493828     4.395931
      -3.342466     1.546327     4.395029
      -2.995827     2.596443     4.390921
      -0.778019    -4.226307     4.388049
      -1.676143    -3.579618     4.393713
      -2.571107    -2.927751     4.395426
      -3.461605    -2.271870     4.393768
       4.614095    -2.564862     3.821556
       3.714824    -3.223726     3.829549
       2.818824    -3.877876     3.831823
       1.919736    -4.527781     3.829603
       1.015150    -5.179346     3.821641
       3.786931     3.355147     3.835802
       4.136077     2.305306     3.839453
       4.481801     1.252781     3.839600
       4.824460     0.197168     3.835277
       5.165486    -0.864253     3.824270
      -2.105936     4.420333     3.828153
      -0.991604     4.424093     3.837096
       0.117660     4.424560     3.840483
       1.225057     4.421044     3.839963
       2.331039     4.413378     3.836062
      -4.915785    -0.850741     3.835706
      -4.581177     0.203426     3.839549
      -4.242136     1.257647     3.840072
      -3.898647     2.312347     3.836981
      -3.550419     3.370923     3.828351
      -0.772633    -5.177982     3.824319
      -1.676654    -4.525515     3.835304
      -2.574663    -3.873284     3.839606
      -3.468801    -3.219085     3.839414
      -4.359343    -2.562462     3.835678
       4.620358    -3.519750     3.267267
       3.722959    -4.177689     3.273648
       2.824480    -4.830403     3.273689
       1.921362    -5.480474     3.267379
       4.691154     3.071806     3.281821
       5.038520     2.018697     3.284063
       5.382604     0.963931     3.281897
       5.728579    -0.096592     3.272079
      -1.551651     5.193034     3.274278
      -0.436361     5.192047     3.282668
       0.672910     5.190931     3.284478
       1.781663     5.186085     3.282136
      -5.480783    -0.089387     3.281661
      -5.142589     0.966587     3.283941
      -4.800620     2.021895     3.282104
      -4.456626     3.082785     3.274324
      -1.676744    -5.476164     3.272128
      -2.578379    -4.819273     3.281941
      -3.475138    -4.165953     3.284099
      -4.369315    -3.510026     3.281814
       3.436579     4.404491    -3.816919
      -3.197763     4.405513    -3.813003
      -5.248139    -1.907788    -3.817301
       4.340868     4.129989    -3.254732
      -2.643877     5.187945    -3.260951
       2.895409     5.180330    -3.255048
      -5.819073    -1.153774    -3.255581
      -4.109850     4.118419    -3.264128
      -5.266533    -2.852106    -3.254652
       3.971048     5.143190    -2.203952
       3.968796     5.140208    -1.092807
       3.968618     5.139590     0.009211
       3.969390     5.140007     1.111230
       3.972056     5.142907     2.222474
      -6.116269    -2.186395    -2.204138
      -6.112893    -2.184479    -1.093063
      -6.112380    -2.184155     0.008960
      -6.113110    -2.184511     1.110973
      -6.116758    -2.185959     2.222197
       3.436835     4.404510     3.835564
      -5.249152    -1.905098     3.835304
       4.341294     4.129831     3.273459
       2.895950     5.180342     3.273640
      -5.819792    -1.150893     3.273248
      -5.267408    -2.850227     3.273351
       4.890936     4.864293    -1.646375
       4.888904     4.864212    -0.541387
       4.889158     4.864038     0.559570
       4.891589     4.863862     1.664607
       5.252371     3.843306    -2.702929
       5.245751     3.820441    -1.614192
       5.240728     3.821532    -0.531942
       5.240883     3.821353     0.550500
       5.246140     3.820000     1.632804
       5.252766     3.842953     2.721614
       5.602269     2.788114    -2.708741
       5.591910     2.780380    -1.619130
       5.587168     2.779540    -0.533414
       5.587258     2.779377     0.552233
       5.592128     2.779978     1.637982
       5.602482     2.787755     2.727632
       5.948074     1.734263    -2.708724
       5.933872     1.738933    -1.619055
       5.929699     1.736220    -0.533310
       5.929748     1.736075     0.552359
       5.933984     1.738572     1.638127
       5.948164     1.733912     2.727823
       6.292268     0.677412    -2.702687
       6.272438     0.698062    -1.613821
       6.269089     0.693327    -0.531570
       6.269112     0.693194     0.550828
       6.272481     0.697726     1.633094
       6.292273     0.677057     2.721979
       6.611508    -0.347523    -1.644775
       6.609130    -0.350494    -0.540397
       6.609135    -0.350622     0.559811
       6.611500    -0.347844     1.664195
      -2.068806     5.955952    -1.639282
      -2.068974     5.952356    -0.534794
      -2.069163     5.951570     0.565141
      -2.066533     5.954317     1.669218
      -0.993867     5.966398    -2.706768
      -0.970209     5.953371    -1.616974
      -0.971893     5.949910    -0.533318
      -0.971622     5.950338     0.550225
      -0.967473     5.955202     1.633176
      -0.991381     5.968056     2.722380
       0.118416     5.966968    -2.710033
       0.124812     5.954348    -1.620381
       0.124781     5.950193    -0.534189
       0.125185     5.950469     0.551926
       0.127240     5.955477     1.638010
       0.120187     5.967792     2.727880
       1.227916     5.964498    -2.709513
       1.221537     5.952100    -1.619883
       1.222957     5.947621    -0.533909
       1.223392     5.947805     0.552024
       1.223472     5.952672     1.637991
       1.229317     5.964977     2.727752
       2.339710     5.958452    -2.703419
       2.318009     5.945237    -1.614621
       2.321068     5.940924    -0.532142
       2.321495     5.941005     0.550535
       2.319580     5.945443     1.633014
       2.340950     5.958637     2.721874
       3.420525     5.931371    -1.646410
       3.421461     5.929387    -0.541265
       3.421875     5.929369     0.559841
       3.421889     5.931290     1.664977
      -6.695699    -1.418506    -1.647033
      -6.694278    -1.419770    -0.541817
      -6.694514    -1.419883     0.559343
      -6.696426    -1.419072     1.664508
      -6.387996    -0.385453    -2.704271
      -6.368123    -0.365459    -1.615501
      -6.365187    -0.369599    -0.532892
      -6.365484    -0.369725     0.549892
      -6.369145    -0.366317     1.632441
      -6.388334    -0.382457     2.721338
      -6.050492     0.672876    -2.710723
      -6.035763     0.680154    -1.621011
      -6.032256     0.677046    -0.534801
      -6.032551     0.676858     0.551293
      -6.037146     0.678455     1.637350
      -6.050675     0.676738     2.727149
      -5.710551     1.726265    -2.712158
      -5.698748     1.725388    -1.622240
      -5.695366     1.722690    -0.535453
      -5.695534     1.722347     0.550998
      -5.700780     1.722026     1.637246
      -5.710350     1.732487     2.727178
      -5.367679     2.776577    -2.713046
      -5.358797     2.769118    -1.623064
      -5.355789     2.766212    -0.536668
      -5.356054     2.765691     0.548401
      -5.361780     2.763213     1.632049
      -5.366727     2.789771     2.721461
      -5.024860     3.826389    -2.715375
      -5.019972     3.813102    -1.619164
      -5.017521     3.809977    -0.525392
      -5.017190     3.809697     0.570284
      -5.020798     3.808027     1.672677
      -1.710066    -6.393956    -1.644747
      -1.706834    -6.392406    -0.540371
      -1.706983    -6.392294     0.559832
      -1.710551    -6.393587     1.664211
      -2.585784    -5.774077    -2.702517
      -2.599723    -5.748450    -1.613689
      -2.594503    -5.746445    -0.531461
      -2.594623    -5.746302     0.550913
      -2.600148    -5.747970     1.633161
      -2.586743    -5.773083     2.722042
      -3.484632    -5.120317    -2.708466
      -3.485083    -5.104889    -1.618824
      -3.481505    -5.101385    -0.533119
      -3.481588    -5.101216     0.552507
      -3.485417    -5.104303     1.638240
      -3.485469    -5.119113     2.727917
      -4.380110    -4.465950    -2.708394
      -4.369947    -4.457894    -1.618816
      -4.367951    -4.453183    -0.533160
      -4.367992    -4.453011     0.552419
      -4.370183    -4.457261     1.638116
      -4.380853    -4.464579     2.727735
      -5.275590    -3.807246    -2.702557
      -5.252189    -3.807280    -1.613854
      -5.251915    -3.801635    -0.531688
      -5.251923    -3.801504     0.550663
      -5.252353    -3.806714     1.632900
      -5.276281    -3.805801     2.721668
      -6.135324    -3.147163    -1.646205
      -6.134826    -3.144702    -0.541313
      -6.134857    -3.144690     0.559572
      -6.135526    -3.146839     1.664563