
  -0.0006614532  -0.0022486527  -0.0021583140
  -0.0006676792  -0.0022269387   1.0986123085
  -0.0005339670  -0.9301655293   0.5481844544
   0.8811595440  -0.2890019715   0.5482564569
   0.5442678928   0.7483553886   0.5482617617
  -0.5454351902   0.7484457493   0.5482407212
  -0.8823819757  -0.2889497876   0.5481629968
  -0.0004032448  -0.9301947355  -0.5523290634
   0.8815676570  -0.2889336050  -0.5518664718
   0.5446036458   0.7486685514  -0.5519230962
  -0.5453958511   0.7487358451  -0.5524794459
  -0.8824047446  -0.2888340354  -0.5526716709
  -0.0001970822  -0.0019102043  -1.1028573513
  -0.0009054620  -1.8609167337  -0.0017685995
   1.7659087181  -0.5761806965  -0.0010862650
   1.0908665657   1.5015954971  -0.0010943436
  -1.0920726061   1.5009702444  -0.0018129821
  -1.7666742802  -0.5757451057  -0.0020375764
  -0.0003743462  -0.9301112890   1.6487398148
   0.0000271596  -0.9302541018  -1.6526504755
   0.8815913200  -0.2887935936   1.6483941078
   0.8827745318  -0.2886088192  -1.6520695686
   0.5445740819   0.7487343550   1.6484513283
   0.5455561280   0.7496253848  -1.6521610022
  -0.5454346538   0.7487450242   1.6489696503
  -0.5452911258   0.7496063709  -1.6529551744
  -0.8824180365  -0.2888026536   1.6490271091
  -0.8825249672  -0.2884883285  -1.6531604528
   0.8858891726  -1.2232152224   1.0982227325
   0.8865196705  -1.2236555815  -1.1015831232
   0.8858505487  -1.2233284712  -0.0016967272
   1.4335842133   0.4644573033   1.0979200602
   1.4347389936   0.4649163485  -1.1008862257
   1.4335826635   0.4643874466  -0.0013834826
  -0.0005062132   1.5068306923   1.0982514620
  -0.0002929722   1.5078808069  -1.1016875505
  -0.0004759789   1.5068210363  -0.0017357128
  -1.4342361689   0.4641574621   1.0985338688
  -1.4349013567   0.4647825658  -1.1025260687
  -1.4342187643   0.4641709924  -0.0021196129
  -0.8868160844  -1.2227584124   1.0983986855
  -0.8871521950  -1.2232054472  -1.1024847031
  -0.8868165016  -1.2228294611  -0.0021823987
  -0.0008667166  -1.8608152866   1.0981290340
  -0.0007311193  -1.8614850044  -1.1014236212
   1.7659400702  -0.5760729909   1.0976510048
   1.7669808865  -0.5760896206  -1.1000456810
   1.0908434391   1.5016354322   1.0976432562
   1.0916714668   1.5024404526  -1.1000442505
  -1.0921077728   1.5009545088   1.0983233452
  -1.0924437046   1.5020165443  -1.1017711163
  -1.7666871548  -0.5757406354   1.0982921124
  -1.7674071789  -0.5756912231  -1.1021076441
  -0.0002069018  -0.0018449071   2.1993408203
   0.0005573937  -0.0013167255  -2.2034471035
  -0.0018996814  -2.7945811749  -0.5502601266
  -0.0019129585  -2.7938082218   0.5482256413
   2.6536040306  -0.8638510704  -0.5483462214
   2.6532464027  -0.8637710214   0.5482915044
   1.6390599012   2.2574098110  -0.5482591391
   1.6387671232   2.2570934296   0.5482793450
  -1.6407601833   2.2552027702  -0.5503745675
  -1.6404186487   2.2543873787   0.5482706428
  -2.6536140442  -0.8625564575  -0.5507313013
  -2.6529450417  -0.8624798059   0.5481045842
   0.0001152812  -0.9301050901   2.7491540909
   0.0007980840  -0.9305063486  -2.7528040409
  -0.0005882486  -1.8612384796   2.1979172230
  -0.0001516527  -1.8625606298  -2.2006959915
   0.8828280568  -0.2883588970   2.7486312389
   0.8847293258  -0.2880778313  -2.7522664070
   1.7670723200  -0.5757923722   2.1966247559
   1.7695704699  -0.5757967830  -2.1993660927
   0.5455037355   0.7497468591   2.7487037182
   0.5471148491   0.7511150837  -2.7523372173
   1.0916041136   1.5025541782   2.1965990067
   1.0936231613   1.5043359995  -2.1993083954
  -0.5453674793   0.7496120334   2.7494683266
  -0.5451236963   0.7510793209  -2.7531464100
  -1.0925501585   1.5019603968   2.1982944012
  -1.0929965973   1.5040816069  -2.2012541294
  -0.8825231194  -0.2884576023   2.7495818138
  -0.8828415871  -0.2880274951  -2.7533345222
  -1.7674126625  -0.5757265687   2.1984272003
  -1.7688323259  -0.5755866170  -2.2016406059
   0.8866408467  -1.2233569622   2.1981496811
   0.8881965280  -1.2241656780  -2.2013013363
   1.4347443581   0.4651134014   2.1974344254
   1.4372026920   0.4660511017  -2.2004487514
  -0.0003825019   1.5079044104   2.1982164383
   0.0003529794   1.5100529194  -2.2014060020
  -1.4349515438   0.4647231400   2.1989696026
  -1.4361577034   0.4659491777  -2.2023768425
  -0.8871086836  -1.2230505943   2.1988143921
  -0.8877503276  -1.2238776684  -2.2022793293
   1.7740238905  -1.5141129494   1.6468503475
   1.7755905390  -1.5152035952  -1.6489324570
   1.7738934755  -1.5143768787  -0.5502217412
   1.7736237049  -1.5139573812   0.5483127832
   0.8881487846  -2.1583454609   1.6475312710
   0.8893198967  -2.1600308418  -1.6497852802
   0.8879774213  -2.1586678028  -0.5508987904
   0.8876743317  -2.1580209732   0.5483078361
   1.9853116274   1.2199207544   1.6460593939
   1.9878644943   1.2209169865  -1.6477539539
   1.9853309393   1.2197822332  -0.5495129824
   1.9846876860   1.2195677757   0.5482710600
   2.3237085342   0.1789133102   1.6460626125
   2.3262965679   0.1796575487  -1.6477744579
   2.3236737251   0.1787211001  -0.5495198369
   2.3230504990   0.1784960330   0.5482681990
  -0.5478506088   2.2644701004   1.6475137472
  -0.5478800535   2.2671542168  -1.6499437094
  -0.5477608442   2.2644951344  -0.5509706140
  -0.5476615429   2.2635755539   0.5482681990
   0.5461884737   2.2654504776   1.6467185020
   0.5468449593   2.2676417828  -1.6487741470
   0.5462700725   2.2654209137  -0.5501747727
   0.5462712646   2.2647845745   0.5482694507
  -2.3237907887   0.1787471771   1.6478731632
  -2.3259763718   0.1796277314  -1.6506816149
  -2.3237698078   0.1788498312  -0.5515004396
  -2.3229768276   0.1785309166   0.5481744409
  -1.9860162735   1.2186138630   1.6478513479
  -1.9877963066   1.2203726768  -1.6505274773
  -1.9859594107   1.2187041044  -0.5513769388
  -1.9852805138   1.2181193829   0.5482314825
  -0.8901081681  -2.1576645374   1.6476312876
  -0.8908735514  -2.1595001221  -1.6504306793
  -0.8901650310  -2.1579997540  -0.5514599681
  -0.8898714781  -2.1573002338   0.5480327010
  -1.7746129036  -1.5131657124   1.6478457451
  -1.7761577368  -1.5143648386  -1.6509088278
  -1.7746043205  -1.5132795572  -0.5516885519
  -1.7740867138  -1.5127862692   0.5480399132
  -0.0016734216  -2.7941887379   1.6468046904
  -0.0014477316  -2.7962930202  -1.6483690739
   2.6536979675  -0.8636092544   1.6449316740
   2.6554207802  -0.8636249304  -1.6456495523
   1.6389913559   2.2575011253   1.6448198557
   1.6405025721   2.2586367130  -1.6454505920
  -1.6408561468   2.2551274300   1.6469215155
  -1.6417833567   2.2576982975  -1.6489292383
  -2.6536226273  -0.8626712561   1.6469745636
  -2.6557803154  -0.8628700972  -1.6494145393
   0.0005565951  -0.0012164116   3.2999753952
   0.0014942894  -0.0005678752  -3.3041749001
  -0.0030208863  -3.7317278385  -1.0962787867
  -0.0033277809  -3.7298734188   0.0002393990
  -0.0030327349  -3.7294981480   1.0966984034
   3.5443472862  -1.1525890827  -1.0930881500
   3.5439140797  -1.1528429985   0.0011909117
   3.5439743996  -1.1527068615   1.0953792334
   2.1889107227   3.0158574581  -1.0928409100
   2.1883635521   3.0157220364   0.0012731455
   2.1883144379   3.0157768726   1.0952926874
  -2.1911385059   3.0116467476  -1.0962600708
  -2.1905016899   3.0098443031   0.0002382677
  -2.1905624866   3.0097880363   1.0963437557
  -3.5432958603  -1.1500130892  -1.0967537165
  -3.5417923927  -1.1497001648  -0.0000760627
  -3.5417969227  -1.1498156786   1.0962620974
   0.0009522865  -0.9303241372   3.8494000435
   0.0018879269  -0.9313482046  -3.8532292843
   0.0001265625  -1.8622562885   3.2973477840
   0.0009101575  -1.8645919561  -3.2997744083
  -0.0010111858  -2.7957668304   2.7451319695
  -0.0004024275  -2.7992863655  -2.7460346222
   0.8848078847  -0.2877663076   3.8488662243
   0.8876456022  -0.2875555158  -3.8526747227
   1.7697110176  -0.5753700137   3.2959685326
   1.7738871574  -0.5754956007  -3.2986645699
   2.6555943489  -0.8631851673   2.7422437668
   2.6605045795  -0.8635132313  -2.7440288067
   0.5470428467   0.7512719035   3.8489015102
   0.5494091511   0.7532886267  -3.8526556492
   1.0935145617   1.5045062304   3.2958748341
   1.0968881845   1.5074100494  -3.2984769344
   1.6403709650   2.2588055134   2.7420184612
   1.6443619728   2.2620809078  -2.7436728477
  -0.5452403426   0.7510619164   3.8496875763
  -0.5451050401   0.7533308864  -3.8534586430
  -1.0931761265   1.5039668083   3.2977974415
  -1.0938556194   1.5074020624  -3.3002991676
  -1.6419754028   2.2575352192   2.7454903126
  -1.6434059143   2.2619967461  -2.7468822002
  -0.8828101754  -0.2880402505   3.8498198986
  -0.8836557269  -0.2876624167  -3.8537225723
  -1.7687802315  -0.5757580996   3.2980315685
  -1.7712210417  -0.5756621361  -3.3008244038
  -2.6557123661  -0.8632252216   2.7457196712
  -2.6595659256  -0.8635175228  -2.7475576401
   0.8884006739  -1.2237625122   3.2979242802
   0.8910366893  -1.2251143456  -3.3006911278
   1.4372093678   0.4663421214   3.2970182896
   1.4411690235   0.4677695930  -3.2996439934
   0.0002061313   1.5100773573   3.2979574203
   0.0015445491   1.5134747028  -3.3006587029
  -1.4362398386   0.4658040702   3.2988600731
  -1.4380681515   0.4676240087  -3.3016593456
  -0.8876067400  -1.2237434387   3.2987432480
  -0.8886316419  -1.2250697613  -3.3016400337
   1.7758345604  -1.5147436857   2.7455749512
   1.7796477079  -1.5164179802  -2.7473757267
   0.8896468282  -2.1595170498   2.7464723587
   0.8921096921  -2.1621892452  -2.7479927540
   1.9878256321   1.2211728096   2.7443132401
   1.9926602840   1.2234071493  -2.7457487583
   2.3263585567   0.1800089628   2.7443346977
   2.3314943314   0.1810627878  -2.7458026409
  -0.5480582118   2.2670960426   2.7465038300
  -0.5476734638   2.2717151642  -2.7480921745
   0.5466855764   2.2676920891   2.7453315258
   0.5488284230   2.2718520164  -2.7470128536
  -2.3260116577   0.1793626994   2.7471041679
  -2.3295753002   0.1807466000  -2.7489547729
  -1.9879144430   1.2201648951   2.7470290661
  -1.9906949997   1.2231669426  -2.7487678528
  -0.8906683922  -2.1590893269   2.7468395233
  -0.8918784261  -2.1619343758  -2.7486608028
  -1.7760585546  -1.5143405199   2.7472140789
  -1.7787731886  -1.5160869360  -2.7492949963
   2.6642839909  -1.8048552275   2.1928179264
   2.6677236557  -1.8069094419  -2.1933183670
   2.6640410423  -1.8052432537  -1.0961568356
   2.6636154652  -1.8043581247   0.0002491340
   2.6637001038  -1.8042215109   1.0964167118
   1.7789595127  -2.4530134201   2.1950588226
   1.7824268341  -2.4561710358  -2.1957113743
   1.7786191702  -2.4534564018  -1.0983207226
   1.7773655653  -2.4517881870  -0.0004733387
   1.7774851322  -2.4516296387   1.0972224474
   0.8898648620  -3.0958673954   2.1950070858
   0.8920574784  -3.0995683670  -2.1950676441
   0.8893651366  -3.0964577198  -1.0981644392
   0.8882679343  -3.0946600437  -0.0004866497
   0.8884471655  -3.0944383144   1.0973236561
   2.5380084515   1.9771912098   2.1914298534
   2.5430467129   1.9790532589  -2.1912858486
   2.5380780697   1.9769778252  -1.0948739052
   2.5365786552   1.9767419100   0.0006216713
   2.5365548134   1.9768170118   1.0959283113
   2.8807930946   0.9360869527   2.1923604012
   2.8865966797   0.9378964305  -2.1923694611
   2.8807883263   0.9358097315  -1.0958253145
   2.8786540031   0.9350522757   0.0003281293
   2.8786559105   0.9351499081   1.0961962938
   3.2159781456  -0.1072732136   2.1914792061
   3.2210483551  -0.1060201600  -2.1914103031
   3.2158942223  -0.1076103076  -1.0949456692
   3.2145934105  -0.1083972678   0.0005881119
   3.2146227360  -0.1082785204   1.0959334373
  -1.0971398354   3.0234220028   2.1947355270
  -1.0975259542   3.0289852619  -2.1952042580
  -1.0969649553   3.0235166550  -1.0981479883
  -1.0967687368   3.0208511353  -0.0004794512
  -1.0968277454   3.0208203793   1.0970557928
  -0.0017642090   3.0281777382   2.1946916580
  -0.0008131042   3.0335609913  -2.1952881813
  -0.0015968711   3.0281946659  -1.0981214046
  -0.0015239785   3.0256476402  -0.0004557273
  -0.0015807219   3.0256431103   1.0970169306
   1.0939879417   3.0257253647   2.1924154758
   1.0957703590   3.0296783447  -2.1927504539
   1.0941445827   3.0256607533  -1.0958557129
   1.0943474770   3.0244555473   0.0003133568
   1.0942938328   3.0244789124   1.0962396860
  -3.2156205177  -0.1071603000   2.1950242519
  -3.2204406261  -0.1062719375  -2.1958730221
  -3.2156453133  -0.1068169698  -1.0986452103
  -3.2133371830  -0.1074065715  -0.0007536424
  -3.2133305073  -0.1075041741   1.0970853567
  -2.8809344769   0.9348872900   2.1956439018
  -2.8853754997   0.9373390675  -2.1964716911
  -2.8808884621   0.9351553917  -1.0991764069
  -2.8784847260   0.9339754581  -0.0009559644
  -2.8784983158   0.9338945150   1.0973935127
  -2.5393481255   1.9747244120   2.1949534416
  -2.5427801609   1.9785734415  -2.1956036091
  -2.5392339230   1.9749373198  -1.0984251499
  -2.5373632908   1.9733763933  -0.0006043152
  -2.5374007225   1.9733095169   1.0971170664
  -0.8933961391  -3.0949103832   2.1948111057
  -0.8946986794  -3.0991234779  -2.1954572201
  -0.8937027454  -3.0958123207  -1.0985206366
  -0.8930358887  -3.0939016342  -0.0008483633
  -0.8929256797  -3.0934989452   1.0969657898
  -1.7811809778  -2.4518351555   2.1957039833
  -1.7839450836  -2.4552781582  -2.1970272064
  -1.7812631130  -2.4522125721  -1.0996065140
  -1.7799144983  -2.4503719807  -0.0013139225
  -1.7799248695  -2.4501445293   1.0971958637
  -2.6647212505  -1.8035157919   2.1952116489
  -2.6686217785  -1.8057221174  -2.1964564323
  -2.6647593975  -1.8033571243  -1.0990675688
  -2.6631348133  -1.8019511700  -0.0010154706
  -2.6631641388  -1.8019530773   1.0970449448
  -0.0022499110  -3.7308478355   2.1932687759
  -0.0020243283  -3.7353262901  -2.1925489902
   3.5445196629  -1.1522006989   2.1896622181
   3.5464901924  -1.1517062187  -2.1883592606
   2.1887683868   3.0160131454   2.1894094944
   2.1910467148   3.0166568756  -2.1879420280
  -2.1913177967   3.0114743710   2.1928498745
  -2.1932303905   3.0164952278  -2.1934430599
  -3.5432307720  -1.1504522562   2.1929953098
  -3.5478994846  -1.1511574984  -2.1941342354
   0.0014971176  -0.0004529327   4.4007453918
   0.0025966153   0.0002721987  -4.4057402611
  -0.0037951639  -4.6733651161  -1.6395128965
  -0.0046986211  -4.6700949669  -0.5450100899
  -0.0048161130  -4.6689357758   0.5490992069
  -0.0037615381  -4.6692724228   1.6429055929
   4.4392809868  -1.4424507618  -1.6377283335
   4.4386105537  -1.4441038370  -0.5453556180
   4.4382410049  -1.4444817305   0.5482659340
   4.4387507439  -1.4438000917   1.6418901682
   2.7417066097   3.7772915363  -1.6373435259
   2.7401039600   3.7781925201  -0.5451403856
   2.7393858433   3.7783572674   0.5482855439
   2.7399749756   3.7783195972   1.6417125463
  -2.7426390648   3.7703099251  -1.6391365528
  -2.7422697544   3.7680726051  -0.5449634790
  -2.7423367500   3.7674748898   0.5483120680
  -2.7424218655   3.7679216862   1.6415913105
  -4.4353466034  -1.4385725260  -1.6397560835
  -4.4336528778  -1.4381651878  -0.5454093218
  -4.4333820343  -1.4381656647   0.5480649471
  -4.4336161613  -1.4385219812   1.6415922642
   0.0020646343  -0.9311680198   4.9498839378
   0.0031913959  -0.9336862564  -4.9559307098
   0.0012787136  -1.8642863035   4.3965392113
   0.0022666468  -1.8686418533  -4.4002900124
   0.0002155088  -2.7987694740   3.8430001736
   0.0010182930  -2.8047301769  -3.8445467949
  -0.0009417207  -3.7344295979   3.2898266315
  -0.0005656380  -3.7419416904  -3.2893571854
   0.8877241611  -0.2872327268   4.9493036270
   0.8922857046  -0.2875122428  -4.9551014900
   1.7740505934  -0.5750093460   4.3952908516
   1.7807211876  -0.5758878589  -4.3989038467
   2.6607289314  -0.8629449606   3.8406372070
   2.6694819927  -0.8643281460  -3.8428032398
   3.5467462540  -1.1511229277   3.2849426270
   3.5569157600  -1.1526107788  -3.2873897552
   0.5493097305   0.7534554601   4.9492425919
   0.5528748631   0.7568129301  -4.9549441338
   1.0967381001   1.5076137781   4.3950595856
   1.1018548012   1.5124934912  -4.3985371590
   1.6441725492   2.2623062134   3.8402519226
   1.6508601904   2.2685868740  -3.8422584534
   2.1908247471   3.0168921947   3.2845172882
   2.1987807751   3.0238537788  -3.2867789268
  -0.5452708006   0.7532734275   4.9500236511
  -0.5458173156   0.7569023967  -4.9559144974
  -1.0941070318   1.5072174072   4.3968625069
  -1.0957442522   1.5125807524  -4.4004697800
  -1.6436892748   2.2617373466   3.8434593678
  -1.6463940144   2.2687399387  -3.8451330662
  -2.1935205460   3.0162019730   3.2900435925
  -2.1973729134   3.0248658657  -3.2905890942
  -0.8836187720  -0.2877512872   4.9502425194
  -0.8857640028  -0.2877818644  -4.9563980103
  -1.7711166143  -0.5760330558   4.3972382545
  -1.7754477262  -0.5764136314  -4.4013056755
  -2.6593835354  -0.8642284274   3.8438661098
  -2.6658639908  -0.8650147319  -3.8461570740
  -3.5476610661  -1.1521024704   3.2903747559
  -3.5563125610  -1.1535047293  -3.2916023731
   0.8912908435  -1.2246886492   4.3973641396
   0.8950919509  -1.2271684408  -4.4005608559
   1.4411674738   0.4681119323   4.3962388039
   1.4469734430   0.4700704515  -4.3990230560
   0.0013407009   1.5134861469   4.3972358704
   0.0030938301   1.5185104609  -4.4002509117
  -1.4381884336   0.4673655927   4.3981733322
  -1.4410825968   0.4697869122  -4.4014520645
  -0.8884088993  -1.2250345945   4.3981838226
  -0.8900605440  -1.2273308039  -4.4016594887
   1.7799675465  -1.5158591270   3.8440401554
   1.7862921953  -1.5187824965  -3.8454718590
   0.8925526738  -2.1616215706   3.8447437286
   0.8962265849  -2.1659047604  -3.8460371494
   1.9925986528   1.2237459421   3.8423261642
   1.9999881983   1.2275497913  -3.8431799412
   2.3315694332   0.1815214157   3.8423864841
   2.3396923542   0.1826540530  -3.8432848454
  -0.5479363203   2.2716159821   3.8446729183
  -0.5474183559   2.2784683704  -3.8457753658
   0.5485967994   2.2719118595   3.8435895443
   0.5522316694   2.2785532475  -3.8447985649
  -2.3296236992   0.1802629083   3.8454155922
  -2.3349087238   0.1820402294  -3.8469443321
  -1.9908765554   1.2228183746   3.8452978134
  -1.9949694872   1.2271578312  -3.8466796875
  -0.8914918900  -2.1616513729   3.8452680111
  -0.8932452798  -2.1659405231  -3.8468973637
  -1.7785180807  -1.5163415670   3.8456766605
  -1.7826554775  -1.5189430714  -3.8475034237
   2.6680815220  -1.8063380718   3.2899792194
   2.6767082214  -1.8095051050  -3.2901313305
   1.7829253674  -2.4555556774   3.2924516201
   1.7892727852  -2.4602253437  -3.2923064232
   0.8927767873  -3.0988337994   3.2919685841
   0.8961598873  -3.1045863628  -3.2914431095
   2.5429363251   1.9793773890   3.2878549099
   2.5517172813   1.9848700762  -3.2872366905
   2.8865997791   0.9383145571   3.2889230251
   2.8961572647   0.9412623048  -3.2880892754
   3.2211709023  -0.1055132598   3.2879633904
   3.2313659191  -0.1051750183  -3.2874326706
  -1.0978102684   3.0288238525   3.2918069363
  -1.0986582041   3.0374073982  -3.2912688255
  -0.0010832126   3.0335254669   3.2918727398
   0.0013675372   3.0420086384  -3.2914576530
   1.0955207348   3.0297720432   3.2893214226
   1.1010359526   3.0376424789  -3.2892441750
  -3.2203924656  -0.1069528088   3.2922954559
  -3.2280066013  -0.1060386822  -3.2922766209
  -2.8854613304   0.9368406534   3.2929773331
  -2.8919708729   0.9404286742  -3.2929365635
  -2.5429732800   1.9781970978   3.2921545506
  -2.5481820107   1.9844696522  -3.2919006348
  -0.8941028714  -3.0982928276   3.2921411991
  -0.8959335685  -3.1044821739  -3.2920353413
  -1.7835965157  -2.4552381039   3.2933578491
  -1.7878806591  -2.4599387646  -3.2938475609
  -2.6683566570  -1.8063486814   3.2926547527
  -2.6749646664  -1.8093229532  -3.2930612564
   3.5566487312  -2.0967240334   2.7351121902
   3.5652244091  -2.1003911495  -2.7345843315
   3.5562927723  -2.0972480774  -1.6384563446
   3.5562059879  -2.0963153839  -0.5450115800
   3.5563836098  -2.0960984230   0.5483313799
   3.5563988686  -2.0960352421   1.6416705847
   2.6725254059  -2.7479703426   2.7393753529
   2.6812224388  -2.7532992363  -2.7380878925
   2.6720299721  -2.7484927177  -1.6426259279
   2.6687598228  -2.7451660633  -0.5467012525
   2.6686089039  -2.7441332340   0.5483884215
   2.6690268517  -2.7448894978   1.6434683800
   1.7843600512  -3.3946659565   2.7406079769
   1.7904011011  -3.4008920193  -2.7390275002
   1.7836296558  -3.3952627182  -1.6437218189
   1.7801635265  -3.3914885521  -0.5476414561
   1.7794709206  -3.3900721073   0.5484632254
   1.7805500031  -3.3911752701   1.6445541382
   0.8927025795  -4.0370178223   2.7396664619
   0.8954344392  -4.0437908173  -2.7373301983
   0.8915247321  -4.0378561020  -1.6424885988
   0.8892084956  -4.0343265533  -0.5470305681
   0.8887454271  -4.0330696106   0.5485994816
   0.8898041844  -4.0338945389   1.6442146301
   3.0925288200   2.7361137867   2.7331235409
   3.1024885178   2.7411005497  -2.7312195301
   3.0926787853   2.7358145714  -1.6365559101
   3.0899882317   2.7362325191  -0.5442375541
   3.0892641544   2.7362630367   0.5482821465
   3.0899107456   2.7363941669   1.6408027411
   3.4401223660   1.6954481602   2.7349021435
   3.4508039951   1.6998685598  -2.7326242924
   3.4401760101   1.6950757504  -1.6383651495
   3.4355432987   1.6936228275  -0.5448191762
   3.4345018864   1.6933808327   0.5482617617
   3.4355158806   1.6938232183   1.6413463354
   3.7796716690   0.6518802047   2.7349205017
   3.7909450531   0.6540992260  -2.7326929569
   3.7796323299   0.6514399648  -1.6384128332
   3.7750904560   0.6497544050  -0.5448520184
   3.7741010189   0.6494316459   0.5482426286
   3.7751109600   0.6499909759   1.6413432360
   4.1108984947  -0.3937965035   2.7332484722
   4.1216979027  -0.3925793171  -2.7314920425
   4.1107544899  -0.3942990303  -1.6367440224
   4.1089019775  -0.3962976933  -0.5443552136
   4.1083784103  -0.3966224492   0.5482397676
   4.1089782715  -0.3960272372   1.6408410072
  -1.6478186846   3.7854089737   2.7387256622
  -1.6501225233   3.7955753803  -2.7369921207
  -1.6475346088   3.7855985165  -1.6420851946
  -1.6472034454   3.7802498341  -0.5465269089
  -1.6474717855   3.7789969444   0.5483129621
  -1.6473500729   3.7801532745   1.6431567669
  -0.5515382290   3.7935090065   2.7397260666
  -0.5505843163   3.8037018776  -2.7379055023
  -0.5512619019   3.7935981750  -1.6431123018
  -0.5514457226   3.7875263691  -0.5473157167
  -0.5514882803   3.7857210636   0.5483000278
  -0.5515889525   3.7874822617   1.6439199448
   0.5455420613   3.7942135334   2.7385807037
   0.5497011542   3.8041417599  -2.7370369434
   0.5458077788   3.7942006588  -1.6419997215
   0.5453335643   3.7891166210  -0.5464216471
   0.5455852747   3.7880578041   0.5482848287
   0.5451951027   3.7891261578   1.6429952383
   1.6427824497   3.7878847122   2.7344942093
   1.6481521130   3.7958152294  -2.7337501049
   1.6430375576   3.7877650261  -1.6379295588
   1.6435272694   3.7867901325  -0.5447622538
   1.6435894966   3.7867085934   0.5482767820
   1.6433924437   3.7868559361   1.6413193941
  -4.1106209755  -0.3939658701   2.7390973568
  -4.1204147339  -0.3940566778  -2.7378690243
  -4.1107540131  -0.3932088614  -1.6426857710
  -4.1060404778  -0.3938673437  -0.5469104052
  -4.1051287651  -0.3943995833   0.5481683016
  -4.1059737206  -0.3941853344   1.6432746649
  -3.7789163589   0.6504601240   2.7403900623
  -3.7876496315   0.6529753804  -2.7389688492
  -3.7789375782   0.6510510445  -1.6438859701
  -3.7736330032   0.6493878365  -0.5478372574
  -3.7720282078   0.6486681700   0.5482229590
  -3.7736148834   0.6491218805   1.6443012953
  -3.4401469231   1.6932981014   2.7403547764
  -3.4476449490   1.6987676620  -2.7388730049
  -3.4400568008   1.6937584877  -1.6438105106
  -3.4352102280   1.6909762621  -0.5477750301
  -3.4336955547   1.6901557446   0.5482528210
  -3.4352512360   1.6907590628   1.6442924738
  -3.0947437286   2.7332870960   2.7389867306
  -3.1010169983   2.7414090633  -2.7375080585
  -3.0945498943   2.7336516380  -1.6424127817
  -3.0909395218   2.7304527760  -0.5466887355
  -3.0901806355   2.7299244404   0.5482770205
  -3.0910379887   2.7302753925   1.6432498693
  -0.8965073228  -4.0353384018   2.7393097878
  -0.8986007571  -4.0435876846  -2.7376782894
  -0.8975548148  -4.0372977257  -1.6426509619
  -0.8967401981  -4.0336122513  -0.5471113920
  -0.8963655233  -4.0321636200   0.5484184623
  -0.8961771131  -4.0324020386   1.6437213421
  -1.7878979445  -3.3931715488   2.7407619953
  -1.7920734882  -3.4001224041  -2.7401375771
  -1.7883270979  -3.3939313889  -1.6446256638
  -1.7859700918  -3.3899586201  -0.5484357476
  -1.7852407694  -3.3883764744   0.5478811264
  -1.7858594656  -3.3891386986   1.6441960335
  -2.6753563881  -2.7467820644   2.7407927513
  -2.6820027828  -2.7519698143  -2.7402276993
  -2.6756141186  -2.7464330196  -1.6448173523
  -2.6721215248  -2.7426295280  -0.5485367179
  -2.6712481976  -2.7411882877   0.5478214622
  -2.6721448898  -2.7424962521   1.6443265676
  -3.5578556061  -2.0955991745   2.7393102646
  -3.5667004585  -2.0991888046  -2.7386040688
  -3.5580670834  -2.0948114395  -1.6432461739
  -3.5544905663  -2.0919222832  -0.5473095179
  -3.5540640354  -2.0911252499   0.5479565263
  -3.5545151234  -2.0921208858   1.6433154345
  -0.0016681012  -4.6718516350   2.7371916771
   4.4395413399  -1.4418830872   2.7342741489
   2.7414598465   3.7775299549   2.7339174747
  -2.7429289818   3.7700119019   2.7357702255
  -4.4351282120  -1.4395242929   2.7359659672
   4.4521088600  -2.3920145035  -1.0888041258
   4.4522423744  -2.3921949863   0.0020940863
   4.4523534775  -2.3920364380   1.0945478678
   4.4524235725  -2.3915519714   2.1854429245
   3.5707995892  -3.0465888977  -2.1827898026
   3.5617058277  -3.0411624908  -1.0888087749
   3.5617442131  -3.0394384861   0.0025740904
   3.5618920326  -3.0392978191   1.0941828489
   3.5621252060  -3.0407457352   2.1855528355
   2.6833763123  -3.6958770752  -2.1853227615
   2.6748261452  -3.6892929077  -1.0913362503
   2.6725952625  -3.6859664917   0.0019720884
   2.6727962494  -3.6858379841   1.0949103832
   2.6754107475  -3.6889030933   2.1881999969
   1.7908416986  -4.3412184715  -2.1860005856
   1.7849032879  -4.3344063759  -1.0919548273
   1.7829523087  -4.3310446739   0.0017950286
   1.7832158804  -4.3309183121   1.0953197479
   1.7857108116  -4.3340001106   2.1890513897
   0.8922094107  -4.9784131050  -1.0908546448
   0.8910339475  -4.9757394791   0.0023231574
   0.8913369179  -4.9756169319   1.0953564644
   0.8932445645  -4.9779419899   2.1884667873
   3.6478862762   3.4984214306  -1.0871738195
   3.6453900337   3.4984827042   0.0028213596
   3.6453351974   3.4985754490   1.0937724113
   3.6477260590   3.4986858368   2.1837644577
   4.0050849915   2.4583945274  -2.1757450104
   3.9963710308   2.4549162388  -1.0857186317
   3.9936552048   2.4545271397   0.0035463327
   3.9936258793   2.4546370506   1.0929930210
   3.9962859154   2.4552328587   2.1822614670
   4.3487215042   1.4137183428  -2.1775343418
   4.3400244713   1.4108211994  -1.0868551731
   4.3371415138   1.4099072218   0.0031465462
   4.3371353149   1.4100335836   1.0933276415
   4.3400063515   1.4111850262   2.1833372116
   4.6854596138   0.3668824732  -2.1758904457
   4.6764583588   0.3644860089  -1.0858312845
   4.6740708351   0.3632796109   0.0034691161
   4.6740884781   0.3634226322   1.0929560661
   4.6765093803   0.3648963571   2.1822681427
   5.0084543228  -0.6840742826  -1.0874152184
   5.0065612793  -0.6854429841   0.0026738802
   5.0066089630  -0.6852829456   1.0937346220
   5.0085916519  -0.6836179495   2.1838397980
  -2.1983971596   4.5425176620  -1.0887802839
  -2.1994130611   4.5403990746   0.0026583830
  -2.1995038986   4.5403337479   1.0940328836
  -2.1986620426   4.5423235893   2.1854727268
  -1.1029466391   4.5644373894  -2.1840693951
  -1.1023072004   4.5531654358  -1.0906136036
  -1.1025648117   4.5486555099   0.0021788639
  -1.1026540995   4.5486178398   1.0944812298
  -1.1025667191   4.5530533791   2.1872770786
  -0.0031121431   4.5682806969  -2.1841170788
  -0.0054066139   4.5571193695  -1.0906099081
  -0.0056400383   4.5527338982   0.0021596767
  -0.0057276501   4.5527215004   1.0944483280
  -0.0056598689   4.5570840836   2.1872236729
   1.0960311890   4.5649838448  -2.1819858551
   1.0921474695   4.5550050735  -1.0883573294
   1.0928581953   4.5534968376   0.0026864337
   1.0927734375   4.5535130501   1.0938757658
   1.0919034481   4.5550541878   2.1849277020
   2.1936259270   4.5535116196  -1.0884461403
   2.1933462620   4.5537509918   0.0022034019
   2.1932625771   4.5537953377   1.0943390131
   2.1933817863   4.5536413193   2.1849961281
  -5.0013761520  -0.6809811592  -1.0893199444
  -5.0000877380  -0.6820501089   0.0023372883
  -5.0000309944  -0.6822265983   1.0940473080
  -5.0012044907  -0.6816384196   2.1857414246
  -4.6825494766   0.3654069006  -2.1849410534
  -4.6720938683   0.3642939329  -1.0912120342
  -4.6682295799   0.3630395532   0.0018961573
  -4.6681923866   0.3628697395   1.0946178436
  -4.6719932556   0.3637237251   2.1877529621
  -4.3455219269   1.4120495319  -2.1856055260
  -4.3362064362   1.4083124399  -1.0917024612
  -4.3322567940   1.4065815210   0.0017352784
  -4.3322525024   1.4064319134   1.0948182344
  -4.3362040520   1.4078350067   2.1882770061
  -4.0027132034   2.4568402767  -2.1848518848
  -3.9942085743   2.4503574371  -1.0911356211
  -3.9907538891   2.4483497143   0.0019424972
  -3.9907841682   2.4482219219   1.0946203470
  -3.9943053722   2.4499635696   2.1877140999
  -3.6461806297   3.4895679951  -1.0890653133
  -3.6450541019   3.4889981747   0.0025015536
  -3.6451182365   3.4888908863   1.0940856934
  -3.6463763714   3.4892466068   2.1856653690
  -0.9017369151  -4.9777431488  -1.0904946327
  -0.9018172026  -4.9750542641   0.0029581822
  -0.9016586542  -4.9745092392   1.0960675478
  -0.9000756741  -4.9753017426   2.1884148121
  -1.7962180376  -4.3399972916  -2.1868233681
  -1.7930786610  -4.3325920105  -1.0925375223
  -1.7919946909  -4.3291492462   0.0013715548
  -1.7918678522  -4.3286514282   1.0949213505
  -1.7925592661  -4.3306055069   2.1882975101
  -2.6877806187  -3.6934292316  -2.1872360706
  -2.6820569038  -3.6861398220  -1.0929851532
  -2.6800730228  -3.6825397015   0.0007951222
  -2.6800789833  -3.6821551323   1.0943291187
  -2.6819372177  -3.6858608723   2.1884033680
  -3.5755753517  -3.0435066223  -2.1860299110
  -3.5674388409  -3.0370135307  -1.0920737982
  -3.5651035309  -3.0338511467   0.0012675724
  -3.5651633739  -3.0337486267   1.0942921638
  -3.5673651695  -3.0373671055   2.1878080368
  -4.4482426643  -2.3837723732  -1.0897375345
  -4.4478545189  -2.3822731972   0.0020085324
  -4.4478969574  -2.3823404312   1.0938340425
  -4.4482011795  -2.3844025135   2.1856873035
  -0.0023393275  -4.6806015968  -2.7347192764
   4.4395675659  -1.4396919012  -2.7311582565
   2.7435648441   3.7753236294  -2.7305881977
  -2.7475972176   3.7797753811  -2.7367920876
  -4.4452075958  -1.4415445328  -2.7376728058
   0.0038752016   0.0011481672  -5.5100641251
  -0.0040698843  -5.6248807907  -2.1805541515
  -0.0055523627  -5.6195664406  -1.0877277851
  -0.0064921109  -5.6175794601   0.0042290916
  -0.0066176080  -5.6173744202   1.0959868431
   5.3448295593  -1.7379747629  -2.2126953602
   5.3413419724  -1.7391763926  -1.1029045582
   5.3402252197  -1.7386567593  -0.0016794630
   5.3403043747  -1.7384823561   1.0981600285
   3.3002116680   4.5489978790  -2.2121808529
   3.2965326309   4.5480170250  -1.1025307178
   3.2956476212   4.5470857620  -0.0015019354
   3.2955689430   4.5471591949   1.0980758667
  -3.2947037220   4.5305714607  -2.1816956997
  -3.2962522507   4.5301165581  -1.0896105766
  -3.2965478897   4.5290756226   0.0020329624
  -3.2966423035   4.5289816856   1.0946341753
  -5.3289842606  -1.7281222343  -2.1824014187
  -5.3296251297  -1.7284440994  -1.0901364088
  -5.3292083740  -1.7283523083   0.0016362711
  -5.3291959763  -1.7284948826   1.0944675207
   0.0045552533  -0.9337304235  -6.0761146545
   0.0036258106  -1.8770937920  -5.5123372078
   0.0024023592  -2.8168125153  -4.9530310631
   0.0008514865  -3.7562906742  -4.3953394890
  -0.0009208423  -4.6971983910  -3.8379693031
   0.8949909210  -0.2870156169  -6.0746340752
   1.7921104431  -0.5780919790  -5.5097327232
   2.6863625050  -0.8681446314  -4.9490308762
   3.5811879635  -1.1585977077  -4.3890533447
   4.4803180695  -1.4508242607  -3.8275599480
   0.5551819205   0.7586791515  -6.0743260384
   1.1096116304   1.5215566158  -5.5092024803
   1.6621385813   2.2820520401  -4.9483256340
   2.2148261070   3.0432729721  -4.3882784843
   2.7700040340   3.8084759712  -3.8267965317
  -0.5450966954   0.7585096359  -6.0757837296
  -1.1001924276   1.5211957693  -5.5119376183
  -1.6534199715   2.2808847427  -4.9526495934
  -2.2067961693   3.0403356552  -4.3949403763
  -2.7611722946   3.8009510040  -3.8372945786
  -0.8857253790  -0.2873696387  -6.0764789581
  -1.7836999893  -0.5786862969  -5.5131258965
  -2.6784501076  -0.8687395453  -4.9540767670
  -3.5730228424  -1.1586633921  -4.3963460922
  -4.4688272476  -1.4490357637  -3.8385174274
   0.9010356665  -1.2321597338  -5.5081567764
   1.4560285807   0.4733287394  -5.5058612823
   0.0046367412   1.5268272161  -5.5075364113
  -1.4470794201   0.4728884399  -5.5091385841
  -0.8932119608  -1.2324312925  -5.5096244812
   1.7967247963  -1.5247817039  -4.9492344856
   0.9020202756  -2.1742441654  -4.9504404068
   2.0116050243   1.2344349623  -4.9461979866
   2.3529849052   0.1844084859  -4.9463491440
  -0.5482455492   2.2897248268  -4.9496321678
   0.5568501949   2.2902061939  -4.9482660294
  -2.3447103500   0.1837082654  -4.9512553215
  -2.0031173229   1.2334961891  -4.9508838654
  -0.8961664438  -2.1744887829  -4.9516406059
  -1.7897416353  -1.5251355171  -4.9520463943
   2.6922280788  -1.8161112070  -4.3905501366
   1.7992981672  -2.4688084126  -4.3939642906
   0.9015541077  -3.1149616241  -4.3936595917
   2.5656623840   1.9958645105  -4.3869886398
   2.9110772610   0.9463406801  -4.3884897232
   3.2489876747  -0.1054798290  -4.3872509003
  -1.1016676426   3.0508730412  -4.3925595284
   0.0038648031   3.0557360649  -4.3926196098
   1.1095017195   3.0525326729  -4.3893918991
  -3.2408888340  -0.1059681550  -4.3940076828
  -2.9031612873   0.9450743198  -4.3948941231
  -2.5578043461   1.9937045574  -4.3934655190
  -0.8983541727  -3.1151897907  -4.3945384026
  -1.7943484783  -2.4690108299  -4.3962669373
  -2.6855204105  -1.8162391186  -4.3949742317
   3.5892913342  -2.1075403690  -3.8307442665
   2.6966879368  -2.7618246078  -3.8368678093
   1.7999463081  -3.4113237858  -3.8391203880
   0.9004176259  -4.0556879044  -3.8375966549
   3.1197376251   2.7591114044  -3.8268790245
   3.4672784805   1.7090047598  -3.8304824829
   3.8095269203   0.6567060351  -3.8305673599
   4.1461234093  -0.3967536092  -3.8272254467
  -1.6560467482   3.8118989468  -3.8356471062
  -0.5502404571   3.8191637993  -3.8371818066
   0.5567978621   3.8205711842  -3.8353931904
   1.6633440256   3.8159074783  -3.8296444416
  -4.1371927261  -0.3961330354  -3.8368587494
  -3.8016173840   0.6557441354  -3.8388624191
  -3.4599266052   1.7063466311  -3.8387224674
  -3.1124961376   2.7544543743  -3.8363175392
  -0.9005211592  -4.0559148788  -3.8381648064
  -1.7979091406  -3.4113819599  -3.8407905102
  -2.6919660568  -2.7615869045  -3.8404905796
  -3.5817019939  -2.1069374084  -3.8377463818
   4.4960651398  -2.3961188793  -3.2667431831
   4.4515600204  -2.3902943134  -2.1774334908
   3.5963041782  -3.0541636944  -3.2781479359
   2.6986074448  -3.7062168121  -3.2831659317
   1.8000438213  -4.3535242081  -3.2844583988
   0.8997003436  -4.9977154732  -3.2821512222
   0.8955007195  -4.9847974777  -2.1843621731
   3.6738131046   3.5330042839  -3.2630610466
   3.6519775391   3.4973726273  -2.1742045879
   4.0227928162   2.4742779732  -3.2710330486
   4.3683748245   1.4202198982  -3.2733194828
   4.7090187073   0.3646020591  -3.2712123394
   5.0495357513  -0.6967880726  -3.2634799480
   5.0110225677  -0.6808411479  -2.1745331287
  -2.2120730877   4.5743160248  -3.2775616646
  -2.2004549503   4.5530867577  -2.1825785637
  -1.1057103872   4.5822796822  -3.2811927795
   0.0021391867   4.5861754417  -3.2813560963
   1.1119776964   4.5861496925  -3.2769901752
   2.2268295288   4.5827226639  -3.2658677101
   2.1941928864   4.5518364906  -2.1768398285
  -5.0351309776  -0.6873393059  -3.2785961628
  -5.0116310120  -0.6811547875  -2.1834037304
  -4.7001352310   0.3656484783  -3.2823956013
  -4.3606672287   1.4177825451  -3.2835714817
  -4.0164203644   2.4684028625  -3.2822580338
  -3.6680743694   3.5171422958  -3.2781629562
  -3.6535484791   3.4969472885  -2.1831212044
  -0.9033576846  -4.9979839325  -3.2824196815
  -0.9022598267  -4.9845209122  -2.1843686104
  -1.8016120195  -4.3534173965  -3.2855923176
  -2.6973235607  -3.7057003975  -3.2857689857
  -3.5900602341  -3.0536017418  -3.2837598324
  -4.4797286987  -2.3978958130  -3.2792408466
  -4.4568519592  -2.3893404007  -2.1839282513
   5.3547430038  -2.7018861771  -1.6587359905
   5.3548722267  -2.6974945068  -0.5521506071
   5.3550324440  -2.6961581707   0.5483099818
   4.5005826950  -3.3475341797  -2.7144782543
   4.4567961693  -3.3442316055  -1.6259272099
   4.4573698044  -3.3424253464  -0.5404855013
   4.4576139450  -3.3406696320   0.5483744144
   4.4576873779  -3.3421044350   1.6372283697
   3.5977108479  -4.0016331673  -2.7247836590
   3.5746750832  -3.9934611320  -1.6298282146
   3.5685098171  -3.9878845215  -0.5402711034
   3.5683827400  -3.9859685898   0.5484120846
   3.5689263344  -3.9876146317   1.6370922327
   2.7000977993  -4.6513972282  -2.7282285690
   2.6857416630  -4.6387367249  -1.6323556900
   2.6808273792  -4.6328439713  -0.5415869355
   2.6805238724  -4.6307606697   0.5484825969
   2.6813514233  -4.6326117516   1.6385493279
   1.8019686937  -5.2967886925  -2.7301621437
   1.7940660715  -5.2828097343  -1.6339756250
   1.7913075686  -5.2766480446  -0.5423911810
   1.7911462784  -5.2746748924   0.5486839414
   1.7919120789  -5.2764201164   1.6397511959
   0.9005836844  -5.9342007637  -1.6331303120
   0.8999623060  -5.9296240807  -0.5415894389
   0.8998720050  -5.9280705452   0.5493196845
   4.2198204994   4.2675900459  -1.6544729471
   4.2160878181   4.2678217888  -0.5505394340
   4.2154402733   4.2671527863   0.5483232141
   4.5838580132   3.2441720963  -2.7087407112
   4.5752534866   3.2217402458  -1.6194640398
   4.5685534477   3.2231285572  -0.5360485911
   4.5670180321   3.2226796150   0.5482873321
   4.5684633255   3.2233684063   1.6326236725
   4.9326291084   2.1875720024  -2.7151315212
   4.9212517738   2.1783733368  -1.6251553297
   4.9152193069   2.1775887012  -0.5386034250
   4.9136881828   2.1771614552   0.5482405424
   4.9151754379   2.1778571606   1.6350872517
   5.2761425972   1.1316046715  -2.7152249813
   5.2615904808   1.1322975159  -1.6252366304
   5.2562747002   1.1294300556  -0.5386678576
   5.2547516823   1.1290787458   0.5481972098
   5.2562756538   1.1297292709   1.6350673437
   5.6156964302   0.0720060393  -2.7090394497
   5.5956730843   0.0850923210  -1.6197214127
   5.5911626816   0.0801282004  -0.5362467170
   5.5896816254   0.0798240006   0.5481646657
   5.5912122726   0.0804580823   1.6325839758
   5.9233560562  -0.9697242379  -1.6548823118
   5.9206290245  -0.9719593525  -0.5508651733
   5.9197978973  -0.9715285301   0.5481442809
  -2.7503302097   5.3101816177  -1.6267020702
  -2.7520515919   5.3075399399  -0.5404090881
  -2.7528679371   5.3061013222   0.5483874083
  -1.6637586355   5.3466572762  -2.7235801220
  -1.6546198130   5.3259501457  -1.6289753914
  -1.6542593241   5.3171749115  -0.5397673845
  -1.6547563076   5.3153624535   0.5483700633
  -1.6544719934   5.3170719147   1.6365075111
  -0.5547997355   5.3520240784  -2.7258651257
  -0.5564319491   5.3323645592  -1.6306889057
  -0.5572991967   5.3237571716  -0.5406917930
  -0.5574508309   5.3216795921   0.5483351946
  -0.5575078130   5.3237042427   1.6373631954
   0.5547383428   5.3537001610  -2.7237093449
   0.5418137312   5.3335013390  -1.6290713549
   0.5398854613   5.3250784874  -0.5398691893
   0.5400887132   5.3233885765   0.5482965112
   0.5396804810   5.3250751495   1.6364644766
   1.6703445911   5.3553495407  -2.7138016224
   1.6372191906   5.3269991875  -1.6255630255
   1.6384540796   5.3257350922  -0.5402988195
   1.6390620470   5.3245344162   0.5482637286
   1.6382545233   5.3257894516   1.6368322372
   2.7414386272   5.3349828720  -1.6583439112
   2.7437252998   5.3317394257  -0.5519104004
   2.7441143990   5.3309326172   0.5482584238
  -5.9018449783  -0.9680597186  -1.6273876429
  -5.9004364014  -0.9692871571  -0.5409632325
  -5.8995022774  -0.9703473449   0.5482138395
  -5.6002988815   0.0734430701  -2.7245924473
  -5.5775895119   0.0786175057  -1.6297566891
  -5.5694541931   0.0776478127  -0.5402857661
  -5.5680456161   0.0766274333   0.5483092070
  -5.5693411827   0.0772334635   1.6369196177
  -5.2619366646   1.1282821894  -2.7273211479
  -5.2432231903   1.1252093315  -1.6317579746
  -5.2357268333   1.1231428385  -0.5413357019
  -5.2339720726   1.1221810579   0.5483260751
  -5.2356748581   1.1227567196   1.6379975080
  -4.9196763039   2.1810872555  -2.7273240089
  -4.9032654762   2.1712038517  -1.6317678690
  -4.8964533806   2.1673252583  -0.5413471460
  -4.8947110176   2.1665117741   0.5483121872
  -4.8964748383   2.1669831276   1.6379781961
  -4.5730876923   3.2332966328  -2.7245423794
  -4.5584836006   3.2143628597  -1.6297373772
  -4.5519690514   3.2093119621  -0.5402846932
  -4.5505661964   3.2088053226   0.5482941866
  -4.5520620346   3.2090148926   1.6368782520
  -4.2055444717   4.2515420914  -1.6271258593
  -4.2045435905   4.2508606911  -0.5408076644
  -4.2035531998   4.2507467270   0.5482956171
  -0.9107629657  -5.9336509705  -1.6323260069
  -0.9130051732  -5.9289765358  -0.5401671529
  -0.9140096307  -5.9276175499   0.5519011021
  -1.8071043491  -5.2964215279  -2.7307913303
  -1.8031382561  -5.2809176445  -1.6341872215
  -1.8028599024  -5.2743663788  -0.5420830846
  -1.8029831648  -5.2725400925   0.5497058630
  -1.8032246828  -5.2735939026   1.6409934759
  -2.7032873631  -4.6500835419  -2.7302083969
  -2.6941962242  -4.6349186897  -1.6340534687
  -2.6915745735  -4.6283731461  -0.5431376696
  -2.6912448406  -4.6260762215   0.5471004248
  -2.6918072701  -4.6270589828   1.6371519566
  -3.5976045132  -3.9998834133  -2.7289052010
  -3.5834362507  -3.9871940613  -1.6330629587
  -3.5786764622  -3.9813776016  -0.5424268842
  -3.5781652927  -3.9792909622   0.5475620627
  -3.5789415836  -3.9809060097   1.6375019550
  -4.4905791283  -3.3451693058  -2.7254841328
  -4.4686985016  -3.3363251686  -1.6305383444
  -4.4626402855  -3.3309078217  -0.5409856439
  -4.4623026848  -3.3292241096   0.5477431417
  -4.4628267288  -3.3309257030   1.6364485025
  -5.3459310532  -2.6795666218  -1.6277158260
  -5.3455281258  -2.6778671741  -0.5412973762
  -5.3455014229  -2.6765205860   0.5478804111
   0.0025765796   0.0003766369   5.5023374557
  -0.0051910086  -5.6187181473   2.1873095036
   5.3415694237  -1.7386814356   2.1994016171
   3.2963063717   4.5482244492   2.1991062164
  -3.2965347767   4.5298342705   2.1862826347
  -5.3294939995  -1.7291814089   2.1863152981
  -0.0026623886  -5.6435675621  -3.2798326015
  -3.3183546066   4.5656290054  -3.2776231766
  -5.3690381050  -1.7409750223  -3.2786560059
   5.3551235199  -2.6971321106   1.6487767696
   0.9020073414  -5.9480013847  -2.7299950123
   0.9004179239  -5.9292912483   1.6400924921
   4.2159528732   4.2680363655   1.6471852064
   5.9207310677  -0.9716024995   1.6471632719
  -2.7781271935   5.3404779434  -2.7152538300
  -2.7522678375   5.3073768616   1.6371821165
   2.7435295582   5.3318409920   1.6484274864
  -5.9394583702  -0.9874956012  -2.7161409855
  -5.9003071785  -0.9696909785   1.6374211311
  -4.2236433029   4.2909994125  -2.7158081532
  -4.2047085762   4.2506089211   1.6374065876
  -0.9087108374  -5.9484348297  -2.7298314571
  -0.9145758748  -5.9282002449   1.6438018084
  -5.3880038261  -2.6857161522  -2.7165486813
  -5.3456258774  -2.6781103611   1.6370533705
   0.0033202970  -0.9335471988   6.0525908470
   0.0026038936  -1.8683940172   5.4970784187
   0.0016340871  -2.8042929173   4.9415898323
   0.0005586597  -3.7411801815   4.3868799210
   0.8923282623  -0.2872135341   6.0517406464
   1.7808701992  -0.5753971338   5.4955468178
   2.6697168350  -0.8637014627   4.9394273758
   3.5572123528  -1.1519035101   4.3839869499
   0.5527310967   0.7569705248   6.0515484810
   1.1016561985   1.5127116442   5.4951343536
   1.6506153345   2.2688472271   4.9388494492
   2.1984906197   3.0241458416   4.3833646774
  -0.5460411310   0.7567949295   6.0524950027
  -1.0960612297   1.5123294592   5.4970488548
  -1.6467566490   2.2683932781   4.9417233467
  -2.1977572441   3.0244631767   4.3871984482
  -0.8857705593  -0.2879668772   6.0529098511
  -1.7753494978  -0.5769845843   5.4976778030
  -2.6656227112  -0.8660570383   4.9423861504
  -3.5559267998  -1.1549417973   4.3877444267
   0.8953298926  -1.2267872095   5.4972558022
   1.4469469786   0.4704288542   5.4956378937
   0.0028292807   1.5185005665   5.4968509674
  -1.4412516356   0.4694175422   5.4979825020
  -0.8898544312  -1.2274497747   5.4981880188
   1.7866230011  -1.5182172060   4.9421548843
   0.8966834545  -2.1654026508   4.9428205490
   1.9998984337   1.2279373407   4.9397740364
   2.3397622108   0.1831686795   4.9398918152
  -0.5477603078   2.2783284187   4.9423737526
   0.5519312024   2.2786138058   4.9413948059
  -2.3349776268   0.1813468337   4.9434189796
  -1.9952092171   1.2266778946   4.9432320595
  -0.8928194642  -2.1659133434   4.9435319901
  -1.7823429108  -1.5195440054   4.9438128471
   2.6771116257  -1.8088434935   4.3867983818
   1.7898235321  -2.4595768452   4.3890519142
   0.8969341516  -3.1039228439   4.3883824348
   2.5515701771   1.9852712154   4.3838186264
   2.8961524963   0.9417750835   4.3846616745
   3.2315058708  -0.1045575589   4.3840084076
  -1.0990403891   3.0371837616   4.3878831863
   0.0010049426   3.0419518948   4.3880572319
   1.1007045507   3.0377550125   4.3858299255
  -3.2279369831  -0.1070585549   4.3887057304
  -2.8920950890   0.9397032261   4.3894715309
  -2.5484461784   1.9839392900   4.3884735107
  -0.8951714039  -3.1040735245   4.3889307976
  -1.7873418331  -2.4605259895   4.3901429176
  -2.6745147705  -1.8105111122   4.3891415596
   3.5656731129  -2.0996978283   3.8312444687
   2.6818339825  -2.7526304722   3.8348243237
   1.7912710905  -3.4001917839   3.8358974457
   0.8967773914  -4.0429673195   3.8345615864
   3.1022841930   2.7415084839   3.8277986050
   3.4507305622   1.7003699541   3.8291749954
   3.7909977436   0.6546897888   3.8292195797
   4.1218843460  -0.3919059932   3.8280160427
  -1.6505262852   3.7953023911   3.8336408138
  -0.5509773493   3.8035697937   3.8345289230
   0.5493236780   3.8041501045   3.8336272240
   1.6477922201   3.7959709167   3.8303215504
  -4.1202130318  -0.3953002095   3.8342871666
  -3.7876341343   0.6520406008   3.8355062008
  -3.4477851391   1.6980634928   3.8354463577
  -3.1012952328   2.7408661842   3.8340976238
  -0.8970943093  -4.0421199799   3.8350634575
  -1.7911906242  -3.4004554749   3.8364739418
  -2.6813178062  -2.7532954216   3.8361198902
  -3.5661399364  -2.1007609367   3.8345551491
   3.5714161396  -3.0459489822   3.2795295715
   2.6842312813  -3.6952698231   3.2821683884
   1.7920452356  -4.3405838013   3.2830903530
   4.0049481392   2.4588806629   3.2722921371
   4.3486948013   1.4142780304   3.2740287781
   4.6855435371   0.3675091863   3.2723469734
  -1.1033536196   4.5642585754   3.2807383537
  -0.0035078679   4.5682206154   3.2807366848
   1.0956484079   4.5650496483   3.2785596848
  -4.6824059486   0.3643715680   3.2815144062
  -4.3455333710   1.4112229347   3.2822093964
  -4.0028743744   2.4561793804   3.2814497948
  -1.7946270704  -4.3391551971   3.2832050323
  -2.6868224144  -3.6946914196   3.2827033997
  -3.5748291016  -3.0450901985   3.2817394733
  -0.0000153325  -4.6792330742   3.8329575062
   4.4399018288  -1.4389405251   3.8277223110
   2.7432246208   3.7756419182   3.8271687031
  -2.7480027676   3.7793416977   3.8334281445
  -4.4447360039  -1.4431743622   3.8337855339
   4.4520139694  -2.3895912170   3.2740752697
   0.8971421123  -4.9840307236   3.2820363045
   3.6517131329   3.4977679253   3.2707841396
   5.0112433434  -0.6801546216   3.2709908485
  -2.2008740902   4.5527820587   3.2792778015
   2.1938245296   4.5520348549   3.2734022141
  -5.0113425255  -0.6824375391   3.2798485756
  -3.6538534164   3.4964137077   3.2797253132
  -0.8982110620  -4.9803318977   3.2822935581
  -4.4563179016  -2.3909509182   3.2798092365
  -0.0024996509  -5.6234960556   3.2794060707
   5.3451733589  -1.7372272015   3.3092191219
   3.2998700142   4.5493135452   3.3087673187
  -3.2951409817   4.5301275253   3.2783684731
  -5.3285641670  -1.7297023535   3.2785558701
   0.0037988047   0.0012190777   6.6066679955
   5.3551959991  -2.7012269497   2.7553861141
   4.4573531151  -3.3436067104   2.7226512432
   3.5754377842  -3.9929282665   2.7266433239
   2.6867280006  -4.6382627487   2.7293207645
   1.7952599525  -5.2823286057   2.7313427925
   0.9017600417  -5.9335336685   2.7313871384
   4.2195615768   4.2679896355   2.7511188984
   4.5750789642   3.2221953869   2.7160408497
   4.9211668968   2.1788828373   2.7216458321
   5.2615928650   1.1328630447   2.7216475010
   5.5957655907   0.0857123658   2.7160770893
   5.9235482216  -0.9690580368   2.7511992455
  -2.7507338524   5.3098592758   2.7234625816
  -1.6550259590   5.3257470131   2.7257137299
  -0.5568318963   5.3322620392   2.7273626328
   0.5414237380   5.3334994316   2.7256736755
   1.6368502378   5.3271193504   2.7221174240
   2.7410807610   5.3351645470   2.7548582554
  -5.9015340805  -0.9690731764   2.7238664627
  -5.5773735046   0.0776592344   2.7264122963
  -5.2431383133   1.1243633032   2.7284398079
  -4.9033236504   2.1704819202   2.7284154892
  -4.5586795807   3.2137567997   2.7263462543
  -4.2058906555   4.2510571480   2.7237517834
  -0.9123415947  -5.9310188293   2.7350387573
  -1.8010302782  -5.2769188881   2.7307777405
  -2.6935036182  -4.6354122162   2.7283105850
  -3.5828075409  -3.9882991314   2.7283313274
  -4.4682040215  -3.3375346661   2.7261042595
  -5.3457493782  -2.6808650494   2.7235965729
  -3.8569591045   5.3010969162  -1.6646220684
  -3.8553998470   5.2974300385  -0.5535870790
  -3.8552627563   5.2966365814   0.5483511090
  -3.8556168079   5.2972154617   1.6502879858
  -3.8573620319   5.3006820679   2.7613129616
  -6.2362461090  -2.0226023197  -1.6650983095
  -6.2327303886  -2.0214529037  -0.5540947914
  -6.2321915627  -2.0212767124   0.5480216742
  -6.2327098846  -2.0217447281   1.6501318216
  -6.2360024452  -2.0234844685   2.7612073421
   0.0045845457  -0.9336479306   7.1727199554
   0.0038281155  -1.8769844770   6.6090126038
   0.0027843302  -2.8166551590   6.0498509407
   0.0014721891  -3.7561004162   5.4924268723
   0.0000365777  -4.6971049309   4.9354920387
  -0.0025496180  -5.6436624527   4.3770546913
   0.8949718475  -0.2867499590   7.1712598801
   1.7922139168  -0.5776154995   6.6063799858
   2.6865711212  -0.8674988151   6.0456700325
   3.5814778805  -1.1578241587   5.4856705666
   4.4806637764  -1.4499502182   4.9241561890
   0.5549827218   0.7588399053   7.1709299088
   1.1093509197   1.5217889547   6.6058063507
   1.6618323326   2.2823386192   6.0449242592
   2.2144758701   3.0436024666   5.4848718643
   2.7695977688   3.8088488579   4.9233870506
  -0.5453642607   0.7583310604   7.1723809242
  -1.1005620956   1.5208868980   6.6085286140
  -1.6538472176   2.2804708481   6.0492463112
  -2.2072563171   3.0398480892   5.4915537834
  -2.7616629601   3.8004128933   4.9339303970
  -3.3188934326   4.5650510788   4.3742833138
  -0.8858630061  -0.2876553237   7.1729249954
  -1.7836892605  -0.5794107914   6.6094117165
  -2.6782405376  -0.8699915409   6.0501914024
  -3.5725975037  -1.1603912115   5.4923524857
  -4.4682235718  -1.4510904551   4.9344840050
  -5.3683342934  -1.7431885004   4.3746018410
   0.9011967778  -1.2318439484   6.6048445702
   1.4559602737   0.4736914933   6.6024832726
   0.0042995596   1.5267996788   6.6041526794
  -1.4473030567   0.4724411964   6.6056747437
  -0.8931233287  -1.2327340841   6.6060380936
   1.7970020771  -1.5242531300   6.0459270477
   0.9023729563  -2.1738660336   6.0472054482
   2.0114774704   1.2348548174   6.0427999496
   2.3530325890   0.1849508584   6.0429706573
  -0.5486674905   2.2895550728   6.0462417603
   0.5564738512   2.2902674675   6.0448794365
  -2.3448128700   0.1828682125   6.0477323532
  -2.0034046173   1.2329251766   6.0474543571
  -0.8959185481  -2.1748244762   6.0480518341
  -1.7895280123  -1.5260188580   6.0481734276
   2.6926040649  -1.8154302835   5.4872264862
   1.7997763157  -2.4682145119   5.4907116890
   0.9021428227  -3.1145129204   5.4905576706
   2.5654797554   1.9963191748   5.4835748672
   2.9110574722   0.9469144344   5.4850740433
   3.2491259575  -0.1047970578   5.4838471413
  -1.1021391153   3.0506021976   5.4891786575
   0.0034141613   3.0556628704   5.4892320633
   1.1090925932   3.0526571274   5.4859943390
  -3.2408134937  -0.1072322056   5.4904236794
  -2.9033172131   0.9441794753   5.4914517403
  -2.5581245422   1.9930595160   5.4900579453
  -0.8979321122  -3.1155881882   5.4909901619
  -1.7939437628  -2.4701991081   5.4921927452
  -2.6850962639  -1.8177709579   5.4908504486
   3.5897490978  -2.1067624092   4.9274101257
   2.6972761154  -2.7611117363   4.9335975647
   1.8006916046  -3.4106695652   4.9359722137
   0.9013433456  -4.0552053452   4.9347553253
   3.1194970608   2.7595965862   4.9234580994
   3.4671905041   1.7095925808   4.9270405769
   3.8095867634   0.6573958397   4.9271092415
   4.1463236809  -0.3959664404   4.9237742424
  -1.6565501690   3.8115601540   4.9322953224
  -0.5507335067   3.8189959526   4.9338116646
   0.5563237667   3.8205709457   4.9319968224
   1.6628966331   3.8160820007   4.9262328148
  -4.1369352341  -0.3977467120   4.9332451820
  -3.8016057014   0.6545328498   4.9354200363
  -3.4601073265   1.7054479122   4.9353218079
  -3.1128377914   2.7537713051   4.9329257011
  -0.8998261094  -4.0564150810   4.9346785545
  -1.7972078323  -3.4132311344   4.9363274574
  -2.6912314892  -2.7636275291   4.9360327721
  -3.5810322762  -2.1089627743   4.9335083961
   4.4965958595  -2.3952558041   4.3634014130
   3.5969879627  -3.0533950329   4.3748788834
   2.6994807720  -3.7055056095   4.3800001144
   1.8011441231  -4.3528823853   4.3815574646
   0.9009774923  -4.9974098206   4.3799257278
   3.6734929085   3.5335474014   4.3596405983
   4.0226259232   2.4748883247   4.3675837517
   4.3683505058   1.4209098816   4.3698239326
   4.7091302872   0.3653747141   4.3676862717
   5.0497736931  -0.6959341764   4.3599700928
  -2.2126102448   4.5739307404   4.3742561340
  -1.1062319279   4.5820465088   4.3778643608
   0.0016292336   4.5860896111   4.3779826164
   1.1114716530   4.5862116814   4.3735775948
   2.2263228893   4.5829443932   4.3624444008
  -5.0347399712  -0.6891489625   4.3750052452
  -4.6999592781   0.3642104566   4.3789854050
  -4.3606910706   1.4166600704   4.3802013397
  -4.0166277885   2.4675230980   4.3788790703
  -3.6684484482   3.5164346695   4.3747835159
  -0.9020442963  -4.9985008240   4.3786816597
  -1.8002725840  -4.3568172455   4.3801078796
  -2.6959619522  -3.7086696625   4.3806614876
  -3.5889286995  -3.0561304092   4.3791961670
  -4.4788327217  -2.4001708031   4.3749775887
   4.5013399124  -3.3466989994   3.8112046719
   3.5986566544  -4.0009078979   3.8215987682
   2.7012827396  -4.6507430077   3.8252177238
   1.8033941984  -5.2961688042   3.8275854588
   0.9035316706  -5.9474320412   3.8281817436
   4.5835995674   3.2448306084   3.8053123951
   4.9325079918   2.1882889271   3.8116271496
   5.2761468887   1.1323832273   3.8116471767
   5.6158256531   0.0728435293   3.8054201603
  -2.7787041664   5.3400597572   3.8120052814
  -1.6643109322   5.3463759422   3.8203167915
  -0.5553384423   5.3518767357   3.8225412369
   0.5542036295   5.3536863327   3.8203177452
   1.6697999239   5.3554668427   3.8103706837
  -5.9389953613  -0.9892175794   3.8126032352
  -5.5999975204   0.0719439834   3.8212583065
  -5.2618246078   1.1270202398   3.8240220547
  -4.9197568893   2.1800403595   3.8239905834
  -4.5733532906   3.2324190140   3.8211686611
  -4.2240891457   4.2902379036   3.8124420643
  -0.9113377333  -5.9516525269   3.8259837627
  -1.8039444685  -5.3045339584   3.8218834400
  -2.7004468441  -4.6546969414   3.8235492706
  -3.5955262184  -4.0032362938   3.8237645626
  -4.4890322685  -3.3478083611   3.8209149837
  -5.3868584633  -2.6881320477   3.8122961521
   5.3618559837  -3.6636960506  -1.1062488556
   5.3623027802  -3.6593375206  -0.0017648691
   5.3624897003  -3.6591465473   1.0985556841
   5.3623824120  -3.6631405354   2.2030434608
   4.5027623177  -4.3040528297  -2.1642386913
   4.4730873108  -4.3100371361  -1.0753557682
   4.4741077423  -4.3036170006   0.0070900712
   4.4743285179  -4.3034553528   1.0897052288
   4.4737267494  -4.3095526695   2.1721580029
   4.5037350655  -4.3032679558   3.2610373497
   3.6041376591  -4.9558510780  -2.1707861423
   3.5878906250  -4.9528622627  -1.0809550285
   3.5878405571  -4.9473261833   0.0053036041
   3.5881021023  -4.9471969604   1.0915322304
   3.5886619091  -4.9524631500   2.1778066158
   3.6052742004  -4.9551968575   3.2676615715
   2.7079994678  -5.6033864021  -2.1730618477
   2.7007629871  -5.5948247910  -1.0825504065
   2.7006208897  -5.5899987221   0.0048647886
   2.7009086609  -5.5898966789   1.0921686888
   2.7016348839  -5.5944914818   2.1796066761
   2.7092831135  -5.6028265953   3.2701647282
   1.8130544424  -6.2506899834  -2.1817491055
   1.8137879372  -6.2389316559  -1.0868973732
   1.8142250776  -6.2345480919   0.0038578124
   1.8144892454  -6.2344312668   1.0939675570
   1.8146518469  -6.2385754585   2.1846640110
   1.8144016266  -6.2501525879   3.2794933319
  -3.3077399731   6.0896067619  -1.1067599058
  -3.3088662624   6.0871891975  -0.0019323637
  -3.3089938164   6.0870976448   1.0988156796
  -3.3081085682   6.0893392563   2.2036397457
  -2.2241635323   6.1186962128  -2.1633718014
  -2.2052118778   6.1049237251  -1.0747239590
  -2.2083749771   6.1001453400   0.0073319883
  -2.2085015774   6.1000790596   1.0895161629
  -2.2055826187   6.1047296524   2.1715683937
  -2.2247602940   6.1183896065   3.2602043152
  -1.1124753952   6.1257052422  -2.1694457531
  -1.1089518070   6.1132116318  -1.0799134970
  -1.1101343632   6.1082344055   0.0056533394
  -1.1102586985   6.1081943512   1.0911066532
  -1.1093175411   6.1130928993   2.1766724586
  -1.1130645275   6.1255187988   3.2662024498
  -0.0032925822   6.1292619705  -2.1696853638
  -0.0126523040   6.1170597076  -1.0800769329
  -0.0118127484   6.1121535301   0.0055620163
  -0.0119352918   6.1121382713   1.0910948515
  -0.0130126560   6.1170153618   2.1767342091
  -0.0038762772   6.1291894913   3.2663443089
   1.1082508564   6.1303143501  -2.1638340950
   1.0820306540   6.1177821159  -1.0750389099
   1.0850992203   6.1131196022   0.0071290699
   1.0849776268   6.1131296158   1.0894238949
   1.0816745758   6.1178126335   2.1715946198
   1.1076674461   6.1303601265   3.2604026794
   2.1812970638   6.1174468994  -1.1061648130
   2.1830241680   6.1143088341  -0.0018413166
   2.1829032898   6.1143426895   1.0982927084
   2.1809515953   6.1175460815   2.2026176453
  -6.8158373833  -1.2550989389  -1.1075206995
  -6.8141994476  -1.2566846609  -0.0023812028
  -6.8141613007  -1.2568293810   1.0988017321
  -6.8156704903  -1.2557281256   2.2040042877
  -6.5080580711  -0.2192538232  -2.1643512249
  -6.4885530472  -0.2017180324  -1.0755585432
  -6.4853324890  -0.2061429769   0.0069936421
  -6.4852614403  -0.2063313425   1.0897722244
  -6.4883570671  -0.2024087161   2.1723527908
  -6.5077452660  -0.2206707597   3.2611560822
  -6.1703104973   0.8396512866  -2.1705231667
  -6.1562061310   0.8442682624  -1.0808048248
  -6.1523790359   0.8412517905   0.0053483956
  -6.1523327827   0.8410487771   1.0914630890
  -6.1560816765   0.8435761929   2.1776301861
  -6.1701416969   0.8383331299   3.2673580647
  -5.8297095299   1.8945633173  -2.1714627743
  -5.8187327385   1.8900600672  -1.0815528631
  -5.8147268295   1.8882440329   0.0051022703
  -5.8147177696   1.8880455494   1.0916481018
  -5.8187165260   1.8894140720   2.1783118248
  -5.8297133446   1.8933839798   3.2682313919
  -5.4849910736   2.9481246471  -2.1706345081
  -5.4770207405   2.9344308376  -1.0809125900
  -5.4725766182   2.9337518215   0.0052614794
  -5.4726066589   2.9335687160   1.0913943052
  -5.4771175385   2.9338529110   2.1775743961
  -5.4851703644   2.9470868111   3.2673077583
  -5.1356859207   4.0032515526  -2.1644749641
  -5.1311674118   3.9759082794  -1.0757040977
  -5.1264829636   3.9768190384   0.0068869395
  -5.1265497208   3.9766540527   1.0896903276
  -5.1313719749   3.9754002094   2.1722869873
  -5.1360435486   4.0023274422   3.2610800266
  -4.7771553993   5.0204219818  -1.1074899435
  -4.7753872871   5.0200791359  -0.0023008776
  -4.7754850388   5.0199298859   1.0988543034
  -4.7774462700   5.0199775696   2.2040431499
  -1.8212095499  -6.2497372627  -2.1809875965
  -1.8270660639  -6.2357621193  -1.0850051641
  -1.8287595510  -6.2317080498   0.0085263252
  -1.8296133280  -6.2317061424   1.1040204763
  -1.8309857845  -6.2343282700   2.2066240311
  -2.7148456573  -5.6012310982  -2.1749401093
  -2.7136139870  -5.5892558098  -1.0845750570
  -2.7139945030  -5.5846176147   0.0026478141
  -2.7143683434  -5.5840811729   1.0889912844
  -2.7171456814  -5.5860610008   2.1741542816
  -2.7040584087  -5.6112565994   3.2644646168
  -3.6090419292  -4.9524693489  -2.1732542515
  -3.6012966633  -4.9439063072  -1.0832089186
  -3.6009435654  -4.9391679764   0.0038532508
  -3.6010525227  -4.9388833046   1.0906921625
  -3.6030576229  -4.9425406456   2.1773266792
  -3.6040699482  -4.9574184418   3.2671916485
  -4.5027589798  -4.2995119095  -2.1715145111
  -4.4877061844  -4.2956638336  -1.0817849636
  -4.4872732162  -4.2904863358   0.0044707092
  -4.4873719215  -4.2904791832   1.0906419754
  -4.4885234833  -4.2953820229   2.1767561436
  -4.4998946190  -4.3027005196   3.2664542198
  -5.3974671364  -3.6411571503  -2.1649286747
  -5.3707118034  -3.6443603039  -1.0761818886
  -5.3711857796  -3.6386566162   0.0063336454
  -5.3712720871  -3.6387631893   1.0890216827
  -5.3711156845  -3.6445813179   2.1714777946
  -5.3954319954  -3.6437611580   3.2602868080
  -6.2542629242  -2.9841451645  -1.1077680588
  -6.2541708946  -2.9817311764  -0.0026832630
  -6.2542366982  -2.9818634987   1.0983604193
  -6.2544908524  -2.9844853878   2.2034049034
