
c       0.007045     0.021691     0.912500
c       0.278783    -0.814909     0.368841
c      -0.704534    -0.495411     0.368838
c      -0.704471     0.538636     0.368898
c       0.278894     0.858351     0.369017
c       0.886529     0.021689     0.368903
c      -0.264838    -0.815093    -0.510760
c      -0.872594     0.021547    -0.510713
c      -0.264756     0.858211    -0.510629
c       0.718638     0.538687    -0.510626
c       0.718612    -0.495466    -0.510709
c       0.007004     0.021547    -1.054281
c       0.291034     0.895724     1.416178
c       0.925846     0.021726     1.416089
c       0.290915    -0.852281     1.416009
c      -0.736321    -0.518513     1.416006
c      -0.736263     0.561777     1.416084
c       1.209867     0.895751     0.848286
c       1.209766    -0.852313     0.848107
c      -0.452450    -1.392493     0.848074
c      -1.479703     0.021547     0.848100
c      -0.452299     1.435821     0.848282
c       1.034499     1.435944    -0.070641
c       0.007098     1.769766    -0.070644
c       1.669376     0.561856    -0.070730
c       1.669331    -0.518601    -0.070814
c       1.034377    -1.392620    -0.070867
c       0.006959    -1.726467    -0.070865
c      -1.020421    -1.392652    -0.070868
c      -1.655389    -0.518664    -0.070874
c      -1.655343     0.561649    -0.070824
c      -1.020304     1.435784    -0.070737
c       1.493979     0.021544    -0.989726
c       0.466490    -1.392777    -0.989787
c      -1.196047    -0.852587    -0.989792
c      -1.195987     0.895566    -0.989733
c       0.466556     1.435907    -0.989625
c       0.750523     0.561731    -1.557667
c       0.750498    -0.518748    -1.557730
c      -0.277027    -0.852616    -1.557749
c      -0.912070     0.021453    -1.557735
c      -0.277002     0.895594    -1.557670
c       0.007018     0.021616     1.957863
c       0.567830     1.747611     0.836867
c       1.821274     0.021611     0.836591
c       0.567604    -1.704011     0.836508
c      -1.460797    -1.044944     0.836502
c      -1.460744     1.088001     0.836581
c       1.475205     1.088302    -0.977923
c       1.475156    -1.045251    -0.978004
c      -0.553839    -1.704551    -0.978032
c      -1.807804     0.021445    -0.978014
c      -0.553775     1.747556    -0.977929
c       0.006974     0.021445    -2.099596
c       0.294709     0.907044     2.468546
c       0.937921     0.021577     2.468510
c       0.294625    -0.863897     2.468457
c      -0.746155    -0.525728     2.468454
c      -0.746124     0.568756     2.468506
c       0.580260     1.785878     1.898059
c       1.861435     0.021573     1.897820
c       0.579988    -1.742230     1.897726
c      -1.493286    -1.068584     1.897720
c      -1.493263     1.111579     1.897810
c       1.233203     0.912739     1.913737
c       1.233098    -0.869316     1.913573
c      -0.461382    -1.419972     1.913530
c      -1.508578     0.021508     1.913565
c      -0.461199     1.463283     1.913732
c       1.511146     1.785890     1.322744
c       2.149108    -0.863940     1.322394
c      -0.173165    -2.289507     1.322341
c      -2.246470    -0.521386     1.322347
c      -1.205546     1.997079     1.322495
c       2.149153     0.907073     1.322504
c       1.510964    -1.742249     1.322358
c      -1.205650    -1.954033     1.322338
c      -2.246484     0.564272     1.322381
c      -0.172832     2.333047     1.322739
c       1.333451     2.333128     0.391757
c       0.292588     2.671324     0.391755
c       2.614722     0.568825     0.391397
c       2.614688    -0.525815     0.391349
c       1.333237    -2.289594     0.391287
c       0.292300    -2.627817     0.391295
c      -1.781067    -1.954140     0.391289
c      -2.424402    -1.068665     0.391276
c      -2.424397     1.111480     0.391334
c      -1.781012     1.997083     0.391384
c       1.795550     1.997475    -0.532349
c      -0.278544     2.671387    -0.532355
c       2.438798     1.111987    -0.532412
c       2.438725    -1.069005    -0.532469
c       1.795450    -1.954436    -0.532509
c      -0.278636    -2.628344    -0.532502
c      -1.319476    -2.290155    -0.532505
c      -2.601335    -0.525837    -0.532522
c      -2.601313     0.568600    -0.532484
c      -1.319419     2.333104    -0.532423
c       0.765044     2.354561    -0.538815
c       2.459733     0.021501    -0.539042
c       0.764893    -2.311329    -0.539109
c      -1.977372    -1.420315    -0.539117
c      -1.977326     1.463186    -0.539054
c       1.991230     1.463468     0.397992
c       1.991125    -1.420169     0.397743
c      -0.750938    -2.311150     0.397720
c      -2.445611     0.021412     0.397730
c      -0.750738     2.354386     0.397984
c       2.261068     0.564638    -1.463422
c       1.220101    -1.954540    -1.463446
c      -1.497374    -1.742982    -1.463450
c      -2.135888     0.906883    -1.463436
c       0.186960     2.333184    -1.463358
c       2.261030    -0.521760    -1.463424
c       0.186911    -2.290239    -1.463445
c      -2.135924    -0.864103    -1.463456
c      -1.497351     1.785820    -1.463433
c       1.220163     1.997477    -1.463355
c       0.760231     0.568677    -2.610019
c       0.760207    -0.525914    -2.610055
c      -0.280768    -0.864138    -2.610063
c      -0.924131     0.021360    -2.610060
c      -0.280767     0.906917    -2.610022
c       1.507862     1.111891    -2.038832
c       1.507811    -1.069080    -2.038861
c      -0.566327    -1.742997    -2.038867
c      -1.848224     0.021360    -2.038871
c      -0.566324     1.785834    -2.038838
c       1.523049     0.021411    -2.054952
c       0.475449    -1.420504    -2.054971
c      -1.219587    -0.869755    -2.054976
c      -1.219578     0.912543    -2.054960
c       0.475484     1.463374    -2.054902
c       0.006953     0.021424     3.010417
c       0.858838     2.643248     1.308281
c       2.762371     0.021414     1.307624
c       0.858388    -2.599139     1.307562
c      -2.222191    -1.598200     1.307553
c      -2.222227     1.641005     1.307609
c       2.237328     1.641862    -1.448528
c       2.237258    -1.599066    -1.448519
c      -0.844962    -2.600542    -1.448526
c      -2.749880     0.021350    -1.448533
c      -0.844970     2.643359    -1.448537
c       0.006946     0.021351    -3.152479
c       0.296719     0.913239     3.529258
c       0.944714     0.021299     3.529257
c       0.296692    -0.870600     3.529226
c      -0.751773    -0.529934     3.529223
c      -0.751790     0.572525     3.529252
c       0.586215     1.804214     2.962715
c       1.881159     0.021347     2.962629
c       0.586058    -1.761118     2.962551
c      -1.509304    -1.080295     2.962545
c      -1.509358     1.122991     2.962620
c       1.244930     0.920964     2.979424
c       1.244843    -0.878034     2.979314
c      -0.465917    -1.433922     2.979267
c      -1.523210     0.021359     2.979306
c      -0.465857     1.476832     2.979419
c       0.872589     2.685577     2.379189
c       2.806811     0.021290     2.378659
c       0.872091    -2.641443     2.378586
c      -2.258148    -1.624368     2.378577
c      -2.258257     1.667028     2.378644
c       1.534233     1.811555     2.401300
c       2.180707    -0.878046     2.401015
c      -0.176739    -2.323951     2.400955
c      -2.280306    -0.528708     2.400971
c      -1.222966     2.026907     2.401127
c       2.180773     0.920967     2.401137
c       1.534029    -1.768059     2.400982
c      -1.223010    -1.983997     2.400952
c      -2.280344     0.571435     2.401002
c      -0.176430     2.367383     2.401295
c       1.810238     2.685567     1.799737
c       3.096592    -0.870634     1.799074
c       0.113402    -3.192689     1.799025
c      -3.016856    -1.073134     1.799021
c      -1.968430     2.558980     1.799093
c       2.460392     1.804225     1.804567
c       2.460307    -1.761145     1.804363
c      -0.930178    -2.862784     1.804330
c      -3.025614     0.021336     1.804347
c      -0.930014     2.905833     1.804558
c       3.096613     0.913250     1.799107
c       1.809908    -2.641442     1.799035
c      -1.968366    -2.516283     1.799019
c      -3.016952     1.115774     1.799056
c       0.114011     3.236704     1.799732
c       1.631234     3.236737     0.862020
c       0.582802     3.577392     0.862017
c       3.565592     0.572579     0.861206
c       3.565556    -0.530017     0.861211
c       1.630860    -3.192732     0.861170
c       0.582274    -3.533431     0.861177
c      -2.547971    -2.516355     0.861168
c      -3.196037    -1.624381     0.861156
c      -3.196137     1.666986     0.861192
c      -2.548078     2.559027     0.861189
c       2.102875     2.906087    -0.069923
c       0.006890     3.587112    -0.069929
c       3.397865     1.123301    -0.070145
c       3.397770    -1.080631    -0.070126
c       2.102732    -2.863046    -0.070166
c       0.006749    -3.544052    -0.070151
c      -2.088599    -2.863234    -0.070157
c      -3.384001    -1.080302    -0.070181
c      -3.384033     1.122907    -0.070145
c      -2.088673     2.905983    -0.070160
c       1.061552     3.267127    -0.074643
c       3.419065     0.021347    -0.075068
c       1.061309    -3.223752    -0.075104
c      -2.753488    -1.984252    -0.075114
c      -2.753536     2.026943    -0.075086
c       2.563265     2.559859    -1.001747
c      -0.569076     3.577616    -1.001756
c       3.211182     1.668049    -1.001767
c       3.211068    -1.625407    -1.001696
c       2.563164    -2.517174    -1.001721
c      -0.569044    -3.534860    -1.001704
c      -1.617364    -3.194240    -1.001707
c      -3.553195    -0.529852    -1.001738
c      -3.553194     0.572432    -1.001715
c      -1.617444     3.236962    -1.001780
c       1.529856     2.926999    -1.011139
c       3.240761     0.571842    -1.011225
c       1.529747    -2.884073    -1.011223
c      -2.285673    -2.324779    -1.011224
c      -2.932805     1.476762    -1.011221
c       0.482769     3.267218    -1.011142
c       3.240714    -0.529132    -1.011203
c       0.482686    -3.224272    -1.011217
c      -2.932800    -1.434105    -1.011236
c      -2.285707     2.367498    -1.011240
c       2.767815     2.027382    -0.065368
c       2.767669    -1.984490    -0.065480
c      -1.047577    -3.224117    -0.065485
c      -3.405545     0.021305    -0.065498
c      -1.047546     3.267066    -0.065379
c       2.299489     2.367526     0.871148
c       2.945968    -1.434107     0.870747
c      -0.469049    -3.223596     0.870722
c      -3.226263    -0.528745     0.870714
c      -1.515285     2.926577     0.870851
c       2.946084     1.476993     0.870863
c       2.299311    -2.324110     0.870730
c      -1.515315    -2.883644     0.870719
c      -3.226290     0.571378     0.870730
c      -0.468737     3.266976     0.871140
c       3.032131     1.116826    -1.939461
c       1.983635    -2.517240    -1.939388
c      -1.796523    -2.643087    -1.939383
c      -3.084369     0.913147    -1.939406
c      -0.100169     3.236995    -1.939480
c       3.040223     0.021332    -1.944526
c       0.944267    -2.863491    -1.944498
c      -2.447034    -1.761593    -1.944507
c      -2.447045     1.804250    -1.944541
c       0.944297     2.906235    -1.944564
c       3.032052    -1.074195    -1.939389
c      -0.100137    -3.194275    -1.939378
c      -3.084380    -0.870544    -1.939402
c      -1.796584     2.685768    -1.939475
c       1.983704     2.559904    -1.939474
c       0.765607     0.572501    -3.671092
c       0.765587    -0.529918    -3.671104
c      -0.282853    -0.870566    -3.671105
c      -0.930832     0.021281    -3.671108
c      -0.282863     0.913169    -3.671095
c       1.523619     1.123230    -3.103276
c       1.523572    -1.080622    -3.103262
c      -0.572372    -1.761610    -3.103258
c      -1.867753     0.021285    -3.103272
c      -0.572401     1.804267    -3.103282
c       1.537432     0.021307    -3.120511
c       0.479879    -1.434276    -3.120504
c      -1.231260    -0.878294    -3.120509
c      -1.231270     0.920911    -3.120519
c       0.479893     1.476933    -3.120502
c       2.273477     1.668011    -2.519067
c       2.273399    -1.625407    -2.518991
c      -0.858780    -2.643080    -2.518982
c      -2.794596     0.021281    -2.519005
c      -0.858839     2.685760    -2.519076
c       2.295100     0.571793    -2.541643
c       1.237530    -1.984734    -2.541616
c      -1.520647    -1.768949    -2.541617
c      -2.167772     0.920905    -2.541638
c       0.190480     2.367645    -2.541648
c       2.295073    -0.529158    -2.541625
c       0.190483    -2.324927    -2.541612
c      -2.167766    -0.878288    -2.541625
c      -1.520672     1.811610    -2.541654
c       1.237576     2.027423    -2.541645
c       0.006874     0.021193     4.072493
c       1.152746     3.547809     1.784435
c       3.712021     0.021178     1.782968
c       1.151811    -3.502366     1.782936
c      -2.990481    -2.156456     1.782925
c      -2.990651     2.199005     1.782949
c       3.007117     2.200962    -1.923851
c       3.007014    -2.158425    -1.923706
c      -1.139004    -3.505515    -1.923695
c      -3.701406     0.021269    -1.923725
c      -1.139110     3.548150    -1.923863
c       0.006923     0.021269    -4.215959
c       0.298038     0.917309     4.598239
c       0.949243     0.021023     4.598227
c       0.298058    -0.875172     4.598192
c      -0.755570    -0.532828     4.598189
c      -0.755621     0.574966     4.598222
c       0.589820     1.815319     4.033420
c       1.893393     0.021048     4.033362
c       0.589817    -1.772957     4.033285
c      -1.519310    -1.087661     4.033279
c      -1.519437     1.129942     4.033352
c       1.252488     0.926070     4.049604
c       1.252441    -0.883808     4.049502
c      -0.468887    -1.443054     4.049451
c      -1.532756     0.021156     4.049495
c      -0.468976     1.485407     4.049599
c       0.880347     2.709465     3.453034
c       2.833069     0.021044     3.452771
c       0.880180    -2.666524     3.452689
c      -2.279440    -1.639903     3.452680
c      -2.279651     1.682264     3.452756
c       1.547219     1.826377     3.478295
c       2.199478    -0.885867     3.478076
c      -0.178213    -2.344281     3.478009
c      -2.300063    -0.533723     3.478032
c      -1.233929     2.043792     3.478195
c       2.199562     0.928185     3.478205
c       1.547059    -1.783727     3.478043
c      -1.233772    -2.001309     3.478006
c      -2.300133     0.576143     3.478063
c      -0.178229     2.387008     3.478290
c       1.167649     3.593686     2.862390
c       3.760597     0.021010     2.861158
c       1.166792    -3.548600     2.861108
c      -3.029782    -2.185052     2.861096
c      -3.030055     2.227423     2.861139
c       1.834285     2.716820     2.887334
c       3.134192    -0.883820     2.886795
c       0.112594    -3.232544     2.886736
c      -3.054984    -1.084765     2.886740
c      -1.991367     2.591480     2.886863
c       2.491391     1.826373     2.894895
c       2.491225    -1.783734     2.894648
c      -0.942017    -2.899210     2.894606
c      -3.063911     0.021236     2.894633
c      -0.942080     2.941974     2.894885
c       3.134268     0.926063     2.886878
c       1.833913    -2.673261     2.886754
c      -1.991145    -2.548999     2.886730
c      -3.055127     1.127209     2.886778
c       0.112921     3.276124     2.887329
c       2.109981     3.593674     2.280085
c       4.051790    -0.875194     2.278795
c       0.404397    -4.102520     2.278759
c      -3.792202    -1.631127     2.278749
c      -2.738852     3.123727     2.278774
c       2.766955     2.709464     2.287283
c       3.415999    -1.772983     2.287010
c      -0.645984    -3.775353     2.286975
c      -3.805676    -0.531052     2.286977
c      -1.696705     3.476577     2.287049
c       3.416130     1.815319     2.287064
c       2.766703    -2.666544     2.286995
c      -1.696493    -3.434022     2.286972
c      -3.805747     0.573500     2.286990
c      -0.645946     3.818381     2.287274
c       4.051846     0.917299     2.278793
c       2.109195    -3.548604     2.278766
c      -2.738573    -3.081309     2.278750
c      -3.792406     1.673536     2.278772
c       0.405282     4.147563     2.280080
c       1.930086     4.147595     1.337744
c       0.876412     4.489954     1.337741
c       4.523122     0.575006     1.336361
c       4.523067    -0.532907     1.336395
c       1.929279    -4.102576     1.336382
c       0.875563    -4.444937     1.336387
c      -3.321017    -3.081388     1.336375
c      -3.972258    -2.185053     1.336365
c      -3.972482     2.227459     1.336371
c      -3.321313     3.123813     1.336339
c       2.406898     3.818567     0.400610
c       0.297269     4.504026     0.400604
c       4.359629     1.130106     0.400384
c       4.359502    -1.087862     0.400469
c       2.406625    -3.775550     0.400455
c       0.297177    -4.460923     0.400467
c      -2.862485    -3.434289     0.400458
c      -4.166213    -1.639909     0.400436
c      -4.166344     1.682349     0.400444
c      -2.862760     3.476798     0.400363
c       1.358620     4.181414     0.396168
c       4.380132     0.021136     0.395661
c       1.358258    -4.137796     0.395676
c      -3.530989    -2.549186     0.395662
c      -3.531182     2.591674     0.395638
c       2.877124     3.477118    -0.539647
c      -0.283845     4.504178    -0.539656
c       4.180664     1.682808    -0.539626
c       4.180496    -1.640477    -0.539470
c       2.876943    -3.434573    -0.539486
c      -0.283730    -4.461495    -0.539465
c      -2.392852    -3.776201    -0.539471
c      -4.346283    -1.087608    -0.539506
c      -4.346339     1.130055    -0.539494
c      -2.393100     3.818750    -0.539645
c       1.834603     3.849698    -0.546572
c       4.212499     0.576343    -0.546566
c       1.834449    -3.806816    -0.546508
c      -3.069052    -2.899769    -0.546511
c      -3.721785     2.044024    -0.546540
c       0.778569     4.192824    -0.546575
c       4.212438    -0.533957    -0.546517
c       0.778481    -4.149906    -0.546501
c      -3.721686    -2.001521    -0.546524
c      -3.069217     2.942312    -0.546587
c       3.337564     3.125530    -1.476672
c      -0.863003     4.490374    -1.476684
c       3.988676     2.229346    -1.476650
c       3.988508    -2.186997    -1.476422
c       3.337415    -3.083130    -1.476434
c      -0.862831    -4.447817    -1.476408
c      -1.916305    -4.105523    -1.476411
c      -4.512236    -0.532628    -1.476456
c      -4.512248     0.575062    -1.476446
c      -1.916527     4.148060    -1.476666
c       2.300347     3.497538    -1.486946
c       4.021788     1.128073    -1.486822
c       2.300237    -3.454960    -1.486700
c      -2.590471    -3.234014    -1.486694
c      -3.891736     1.485573    -1.486734
c       1.250885     3.849820    -1.491046
c       4.032405     0.021226    -1.490854
c       1.250839    -3.807135    -1.490796
c      -3.249718    -2.344818    -1.490809
c      -3.249803     2.387355    -1.490875
c       0.194785     4.181675    -1.486952
c       4.021687    -1.085650    -1.486712
c       0.194841    -4.139015    -1.486686
c      -3.891697    -1.443082    -1.486718
c      -2.590626     3.276573    -1.486841
c       3.545982     2.592357    -0.535278
c       3.545752    -2.549897    -0.535134
c      -1.344797    -4.138871    -0.535123
c      -4.367362     0.021225    -0.535156
c      -1.345012     4.181535    -0.535292
c       3.083210     2.942298     0.407369
c       3.735300    -2.001681     0.407321
c      -0.764836    -4.149714     0.407318
c      -4.198446    -0.533700     0.407292
c      -1.820617     3.849439     0.407242
c       3.735550     2.044134     0.407258
c       3.082914    -2.899553     0.407313
c      -1.820373    -3.806749     0.407315
c      -4.198482     0.576157     0.407298
c      -0.764936     4.192634     0.407358
c       2.604267     3.276224     1.347808
c       3.904117    -1.443188     1.347282
c      -0.181486    -4.137649     1.347266
c      -4.006686    -1.084773     1.347250
c      -2.285494     3.496689     1.347245
c       3.263236     2.387136     1.351719
c       3.262962    -2.344436     1.351621
c      -1.236786    -3.806429     1.351607
c      -4.017823     0.021231     1.351600
c      -1.236901     3.849317     1.351706
c       3.904297     1.485507     1.347262
c       2.603860    -3.232666     1.347269
c      -2.285227    -3.454103     1.347260
c      -4.006790     1.127217     1.347259
c      -0.181191     4.181273     1.347800
c       3.808735     1.675472    -2.418964
c       2.755028    -3.083196    -2.418777
c      -2.096349    -3.551656    -2.418761
c      -4.041115     0.917459    -2.418814
c      -0.391746     4.148092    -2.419066
c       3.820515     0.573890    -2.426273
c       1.710989    -3.434836    -2.426162
c      -2.753432    -2.667387    -2.426164
c      -3.403190     1.815657    -2.426237
c       0.659691     3.818937    -2.426451
c       3.820468    -0.531448    -2.426216
c       0.659739    -3.776392    -2.426154
c      -3.403151    -1.773154    -2.426176
c      -2.753527     2.709922    -2.426292
c       1.711023     3.477339    -2.426448
c       3.808613    -1.633068    -2.418792
c      -0.391613    -4.105557    -2.418757
c      -4.041109    -0.875001    -2.418796
c      -2.096505     3.594198    -2.418981
c       2.755126     3.125613    -2.419057
c       0.769307     0.575126    -4.741160
c       0.769293    -0.532687    -4.741154
c      -0.284293    -0.875006    -4.741151
c      -0.935453     0.021217    -4.741158
c      -0.284308     0.917465    -4.741163
c       1.533370     1.130240    -4.173810
c       1.533335    -1.087788    -4.173765
c      -0.576124    -1.773166    -4.173755
c      -1.879858     0.021224    -4.173775
c      -0.576164     1.815668    -4.173816
c       1.546731     0.021229    -4.190754
c       0.482741    -1.443199    -4.190732
c      -1.238814    -0.883832    -4.190737
c      -1.238833     0.926312    -4.190762
c       0.482742     1.485691    -4.190774
c       2.294091     1.682908    -3.592599
c       2.294025    -1.640461    -3.592486
c      -0.866677    -2.667393    -3.592468
c      -2.820126     0.021224    -3.592500
c      -0.866755     2.709927    -3.592608
c       2.314563     0.576378    -3.618341
c       1.247981    -2.001875    -3.618286
c      -1.533673    -1.784239    -3.618285
c      -2.186310     0.928501    -3.618324
c       0.192012     2.387493    -3.618385
c       2.314540    -0.533912    -3.618311
c       0.192039    -2.344956    -3.618280
c      -2.186291    -0.886014    -3.618296
c      -1.533718     1.826758    -3.618352
c       1.248008     2.044379    -3.618382
c       3.046328     2.229381    -3.001478
c       3.046220    -2.186972    -3.001278
c      -1.153990    -3.551647    -3.001254
c      -3.749898     0.021217    -3.001297
c      -1.154122     3.594188    -3.001490
c       3.070265     1.128091    -3.026728
c       2.006217    -2.550069    -3.026616
c      -1.820722    -2.674753    -3.026608
c      -3.121956     0.926312    -3.026657
c      -0.099235     3.276677    -3.026805
c       3.078653     0.021234    -3.034496
c       0.956130    -2.900101    -3.034435
c      -2.478144    -1.784239    -3.034445
c      -2.478188     1.826758    -3.034512
c       0.956129     2.942642    -3.034615
c       3.070205    -1.085640    -3.026640
c      -0.099166    -3.234119    -3.026603
c      -3.121940    -0.883832    -3.026631
c      -1.820808     2.717294    -3.026742
c       2.006278     2.592555    -3.026799
c       0.006804     0.020986     5.144365
c       1.450180     4.463222     2.266209
c       4.670517     0.020967     2.262668
c       1.447967    -4.413973     2.262656
c      -3.765907    -2.719886     2.262642
c      -3.766218     2.762224     2.262644
c       3.786129     2.766786    -2.404939
c       3.785983    -2.724459    -2.404661
c      -1.436559    -4.421303    -2.404635
c      -4.664309     0.021203    -2.404685
c      -1.436759     4.463802    -2.404954
c       0.006905     0.021204    -5.292259
c       0.299152     0.920746     5.676623
c       0.953026     0.020831     5.676574
c       0.299198    -0.878991     5.676523
c      -0.758742    -0.535246     5.676520
c      -0.758800     0.577035     5.676569
c       0.592442     1.823395     5.111470
c       1.902240     0.020829     5.111320
c       0.592534    -1.781586     5.111230
c      -1.526585    -1.093043     5.111224
c      -1.526728     1.134967     5.111310
c       1.257756     0.929656     5.126324
c       1.257759    -0.887900     5.126187
c      -0.470987    -1.449505     5.126135
c      -1.539470     0.020973     5.126179
c      -0.471136     1.491406     5.126319
c       0.885512     2.725370     4.532719
c       2.850791     0.020829     4.532309
c       0.885642    -2.683545     4.532211
c      -2.293869    -1.650461     4.532202
c      -2.294121     1.692509     4.532295
c       1.556057     1.836486     4.558649
c       2.212431    -0.891284     4.558370
c      -0.179192    -2.358364     4.558292
c      -2.313716    -0.537296     4.558322
c      -1.241543     2.055326     4.558519
c       2.212495     0.933042     4.558529
c       1.555999    -1.794641     4.558333
c      -1.241264    -2.013277     4.558289
c      -2.313802     0.579376     4.558358
c      -0.179443     2.400383     4.558644
c       1.176755     3.621721     3.944227
c       3.793017     0.020820     3.943101
c       1.176789    -3.579522     3.943026
c      -3.056051    -2.204191     3.943014
c      -3.056400     2.246327     3.943081
c       1.848976     2.737447     3.973708
c       3.159676    -0.891290     3.973108
c       0.113517    -3.259137     3.973031
c      -3.079961    -1.093972     3.973042
c      -2.007925     2.612130     3.973217
c       2.511277     1.840179     3.982966
c       2.511067    -1.798326     3.982641
c      -0.949635    -2.922647     3.982589
c      -3.088546     0.021095     3.982625
c      -0.950059     2.964833     3.982956
c       3.159795     0.933038     3.973232
c       1.848702    -2.695389     3.973056
c      -2.007528    -2.569969     3.973025
c      -3.080140     1.136146     3.973090
c       0.113154     3.301448     3.973704
c       1.465867     4.511510     3.350920
c       4.723178     0.020815     3.347122
c       1.464215    -4.464088     3.347084
c      -3.808514    -2.750877     3.347070
c      -3.808917     2.793056     3.347098
c       2.135289     3.628658     3.374827
c       4.094587    -0.887916     3.373410
c       0.405638    -4.147169     3.373355
c      -3.834260    -1.646181     3.373351
c      -2.766284     3.158915     3.373444
c       2.799165     2.737443     3.386607
c       3.453220    -1.794656     3.386103
c      -0.654991    -3.817479     3.386056
c      -3.848517    -0.535599     3.386065
c      -1.714498     3.515657     3.386272
c       3.453490     1.836479     3.386287
c       2.798684    -2.695401     3.386084
c      -1.713973    -3.473396     3.386053
c      -3.848604     0.577846     3.386082
c      -0.655565     3.859951     3.386597
c       4.094716     0.929644     3.373464
c       2.134367    -3.585502     3.373368
c      -2.765827    -3.116699     3.373346
c      -3.834513     1.688401     3.373387
c       0.405365     4.190744     3.374822
c       2.413208     4.511494     2.765549
c       5.015565    -0.879014     2.762403
c       0.698718    -5.020274     2.762378
c      -4.574061    -2.194712     2.762364
c      -3.516597     3.693031     2.762378
c       3.073348     3.621733     2.772336
c       4.378706    -1.781619     2.771869
c      -0.356574    -4.693585     2.771835
c      -4.589512    -1.090125     2.771827
c      -2.470918     4.049056     2.771865
c       3.730132     2.725384     2.775094
c       3.729598    -2.683591     2.774998
c      -1.415045    -4.355045     2.774970
c      -4.594697     0.021132     2.774974
c      -1.415819     4.397402     2.775079
c       4.378974     1.823395     2.771884
c       3.072223    -3.579570     2.771849
c      -2.470356    -4.006777     2.771829
c      -4.589672     1.132379     2.771844
c      -0.357608     4.736516     2.772326
c       5.015681     0.920731     2.762402
c       2.410464    -4.464118     2.762384
c      -3.516128    -3.650790     2.762366
c      -4.574365     2.236938     2.762375
c       0.699444     5.068329     2.765544
c       2.232360     5.068374     1.818246
c       1.173084     5.412553     1.818243
c       5.488887     0.577057     1.816186
c       5.488815    -0.535312     1.816217
c       2.229818    -5.020377     1.816228
c       1.171831    -5.364123     1.816230
c      -4.100990    -3.650882     1.816215
c      -4.754871    -2.750918     1.816208
c      -4.755205     2.793166     1.816188
c      -4.101431     3.693135     1.816158
c       2.711296     4.736762     0.875915
c       0.590705     5.425782     0.875909
c       5.326856     1.135022     0.876525
c       5.326710    -1.093144     0.876617
c       2.710362    -4.693844     0.876634
c       0.591149    -5.382387     0.876642
c      -3.641938    -4.006977     0.876630
c      -4.951703    -2.204292     0.876612
c      -4.951940     2.246586     0.876588
c      -3.642376     4.049298     0.876499
c       1.657259     5.100535     0.871492
c       5.345920     0.020949     0.871734
c       1.656670    -5.056318     0.871789
c      -4.312305    -3.116883     0.871772
c      -4.312635     3.159199     0.871706
c       3.187142     4.397952    -0.069206
c       0.006594     5.431373    -0.069215
c       5.152356     1.692589    -0.068746
c       5.152154    -1.650585    -0.068563
c       3.186670    -4.355605    -0.068550
c       0.007008    -5.388692    -0.068534
c      -3.173059    -4.355427    -0.068543
c      -5.138228    -1.650686    -0.068574
c      -5.138371     1.693004    -0.068592
c      -3.173469     4.397809    -0.068770
c       2.138171     4.773132    -0.075451
c       5.184556     0.579387    -0.074898
c       2.137874    -4.730290    -0.074789
c      -3.853529    -3.473762    -0.074797
c      -4.510186     2.612629    -0.074866
c       1.075756     5.118331    -0.075454
c       5.184483    -0.537355    -0.074838
c       1.075750    -5.075379    -0.074783
c      -4.509968    -2.570279    -0.074808
c      -3.853842     3.516135    -0.074924
c       3.656612     4.050353    -1.014307
c      -0.577523     5.426105    -1.014319
c       4.966948     2.246665    -1.014085
c       4.966721    -2.204571    -1.013808
c       3.656306    -4.008089    -1.013804
c      -0.577192    -5.383572    -1.013779
c      -2.697416    -4.694671    -1.013785
c      -5.313903    -1.093496    -1.013829
c      -5.313973     1.135823    -1.013837
c      -2.697788     4.737084    -1.014107
c       2.611902     4.429142    -1.022714
c       5.004168     1.136223    -1.022302
c       2.611687    -4.386679    -1.022130
c      -3.380310    -3.818182    -1.022126
c      -4.691442     2.056157    -1.022196
c       1.554907     4.785509    -1.026093
c       5.016317     0.021075    -1.025559
c       1.554853    -4.742893    -1.025460
c      -4.045697    -2.923167    -1.025476
c      -4.045896     2.965561    -1.025585
c       0.490311     5.118488    -1.022720
c       5.004041    -1.094092    -1.022169
c       0.490467    -5.075872    -1.022115
c      -4.691318    -2.013793    -1.022150
c      -3.380601     3.860595    -1.022326
c       4.120167     3.697557    -1.956601
c      -1.159911     5.413156    -1.956617
c       4.774707     2.796648    -1.956533
c       4.774481    -2.754504    -1.956188
c       4.119958    -3.655350    -1.956192
c      -1.159627    -5.370712    -1.956159
c      -2.218653    -5.026615    -1.956162
c      -5.481666    -0.535598    -1.956219
c      -5.481684     0.577920    -1.956217
c      -2.218986     5.069033    -1.956553
c       3.076424     4.070013    -1.966266
c       4.806280     1.689009    -1.966007
c       3.076255    -4.027684    -1.965773
c      -2.895314    -4.149061    -1.965758
c      -4.856205     1.492657    -1.965832
c       2.024660     4.429279    -1.972893
c       4.822835     0.577864    -1.972508
c       2.024588    -4.386836    -1.972356
c      -3.561900    -3.259864    -1.972361
c      -4.216545     2.401406    -1.972465
c       0.965486     4.773425    -1.972896
c       4.822778    -0.535643    -1.972440
c       0.965552    -4.730920    -1.972348
c      -4.216431    -2.359009    -1.972374
c      -3.562088     3.302287    -1.972532
c      -0.096580     5.100983    -1.966275
c       4.806126    -1.646819    -1.965804
c      -0.096383    -5.058487    -1.965750
c      -4.856144    -1.450295    -1.965795
c      -2.895582     4.191491    -1.966029
c       4.328161     3.160383    -1.009854
c       4.327851    -3.118198    -1.009482
c      -1.643546    -5.058331    -1.009459
c      -5.334131     0.021165    -1.009509
c      -1.643929     5.100829    -1.009871
c       3.867987     3.516279    -0.063009
c       4.524058    -2.570474    -0.062622
c      -1.061987    -5.075655    -0.062607
c      -5.170886    -0.537281    -0.062647
c      -2.124688     4.773023    -0.062916
c       4.524419     2.612601    -0.062897
c       3.867533    -3.474036    -0.062621
c      -2.124224    -4.730514    -0.062610
c      -5.170926     0.579612    -0.062650
c      -1.062455     5.118274    -0.063023
c       3.394284     3.860248     0.884195
c       4.704555    -2.013482     0.884483
c      -0.476453    -5.075161     0.884490
c      -4.989459    -1.094006     0.884461
c      -2.598162     4.428395     0.884308
c       4.059642     2.965106     0.887586
c       4.059106    -2.922949     0.887815
c      -1.540898    -4.742398     0.887817
c      -5.001956     0.021164     0.887789
c      -1.541484     4.785019     0.887570
c       4.704895     2.055491     0.884329
c       3.393515    -3.817795     0.884484
c      -2.597647    -4.385945     0.884484
c      -4.989565     1.136323     0.884455
c      -0.477046     5.118117     0.884184
c       2.909063     4.190856     1.827764
c       4.867841    -1.449597     1.827379
c       0.110341    -5.056156     1.827374
c      -4.790031    -1.646213     1.827354
c      -3.061718     4.068001     1.827299
c       3.575621     3.301576     1.834307
c       4.229381    -2.358498     1.834355
c      -0.951424    -4.729883     1.834344
c      -4.807876    -0.535597     1.834327
c      -2.011047     4.428258     1.834257
c       4.229825     2.400479     1.834275
c       3.574831    -3.259299     1.834351
c      -2.010443    -4.385788     1.834341
c      -4.807941     0.577901     1.834329
c      -0.952135     4.772731     1.834294
c       4.868082     1.491457     1.827321
c       2.907592    -4.147318     1.827376
c      -3.061207    -4.025660     1.827365
c      -4.790229     1.688495     1.827352
c       0.109828     5.100381     1.827756
c       4.593818     2.239906    -2.903831
c       3.534514    -3.655422    -2.903551
c      -2.399649    -4.469844    -2.903526
c      -5.008081     0.922122    -2.903603
c      -0.686136     5.069080    -2.903991
c       4.604887     1.132162    -2.910671
c       2.484401    -4.008286    -2.910473
c      -3.059771    -3.580183    -2.910466
c      -4.365975     1.824866    -2.910567
c       0.370921     4.737332    -2.910930
c       4.609446     0.021130    -2.913470
c       1.429149    -4.355985    -2.913338
c      -3.716572    -2.684042    -2.913352
c      -3.716688     2.726450    -2.913494
c       1.429121     4.398363    -2.913802
c       4.604793    -1.089909    -2.910541
c       0.371048    -4.694922    -2.910457
c      -4.365917    -1.782486    -2.910492
c      -3.059953     3.622616    -2.910693
c       2.484464     4.050602    -2.910924
c       4.593649    -2.197664    -2.903575
c      -0.685932    -5.026663    -2.903521
c      -5.008069    -0.879773    -2.903575
c      -2.399883     4.512293    -2.903851
c       3.534638     3.697670    -2.903979
c       0.773308     0.577983    -5.822826
c       0.773298    -0.535656    -5.822811
c      -0.285840    -0.879776    -5.822807
c      -0.940432     0.021168    -5.822816
c      -0.285860     0.922127    -5.822829
c       1.541247     1.135910    -5.251512
c       1.541224    -1.093577    -5.251447
c      -0.579155    -1.782503    -5.251434
c      -1.889638     0.021176    -5.251457
c      -0.579199     1.824883    -5.251518
c       1.554207     0.021169    -5.267641
c       0.485043    -1.450373    -5.267611
c      -1.244888    -0.888286    -5.267616
c      -1.244911     0.930656    -5.267649
c       0.485034     1.492738    -5.267681
c       2.308208     1.693111    -4.671921
c       2.308159    -1.650784    -4.671787
c      -0.872092    -2.684069    -4.671764
c      -2.837622     0.021179    -4.671801
c      -0.872172     2.726477    -4.671930
c       2.328305     0.579654    -4.698366
c       1.255399    -2.013977    -4.698296
c      -1.542853    -1.795081    -4.698294
c      -2.199425     0.933830    -4.698342
c       0.193062     2.401522    -4.698431
c       2.328288    -0.537310    -4.698329
c       0.193099    -2.359125    -4.698289
c      -2.199401    -0.891447    -4.698305
c      -1.542904     1.837484    -4.698377
c       1.255411     2.056345    -4.698428
c       3.070555     2.246944    -4.083077
c       3.070468    -2.204638    -4.082858
c      -1.163265    -3.580203    -4.082828
c      -3.779894     0.021176    -4.082878
c      -1.163393     3.622635    -4.083089
c       3.094686     1.136427    -4.112816
c       2.021748    -2.570763    -4.112688
c      -1.835568    -2.695960    -4.112677
c      -3.146687     0.933831    -4.112739
c      -0.099691     3.302426    -4.112916
c       3.103146     0.021171    -4.122286
c       0.963689    -2.923453    -4.122209
c      -2.497980    -1.798690    -4.122219
c      -2.498034     1.841102    -4.122302
c       0.963672     2.965847    -4.122435
c       3.094637    -1.094095    -4.112721
c      -0.099615    -3.260004    -4.112672
c      -3.146663    -0.891447    -4.112702
c      -1.835660     2.738391    -4.112830
c       2.021788     2.613116    -4.112910
c       3.827376     2.796741    -3.489455
c       3.827236    -2.754473    -3.489155
c      -1.452324    -4.469831    -3.489118
c      -4.715320     0.021167    -3.489179
c      -1.452515     4.512279    -3.489470
c       3.850092     1.689117    -3.513502
c       2.780829    -3.118360    -3.513300
c      -2.121786    -3.587093    -3.513281
c      -4.082666     0.930656    -3.513353
c      -0.391986     4.191610    -3.513634
c       3.863381     0.577937    -3.525437
c       1.728138    -3.474394    -3.525307
c      -2.785721    -2.695959    -3.525309
c      -3.440325     1.837482    -3.525402
c       0.669014     3.860898    -3.525646
c       3.863345    -0.535620    -3.525381
c       0.669073    -3.818488    -3.525299
c      -3.440270    -1.795079    -3.525322
c      -2.785822     2.738391    -3.525456
c       1.728150     3.516765    -3.525643
c       3.849992    -1.646816    -3.513331
c      -0.391857    -4.149180    -3.513277
c      -4.082645    -0.888286    -3.513319
c      -2.121937     3.629543    -3.513519
c       2.780905     3.160677    -3.513625
c       0.006751     0.020830     6.229118
c       1.756851     5.407065     2.762659
c       5.640612     0.020809     2.748058
c       1.747712    -5.336594     2.748055
c      -4.550711    -3.290116     2.748037
c      -4.551137     3.332304     2.748029
c       4.589176     3.350156    -2.901073
c       4.589003    -3.307924    -2.900726
c      -1.743292    -5.365334    -2.900693
c      -5.656915     0.021171    -2.900755
c      -1.743540     5.407777    -2.901091
c       0.006898     0.021172    -6.401925
c       0.299890     0.923028     6.775489
c       0.955558     0.020719     6.775392
c       0.299946    -0.881539     6.775338
c      -0.760851    -0.536865     6.775335
c      -0.760919     0.578436     6.775387
c       0.595542     1.832948     6.204873
c       1.912421     0.020714     6.204645
c       0.595658    -1.791446     6.204547
c      -1.534914    -1.099182     6.204540
c      -1.535038     1.140859     6.204635
c       1.263070     0.933441     6.216646
c       1.263110    -0.891959     6.216477
c      -0.473090    -1.455969     6.216428
c      -1.546189     0.020836     6.216469
c      -0.473216     1.497593     6.216641
c       0.890697     2.741339     5.625601
c       2.867851     0.020716     5.625058
c       0.890904    -2.699953     5.624949
c      -2.307776    -1.660640     5.624940
c      -2.307994     1.702447     5.625044
c       1.563606     1.846062     5.649969
c       2.224088    -0.895720     5.649635
c      -0.179688    -2.370931     5.649551
c      -2.325766    -0.540845     5.649582
c      -1.248499     2.065502     5.649804
c       2.224099     0.937189     5.649814
c       1.563656    -1.804593     5.649593
c      -1.248255    -2.023734     5.649548
c      -2.325845     0.582641     5.649622
c      -0.179927     2.412569     5.649964
c       1.184891     3.646771     5.037763
c       3.820354     0.020711     5.036561
c       1.185229    -3.605669     5.036465
c      -3.078253    -2.220382     5.036453
c      -3.078585     2.262309     5.036541
c       1.860532     2.755795     5.067982
c       3.181272    -0.896839     5.067311
c       0.115037    -3.281474     5.067219
c      -3.100699    -1.102440     5.067233
c      -2.022285     2.629072     5.067442
c       2.527639     1.851901     5.078460
c       2.527525    -1.810461     5.078068
c      -0.955966    -2.942122     5.078007
c      -3.108999     0.020954     5.078052
c      -0.956412     2.983935     5.078450
c       3.181366     0.938306     5.067457
c       1.860497    -2.714428     5.067247
c      -2.021893    -2.587145     5.067213
c      -3.100879     1.144352     5.067293
c       0.114585     3.323087     5.067978
c       1.477544     4.547459     4.444444
c       4.766179     0.020702     4.441439
c       1.477490    -4.505072     4.441368
c      -3.843349    -2.776229     4.441353
c      -3.843777     2.818241     4.441414
c       2.153379     3.658618     4.473136
c       4.130332    -0.895733     4.471858
c       0.409366    -4.183627     4.471782
c      -3.867758    -1.661084     4.471780
c      -2.790802     3.186046     4.471925
c       2.823319     2.760581     4.488218
c       3.483304    -1.810471     4.487535
c      -0.660616    -3.851023     4.487476
c      -3.882148    -0.540733     4.487490
c      -1.729811     3.545843     4.487789
c       3.483616     1.851901     4.487804
c       2.822868    -2.719321     4.487509
c      -1.729145    -3.503837     4.487473
c      -3.882244     0.582736     4.487514
c      -0.661512     3.892869     4.488208
c       4.130493     0.937184     4.471944
c       2.152701    -3.617247     4.471797
c      -2.790278    -3.144001     4.471773
c      -3.868033     1.703089     4.471836
c       0.408335     4.225617     4.473131
c       5.704705     0.020701     3.841035
c       1.767505    -5.397599     3.840989
c      -4.602587    -3.327834     3.840971
c      -4.603059     3.369891     3.841005
c       2.439767     4.556574     3.867772
c       5.067211    -0.891984     3.866062
c       0.702443    -5.073417     3.866016
c      -4.623435    -2.214740     3.866005
c      -3.550966     3.733701     3.866073
c       3.109423     3.658619     3.882414
c       4.425678    -1.804625     3.881257
c      -0.363839    -4.745391     3.881212
c      -4.641020    -1.099308     3.881206
c      -2.495684     4.095070     3.881352
c       3.772588     2.755804     3.886581
c       3.771923    -2.714463     3.886235
c      -1.431237    -4.404868     3.886203
c      -4.647091     0.021036     3.886211
c      -1.432291     4.446969     3.886567
c       4.426051     1.846066     3.881372
c       3.108491    -3.617273     3.881228
c      -2.494935    -4.052957     3.881206
c      -4.641202     1.141378     3.881232
c      -0.365118     4.787564     3.882404
c       5.067386     0.933433     3.866098
c       2.438631    -4.509341     3.866025
c      -3.550384    -3.691592     3.866004
c      -4.623776     2.256804     3.866035
c       0.704449     5.120412     3.867767
c       5.997904    -0.881584     3.254714
c       0.999920    -5.955299     3.254701
c      -5.370224    -2.770164     3.254685
c      -4.310018     4.272325     3.254699
c       3.385980     4.547481     3.265241
c       5.355060    -1.791503     3.263852
c      -0.064158    -5.625177     3.263827
c      -5.385125    -1.656166     3.263812
c      -3.255255     4.630739     3.263861
c       4.047682     3.646819     3.268880
c       4.704484    -2.700031     3.268627
c      -1.129316    -5.287271     3.268600
c      -5.392977    -0.538750     3.268592
c      -2.195253     4.983463     3.268700
c       4.705184     2.741379     3.268720
c       4.046328    -3.605762     3.268619
c      -2.194156    -4.941284     3.268597
c      -5.393064     0.580855     3.268598
c      -1.131119     5.329511     3.268865
c       5.355418     1.832966     3.263886
c       3.383175    -4.505154     3.263837
c      -3.254503    -4.588573     3.263818
c      -5.385372     1.698269     3.263822
c      -0.066395     5.669224     3.265232
c       5.998070     0.923030     3.254728
c       2.716330    -5.397640     3.254708
c      -4.309402    -4.230198     3.254686
c      -5.370608     2.812264     3.254682
c       6.472562     0.578437     2.305973
c       6.472482    -0.536917     2.306013
c       2.535180    -5.955449     2.306029
c       1.474367    -6.300112     2.306033
c      -4.895908    -4.230287     2.306015
c      -5.551538    -3.327920     2.306006
c      -5.551954     3.370053     2.305979
c      -4.896432     4.272441     2.305941
c       3.021596     5.669553     1.357163
c       0.887945     6.362817     1.357157
c       6.308402     1.140866     1.358377
c       6.308255    -1.099240     1.358448
c       3.019329    -5.625510     1.358485
c       0.888763    -6.317741     1.358489
c      -4.432502    -4.588760     1.358474
c      -5.749284    -2.776420     1.358460
c      -5.749612     2.818592     1.358413
c      -4.433031     4.630963     1.358346
c       1.960246     6.033038     1.356844
c       6.324002     0.020810     1.353657
c       1.958888    -5.986531     1.353732
c      -5.103572    -3.691802     1.353712
c      -5.104003     3.733988     1.353624
c       3.501081     5.330156     0.406699
c       0.300545     6.370072     0.406690
c       6.135876     1.702387     0.408004
c       6.135677    -1.660632     0.408150
c       3.500011    -5.287925     0.408193
c       0.301469    -6.327146     0.408202
c      -3.962894    -4.941573     0.408190
c      -5.939733    -2.220772     0.408166
c      -5.939966     2.262976     0.408116
c      -3.963397     4.983834     0.407975
c       2.444712     5.705623     0.401385
c       6.165857     0.582605     0.402816
c       2.444286    -5.662517     0.402950
c      -4.645415    -4.053292     0.402937
c      -5.306139     3.186583     0.402835
c       1.375860     6.052914     0.401382
c       6.165782    -0.540864     0.402868
c       1.375758    -6.009686     0.402954
c      -5.305812    -3.144362     0.402928
c      -4.645842     4.095534     0.402786
c       3.976863     4.984689    -0.544654
c      -0.287427     6.370239    -0.544666
c       5.954538     2.262088    -0.543963
c       5.954296    -2.220217    -0.543721
c       3.976243    -4.942533    -0.543684
c      -0.286818    -6.327619    -0.543668
c      -3.487233    -5.287743    -0.543677
c      -6.121992    -1.661423    -0.543713
c      -6.122137     1.703647    -0.543756
c      -3.487703     5.330053    -0.543990
c       2.925074     5.365938    -0.551693
c       5.991896     1.144200    -0.550806
c       2.924607    -5.323541    -0.550606
c      -4.174594    -4.405333    -0.550610
c      -5.495374     2.630044    -0.550714
c       1.860466     5.725930    -0.554531
c       6.005103     0.020927    -0.553392
c       1.860375    -5.683277    -0.553256
c      -4.845615    -3.504372    -0.553275
c      -4.845930     3.546635    -0.553423
c       0.787581     6.060450    -0.551699
c       5.991756    -1.102344    -0.550681
c       0.787936    -6.017754    -0.550596
c      -5.495150    -2.587801    -0.550630
c      -4.175003     4.447620    -0.550835
c       4.448027     4.633777    -1.495105
c      -0.874862     6.363286    -1.495120
c       5.766489     2.818821    -1.494709
c       5.766210    -2.776881    -1.494396
c       4.447602    -4.591666    -1.494365
c      -0.874385    -6.320800    -1.494342
c      -3.007868    -5.627590    -1.494348
c      -6.297090    -1.100509    -1.494395
c      -6.297166     1.142741    -1.494430
c      -3.008324     5.669925    -1.494734
c       3.397649     5.013680    -1.504090
c       5.803079     1.702589    -1.503578
c       3.397300    -4.971436    -1.503318
c      -3.693640    -4.746065    -1.503310
c      -5.670737     2.067357    -1.503413
c       2.338294     5.378966    -1.509996
c       5.822981     0.582457    -1.509349
c       2.338123    -5.336561    -1.509160
c      -4.368226    -3.851575    -1.509168
c      -5.028532     2.985339    -1.509309
c       1.269960     5.726088    -1.509999
c       5.822915    -0.540504    -1.509278
c       1.270084    -5.683570    -1.509152
c      -5.028322    -2.943062    -1.509181
c      -4.368528     3.893873    -1.509378
c       0.198213     6.053238    -1.504099
c       5.802894    -1.660645    -1.503380
c       0.198564    -6.010717    -1.503299
c      -5.670601    -2.025101    -1.503344
c      -3.694030     4.788381    -1.503605
c       3.866047     4.649145    -2.454075
c       5.601205     2.260831    -2.453727
c       3.865817    -4.606966    -2.453434
c      -3.202217    -5.079006    -2.453417
c      -5.835478     1.497107    -2.453520
c       2.806837     5.013815    -2.460053
c       5.620592     1.140922    -2.459658
c       2.806692    -4.971521    -2.459419
c      -3.876245    -4.184389    -2.459416
c      -5.192963     2.414606    -2.459547
c       1.743597     5.366226    -2.463404
c       5.627113     0.021020    -2.462926
c       1.743601    -5.323841    -2.462756
c      -4.539862    -3.282223    -2.462774
c      -4.540065     3.324531    -2.462954
c       0.676275     5.706075    -2.460059
c       5.620479    -1.098888    -2.459516
c       0.676444    -5.663645    -2.459403
c      -5.192833    -2.372322    -2.459442
c      -3.876529     4.226718    -2.459685
c      -0.394992     6.033639    -2.454087
c       5.600993    -2.218821    -2.453487
c      -0.394698    -5.991223    -2.453409
c      -5.835404    -1.454853    -2.453462
c      -3.202579     5.121349    -2.453752
c       5.121614     3.736721    -1.494639
c       5.121248    -3.694688    -1.494118
c      -1.946605    -5.991058    -1.494090
c      -6.314852     0.021120    -1.494150
c      -1.947082     6.033476    -1.494660
c       4.660306     4.096051    -0.539291
c       5.320381    -3.144835    -0.538657
c      -1.362116    -6.010507    -0.538628
c      -6.152723    -0.540767    -0.538677
c      -2.431419     5.705671    -0.539079
c       5.320768     3.186837    -0.539057
c       4.659810    -4.053966    -0.538646
c      -2.430904    -5.663237    -0.538631
c      -6.152764     0.583010    -0.538690
c      -1.362671     6.053032    -0.539308
c       4.188629     4.447635     0.413682
c       5.508940    -2.587336     0.414468
c      -0.773606    -6.017526     0.414494
c      -5.977523    -1.102642     0.414456
c      -2.911733     5.365388     0.414193
c       4.859855     3.546322     0.416688
c       4.859255    -3.504345     0.417161
c      -1.846536    -5.683061     0.417173
c      -5.991024     0.021119     0.417131
c      -1.847237     5.725585     0.416669
c       5.509333     2.629222     0.414217
c       4.187803    -4.405551     0.414485
c      -2.911150    -5.322997     0.414488
c      -5.977628     1.144870     0.414436
c      -0.774426     6.060226     0.413668
c       3.707444     4.787940     1.366005
c       5.683615    -2.023843     1.366609
c      -0.183671    -6.009476     1.366627
c      -5.787546    -1.661221     1.366598
c      -3.384326     5.012028     1.366472
c       4.382124     3.893216     1.371932
c       5.041580    -2.942351     1.372424
c      -1.255675    -5.682768     1.372429
c      -5.808140    -0.540737     1.372399
c      -2.325205     5.377937     1.372188
c       5.042192     2.984128     1.372209
c       4.381043    -3.851398     1.372428
c      -2.324386    -5.335523     1.372426
c      -5.808202     0.582951     1.372393
c      -1.256851     5.725427     1.371916
c       5.683964     2.065567     1.366498
c       3.705780    -4.745784     1.366625
c      -3.383691    -4.969728     1.366618
c      -5.787735     1.703418     1.366576
c      -0.185118     6.052708     1.365994
c       3.215891     5.120558     2.315959
c       5.843853    -1.456046     2.313363
c       0.405910    -5.986358     2.313366
c      -5.583345    -2.214809     2.313345
c      -3.847718     4.646685     2.313312
c       3.889986     4.225797     2.321865
c       5.205529    -2.371055     2.322208
c      -0.661625    -5.662109     2.322201
c      -5.604899    -1.099338     2.322180
c      -2.793655     5.011900     2.322144
c       4.553611     3.323237     2.325226
c       4.552702    -3.281664     2.325311
c      -1.729453    -5.322696     2.325301
c      -5.612139     0.021088     2.325282
c      -1.730616     5.365102     2.325208
c       5.206021     2.412652     2.322167
c       3.888276    -4.183852     2.322206
c      -2.792845    -4.969635     2.322195
c      -5.605045     1.141508     2.322177
c      -0.663222     5.705221     2.321852
c       5.844109     1.497624     2.313339
c       3.215182    -5.073619     2.313370
c      -3.847088    -4.604477     2.313354
c      -5.583633     2.256964     2.313331
c       0.408060     6.032876     2.315951
c       5.402174     1.697561    -3.403198
c       3.268561    -4.591819    -3.402928
c      -3.372388    -4.506308    -3.402914
c      -5.343381     1.835937    -3.403033
c       0.079455     5.670260    -3.403481
c       5.408157     0.580237    -3.406887
c       2.207770    -4.942811    -3.406681
c      -4.034028    -3.605918    -3.406687
c      -4.691546     2.743436    -3.406846
c       1.144035     5.330706    -3.407229
c       5.408109    -0.538136    -3.406818
c       1.144115    -5.288396    -3.406673
c      -4.691415    -2.701134    -3.406701
c      -4.034222     3.648246    -3.406914
c       2.207779     4.985075    -3.407226
c       5.402042    -1.655456    -3.403002
c       0.079601    -5.627926    -3.402904
c      -5.343306    -1.793659    -3.402952
c      -3.372636     4.548665    -3.403223
c       3.268628     4.634036    -3.403472
c       1.550738     1.142767    -6.345938
c       1.550736    -1.100530    -6.345856
c      -0.582799    -1.793728    -6.345842
c      -1.901414     0.021140    -6.345866
c      -0.582841     1.836008    -6.345945
c       1.558938     0.021124    -6.361627
c       0.486501    -1.454921    -6.361594
c      -1.248735    -0.891109    -6.361598
c      -1.248760     0.933398    -6.361635
c       0.486480     1.497178    -6.361686
c       2.322719     1.703615    -5.764476
c       2.322692    -1.661383    -5.764329
c      -0.877655    -2.701201    -5.764305
c      -2.855604     0.021145    -5.764344
c      -0.877733     2.743503    -5.764485
c       2.341137     0.583006    -5.789523
c       1.262595    -2.025186    -5.789445
c      -1.551259    -1.805425    -5.789443
c      -2.211831     0.938591    -5.789495
c       0.193784     2.414722    -5.789601
c       2.341129    -0.540753    -5.789482
c       0.193825    -2.372436    -5.789438
c      -2.211805    -0.896287    -5.789455
c      -1.551310     1.847736    -5.789534
c       1.262591     2.067446    -5.789598
c       3.092421     2.262795    -5.176401
c       3.092357    -2.220578    -5.176176
c      -1.171638    -3.605982    -5.176141
c      -3.806966     0.021144    -5.176196
c      -1.171761     3.648309    -5.176413
c       3.115440     1.144755    -5.206871
c       2.036128    -2.587969    -5.206735
c      -1.847460    -2.714991    -5.206723
c      -3.168432     0.939227    -5.206791
c      -0.101253     3.324700    -5.206979
c       3.123932     0.021126    -5.217553
c       0.970106    -2.943273    -5.217469
c      -2.514816    -1.810955    -5.217479
c      -2.514872     1.853282    -5.217569
c       0.970078     2.985552    -5.217715
c       3.115406    -1.102513    -5.206773
c      -0.101175    -3.282392    -5.206718
c      -3.168405    -0.896917    -5.206750
c      -1.847550     2.757326    -5.206885
c       2.036149     2.630217    -5.206973
c       3.858365     2.819242    -4.582856
c       3.858256    -2.777042    -4.582559
c      -1.464183    -4.506339    -4.582513
c      -4.753675     0.021139    -4.582583
c      -1.464355     4.548696    -4.582871
c       3.882736     1.702969    -4.611673
c       2.804131    -3.145171    -4.611468
c      -2.140057    -3.617574    -4.611447
c      -4.117276     0.938585    -4.611528
c      -0.395107     4.226910    -4.611813
c       3.896928     0.582708    -4.626938
c       1.743078    -3.504864    -4.626802
c      -2.810054    -2.719620    -4.626803
c      -3.470321     1.853277    -4.626905
c       0.674793     3.894232    -4.627155
c       3.896902    -0.540475    -4.626884
c       0.674856    -3.851934    -4.626793
c      -3.470262    -1.810950    -4.626817
c      -2.810153     2.761967    -4.626958
c       1.743073     3.547128    -4.627152
c       3.882658    -1.660747    -4.611505
c      -0.394986    -4.184581    -4.611442
c      -4.117250    -0.896281    -4.611487
c      -2.140199     3.659936    -4.611690
c       2.804185     3.187399    -4.611804
c       4.642082     2.261049    -4.005995
c       3.569545    -3.694841    -4.005720
c      -2.426291    -4.515372    -4.005690
c      -5.059598     0.933363    -4.005781
c      -0.691278     5.121502    -4.006155
c       4.656099     1.141082    -4.020727
c       2.508734    -4.054286    -4.020525
c      -3.095975    -3.617569    -4.020518
c      -4.412698     1.847711    -4.020628
c       0.378269     4.788766    -4.020985
c       4.661991     0.021095    -4.025088
c       1.445384    -4.406009    -4.024948
c      -3.759104    -2.714971    -4.024962
c      -3.759213     2.757306    -4.025112
c       1.445348     4.448296    -4.025413
c       4.656026    -1.098891    -4.020603
c       0.378368    -4.746450    -4.020508
c      -4.412635    -1.805400    -4.020545
c      -3.096135     3.659931    -4.020749
c       2.508757     4.096530    -4.020979
c       4.641940    -2.218853    -4.005753
c      -0.691133    -5.079158    -4.005685
c      -5.059575    -0.891075    -4.005744
c      -2.426496     4.557765    -4.006015
c       3.569616     3.737056    -4.006143