
      -0.059305     0.043089     1.020113
       0.212489    -0.793407     0.476427
      -0.770944    -0.473950     0.476468
      -0.770906     0.560096     0.476443
       0.212518     0.879670     0.476467
       0.820238     0.043089     0.476426
      -0.331098    -0.793410    -0.403118
      -0.938938     0.043085    -0.403168
      -0.331125     0.879668    -0.403169
       0.652262     0.560070    -0.403119
       0.652297    -0.473921    -0.403139
      -0.059303     0.043085    -0.946708
       0.224835     0.917048     1.523604
       0.859708     0.043030     1.523519
       0.224742    -0.830926     1.523519
      -0.802685    -0.497214     1.523605
      -0.802652     0.583161     1.523616
       1.143689     0.917031     0.955556
       1.143649    -0.830908     0.955438
      -0.518727    -1.371091     0.955558
      -1.546196     0.042942     0.955597
      -0.518642     1.457250     0.955596
       0.968191     1.457163     0.036623
      -0.059162     1.791106     0.036559
       1.603084     0.583083     0.036567
       1.603086    -0.497135     0.036534
       0.968186    -1.371001     0.036535
      -0.059163    -1.704806     0.036569
      -1.086656    -1.371093     0.036625
      -1.721724    -0.497218     0.036561
      -1.721722     0.583158     0.036523
      -1.086658     1.457248     0.036522
       1.427605     0.042942    -0.882305
       0.400315    -1.371004    -0.882304
      -1.262164    -0.830932    -0.882357
      -1.262202     0.917042    -0.882484
       0.400231     1.457161    -0.882358
       0.684219     0.583079    -1.450194
       0.684252    -0.497139    -1.450178
      -0.343106    -0.830914    -1.450193
      -0.978198     0.043022    -1.450289
      -0.343198     0.917025    -1.450289
      -0.059058     0.042910     2.065542
       0.501758     1.768916     0.943911
       1.755255     0.042911     0.943660
       0.501595    -1.682605     0.943661
      -1.527286    -1.023826     0.943913
      -1.527282     1.109635     0.943905
       1.408755     1.109334    -0.870657
       1.408759    -1.023523    -0.870654
      -0.619709    -1.682610    -0.870655
      -1.873885     0.042902    -0.870923
      -0.619867     1.768912    -0.870925
      -0.059053     0.042903    -1.991965
       0.228883     0.928242     2.576071
       0.872085     0.042785     2.576029
       0.228801    -0.842621     2.576030
      -0.812079    -0.504521     2.576072
      -0.812073     0.590007     2.576083
       0.514459     1.807151     2.004920
       1.795630     0.042786     2.004624
       0.514191    -1.720964     2.004625
      -1.559724    -1.047719     2.004922
      -1.559752     1.133227     2.004975
       1.167338     0.933963     2.020885
       1.167243    -0.848050     2.020738
      -0.527522    -1.398813     2.020887
      -1.574993     0.042768     2.021012
      -0.527375     1.484693     2.021011
       1.445368     1.807162     1.429463
       2.083340    -0.842664     1.429097
      -0.239061    -2.268237     1.429190
      -2.312976    -0.500468     1.429492
      -1.272025     2.018756     1.429521
       2.083348     0.928287     1.429188
       1.445212    -1.720974     1.429097
      -1.272067    -1.933071     1.429466
      -2.313028     0.585937     1.429522
      -0.238777     2.354425     1.429490
       1.267570     2.354371     0.498491
       0.226746     2.692643     0.498422
       2.548830     0.589959     0.498118
       2.548819    -0.504474     0.498108
       1.267414    -2.268179     0.498109
       0.226550    -2.606388     0.498120
      -1.847437    -1.933073     0.498494
      -2.490786    -1.047723     0.498424
      -2.490851     1.133223     0.498418
      -1.847476     2.018754     0.498417
       1.729170     2.018340    -0.425331
      -0.344402     2.692641    -0.425720
       2.372457     1.132782    -0.425393
       2.372392    -1.047276    -0.425390
       1.729130    -1.932651    -0.425390
      -0.344208    -2.606390    -0.425390
      -1.385211    -2.268242    -0.425328
      -2.667279    -0.504529    -0.425718
      -2.667288     0.589999    -0.425732
      -1.385363     2.354420    -0.425733
       0.698894     2.375692    -0.431944
       2.393447     0.042767    -0.431965
       0.698944    -2.289519    -0.431963
      -2.043446    -1.398819    -0.431942
      -2.043498     1.484687    -0.432139
       1.925152     1.484544     0.504921
       1.925096    -1.398663     0.504736
      -0.816978    -2.289678     0.504924
      -2.512009     0.042765     0.504882
      -0.816927     2.375847     0.504880
       2.194651     0.585551    -1.356364
       1.153781    -1.932654    -1.356329
      -1.563028    -1.720973    -1.356403
      -2.201745     0.928232    -1.356786
       0.121011     2.354366    -1.356690
       2.194600    -0.500087    -1.356330
       0.121293    -2.268183    -1.356362
      -2.201741    -0.842631    -1.356687
      -1.563180     1.807142    -1.356786
       1.153737     2.018338    -1.356405
       0.694350     0.589952    -2.502507
       0.694357    -0.504481    -2.502489
      -0.346512    -0.842674    -2.502506
      -0.989950     0.042774    -2.502559
      -0.346595     0.928277    -2.502560
       1.441484     1.132779    -1.931747
       1.441457    -1.047280    -1.931682
      -0.631893    -1.720983    -1.931744
      -1.914054     0.042774    -1.932060
      -0.632159     1.807154    -1.932062
       1.456752     0.042763    -1.947578
       0.409491    -1.398669    -1.947577
      -1.285386    -0.848060    -1.947718
      -1.285479     0.933953    -1.947875
       0.409344     1.484538    -1.947720
      -0.058657     0.042619     3.118551
       0.793273     2.664579     1.414692
       2.696765     0.042621     1.413970
       0.792814    -2.577944     1.413971
      -2.289028    -1.577848     1.414695
      -2.289133     1.663152     1.414751
       2.170530     1.662212    -1.341459
       2.170429    -1.576908    -1.341388
      -0.910126    -2.577951    -1.341456
      -2.815544     0.042608    -1.342206
      -0.910577     2.664572    -1.342208
      -0.058650     0.042610    -3.044406
       0.231401     0.934276     3.637231
       0.879275     0.042423     3.637216
       0.231367    -0.849346     3.637217
      -0.817040    -0.508780     3.637232
      -0.817077     0.593643     3.637244
       0.520871     1.825413     3.069447
       1.815711     0.042478     3.069266
       0.520690    -1.739967     3.069267
      -1.575110    -1.059460     3.069449
      -1.575212     1.144460     3.069528
       1.179469     0.942103     3.086572
       1.179375    -0.856863     3.086454
      -0.531514    -1.412865     3.086574
      -1.589033     0.042514     3.086715
      -0.531470     1.498125     3.086714
       0.807361     2.706892     2.485311
       2.741451     0.042424     2.484622
       0.806812    -2.620381     2.484624
      -2.324916    -1.604322     2.485314
      -2.325104     1.689287     2.485447
       1.468880     1.832817     2.507749
       2.115300    -0.856930     2.507395
      -0.242368    -2.302979     2.507532
      -2.346708    -0.507972     2.507901
      -1.289204     2.048657     2.507945
       2.115369     0.942170     2.507529
       1.468656    -1.746960     2.507395
      -1.289200    -1.963358     2.507752
      -2.346773     0.593036     2.507946
      -0.242063     2.388826     2.507899
       1.745024     2.706916     1.905717
       3.031274    -0.849497     1.904921
       0.048028    -3.171673     1.904963
      -3.083604    -1.053094     1.905766
      -2.035314     2.581165     1.905868
       2.395046     1.825481     1.910596
       2.394955    -1.740034     1.910356
      -0.996021    -2.841928     1.910600
      -3.091892     0.042522     1.910885
      -0.995890     2.927424     1.910883
       3.031282     0.934428     1.904960
       1.744639    -2.620400     1.904922
      -2.035185    -2.496100     1.905721
      -3.083780     1.138074     1.905869
       0.048664     3.258108     1.905763
       1.565949     3.258058     0.968054
       0.517582     3.598746     0.967990
       3.500183     0.593651     0.967103
       3.500150    -0.508791     0.967130
       1.565498    -3.171613     0.967132
       0.517024    -3.512319     0.967106
      -2.614689    -2.496103     0.968058
      -3.262667    -1.604325     0.967994
      -3.262878     1.689283     0.968090
      -2.614890     2.581162     0.968090
       2.037114     2.927088     0.036420
      -0.058439     3.608355     0.036108
       3.332073     1.144105     0.036122
       3.331950    -1.059111     0.036178
       2.036906    -2.841588     0.036179
      -0.058438    -3.522537     0.036125
      -2.154320    -2.841933     0.036424
      -3.449807    -1.059468     0.036111
      -3.449928     1.144452     0.036159
      -2.154528     2.927420     0.036158
       0.995981     3.288260     0.031586
       3.353211     0.042511     0.031238
       0.995772    -3.202228     0.031240
      -2.819544    -1.963365     0.031590
      -2.819729     2.048651     0.031492
       2.496565     2.580125    -0.894882
      -0.634332     3.598741    -0.895854
       3.144569     1.688124    -0.894937
       3.144361    -1.603165    -0.894828
       2.496363    -2.495058    -0.894827
      -0.633774    -3.512323    -0.894933
      -1.682361    -3.171680    -0.894878
      -3.618626    -0.508791    -0.895851
      -3.618655     0.593631    -0.895827
      -1.682807     3.258101    -0.895829
       1.463712     2.947774    -0.904627
       3.174482     0.592583    -0.904606
       1.463638    -2.862208    -0.904567
      -2.351186    -2.302988    -0.904623
      -2.998521     1.498115    -0.905077
       0.417161     3.288258    -0.904968
       3.174411    -0.507529    -0.904568
       0.417392    -3.202231    -0.904603
      -2.998409    -1.412875    -0.904965
      -2.351389     2.388817    -0.905078
       2.701749     2.048097     0.041208
       2.701563    -1.962799     0.041127
      -1.112967    -3.202414     0.041212
      -3.471479     0.042506     0.040838
      -1.113175     3.288437     0.040836
       2.233914     2.388661     0.977377
       2.880359    -1.412771     0.976941
      -0.534592    -3.202412     0.977046
      -3.292618    -0.507976     0.977380
      -1.581506     2.948276     0.977412
       2.880476     1.498031     0.977043
       2.233708    -2.302811     0.976942
      -1.581431    -2.862716     0.977381
      -3.292690     0.593032     0.977414
      -0.534363     3.288439     0.977377
       2.965430     1.136917    -1.832731
       1.916779    -2.495060    -1.832619
      -1.861485    -2.620392    -1.832790
      -3.149747     0.934262    -1.833607
      -0.165540     3.258051    -1.833567
       2.974012     0.042516    -1.838032
       0.878586    -2.841593    -1.838030
      -2.512365    -1.739980    -1.838342
      -2.512453     1.825401    -1.838597
       0.878451     2.927083    -1.838345
       2.965260    -1.051947    -1.832620
      -0.164902    -3.171620    -1.832728
      -3.149745    -0.849360    -1.833564
      -1.861865     2.706881    -1.833608
       1.916907     2.580123    -1.832794
       0.700340     0.593640    -3.563160
       0.700304    -0.508802    -3.563138
      -0.348169    -0.849511    -3.563159
      -0.996285     0.042408    -3.563189
      -0.348205     0.934415    -3.563190
       1.457850     1.144097    -2.996449
       1.457750    -1.059118    -2.996356
      -0.637601    -1.740046    -2.996447
      -1.933212     0.042463    -2.996647
      -0.637784     1.825468    -2.996649
       1.471674     0.042503    -3.013167
       0.414349    -1.412781    -3.013166
      -1.296676    -0.856944    -3.013325
      -1.296770     0.942156    -3.013453
       0.414303     1.498020    -3.013327
       2.206756     1.688121    -2.412357
       2.206573    -1.603169    -2.412208
      -0.923572    -2.620411    -2.412354
      -2.859991     0.042408    -2.413072
      -0.924123     2.706905    -2.413074
       2.228785     0.592579    -2.434784
       1.171406    -1.962805    -2.434732
      -1.585866    -1.746973    -2.434947
      -2.233231     0.942089    -2.435319
       0.124849     2.388652    -2.435178
       2.228722    -0.507533    -2.434733
       0.125157    -2.302819    -2.434782
      -2.233164    -0.856877    -2.435176
      -1.586089     1.832804    -2.435319
       1.171407     2.048091    -2.434950
      -0.058222     0.042303     4.182106
       1.087744     3.569207     1.890177
       3.646835     0.042305     1.888519
       1.086704    -3.481416     1.888521
      -3.058383    -2.137452     1.890181
      -3.058655     2.222242     1.890338
       2.939238     2.220076    -1.816546
       2.938971    -2.135287    -1.816370
      -1.203141    -3.481426    -1.816542
      -3.766620     0.042288    -1.818236
      -1.204173     3.569197    -1.818239
      -0.058211     0.042290    -4.106400
       0.233254     0.938356     4.707333
       0.884358     0.042080     4.707291
       0.233265    -0.854073     4.707291
      -0.820346    -0.511802     4.707334
      -0.820414     0.596069     4.707362
       0.525034     1.836599     4.140022
       1.828531     0.042115     4.139829
       0.524998    -1.752046     4.139830
      -1.584461    -1.066874     4.140024
      -1.584627     1.151301     4.140128
       1.187592     0.947214     4.156864
       1.187532    -0.862788     4.156738
      -0.533864    -1.422169     4.156865
      -1.597964     0.042230     4.157042
      -0.533959     1.506707     4.157041
       0.815602     2.730872     3.558885
       2.768185     0.042115     3.558400
       0.815368    -2.645711     3.558402
      -2.345175    -1.619568     3.558888
      -2.345454     1.704073     3.559066
       1.482405     1.847685     3.584488
       2.134581    -0.864914     3.584166
      -0.243283    -2.323582     3.584327
      -2.365832    -0.512903     3.584707
      -1.299350     2.065499     3.584761
       2.134681     0.949408     3.584325
       1.482208    -1.762830     3.584167
      -1.299160    -1.980815     3.584490
      -2.365925     0.597482     3.584762
      -0.243282     2.408539     3.584705
       1.102993     3.615127     2.967855
       3.695701     0.042080     2.966344
       1.102019    -3.527820     2.966347
      -3.097342    -2.166145     2.967859
      -3.097723     2.250628     2.968091
       1.769530     2.738227     2.992988
       3.069296    -0.862843     2.992272
       0.047593    -3.211879     2.992385
      -3.121479    -1.064674     2.993177
      -2.057676     2.613750     2.993295
       2.426554     1.847697     3.000579
       2.426350    -1.762842     3.000262
      -1.007413    -2.878758     3.000583
      -3.130034     0.042322     3.001033
      -1.007485     2.963763     3.001031
       3.069387     0.947267     2.992382
       1.769081    -2.652437     2.992273
      -2.057390    -2.529081     2.992992
      -3.121680     1.149273     2.993296
       0.047974     3.297708     2.993174
       2.045314     3.615121     2.385379
       3.986886    -0.854167     2.383830
       0.339527    -4.081806     2.383853
      -3.859794    -1.612181     2.385477
      -2.806512     3.146879     2.385669
       2.702146     2.730817     2.392598
       3.351075    -1.752015     2.392175
      -0.711081    -3.754746     2.392296
      -3.871789    -0.510428     2.392887
      -1.762398     3.498527     2.392955
       3.351239     1.836564     2.392292
       2.701809    -2.645654     2.392176
      -1.762147    -3.413762     2.392602
      -3.871906     0.595034     2.392957
      -0.711005     3.840023     2.392884
       3.986949     0.938445     2.383849
       2.044382    -3.527798     2.383831
      -2.806143    -3.062344     2.385384
      -3.860120     1.696711     2.385670
       0.340531     4.169076     2.385472
       1.865358     4.168972     1.443107
       0.811788     4.511370     1.443066
       4.458086     0.596032     1.441430
       4.458019    -0.511776     1.441471
       1.864337    -4.081678     1.441473
       0.810770    -4.424074     1.441433
      -3.388497    -3.062346     1.443112
      -4.039709    -2.166149     1.443071
      -4.040096     2.250624     1.443292
      -3.388931     3.146877     1.443292
       2.341862     3.839665     0.506103
       0.232557     4.525310     0.505989
       4.294327     1.151005     0.505671
       4.294150    -1.066590     0.505769
       2.341356    -3.754382     0.505771
       0.232354    -4.439827     0.505675
      -2.928059    -3.413767     0.506108
      -4.231959    -1.619576     0.505993
      -4.232250     1.704065     0.506151
      -2.928502     3.498522     0.506149
       1.293736     4.202581     0.501668
       4.314718     0.042225     0.501003
       1.293167    -4.116587     0.501006
      -3.597102    -2.529088     0.501673
      -3.597513     2.613744     0.501774
       2.811499     3.497724    -0.433859
      -0.348576     4.525307    -0.434309
       4.114876     1.703302    -0.433958
       4.114584    -1.618809    -0.433788
       2.811058    -3.412960    -0.433787
      -0.348366    -4.439830    -0.433953
      -2.457729    -3.754753    -0.433854
      -4.411538    -1.066886    -0.434305
      -4.411710     1.151289    -0.434211
      -2.458239     3.840015    -0.434213
       1.769306     3.870507    -0.440851
       4.146687     0.597206    -0.440911
       1.768920    -3.785228    -0.440852
      -3.134323    -2.878766    -0.440846
      -3.787397     2.065488    -0.441003
       0.713606     4.213818    -0.441041
       4.146592    -0.512639    -0.440854
       0.713424    -4.128280    -0.440908
      -3.787061    -1.980825    -0.441037
      -3.134769     2.963754    -0.441004
       3.270079     3.144755    -1.369772
      -0.927680     4.511363    -1.371465
       3.921196     2.248419    -1.369795
       3.920814    -2.163950    -1.369557
       3.269639    -3.060217    -1.369556
      -0.926654    -4.424081    -1.369791
      -1.980327    -4.081816    -1.369766
      -4.577230    -0.511818    -1.371461
      -4.577288     0.596053    -1.371417
      -1.981345     4.169066    -1.371419
       2.234191     3.517749    -1.380808
       3.955350     1.148249    -1.380689
       2.233821    -3.432880    -1.380562
      -2.655173    -3.211890    -1.380803
      -3.956962     1.506693    -1.381520
       1.185564     3.870505    -1.385370
       3.966278     0.042312    -1.384999
       1.185409    -3.785230    -1.384996
      -3.314708    -2.323595    -1.385366
      -3.315057     2.408526    -1.385553
       0.129867     4.202576    -1.381520
       3.955152    -1.063670    -1.380564
       0.130224    -4.116591    -1.380685
      -3.956755    -1.422184    -1.381516
      -2.655723     3.297697    -1.381521
       3.479797     2.612585    -0.429158
       3.479386    -2.527920    -0.429033
      -1.409396    -4.116819    -0.429153
      -4.432801     0.042218    -0.429842
      -1.409967     4.202796    -0.429845
       3.017793     2.963195     0.512999
       3.669733    -1.980254     0.512863
      -0.829747    -4.128546     0.512820
      -4.264293    -0.512911     0.512919
      -1.886003     3.871041     0.512971
       3.670074     2.064931     0.512815
       3.017346    -2.878188     0.512864
      -1.885612    -3.785770     0.513004
      -4.264386     0.597474     0.512973
      -0.829936     4.214081     0.512915
       2.539284     3.297462     1.453234
       3.838950    -1.422030     1.452537
      -0.246451    -4.116814     1.452539
      -4.073150    -1.064678     1.453333
      -2.351757     3.518843     1.453450
       3.198103     2.408254     1.457125
       3.197753    -2.323300     1.456956
      -1.302113    -3.785768     1.457129
      -4.084006     0.042318     1.457468
      -1.302277     3.871043     1.457465
       3.839165     1.506560     1.452535
       2.538736    -3.211623     1.452539
      -2.351386    -3.433976     1.453239
      -4.073352     1.149269     1.453451
      -0.246107     4.202801     1.453329
       3.741149     1.694535    -2.312151
       2.687212    -3.060219    -2.311947
      -2.160325    -3.527834    -2.312263
      -4.106044     0.938338    -2.313833
      -0.456540     4.168962    -2.313821
       3.754416     0.594550    -2.320347
       1.645152    -3.412965    -2.320272
      -2.818072    -2.645726    -2.320655
      -3.468140     1.836582    -2.321100
       0.594641     3.839657    -2.320973
       3.754301    -0.509967    -2.320274
       0.594729    -3.754389    -2.320344
      -3.467977    -1.752062    -2.320969
      -2.818412     2.730857    -2.321100
       1.645398     3.497719    -2.320659
       3.740835    -1.610029    -2.311948
      -0.455517    -4.081687    -2.312147
      -4.105998    -0.854091    -2.313818
      -2.161255     3.615113    -2.313835
       2.687587     3.144753    -2.312267
       0.704481     0.596016    -4.632060
       0.704417    -0.511791    -4.632014
      -0.349151    -0.854185    -4.632059
      -1.000392     0.042061    -4.632129
      -0.349144     0.938427    -4.632130
       1.468210     1.150993    -4.067104
       1.468048    -1.066601    -4.066981
      -0.640959    -1.752032    -4.067102
      -1.944742     0.042095    -4.067313
      -0.640998     1.836547    -4.067315
       1.481507     0.042213    -4.083250
       0.417662    -1.422045    -4.083249
      -1.303719    -0.862861    -4.083449
      -1.303782     0.947249    -4.083586
       0.417754     1.506546    -4.083451
       2.228383     1.703294    -3.486382
       2.228108    -1.618816    -3.486184
      -0.931321    -2.645669    -3.486379
      -2.885017     0.042095    -3.486888
      -0.931560     2.730802    -3.486889
       2.248831     0.597198    -3.511721
       1.182455    -1.980264    -3.511656
      -1.598401    -1.762859    -3.511951
      -2.251247     0.949390    -3.512288
       0.126952     2.408242    -3.512124
       2.248740    -0.512647    -3.511657
       0.126958    -2.323313    -3.511719
      -2.251145    -0.864932    -3.512122
      -1.598601     1.847680    -3.512289
       1.182641     2.064921    -3.511954
       2.978802     2.248415    -2.894629
       2.978427    -2.163954    -2.894378
      -1.217868    -3.527811    -2.894625
      -3.814820     0.042060    -2.896174
      -1.218852     3.615108    -2.896177
       3.003822     1.148245    -2.920302
       1.939786    -2.527926    -2.920170
      -1.885195    -2.652452    -2.920498
      -3.186894     0.947196    -2.921238
      -0.164205     3.297451    -2.921124
       3.012567     0.042308    -2.928144
       0.890698    -2.878197    -2.928142
      -2.542896    -1.762846    -2.928620
      -2.543103     1.847669    -2.928953
       0.890763     2.963186    -2.928623
       3.003626    -1.063674    -2.920172
      -0.163813    -3.211634    -2.920299
      -3.186805    -0.862806    -2.921121
      -1.885646     2.738212    -2.921239
       1.940070     2.612579    -2.920502
      -0.057848     0.042033     5.258425
       1.385669     4.484704     2.371392
       4.605675     0.042030     2.367515
       1.383265    -4.393241     2.367519
      -3.837007    -2.703701     2.371397
      -3.837459     2.788076     2.371662
       3.715030     2.783167    -2.296011
       3.714581    -2.698800    -2.295720
      -1.498939    -4.393253    -2.296006
      -4.729139     0.042014    -2.299918
      -1.501348     4.484692    -2.299921
      -0.057828     0.042011    -5.178226
       0.235105     0.942855     5.788998
       0.889673     0.041831     5.788920
       0.235146    -0.859050     5.788921
      -0.824053    -0.514951     5.788999
      -0.824145     0.598780     5.789037
       0.528379     1.845637     5.217728
       1.838836     0.041843     5.217404
       0.528442    -1.761762     5.217405
      -1.592022    -1.072848     5.217730
      -1.592203     1.156806     5.217860
       1.194091     0.951344     5.233728
       1.194080    -0.867545     5.233557
      -0.535782    -1.429625     5.233730
      -1.605120     0.041989     5.233962
      -0.535941     1.513589     5.233961
       0.821308     2.747245     4.638214
       2.786798     0.041852     4.637532
       0.821370    -2.663330     4.637534
      -2.358982    -1.630054     4.638217
      -2.359286     1.714123     4.638429
       1.492025     1.858170     4.664497
       2.148442    -0.870630     4.664089
      -0.243804    -2.338306     4.664290
      -2.379257    -0.516480     4.664778
      -1.306459     2.077318     4.664840
       2.148524     0.954454     4.664287
       1.491929    -1.774245     4.664089
      -1.306159    -1.993203     4.664499
      -2.379362     0.600592     4.664841
      -0.244029     2.422413     4.664776
       1.112513     3.643409     4.049460
       3.728676     0.041846     4.047985
       1.112433    -3.559108     4.047987
      -3.121298    -2.183938     4.049465
      -3.121730     2.268070     4.049742
       1.784745     2.759066     4.079057
       3.095391    -0.870460     4.078242
       0.048999    -3.238911     4.078408
      -3.145625    -1.073281     4.079324
      -2.072947     2.634203     4.079458
       2.447064     1.861656     4.088316
       2.446809    -1.777706     4.087903
      -1.014350    -2.902577     4.088319
      -3.154247     0.042112     4.088901
      -1.014767     2.986857     4.088899
       3.095531     0.954285     4.078405
       1.784390    -2.674900     4.078244
      -2.072506    -2.549989     4.079061
      -3.145850     1.157477     4.079459
       0.048699     3.323333     4.079321
       1.401641     4.533070     3.455926
       4.658670     0.041836     3.451717
       1.399826    -4.443582     3.451720
      -3.878070    -2.733836     3.455931
      -3.878613     2.817977     3.456258
       2.071014     3.650224     3.479883
       4.030116    -0.867001     3.478178
       0.341159    -4.126823     3.478270
      -3.900957    -1.626042     3.480095
      -2.832125     3.181861     3.480299
       2.734834     2.758922     3.491669
       3.388783    -1.773881     3.490992
      -0.719581    -3.797320     3.491264
      -3.914435    -0.514709     3.492146
      -1.779326     3.537872     3.492216
       3.389104     1.857805     3.491260
       2.734258    -2.674759     3.490993
      -1.778775    -3.453533     3.491673
      -3.914556     0.598976     3.492218
      -0.720111     3.881906     3.492143
       4.030268     0.950805     3.478267
       2.069947    -3.564944     3.478180
      -2.831585    -3.097632     3.479888
      -3.901303     1.710261     3.480300
       0.340994     4.212508     3.480091
       2.348957     4.533028     2.870353
       4.950958    -0.858049     2.866837
       0.634248    -4.999810     2.866870
      -4.644563    -2.176931     2.870490
      -3.585867     3.718954     2.870766
       3.008979     3.643158     2.877119
       4.314103    -1.760725     2.876394
      -0.421073    -4.673271     2.876490
      -4.655831    -1.069061     2.877451
      -2.535658     4.071809     2.877597
       3.665658     2.746694     2.879812
       3.665015    -2.662785     2.879570
      -1.479504    -4.335022     2.879818
      -4.660586     0.042123     2.880387
      -1.480264     4.419466     2.880384
       4.314426     1.844591     2.876486
       3.007685    -3.558856     2.876396
      -2.535018    -3.987507     2.877124
      -4.656080     1.153294     2.877599
      -0.421996     4.758318     2.877447
       4.951096     0.941828     2.866865
       2.345990    -4.443485     2.866839
      -3.585293    -3.634774     2.870358
      -4.645029     2.261140     2.870767
       0.635132     5.089954     2.870485
       2.168052     5.089800     1.923110
       1.108900     5.434040     1.923096
       5.424078     0.598057     1.920598
       5.423984    -0.514263     1.920626
       2.165203    -4.999595     1.920629
       1.107353    -5.343412     1.920602
      -4.170718    -3.634777     1.923116
      -4.825406    -2.733840     1.923102
      -4.825954     2.817973     1.923421
      -4.171356     3.718952     1.923420
       2.646798     4.757843     0.980693
       0.526454     5.447124     0.980779
       5.261807     1.155998     0.980986
       5.261598    -1.072062     0.981072
       2.645520    -4.672788     0.981074
       0.526575    -5.361498     0.980991
      -3.707067    -3.987512     0.980699
      -5.017837    -2.183945     0.980785
      -5.018289     2.268062     0.981031
      -3.707795     4.071804     0.981030
       1.592893     5.121737     0.976381
       5.280790     0.041981     0.976257
       1.591933    -5.035300     0.976261
      -4.378827    -3.097638     0.976387
      -4.379450     3.181854     0.976662
       3.122432     4.418581     0.035412
      -0.057695     5.452552     0.035643
       5.086969     1.713521     0.035663
       5.086633    -1.629466     0.035836
       3.121575    -4.334140     0.035838
      -0.057690    -5.367502     0.035668
      -3.237432    -4.335029     0.035418
      -5.203513    -1.630065     0.035648
      -5.203846     1.714112     0.035813
      -3.238298     4.419459     0.035811
       2.073616     4.793951     0.029451
       5.119084     0.600387     0.029750
       2.072874    -4.708890     0.029814
      -3.918532    -3.453542     0.029457
      -4.575835     2.634192     0.029682
       1.011353     5.139335     0.029478
       5.118974    -0.516288     0.029811
       1.010887    -5.054067     0.029754
      -4.575270    -2.550000     0.029484
      -3.919280     3.537863     0.029681
       3.591321     4.070094    -0.909787
      -0.641807     5.447120    -0.909515
       4.900726     2.267299    -0.909684
       4.900276    -2.183180    -0.909417
       3.590599    -3.985797    -0.909416
      -0.641918    -5.361503    -0.909678
      -2.761106    -4.673281    -0.909781
      -5.378847    -1.072864    -0.909511
      -5.379049     1.156790    -0.909415
      -2.762396     4.758309    -0.909418
       2.547071     4.449332    -0.917734
       4.938186     1.157137    -0.917455
       2.546359    -4.364713    -0.917315
      -3.444475    -3.797332    -0.917728
      -4.756627     2.077304    -0.917675
       1.490361     4.806101    -0.921102
       4.950446     0.042104    -0.920693
       1.489733    -4.721164    -0.920689
      -4.110325    -2.902589    -0.921096
      -4.111043     2.986844    -0.921005
       0.425916     5.139332    -0.917782
       4.937957    -1.072957    -0.917317
       0.425485    -5.054069    -0.917451
      -4.756179    -1.993217    -0.917776
      -3.445516     3.881894    -0.917676
       4.050382     3.713957    -1.849390
      -1.224159     5.434030    -1.851890
       4.704089     2.813968    -1.849357
       4.703552    -2.729852    -1.849018
       4.049723    -3.629771    -1.849017
      -1.222596    -5.343421    -1.849351
      -2.280542    -4.999822    -1.849383
      -5.546357    -0.514971    -1.851885
      -5.546435     0.598760    -1.851824
      -2.283404     5.089942    -1.851828
       3.010632     4.088938    -1.860675
       4.739033     1.709348    -1.860452
       3.009955    -4.004562    -1.860236
      -2.958472    -4.126837    -1.860669
      -4.921073     1.513571    -1.861364
       1.959929     4.449330    -1.867754
       4.756653     0.598829    -1.867350
       1.959256    -4.364715    -1.867273
      -3.625911    -3.238927    -1.867749
      -4.281433     2.422397    -1.867912
       0.901005     4.793946    -1.867883
       4.756533    -0.514589    -1.867275
       0.900370    -4.708895    -1.867347
      -4.280887    -2.338323    -1.867878
      -3.626876     3.323317    -1.867913
      -0.160942     5.121730    -1.861397
       4.738692    -1.625157    -1.860238
      -0.161241    -5.035308    -1.860447
      -4.920788    -1.429643    -1.861393
      -2.960192     4.212495    -1.861366
       4.261500     3.179933    -0.904924
       4.260880    -3.095708    -0.904612
      -1.707416    -5.035583    -0.904918
      -5.399226     0.041974    -0.905059
      -1.708377     5.121996    -0.905062
       3.802701     3.536798     0.041623
       4.458360    -2.549001     0.041878
      -1.126438    -5.054397     0.041662
      -5.236339    -0.516492     0.041900
      -2.189341     4.794564     0.041959
       4.458926     2.633205     0.041656
       3.801956    -3.452464     0.041878
      -2.188591    -4.709516     0.041629
      -5.236445     0.600580     0.041962
      -1.126910     5.139658     0.041896
       3.329510     3.881225     0.988929
       4.639376    -1.992334     0.989007
      -0.541014    -5.054395     0.988901
      -5.055426    -1.073289     0.989186
      -2.663105     4.450532     0.989316
       3.994645     2.986026     0.992231
       3.993925    -2.901753     0.992348
      -1.605461    -4.721866     0.992237
      -5.067851     0.042104     0.992610
      -1.606099     4.806801     0.992607
       4.639831     2.076434     0.988896
       3.328473    -3.796639     0.989009
      -2.662385    -4.365918     0.988935
      -5.055653     1.157469     0.989318
      -0.541458     5.139661     0.989181
       2.844578     4.212145     1.932563
       4.802976    -1.428575     1.931886
       0.045807    -5.035576     1.931870
      -4.857257    -1.626046     1.932762
      -3.127636     4.091355     1.932966
       3.510964     3.322763     1.939046
       4.164503    -2.337500     1.938912
      -1.015999    -4.709512     1.938931
      -4.874066    -0.514713     1.939423
      -2.075866     4.450535     1.939493
       4.165050     2.421598     1.938926
       3.510001    -3.238345     1.938913
      -2.075183    -4.365916     1.939052
      -4.874187     0.598972     1.939496
      -1.016651     4.794569     1.939419
       4.803272     1.512520     1.931865
       2.842862    -4.126443     1.931888
      -3.126959    -4.006980     1.932568
      -4.857603     1.710257     1.932967
       0.045483     5.122003     1.932757
       4.523287     2.257812    -2.795537
       3.464922    -3.629774    -2.795249
      -2.461269    -4.443598    -2.795693
      -5.072685     0.942833    -2.799227
      -0.750499     5.089788    -2.799227
       4.538538     1.153299    -2.804961
       2.419192    -3.985802    -2.804801
      -3.123115    -3.559126    -2.805305
      -4.430572     1.845616    -2.806061
       0.306527     4.757833    -2.805964
       4.543509     0.042107    -2.808030
       1.363978    -4.334147    -2.808027
      -3.780591    -2.663349    -2.808630
      -3.781239     2.747226    -2.808898
       1.364723     4.418574    -2.808635
       4.538293    -1.069106    -2.804803
       0.305635    -4.672798    -2.804957
      -4.430247    -1.761783    -2.805959
      -3.124413     3.643392    -2.806063
       2.419828     4.070089    -2.805310
       4.522840    -2.173673    -2.795250
      -0.749532    -4.999607    -2.795532
      -5.072594    -0.859072    -2.799223
      -2.464240     4.533054    -2.799230
       3.465534     3.713955    -2.795699
       0.707909     0.598038    -5.710360
       0.707845    -0.514283    -5.710284
      -0.350015    -0.858071    -5.710358
      -1.003865     0.041813    -5.710501
      -0.349983     0.941806    -5.710501
       1.475750     1.155982    -5.145012
       1.475585    -1.072078    -5.144855
      -0.643374    -1.760745    -5.145010
      -1.953091     0.041823    -5.145352
      -0.643319     1.844571    -5.145353
       1.488472     0.041965    -5.159872
       0.420050    -1.428593    -5.159871
      -1.308631    -0.867023    -5.160136
      -1.308646     0.950783    -5.160318
       0.420194     1.512502    -5.160137
       2.243079     1.713510    -4.565869
       2.242782    -1.629478    -4.565634
      -0.936495    -2.662804    -4.565866
      -2.901621     0.041829    -4.566567
      -0.936437     2.746675    -4.566569
       2.262732     0.600375    -4.591945
       1.190221    -1.992348    -4.591869
      -1.606905    -1.773902    -4.592239
      -2.263456     0.954263    -4.592658
       0.128452     2.421581    -4.592456
       2.262632    -0.516300    -4.591870
       0.128231    -2.337517    -4.591943
      -2.263369    -0.870482    -4.592454
      -1.607009     1.857785    -4.592659
       1.190515     2.076420    -4.592242
       3.005329     2.267292    -3.976515
       3.004899    -2.183187    -3.976215
      -1.227624    -3.558874    -3.976511
      -3.844218     0.041820    -3.978016
      -1.227708     3.643141    -3.978018
       3.029035     1.157130    -4.006541
       1.956405    -2.549011    -4.006389
      -1.899619    -2.674778    -4.006812
      -3.211001     0.954432    -4.007648
      -0.164175     3.322748    -4.007482
       3.037416     0.042096    -4.016054
       0.898578    -2.901765    -4.016052
      -2.562064    -1.777727    -4.016662
      -2.562328     1.861636    -4.017089
       0.898991     2.986013    -4.016666
       3.028814    -1.072965    -4.006390
      -0.164472    -3.238360    -4.006538
      -3.210856    -0.870653    -4.007479
      -1.899978     2.758903    -4.007650
       1.956845     2.633195    -4.006816
       3.757856     2.813964    -3.380402
       3.757325    -2.729856    -3.380053
      -1.514996    -4.443501    -3.380397
      -4.779880     0.041807    -3.384652
      -1.516832     4.533012    -3.384655
       3.783410     1.709344    -3.406691
       2.714655    -3.095714    -3.406469
      -2.185247    -3.564962    -3.406902
      -4.147163     0.951321    -3.408643
      -0.456398     4.212131    -3.408553
       3.797462     0.598825    -3.419361
       1.662852    -3.452472    -3.419282
      -2.849668    -2.674919    -3.419855
      -3.504789     1.858149    -3.420556
       0.604483     3.881214    -3.420278
       3.797344    -0.514593    -3.419284
       0.603965    -3.796650    -3.419358
      -3.504459    -1.774265    -3.420274
      -2.850249     2.759046    -3.420556
       1.663397     3.536789    -3.419860
       3.783073    -1.625161    -3.406470
      -0.456543    -4.126456    -3.406687
      -4.147011    -0.867567    -3.408550
      -2.186310     3.650206    -3.408645
       2.715196     3.179927    -3.406907
      -0.057672     0.041905     6.368059
       1.692572     5.428581     2.867573
       5.576018     0.041822     2.852368
       1.683316    -5.316028     2.852372
      -4.639848    -3.287257     2.867579
      -4.640402     3.371448     2.867904
       4.500112     3.353142    -2.781217
       4.499505    -3.269080    -2.780826
      -1.798413    -5.316043    -2.781211
      -5.721545     0.041882    -2.796324
      -1.807894     5.428566    -2.796328
      -0.057538     0.041799    -6.262961
       0.532211     1.856625     6.312153
       1.850929     0.041684     6.311693
       0.532330    -1.773213     6.311695
      -1.601288    -1.079887     6.312155
      -1.601468     1.163538     6.312297
       1.198187     0.953971     6.327677
       1.198241    -0.870567     6.327456
      -0.537015    -1.434332     6.327679
      -1.609605     0.041837     6.327955
      -0.537182     1.517903     6.327954
       0.827051     2.764144     5.730765
       2.805208     0.041703     5.729914
       0.827202    -2.680792     5.729916
      -2.373279    -1.640737     5.730768
      -2.373543     1.724483     5.730998
       1.500655     1.868304     5.755632
       2.161250    -0.875675     5.755145
      -0.244303    -2.351870     5.755375
      -2.391830    -0.520051     5.755950
      -1.313392     2.088281     5.756014
       2.161271     0.959121     5.755372
       1.500685    -1.784866     5.755145
      -1.313129    -2.004542     5.755635
      -2.391931     0.603799     5.756015
      -0.244516     2.435475     5.755947
       1.121045     3.668961     5.142777
       3.756846     0.041704     5.141192
       1.121273    -3.585854     5.141195
      -3.142961    -2.199946     5.142781
      -3.143351     2.283780     5.143091
       1.796835     2.777862     5.173091
       3.117835    -0.876140     5.172178
       0.050866    -3.261875     5.172372
      -3.166139    -1.081820     5.173394
      -2.087065     2.651174     5.173542
       2.464247     1.873708     5.183520
       2.464094    -1.790263     5.183027
      -1.020502    -2.922642     5.183523
      -3.174770     0.041922     5.184197
      -1.020928     3.006435     5.184195
       3.117949     0.959606     5.172369
       1.796729    -2.694489     5.172180
      -2.086645    -2.567295     5.173095
      -3.166352     1.165661     5.173543
       0.050481     3.345483     5.173390
       1.413635     4.569358     4.549305
       4.702197     0.041694     4.545853
       1.413413    -4.484934     4.545856
      -3.908875    -2.756456     4.549311
      -3.909385     2.840335     4.549694
       2.089456     3.680440     4.578031
       4.066419    -0.874872     4.576433
       0.345233    -4.163705     4.576564
      -3.933409    -1.640079     4.578285
      -2.855200     3.208475     4.578513
       2.759454     2.782260     4.593105
       3.419433    -1.789849     4.592232
      -0.724829    -3.831295     4.592598
      -3.947762    -0.519692     4.593682
      -1.794034     3.568135     4.593757
       3.419795     1.873296     4.592594
       2.758916    -2.698973     4.592232
      -1.793362    -3.484160     4.593109
      -3.947882     0.603614     4.593759
      -0.725670     3.915143     4.593679
       4.066604     0.958327     4.576560
       2.088652    -3.597038     4.576435
      -2.854622    -3.124508     4.578036
      -3.933745     1.723984     4.578514
       0.344317     4.247711     4.578281
       5.640473     0.041687     3.945214
       1.703363    -5.377285     3.945218
       2.375788     4.578239     3.972476
       5.003010    -0.871070     3.970377
       0.638288    -5.053295     3.970453
      -4.692709    -2.198180     3.972668
      -3.620691     3.758242     3.972973
       3.045404     3.680191     3.987107
       4.361514    -1.783836     3.985677
      -0.427976    -4.725477     3.985883
      -4.706886    -1.078123     3.987542
      -2.559790     4.117649     3.987694
       3.708526     2.777209     3.991215
       3.707758    -2.693838     3.990712
      -1.495278    -4.385220     3.991220
      -4.712956     0.041982     3.992040
      -1.496312     4.469317     3.992037
       4.361945     1.867290     3.985878
       3.044317    -3.596804     3.985678
      -2.558982    -4.033591     3.987113
      -4.707134     1.162081     3.987697
      -0.429154     4.809676     3.987538
       5.003212     0.954515     3.970449
       2.374459    -4.488964     3.970380
      -3.619999    -3.674262     3.972482
      -4.693155     2.282120     3.972974
       0.640464     5.142310     3.972662
       5.933481    -0.860655     3.358754
       0.935741    -5.934998     3.358806
       3.321924     4.568924     3.369704
       5.290655    -1.770627     3.367970
      -0.128299    -5.605059     3.368089
      -5.452894    -1.634700     3.370062
      -3.319675     4.655266     3.370276
       3.983516     3.668147     3.373299
       4.640098    -2.679232     3.372802
      -1.193251    -5.267463     3.373051
      -5.459058    -0.517286     3.373869
      -2.258777     5.006210     3.373942
       4.640920     2.762593     3.373046
       3.981976    -3.585060     3.372803
      -2.257634    -4.922067     3.373305
      -5.459187     0.601218     3.373946
      -1.194976     5.351725     3.373864
       5.291082     1.854087     3.368084
       3.318875    -4.484552     3.367972
      -3.318767    -4.571213     3.369711
      -5.453257     1.718640     3.370278
      -0.130348     5.691164     3.370057
       5.933680     0.944081     3.358801
       2.652086    -5.377114     3.358757
       6.407890     0.599420     2.409936
       6.407782    -0.515930     2.409961
       2.470800    -5.934727     2.409964
       1.410073    -6.279493     2.409941
       2.957476     5.690587     1.461406
       0.823956     6.384214     1.461669
       6.243483     1.161864     1.462315
       6.243269    -1.078265     1.462362
       2.954774    -5.604495     1.462365
       0.824351    -6.296939     1.462320
      -4.498154    -4.571217     1.461413
      -5.817129    -2.756463     1.461676
      -5.817713     2.840327     1.461940
      -4.499087     4.655262     1.461938
       1.896194     6.054285     1.461262
       6.259039     0.041802     1.457648
       1.894400    -5.965614     1.457652
      -5.172007    -3.674269     1.461269
      -5.172772     3.758236     1.461641
       3.436813     5.350734     0.510695
       0.236503     6.391315     0.511205
       6.070620     1.723445     0.511759
       6.070288    -1.639726     0.511875
       3.435300    -5.266480     0.511877
       0.236838    -6.306076     0.511764
      -4.026812    -4.922075     0.510703
      -6.005416    -2.199958     0.511211
      -6.005877     2.283768     0.511405
      -4.027915     5.006202     0.511403
       2.380525     5.726488     0.505720
       6.100584     0.603618     0.506816
       2.379604    -5.641235     0.506865
      -4.710586    -4.033600     0.505727
      -5.372041     3.208465     0.506160
       1.311752     6.073980     0.505874
       6.100472    -0.519894     0.506861
       1.311116    -5.988527     0.506821
      -5.371341    -3.124518     0.505881
      -4.711487     4.117640     0.506160
       3.912472     5.004538    -0.441201
      -0.351481     6.391312    -0.440178
       5.888721     2.283275    -0.440686
       5.888263    -2.199456    -0.440469
       3.911384    -4.920399    -0.440467
      -0.351803    -6.306078    -0.440680
      -3.550573    -5.267473    -0.441193
      -6.187112    -1.640752    -0.440172
      -6.187443     1.724467    -0.440051
      -3.552096     5.351715    -0.440054
       2.860813     5.386217    -0.447519
       5.926197     1.165318    -0.446837
       2.859786    -5.301721    -0.446715
      -4.238553    -4.385232    -0.447512
      -5.560725     2.651159    -0.446984
       1.796302     5.746555    -0.450083
       5.939423     0.041916    -0.449280
       1.795524    -5.661678    -0.449276
      -4.910208    -3.484173    -0.450077
      -4.911104     3.568122    -0.449792
       0.723477     6.081336    -0.447147
       5.925960    -1.081491    -0.446718
       0.723018    -5.996251    -0.446832
      -5.560125    -2.567309    -0.447140
      -4.239766     4.469306    -0.446985
       4.382092     4.651685    -1.391500
      -0.938881     6.384207    -1.390674
       5.698501     2.839155    -1.391279
       5.697930    -2.755280    -1.390959
       4.381188    -4.567622    -1.390957
      -0.939258    -6.296946    -1.391272
      -3.069869    -5.605071    -1.391493
      -6.361872    -1.079907    -1.390669
      -6.362085     1.163518    -1.390580
      -3.072571     5.691151    -1.390583
       3.333392     5.032867    -1.399752
       5.736545     1.724021    -1.399337
       3.332439    -4.948607    -1.399129
      -3.756462    -4.725491    -1.399745
      -5.735702     2.088263    -1.399466
       2.274259     5.398913    -1.405577
       5.756895     0.603684    -1.405022
       2.273283    -5.314392    -1.404946
      -4.431884    -3.831311    -1.405570
      -5.093459     3.006418    -1.405330
       1.205890     5.746553    -1.405394
       5.756770    -0.519779    -1.404949
       1.204846    -5.661681    -1.405017
      -5.092654    -2.922659    -1.405388
      -4.433244     3.915127    -1.405330
       0.134158     6.073975    -1.399523
       5.736186    -1.640130    -1.399132
       0.133054    -5.988532    -1.399332
      -5.735235    -2.004560    -1.399517
      -3.758491     4.809663    -1.399468
       4.845499     4.293176    -2.339052
       5.500943     3.390733    -2.338956
       5.500288    -3.306855    -2.338564
       4.844691    -4.209207    -2.338563
      -1.524889    -6.279505    -2.338949
      -2.585707    -5.935013    -2.339045
       3.796788     4.667530    -2.346545
       5.532563     2.277676    -2.346271
       3.795916    -4.583424    -2.345982
      -3.265809    -5.053311    -2.346538
      -5.900123     1.517880    -2.349507
       2.742714     5.032864    -2.355495
       5.553904     1.162280    -2.355041
       2.741753    -4.948609    -2.354885
      -3.938991    -4.163722    -2.355489
      -5.257622     2.435454    -2.355467
       1.679665     5.386212    -2.358665
       5.560928     0.041967    -2.358071
       1.678512    -5.301726    -2.358067
      -4.603545    -3.261894    -2.358659
      -4.604643     3.345464    -2.358794
       0.612270     5.726480    -2.355390
       5.553655    -1.078354    -2.354887
       0.610860    -5.641243    -2.355036
      -5.257004    -2.351891    -2.355384
      -3.940955     4.247693    -2.355468
      -0.458993     6.054276    -2.349528
       5.532098    -2.193771    -2.345984
      -0.456538    -5.965623    -2.346265
      -5.899795    -1.434354    -2.349523
      -3.266835     5.142294    -2.349510
       5.052979     3.754642    -1.386660
       5.052228    -3.670655    -1.386243
      -2.009416    -5.965920    -1.386653
      -6.379727     0.041818    -1.390300
      -2.011222     6.054555    -1.390304
       4.594821     4.116128    -0.435902
       5.254337    -3.123100    -0.435436
      -1.426193    -5.988872    -0.435750
      -6.217933    -0.520067    -0.434846
      -2.495718     5.727125    -0.434793
       5.255034     3.207058    -0.435756
       4.593928    -4.032077    -0.435435
      -2.494787    -5.641891    -0.435895
      -6.218040     0.603783    -0.434789
      -1.426840     6.074314    -0.434850
       4.124024     4.468162     0.517590
       5.443524    -2.566271     0.518154
      -0.838092    -5.996609     0.517982
      -6.043164    -1.081831     0.518248
      -2.976116     5.387406     0.518360
       4.794853     3.566971     0.520360
       4.793955    -3.483008     0.520681
      -1.910694    -5.662432     0.520366
      -6.056690     0.041910     0.521132
      -1.911484     5.747302     0.521127
       5.444127     2.650133     0.517976
       4.122815    -4.384073     0.518155
      -2.975075    -5.302921     0.517597
      -6.043398     1.165649     0.518363
      -0.838563     6.081695     0.518243
       3.643135     4.808892     1.470246
       5.618621    -2.002873     1.470563
      -0.248059    -5.988867     1.470520
      -5.854019    -1.640087     1.470658
      -3.448706     5.035109     1.470841
       4.317569     3.914124     1.476078
       4.976604    -2.921324     1.476357
      -1.319912    -5.662429     1.476277
      -5.874212    -0.519700     1.476606
      -2.389338     5.400301     1.476671
       4.977413     3.005104     1.476271
       4.316204    -3.830287     1.476358
      -2.388345    -5.315784     1.476085
      -5.874337     0.603606     1.476675
      -1.320972     5.747304     1.476601
       5.619096     2.086587     1.470514
       3.641100    -4.724700     1.470565
      -3.447731    -4.950859     1.470253
      -5.854382     1.723976     1.470844
      -0.249180     6.074319     1.470652
       3.151796     5.141836     2.420345
       5.779163    -1.435099     2.417399
       0.341626    -5.965911     2.417430
      -5.651910    -2.198184     2.420640
      -3.917110     4.670532     2.420884
       3.825709     4.246984     2.426227
       5.140847    -2.350139     2.426291
      -0.725823    -5.641884     2.426362
      -5.671557    -1.078127     2.426664
      -2.857890     5.035111     2.426805
       4.489166     3.344365     2.429518
       4.488068    -3.260768     2.429418
      -1.793445    -5.302916     2.429524
      -5.678298     0.041978     2.430078
      -1.794617     5.387411     2.430074
       5.141458     2.433744     2.426356
       3.823730    -4.162997     2.426292
      -2.856906    -4.950856     2.426234
      -5.671811     1.162077     2.426808
      -0.727252     5.727133     2.426659
       5.779487     1.518670     2.417424
       3.150726    -5.052835     2.417402
      -3.916211    -4.586453     2.420352
      -5.652394     2.282116     2.420886
       0.344056     6.054565     2.420634
       5.319637     2.833057    -3.287708
       4.258309    -4.209210    -3.287353
      -2.766917    -5.377304    -3.287881
       5.334359     1.719087    -3.296804
       3.203461    -4.567627    -3.296568
      -3.433816    -4.484954    -3.297162
      -5.407739     1.856600    -3.298934
       0.015503     5.690575    -3.298828
       5.342002     0.601721    -3.301524
       2.143215    -4.920406    -3.301439
      -4.096954    -3.585876    -3.302113
      -4.755876     2.764121    -3.302643
       1.080212     5.350724    -3.302384
       5.341872    -0.517828    -3.301442
       1.078502    -5.266489    -3.301520
      -4.755037    -2.680815    -3.302378
      -4.098488     3.668939    -3.302644
       2.144335     5.004530    -3.302119
       5.333995    -1.635196    -3.296570
       0.013462    -5.604507    -3.296799
      -5.407268    -1.773237    -3.298823
      -3.436822     4.569338    -3.298936
       3.204330     4.651680    -3.297168
       5.319087    -2.749173    -3.287354
      -1.050535    -5.934742    -3.287702
       4.259089     4.293174    -3.287888
       0.710211     0.599396    -6.809147
       0.710143    -0.515953    -6.809057
      -0.350596    -0.860681    -6.809146
      -1.006182     0.041660    -6.809350
      -0.350554     0.944055    -6.809351
       1.484260     1.161844    -6.238306
       1.484127    -1.078285    -6.238127
      -0.646321    -1.770651    -6.238304
      -1.963022     0.041666    -6.238749
      -0.646240     1.854062    -6.238750
       1.495394     0.041782    -6.250128
       0.422362    -1.435121    -6.250127
      -1.313771    -0.871096    -6.250437
      -1.313749     0.954489    -6.250657
       0.422478     1.518648    -6.250439
       2.257153     1.723429    -5.658590
       2.256908    -1.639742    -5.658332
      -0.941581    -2.679255    -5.658587
      -2.918286     0.041677    -5.659449
      -0.941444     2.762570    -5.659451
       2.274977     0.603602    -5.683176
       1.197441    -2.002891    -5.683091
      -1.614341    -1.783860    -5.683506
      -2.274738     0.958301    -5.683994
       0.129150     2.433724    -5.683767
       2.274889    -0.519910    -5.683092
       0.128945    -2.350160    -5.683174
      -2.274702    -0.874898    -5.683765
      -1.614337     1.867266    -5.683994
       1.197687     2.086569    -5.683509
       3.027694     2.283263    -5.069947
       3.027305    -2.199467    -5.069618
      -1.235903    -3.585082    -5.069943
      -3.870443     0.041675    -5.071566
      -1.235675     3.668126    -5.071569
       3.049958     1.165306    -5.100711
       1.970994    -2.566285    -5.100543
      -1.911214    -2.693862    -5.101019
      -3.231899     0.959580    -5.101949
      -0.165397     3.344346    -5.101759
       3.058060     0.041904    -5.111445
       0.905139    -2.921341    -5.111443
      -2.578174    -1.789873    -5.112146
      -2.578345     1.873272    -5.112646
       0.905565     3.005087    -5.112150
       3.049751    -1.081503    -5.100544
      -0.165783    -3.260787    -5.100708
      -3.231775    -0.876166    -5.101756
      -1.911333     2.777186    -5.101950
       1.971411     2.650119    -5.101022
       3.792857     2.839147    -4.474690
       3.792328    -2.755288    -4.474302
      -1.528130    -4.484572    -4.474685
      -4.817571     0.041657    -4.478217
      -1.528337     4.568904    -4.478220
       3.817082     1.724013    -4.505110
       2.739303    -3.123111    -4.504867
      -2.203412    -3.596826    -4.505365
      -4.181195     0.959095    -4.507001
      -0.459165     4.246966    -4.506878
       3.831269     0.603676    -4.520764
       1.678238    -3.483021    -4.520679
      -2.873568    -2.698997    -4.521360
      -3.534222     1.873684    -4.522252
       0.610641     3.914108    -4.521885
       3.831151    -0.519787    -4.520681
       0.609798    -3.830303    -4.520761
      -3.533841    -1.790288    -4.521881
      -2.874119     2.782237    -4.522252
       1.678910     3.566958    -4.521365
       3.816744    -1.640138    -4.504868
      -0.460089    -4.163014    -4.505105
      -4.180997    -0.875701    -4.506874
      -2.204220     3.680170    -4.507003
       2.739887     3.207048    -4.505370
       4.552131     3.390729    -3.874173
       4.551502    -3.306859    -3.873738
      -1.818086    -5.377132    -3.874167
       4.572817     2.277672    -3.899180
       3.499343    -3.670662    -3.898875
      -2.489299    -4.488984    -3.899382
      -5.123787     0.953945    -3.901540
      -0.755291     5.141819    -3.901486
       4.590208     1.162277    -3.914341
       2.443958    -4.032086    -3.914177
      -3.159190    -3.597059    -3.914791
      -4.476868     1.868279    -3.916250
       0.314237     4.808878    -3.916050
       4.596062     0.041963    -3.919265
       1.380353    -4.384084    -3.919262
      -3.822594    -2.694512    -3.920118
      -3.823374     2.777838    -3.920641
       1.381380     4.468151    -3.920123
       4.589964    -1.078358    -3.914179
       0.313064    -4.724714    -3.914337
      -4.476411    -1.784890    -3.916045
      -3.160274     3.680418    -3.916251
       2.444757     4.116119    -3.914797
       4.572363    -2.193775    -3.898876
      -0.753114    -5.052851    -3.899174
      -5.123561    -0.870593    -3.901482
      -2.490600     4.578219    -3.901542
       3.500036     3.754636    -3.899388