
      -0.054049    -0.025952     1.029548
       0.217844    -0.862451     0.485975
      -0.765655    -0.542912     0.485913
      -0.765704     0.491094     0.485888
       0.217737     0.810496     0.485801
       0.825538    -0.025946     0.485845
      -0.325793    -0.862301    -0.393625
      -0.933685    -0.025818    -0.393720
      -0.325839     0.810577    -0.393734
       0.657580     0.491061    -0.393755
       0.657590    -0.542869    -0.393677
      -0.054014    -0.025859    -0.937298
       0.229983     0.848007     1.532900
       0.864969    -0.025949     1.532920
       0.230106    -0.899928     1.533077
      -0.797417    -0.566072     1.533042
      -0.797472     0.514277     1.533001
       1.148908     0.847996     0.964811
       1.149021    -0.899899     0.965008
      -0.513341    -1.440051     0.965104
      -1.540982    -0.025841     0.965005
      -0.513492     1.388172     0.964932
       0.973439     1.388078     0.045890
      -0.053917     1.721897     0.045930
       1.608366     0.514207     0.045888
       1.608402    -0.565968     0.045972
       0.973564    -1.439927     0.046138
      -0.053780    -1.773719     0.046163
      -1.081373    -1.439979     0.046036
      -1.716483    -0.565919     0.045980
      -1.716522     0.514377     0.045977
      -1.081433     1.388191     0.045992
       1.432896    -0.025839    -0.872943
       0.405577    -1.439844    -0.872826
      -1.256895    -0.899606    -0.872941
      -1.256934     0.848126    -0.872989
       0.405570     1.388088    -0.872972
       0.689528     0.514248    -1.440829
       0.689520    -0.565889    -1.440776
      -0.337889    -0.899686    -1.440787
      -0.972934    -0.025717    -1.440863
      -0.337853     0.848066    -1.440844
      -0.053829    -0.025850     2.074950
       0.506836     1.699671     0.953017
       1.760547    -0.025834     0.953044
       0.507101    -1.751726     0.953427
      -1.522044    -1.092557     0.953294
      -1.522085     1.040899     0.953295
       1.414026     1.040582    -0.861329
       1.414047    -1.092219    -0.861245
      -0.614497    -1.751366    -0.861253
      -1.868656    -0.025640    -0.861501
      -0.614473     1.699716    -0.861321
      -0.053801    -0.025767    -1.982588
       0.234016     0.859642     2.585399
       0.877315    -0.025772     2.585412
       0.234110    -0.911216     2.585500
      -0.806859    -0.573009     2.585466
      -0.806892     0.521511     2.585445
       0.519419     1.738008     2.013980
       1.800890    -0.025761     2.013992
       0.519725    -1.790080     2.014369
      -1.554529    -1.116242     2.014302
      -1.554549     1.064715     2.014282
       1.172489     0.865092     2.030110
       1.172608    -0.916917     2.030300
      -0.522132    -1.467641     2.030437
      -1.569806    -0.025773     2.030379
      -0.522319     1.415842     2.030256
       1.450457     1.738024     1.438444
       2.088668    -0.911236     1.438585
      -0.233468    -2.337296     1.438953
      -2.307814    -0.568950     1.438840
      -1.266870     1.950098     1.438817
       2.088602     0.859703     1.438445
       1.450697    -1.790073     1.438902
      -1.266766    -2.001707     1.438894
      -2.307799     0.517485     1.438843
      -0.233839     2.285281     1.438538
       1.272656     2.285220     0.507437
       0.231784     2.623441     0.507454
       2.554094     0.521487     0.507431
       2.554129    -0.572924     0.507485
       1.272946    -2.337190     0.508000
       0.232145    -2.675370     0.507999
      -1.842239    -2.001704     0.507789
      -2.485619    -1.116160     0.507767
      -2.485622     1.064781     0.507797
      -1.842252     1.950105     0.507835
       1.734379     1.949668    -0.416087
      -0.338980     2.623442    -0.416074
       2.377657     1.064277    -0.416095
       2.377722    -1.115748    -0.416031
       1.734493    -2.001220    -0.415883
      -0.338891    -2.674992    -0.415903
      -1.380079    -2.337044    -0.416108
      -2.662064    -0.572821    -0.416340
      -2.662093     0.521641    -0.416338
      -1.380005     2.285290    -0.416011
       0.704187     2.306565    -0.422655
       2.398725    -0.025747    -0.422642
       0.704341    -2.358330    -0.422324
      -2.038239    -1.467341    -0.422630
      -2.038255     1.415907    -0.422596
       1.930361     1.415700     0.514064
       1.930496    -1.467446     0.514350
      -0.811583    -2.358557     0.514457
      -2.506819    -0.025684     0.514262
      -0.811767     2.306735     0.514264
       2.199855     0.517094    -1.347036
       1.159017    -2.001217    -1.346949
      -1.557836    -1.789378    -1.347099
      -2.196530     0.859787    -1.347348
       0.126526     2.285215    -1.347077
       2.199882    -0.568547    -1.347033
       0.126428    -2.336863    -1.347015
      -2.196496    -0.910862    -1.347329
      -1.557817     1.738086    -1.347098
       1.159027     1.949662    -1.347051
       0.699588     0.521479    -2.493163
       0.699568    -0.572913    -2.493130
      -0.341365    -0.911128    -2.493146
      -0.984717    -0.025602    -2.493187
      -0.341283     0.859722    -2.493179
       1.446713     1.064283    -1.922389
       1.446710    -1.115742    -1.922361
      -0.626814    -1.789602    -1.922445
      -1.908823    -0.025504    -1.922669
      -0.626671     1.738058    -1.922445
       1.462000    -0.025734    -1.938246
       0.414652    -1.467273    -1.938232
      -1.280195    -0.916482    -1.938384
      -1.280159     0.865227    -1.938387
       0.414734     1.415703    -1.938285
      -0.053455    -0.025631     3.127933
       0.798046     2.594983     1.423306
       2.702048    -0.025602     1.423319
       0.798592    -2.647484     1.424140
      -2.283903    -1.646239     1.423996
      -2.283862     1.594852     1.424042
       2.175679     1.593890    -1.332116
       2.175723    -1.645246    -1.332107
      -0.905127    -2.646591    -1.332218
      -2.810332    -0.025453    -1.332849
      -0.904909     2.595000    -1.332167
      -0.053460    -0.025653    -3.035062
       0.236556     0.866308     3.646573
       0.884476    -0.025469     3.646581
       0.236595    -0.917327     3.646618
      -0.811886    -0.576720     3.646588
      -0.811876     0.525708     3.646584
       0.525895     1.756962     3.078614
       1.820941    -0.025506     3.078620
       0.526083    -1.808441     3.078838
      -1.570007    -1.127560     3.078807
      -1.569959     1.076391     3.078791
       1.184596     0.873853     3.095818
       1.184697    -0.925131     3.095957
      -0.526264    -1.481179     3.096075
      -1.583866    -0.025596     3.096048
      -0.526336     1.429836     3.095932
       0.812029     2.637398     2.493959
       2.746709    -0.025444     2.493961
       0.812598    -2.689900     2.494679
      -2.319882    -1.672441     2.494627
      -2.319774     1.621259     2.494645
       1.473890     1.763977     2.516745
       2.120634    -0.925183     2.516901
      -0.236833    -2.371848     2.517255
      -2.341593    -0.576147     2.517223
      -1.284034     1.980335     2.517099
       2.120549     0.873931     2.516745
       1.474138    -1.815825     2.517139
      -1.283983    -2.031736     2.517224
      -2.341555     0.524896     2.517222
      -0.237173     2.319985     2.516881
       1.749876     2.637423     1.914248
       3.036582    -0.917438     1.914314
       0.053938    -3.241102     1.915090
      -3.078553    -1.121235     1.915051
      -2.030024     2.513072     1.915049
       2.400204     1.757047     1.919682
       2.400353    -1.808473     1.919972
      -0.990635    -2.910465     1.920140
      -3.086706    -0.025616     1.920145
      -0.990832     2.858927     1.919931
       3.036535     0.866491     1.914244
       1.750313    -2.689901     1.915091
      -2.030080    -2.564315     1.915029
      -3.078456     1.070036     1.915073
       0.053240     3.188690     1.914291
       1.570732     3.188628     0.976439
       0.522249     3.529345     0.976419
       3.505419     0.525757     0.976426
       3.505462    -0.576676     0.976433
       1.571263    -3.240996     0.977470
       0.522931    -3.581659     0.977427
      -2.609664    -2.564351     0.977250
      -3.257630    -1.672449     0.977259
      -3.257531     1.621299     0.977327
      -2.609537     2.513076     0.977376
       2.042146     2.858580     0.045462
      -0.053218     3.539559     0.045423
       3.337212     1.076064     0.045448
       3.337314    -1.127142     0.045444
       2.042402    -2.910031     0.045830
      -0.052930    -3.590979     0.045794
      -2.149302    -2.910439     0.045485
      -3.444673    -1.127505     0.045410
      -3.444652     1.076462     0.045447
      -2.149146     2.858926     0.045725
       1.001007     3.219249     0.040531
       3.358476    -0.025552     0.040530
       1.001391    -3.271025     0.041138
      -2.814457    -2.031632     0.040792
      -2.814389     1.980369     0.040909
       2.501605     2.512014    -0.885575
      -0.628561     3.529335    -0.885657
       3.149612     1.620102    -0.885582
       3.149730    -1.671207    -0.885634
       2.501748    -2.563183    -0.885537
      -0.628535    -3.580558    -0.885615
      -1.677551    -3.240606    -0.886046
      -3.613418    -0.576617    -0.886538
      -3.613435     0.525795    -0.886530
      -1.677169     3.188685    -0.885602
       1.468878     2.879199    -0.895307
       3.179660     0.524470    -0.895306
       1.469022    -2.930641    -0.895156
      -2.346094    -2.371338    -0.895503
      -2.993236     1.429907    -0.895653
       0.422619     3.219241    -0.895336
       3.179706    -0.575651    -0.895323
       0.422735    -3.270717    -0.895203
      -2.993255    -1.480922    -0.895708
      -2.346007     2.320016    -0.895331
       2.706823     1.979781     0.050404
       2.707019    -2.031095     0.050572
      -1.107779    -3.271024     0.050491
      -3.466289    -0.025515     0.050154
      -1.107770     3.219438     0.050513
       2.238962     2.319824     0.986250
       2.885785    -1.481027     0.986411
      -0.529020    -3.271290     0.986811
      -3.287483    -0.576110     0.986677
      -1.576254     2.879725     0.986703
       2.885626     1.429765     0.986245
       2.239236    -2.371620     0.986776
      -1.576234    -2.931252     0.986716
      -3.287459     0.524943     0.986696
      -0.529388     3.219441     0.986368
       2.970487     1.068871    -1.823378
       1.922027    -2.563234    -1.823438
      -1.856438    -2.688436    -1.823655
      -3.144539     0.866410    -1.824266
      -0.159684     3.188606    -1.823481
       2.979202    -0.025606    -1.828766
       0.883689    -2.909965    -1.828837
      -2.507200    -1.807851    -1.829113
      -2.507167     1.757043    -1.829063
       0.883815     2.858558    -1.828792
       2.970558    -1.120042    -1.823441
      -0.160053    -3.240190    -1.823599
      -3.144525    -0.917101    -1.824277
      -1.856288     2.637434    -1.823530
       1.922015     2.512002    -1.823389
       0.705471     0.525637    -3.553824
       0.705454    -0.576834    -3.553807
      -0.343069    -0.917548    -3.553828
      -0.991104    -0.025482    -3.553855
      -0.342982     0.866392    -3.553844
       1.462959     1.076007    -2.987080
       1.462947    -1.127258    -2.987089
      -0.632590    -1.808326    -2.987178
      -1.927996    -0.025374    -2.987303
      -0.632397     1.757017    -2.987164
       1.476843    -0.025628    -3.003854
       0.419447    -1.481040    -3.003895
      -1.291541    -0.924978    -3.004051
      -1.291469     0.873971    -3.004021
       0.419561     1.429708    -3.003899
       2.211806     1.620084    -2.402963
       2.211838    -1.671284    -2.403025
      -0.918735    -2.688976    -2.403184
      -2.854776    -0.025296    -2.403744
      -0.918369     2.637419    -2.403094
       2.233932     0.524445    -2.425463
       1.176554    -2.031110    -2.425512
      -1.580775    -1.815084    -2.425759
      -2.227955     0.873978    -2.425875
       0.130377     2.319795    -2.425534
       2.233941    -0.575691    -2.425479
       0.130139    -2.371299    -2.425575
      -2.227986    -0.924750    -2.425902
      -1.580664     1.764033    -2.425674
       1.176636     1.979749    -2.425490
      -0.053046    -0.025376     4.191465
       1.091927     3.498432     1.897838
       3.652108    -0.025332     1.897837
       1.093011    -3.552222     1.899514
      -3.053418    -2.205491     1.899422
      -3.053248     2.154394     1.899500
       2.944207     2.152200    -1.807145
       2.944302    -2.203257    -1.807255
      -1.198594    -3.550190    -1.807435
      -3.761404    -0.025289    -1.808952
      -1.197936     3.498425    -1.807290
      -0.053082    -0.025534    -4.097066
       0.238429     0.870986     4.716636
       0.889532    -0.025171     4.716641
       0.238419    -0.921465     4.716688
      -0.815250    -0.579204     4.716678
      -0.815204     0.528681     4.716670
       0.530178     1.768994     4.149168
       1.833732    -0.025183     4.149171
       0.530209    -1.819698     4.149366
      -1.579446    -1.134466     4.149371
      -1.579329     1.083754     4.149349
       1.192727     0.879733     4.166091
       1.192787    -0.930298     4.166225
      -0.528783    -1.489837     4.166354
      -1.592817    -0.025371     4.166351
      -0.528709     1.439091     4.166213
       0.820564     2.662690     3.567731
       2.773416    -0.025170     3.567728
       0.820789    -2.713964     3.568199
      -2.340252    -1.687286     3.568208
      -2.340053     1.636451     3.568204
       1.487421     1.779808     3.593512
       2.139908    -0.932472     3.593677
      -0.238096    -2.391661     3.593995
      -2.360766    -0.580657     3.594010
      -1.294017     1.997741     3.593830
       2.139807     0.881877     3.593511
       1.487617    -1.830761     3.593844
      -1.294159    -2.048665     3.593984
      -2.360699     0.529763     3.594007
      -0.238112     2.340543     3.593671
       1.107230     3.544819     2.975665
       3.700956    -0.025132     2.975656
       1.108192    -3.598215     2.977123
      -3.092496    -2.233912     2.977126
      -3.092229     2.183033     2.977167
       1.774307     2.669437     3.001605
       3.074646    -0.930321     3.001721
       0.053174    -3.280821     3.002413
      -3.116492    -1.132500     3.002453
      -2.052256     2.546010     3.002319
       2.431589     1.779831     3.009596
       2.431805    -1.830754     3.009929
      -1.002283    -2.946926     3.010203
      -3.124882    -0.025495     3.010273
      -1.002250     2.895721     3.009917
       3.074547     0.879811     3.001599
       1.774758    -2.721296     3.002321
      -2.052465    -2.596978     3.002391
      -3.116354     1.081541     3.002465
       0.052783     3.228868     3.001718
       2.049611     3.544802     2.393140
       3.992231    -0.921497     2.393167
       0.345748    -4.152183     2.394644
      -3.854877    -1.680011     2.394715
      -2.801014     3.079267     2.394694
       2.707050     2.662650     2.401485
       3.356523    -1.819611     2.401624
      -0.705783    -3.823170     2.401973
      -3.866698    -0.578260     2.402100
      -1.756990     3.430715     2.401917
       3.356326     1.768994     2.401480
       2.707410    -2.713865     2.401922
      -1.757169    -3.481758     2.401964
      -3.866627     0.527265     2.402110
      -0.705896     3.771726     2.401612
       3.992146     0.871127     2.393129
       2.050548    -3.598183     2.394668
      -2.801276    -3.130200     2.394630
      -3.854670     1.629060     2.394754
       0.344732     4.098805     2.393165
       1.869563     4.098675     1.450765
       0.815988     4.441080     1.450730
       4.463283     0.528709     1.450744
       4.463349    -0.579099     1.450727
       1.870589    -4.152027     1.452393
       0.817055    -4.494429     1.452327
      -3.383674    -3.130238     1.452249
      -4.034819    -2.233980     1.452281
      -4.034595     2.183056     1.452376
      -3.383371     3.079269     1.452413
       2.346590     3.771358     0.515039
       0.237569     4.456830     0.514958
       4.299408     1.083510     0.515018
       4.299552    -1.134093     0.514957
       2.347066    -3.822706     0.515410
       0.237931    -4.508236     0.515352
      -2.923226    -3.481857     0.515113
      -4.226946    -1.687363     0.515210
      -4.226826     1.636484     0.515293
      -2.922909     3.430713     0.515397
       1.298397     4.133590     0.510283
       4.319974    -0.025308     0.510269
       1.299014    -4.185527     0.511028
      -3.592184    -2.597042     0.510802
      -3.591974     2.546028     0.510971
       2.816295     3.429902    -0.424551
      -0.343157     4.456821    -0.424691
       4.119834     1.635713    -0.424564
       4.120023    -1.686430    -0.424694
       2.816624    -3.480832    -0.424572
      -0.342898    -4.507790    -0.424563
      -2.452974    -3.823235    -0.425119
      -4.406407    -1.134514    -0.425070
      -4.406372     1.083783    -0.425021
      -2.452558     3.771716    -0.424586
       1.774156     3.802205    -0.431604
       4.151837     0.529538    -0.431617
       1.774515    -3.853468    -0.431496
      -3.129380    -2.946856    -0.431840
      -3.781918     1.997773    -0.431747
       0.718648     4.145275    -0.431652
       4.151903    -0.580320    -0.431659
       0.719028    -4.196533    -0.431509
      -3.782032    -2.048665    -0.431874
      -3.129172     2.895732    -0.431566
       3.274874     3.077118    -1.360350
      -0.921451     4.441058    -1.360549
       3.926053     2.180832    -1.360355
       3.926241    -2.231617    -1.360549
       3.275102    -3.127970    -1.360513
      -0.921170    -4.491966    -1.360480
      -1.976183    -4.151639    -1.361572
      -4.572018    -0.579223    -1.362219
      -4.572022     0.528695    -1.362201
      -1.975140     4.098785    -1.360522
       2.239058     3.449817    -1.371347
       3.960381     1.080547    -1.371350
       2.239256    -3.500869    -1.371509
      -2.650239    -3.280104    -1.371951
      -3.951583     1.439128    -1.372242
       1.190638     3.802192    -1.375772
       3.971475    -0.025452    -1.375771
       1.190798    -3.853379    -1.375946
      -3.309664    -2.391398    -1.376270
      -3.309544     2.340572    -1.376098
       0.135440     4.133569    -1.371451
       3.960488    -1.131417    -1.371448
       0.135595    -4.184757    -1.371629
      -3.951632    -1.489775    -1.372315
      -2.650002     3.228872    -1.371548
       3.484639     2.544851    -0.419802
       3.484941    -2.595707    -0.419875
      -1.404474    -4.185203    -0.420266
      -4.427589    -0.025362    -0.420607
      -1.404208     4.133811    -0.419886
       3.022600     2.895158     0.522128
       3.675310    -2.048008     0.522125
      -0.824563    -4.196926     0.522190
      -4.259160    -0.580670     0.522155
      -1.880443     3.802755     0.522294
       3.674996     1.997203     0.522121
       3.023024    -2.946253     0.522319
      -1.880703    -3.854071     0.522070
      -4.259130     0.529786     0.522180
      -0.824553     4.145552     0.522109
       2.543982     3.228620     1.461831
       3.844447    -1.489618     1.461858
      -0.240827    -4.185828     1.462506
      -4.068114    -1.132525     1.462562
      -2.346238     3.450937     1.462546
       3.203012     2.340282     1.466246
       3.203386    -2.391301     1.466461
      -1.297008    -3.854138     1.466528
      -4.078825    -0.025491     1.466676
      -1.296938     3.802760     1.466438
       3.844217     1.438989     1.461820
       2.544546    -3.280502     1.462559
      -2.346502    -3.502082     1.462425
      -4.068014     1.081561     1.462605
      -0.241251     4.133824     1.461845
       3.746041     1.626883    -2.302749
       2.692524    -3.128027    -2.302984
      -2.155488    -3.595183    -2.303422
      -4.100784     0.871014    -2.304561
      -0.450310     4.098636    -2.302930
       3.759466     0.526800    -2.311056
       1.650314    -3.480934    -2.311312
      -2.813090    -2.713093    -2.311634
      -3.462782     1.769034    -2.311714
       0.599947     3.771321    -2.311136
       3.759514    -0.577754    -2.311109
       0.599589    -3.822575    -2.311393
      -3.462868    -1.819453    -2.311823
      -2.812886     2.662719    -2.311414
       1.650377     3.429875    -2.311072
       3.746166    -1.677783    -2.302902
      -0.451238    -4.150328    -2.303184
      -4.100798    -0.921406    -2.304602
      -2.155136     3.544819    -2.303033
       2.692440     3.077103    -2.302757
       0.709527     0.528460    -4.622702
       0.709516    -0.579427    -4.622702
      -0.344074    -0.921812    -4.622753
      -0.995262    -0.025374    -4.622802
      -0.344004     0.870893    -4.622746
       1.473196     1.083349    -4.057710
       1.473192    -1.134381    -4.057746
      -0.635932    -1.819882    -4.057859
      -1.939557    -0.025271    -4.057993
      -0.635778     1.768855    -4.057825
       1.486591    -0.025520    -4.073941
       0.422747    -1.489900    -4.074021
      -1.298612    -0.930462    -4.074216
      -1.298544     0.879692    -4.074154
       0.422834     1.438834    -4.073991
       2.233297     1.635625    -3.476952
       2.233324    -1.686648    -3.477054
      -0.926453    -2.713843    -3.477192
      -2.879797    -0.025174    -3.477583
      -0.926129     2.662580    -3.477132
       2.253880     0.529422    -3.502398
       1.187575    -2.048234    -3.502518
      -1.593341    -1.830587    -3.502852
      -2.245949     0.881873    -3.502843
       0.132157     2.340191    -3.502490
       2.253887    -0.580480    -3.502424
       0.131938    -2.391418    -3.502564
      -2.246001    -0.932397    -3.502916
      -1.593214     1.779792    -3.502694
       1.187655     1.997108    -3.502434
       2.983641     2.180798    -2.885175
       2.983731    -2.231737    -2.885346
      -1.213421    -3.596571    -2.885443
      -3.809594    -0.025140    -2.886907
      -1.212674     3.544766    -2.885396
       3.008810     1.080501    -2.910950
       1.944985    -2.595869    -2.911128
      -1.880218    -2.720186    -2.911582
      -3.181600     0.879779    -2.911855
      -0.158606     3.228564    -2.911083
       3.017689    -0.025517    -2.918896
       0.895708    -2.946328    -2.919092
      -2.537803    -1.830311    -2.919521
      -2.537707     1.779839    -2.919371
       0.895914     2.895100    -2.918936
       3.008855    -1.131507    -2.911028
      -0.159087    -3.280043    -2.911236
      -3.181641    -0.930147    -2.911909
      -1.880008     2.669434    -2.911263
       1.945005     2.544801    -2.910970
      -0.052698    -0.025154     5.267767
       1.388481     4.410241     2.376820
       4.610940    -0.025089     2.376807
       1.390880    -4.467806     2.380616
      -3.832205    -2.771452     2.380604
      -3.831898     2.720591     2.380697
       3.719804     2.715655    -2.286536
       3.719968    -2.766461    -2.286768
      -1.495571    -4.462895    -2.286716
      -4.723904    -0.025164    -2.290692
      -1.493740     4.410213    -2.286783
      -0.052745    -0.025429    -5.168883
       0.240291     0.875932     5.798257
       0.894826    -0.024954     5.798263
       0.240240    -0.926008     5.798336
      -0.819010    -0.581963     5.798339
      -0.818934     0.531792     5.798325
       0.533600     1.778672     5.226733
       1.844013    -0.024942     5.226734
       0.533525    -1.828788     5.227040
      -1.587051    -1.140021     5.227078
      -1.586908     1.089687     5.227043
       1.199253     0.884456     5.242898
       1.199255    -0.934467     5.243072
      -0.530795    -1.496774     5.243240
      -1.599995    -0.025176     5.243253
      -0.530649     1.446506     5.243066
       0.826544     2.680272     4.646857
       2.792002    -0.024933     4.646851
       0.826461    -2.730396     4.647492
      -2.354111    -1.697383     4.647549
      -2.353876     1.646894     4.647522
       1.497120     1.791188     4.673428
       2.153720    -0.937554     4.673627
      -0.238875    -2.405602     4.674026
      -2.374224    -0.583813     4.674070
      -1.301036     2.010086     4.673832
       2.153645     0.887563     4.673426
       1.497202    -1.841293     4.673831
      -1.301297    -2.060546     4.674029
      -2.374142     0.533295     4.674063
      -0.238655     2.355226     4.673627
       1.117623     3.576078     4.057303
       3.733908    -0.024917     4.057290
       1.117674    -3.626557     4.058693
      -3.116525    -2.251384     4.058758
      -3.116199     2.200780     4.058762
       1.789597     2.691872     4.087575
       3.100759    -0.937369     4.087733
       0.053861    -3.306523     4.088518
      -3.140685    -1.140744     4.088603
      -2.067392     2.566876     4.088384
       2.452030     1.794667     4.097235
       2.452276    -1.844756     4.097650
      -1.009598    -2.970094     4.098036
      -3.149117    -0.025333     4.098129
      -1.009210     2.919500     4.097653
       3.100622     0.887405     4.087568
       1.789932    -2.742186     4.088366
      -2.067764    -2.617484     4.088527
      -3.140517     1.090098     4.088601
       0.054167     3.255866     4.087740
       1.405030     4.460569     3.461025
       4.663923    -0.024907     3.461007
       1.406807    -4.516210     3.465115
      -3.873373    -2.801353     3.465188
      -3.872980     2.750683     3.465227
       2.075167     3.581934     3.487497
       4.035522    -0.933882     3.487579
       0.346164    -4.195696     3.489218
      -3.896096    -1.693585     3.489343
      -2.826477     3.114519     3.489199
       2.739491     2.691741     3.500312
       3.394350    -1.840892     3.500582
      -0.714933    -3.865142     3.501200
      -3.909391    -0.582248     3.501360
      -1.773641     3.470457     3.500995
       3.394027     1.790846     3.500307
       2.740056    -2.742020     3.500980
      -1.774135    -3.521168     3.501203
      -3.909307     0.531488     3.501364
      -0.714420     3.814275     3.500588
       4.035367     0.883948     3.487483
       2.076207    -3.633339     3.489151
      -2.826915    -3.165210     3.489238
      -3.895855     1.642861     3.489362
       0.346344     4.143801     3.487590
       2.351212     4.460477     2.876134
       4.956365    -0.924905     2.876156
       0.640302    -5.073137     2.879536
      -4.639771    -2.244534     2.879709
      -3.580183     3.651664     2.879657
       3.012919     3.575842     2.885691
       4.319693    -1.827672     2.885788
      -0.416814    -4.741535     2.886408
      -4.650849    -1.136634     2.886632
      -2.529884     4.004420     2.886425
       3.670259     2.679755     2.888861
       3.670904    -2.729781     2.889109
      -1.475056    -4.402753     2.889266
      -4.655400    -0.025402     2.889510
      -1.474346     4.351964     2.889122
       4.319356     1.777677     2.885680
       3.014194    -3.626255     2.886386
      -2.530424    -4.055177     2.886426
      -4.650690     1.085839     2.886651
      -0.415891     4.690239     2.885795
       4.956218     0.874985     2.876115
       2.354147    -4.516141     2.879571
      -3.580621    -3.702388     2.879584
      -4.639468     2.193757     2.879751
       0.639449     5.016795     2.876170
       2.170424     5.016579     1.929908
       1.112566     5.360404     1.929887
       5.429242     0.531174     1.929880
       5.429330    -0.581149     1.929866
       2.173211    -5.072935     1.932291
       1.114090    -5.417186     1.932213
      -4.166061    -3.702427     1.932222
      -4.820650    -2.801456     1.932281
      -4.820316     2.750695     1.932391
      -4.165613     3.651665     1.932407
       2.650749     4.689753     0.990331
       0.531787     5.378487     0.990263
       5.266852     1.088961     0.990305
       5.267022    -1.139115     0.990242
       2.651931    -4.740959     0.989895
       0.531675    -5.430192     0.989845
      -3.702409    -4.055280     0.989717
      -5.012947    -2.251521     0.989935
      -5.012721     2.200788     0.990059
      -3.701936     4.004418     0.989980
       1.597158     5.052291     0.985527
       5.286039    -0.025089     0.985501
       1.598054    -5.104806     0.985547
      -4.374068    -3.165328     0.985472
      -4.373718     3.114528     0.985673
       3.126808     4.351073     0.045064
      -0.052483     5.384482     0.044921
       5.091880     1.646349     0.045045
       5.092112    -1.696677     0.044894
       3.127505    -4.401734     0.044625
      -0.052355    -5.435472     0.044686
      -3.232815    -4.403027     0.044289
      -5.198489    -1.697526     0.044799
      -5.198367     1.646890     0.044905
      -3.232277     4.351955     0.044683
       2.078106     4.725859     0.039052
       5.124216     0.533162     0.039029
       2.078707    -4.777005     0.038644
      -3.913771    -3.521329     0.038436
      -4.570149     2.566887     0.038759
       1.016108     5.071052     0.039002
       5.124296    -0.583528     0.038978
       1.016535    -5.122276     0.038647
      -4.570390    -2.617630     0.038571
      -3.913401     3.470460     0.038730
       3.595833     4.002692    -0.900222
      -0.636716     5.378468    -0.900445
       4.905515     2.200042    -0.900232
       4.905774    -2.250511    -0.900476
       3.596308    -4.053327    -0.900575
      -0.635897    -5.429346    -0.900194
      -2.756808    -4.742029    -0.901215
      -5.373703    -1.140151    -0.900342
      -5.373661     1.089666    -0.900276
      -2.755933     4.690220    -0.900538
       2.551595     4.381646    -0.908109
       4.943188     1.089811    -0.908123
       2.552052    -4.432477    -0.908531
      -3.439734    -3.865217    -0.908930
      -4.751032     2.010093    -0.908516
       1.494961     4.738122    -0.911472
       4.955646    -0.025268    -0.911490
       1.495395    -4.789075    -0.911922
      -4.105439    -2.970224    -0.912101
      -4.105184     2.919509    -0.911835
       0.430700     5.071040    -0.908224
       4.943328    -1.140326    -0.908246
       0.431196    -5.121934    -0.908541
      -4.751168    -2.060677    -0.908662
      -3.439323     3.814270    -0.908475
       4.054953     3.646624    -1.839851
      -1.217397     5.360371    -1.840136
       4.708780     2.746689    -1.839854
       4.709033    -2.797254    -1.840157
       4.055284    -3.697271    -1.840183
      -1.214570    -5.411165    -1.839508
      -2.278418    -5.073507    -1.842684
      -5.541131    -0.582071    -1.842687
      -5.541128     0.531751    -1.842668
      -2.275355     5.016764    -1.840162
       3.015189     4.021451    -1.851059
       4.743907     1.641985    -1.851064
       3.015500    -4.072217    -1.851462
      -2.953746    -4.194865    -1.852341
      -4.915602     1.446499    -1.852149
       1.964485     4.381632    -1.858085
       4.761713     0.531396    -1.858092
       1.964766    -4.432519    -1.858564
      -3.621032    -3.306449    -1.858898
      -4.275723     2.355233    -1.858632
       0.905590     4.725832    -1.858149
       4.761775    -0.582053    -1.858155
       0.905925    -4.776810    -1.858696
      -4.275881    -2.405682    -1.858834
      -3.620750     3.255868    -1.858510
      -0.156032     5.052258    -1.851240
       4.744076    -1.692605    -1.851251
      -0.155196    -5.103286    -1.851835
      -4.915669    -1.496879    -1.852246
      -2.953301     4.143787    -1.851440
       4.266126     3.112594    -0.895422
       4.266523    -3.163160    -0.895707
      -1.702409    -5.104013    -0.896399
      -5.393985    -0.025241    -0.895892
      -1.702231     5.052550    -0.895679
       3.807208     3.469392     0.051100
       4.464061    -2.616369     0.050899
      -1.121492    -5.122468     0.050592
      -5.231186    -0.583898     0.051069
      -2.183423     4.726481     0.050892
       4.463618     2.565910     0.051093
       3.807811    -3.519962     0.050864
      -2.183865    -4.777657     0.050474
      -5.231156     0.533260     0.051100
      -1.121250     5.071381     0.050921
       3.333721     3.813602     0.998263
       4.645051    -2.059556     0.998169
      -0.536210    -5.122707     0.998038
      -5.050383    -1.140839     0.998356
      -2.657237     4.382867     0.998217
       3.999186     2.918699     1.001597
       3.999852    -2.969149     1.001506
      -1.600789    -4.789955     1.001294
      -5.062656    -0.025381     1.001756
      -1.600290     4.738845     1.001520
       4.644640     2.009258     0.998249
       3.334684    -3.864347     0.998184
      -2.657752    -4.433879     0.997955
      -5.050286     1.090086     0.998412
      -0.535821     5.071389     0.998181
       2.848101     4.143428     1.941169
       4.808535    -1.495615     1.941154
       0.050677    -5.105134     1.941728
      -4.852335    -1.693659     1.941946
      -3.121831     4.023902     1.941862
       3.515254     3.255319     1.948191
       4.170309    -2.404695     1.948224
      -1.011425    -4.777754     1.948265
      -4.868973    -0.582291     1.948581
      -2.070031     4.382870     1.948350
       4.169765     2.354455     1.948185
       3.516198    -3.305864     1.948331
      -2.070597    -4.433832     1.948255
      -4.868909     0.531471     1.948600
      -1.010823     4.726493     1.948231
       4.808241     1.445508     1.941150
       2.849774    -4.195255     1.941808
      -3.122339    -4.074760     1.941713
      -4.852140     1.642861     1.942006
       0.051004     5.052572     1.941165
       4.528031     2.190471    -2.786088
       3.470320    -3.697314    -2.786453
      -2.456929    -4.508540    -2.788592
      -5.067366     0.875894    -2.789996
      -0.744328     5.016528    -2.786337
       4.543441     1.085879    -2.795626
       2.424476    -4.053445    -2.796036
      -3.118589    -3.625567    -2.796814
      -4.425046     1.778659    -2.796722
       0.310846     4.689703    -2.795770
       4.548593    -0.025371    -2.798834
       1.369022    -4.401899    -2.799283
      -3.775726    -2.730290    -2.799733
      -3.775407     2.680270    -2.799401
       1.369197     4.351032    -2.798850
       4.543544    -1.136606    -2.795750
       0.310097    -4.740738    -2.796196
      -4.425187    -1.828827    -2.796885
      -3.117934     3.576070    -2.796088
       2.424416     4.002663    -2.795635
       4.528207    -2.241155    -2.786324
      -0.746880    -5.068341    -2.786561
      -5.067398    -0.926080    -2.790053
      -2.456081     4.460543    -2.786484
       3.470145     3.646608    -2.786093
       0.712913     0.530813    -5.700968
       0.712904    -0.581597    -5.700984
      -0.344949    -0.925364    -5.701078
      -0.998770    -0.025292    -5.701161
      -0.344897     0.874635    -5.701040
       1.480681     1.088690    -5.135584
       1.480679    -1.139533    -5.135641
      -0.638309    -1.828206    -5.135810
      -1.947942    -0.025201    -5.136031
      -0.638212     1.777423    -5.135730
       1.493494    -0.025427    -5.150557
       0.425131    -1.496085    -5.150672
      -1.303531    -0.934262    -5.150929
      -1.303482     0.883679    -5.150838
       0.425186     1.445247    -5.150609
       2.247918     1.646164    -4.556405
       2.247943    -1.697023    -4.556530
      -0.931478    -2.730491    -4.556719
      -2.896415    -0.025108    -4.557268
      -0.931312     2.679589    -4.556621
       2.267702     0.532929    -4.582610
       1.195343    -2.059975    -4.582777
      -1.601815    -1.841251    -4.583205
      -2.258192     0.887239    -4.583178
       0.133409     2.354278    -4.582720
       2.267709    -0.583818    -4.582642
       0.133288    -2.405201    -4.582836
      -2.258236    -0.937604    -4.583287
      -1.601733     1.790680    -4.582983
       1.195386     2.009077    -4.582651
       3.010073     2.199934    -3.967022
       3.010149    -2.250756    -3.967223
      -1.222795    -3.627028    -3.967229
      -3.838977    -0.025047    -3.968748
      -1.222433     3.575743    -3.967292
       3.033940     1.089671    -3.997176
       1.961592    -2.616686    -3.997412
      -1.894550    -2.742149    -3.998082
      -3.205659     0.887482    -3.998224
      -0.159276     3.255206    -3.997337
       3.042461    -0.025446    -4.006809
       0.903652    -2.969549    -4.007075
      -2.556969    -1.844866    -4.007671
      -2.556885     1.794591    -4.007426
       0.903776     2.918582    -4.006862
       3.033976    -1.140543    -3.997263
      -0.159541    -3.306294    -3.997514
      -3.205708    -0.937660    -3.998315
      -1.894440     2.691653    -3.997589
       1.961598     2.565795    -3.997203
       3.762525     2.746643    -3.370886
       3.762671    -2.797378    -3.371155
      -1.511016    -4.513164    -3.370313
      -4.774636    -0.025038    -3.375424
      -1.509802     4.460416    -3.371191
       3.788239     1.641924    -3.397288
       2.719930    -3.163350    -3.397591
      -2.180207    -3.632031    -3.398816
      -4.141799     0.884411    -3.399311
      -0.451340     4.143353    -3.397494
       3.802451     0.531316    -3.410082
       1.667989    -3.520225    -3.410421
      -2.844663    -2.741888    -3.411089
      -3.499271     1.791163    -3.411044
       0.609175     3.813525    -3.410176
       3.802485    -0.582153    -3.410133
       0.608865    -3.864573    -3.410500
      -3.499392    -1.841268    -3.411236
      -2.844490     2.691846    -3.410639
       1.668066     3.469322    -3.410109
       3.788333    -1.692722    -3.397446
      -0.452043    -4.194792    -3.397724
      -4.141858    -0.934523    -3.399383
      -2.180065     3.581891    -3.397694
       2.719866     3.112534    -3.397302
      -0.052543    -0.025047     6.377378
       1.688528     5.333018     2.861663
       5.581280    -0.024901     2.861639
       1.697750    -5.411705     2.876742
      -4.635118    -3.354866     2.876769
      -4.634742     3.304109     2.876868
       4.504721     3.285888    -2.771679
       4.504952    -3.336512    -2.772010
      -1.801837    -5.390726    -2.768224
      -5.716286    -0.025102    -2.787113
      -1.793216     5.332975    -2.772010
      -0.052484    -0.025347    -6.253603
       0.537472     1.790106     6.321011
       1.856093    -0.024803     6.321011
       0.537331    -1.839819     6.321438
      -1.596365    -1.146805     6.321489
      -1.596191     1.096695     6.321457
       1.203408     0.887466     6.336778
       1.203335    -0.937124     6.337005
      -0.532081    -1.501152     6.337198
      -1.604515    -0.025065     6.337228
      -0.531898     1.451193     6.337002
       0.832354     2.697705     5.739232
       2.810390    -0.024802     5.739225
       0.832176    -2.747339     5.740020
      -2.368403    -1.707785     5.740103
      -2.368188     1.657544     5.740064
       1.505856     1.801785     5.764475
       2.166441    -0.942245     5.764702
      -0.239391    -2.418716     5.765172
      -2.386820    -0.587058     5.765231
      -1.308026     2.021390     5.764961
       2.166435     0.892585     5.764474
       1.505803    -1.851461     5.764953
      -1.308267    -2.071560     5.765181
      -2.386732     0.536834     5.765225
      -0.239174     2.368758     5.764705
       1.126441     3.602794     5.150507
       3.762053    -0.024790     5.150493
       1.126174    -3.652155     5.151990
      -3.138173    -2.267127     5.152100
      -3.137876     2.216754     5.152070
       1.801914     2.711436     5.181507
       3.123148    -0.942709     5.181691
       0.055613    -3.328728     5.182569
      -3.161214    -1.148964     5.182680
      -2.081550     2.584144     5.182415
       2.469294     1.807202     5.192357
       2.469426    -1.856837     5.192846
      -1.015791    -2.989726     5.193315
      -3.169660    -0.025178     5.193419
      -1.015384     2.939529     5.192855
       3.123045     0.893065     5.181500
       1.801988    -2.761021     5.182389
      -2.081914    -2.634500     5.182599
      -3.161047     1.098603     5.182664
       0.056012     3.278796     5.181702
       1.418598     4.501897     4.555161
       4.707428    -0.024771     4.555141
       1.418771    -4.552543     4.558477
      -3.904164    -2.823721     4.558624
      -3.903795     2.773264     4.558594
       2.093854     3.614009     4.585754
       4.071832    -0.941418     4.585869
       0.349457    -4.230955     4.587396
      -3.928566    -1.707331     4.587561
      -2.849533     3.141359     4.587347
       2.764132     2.715938     4.601554
       3.425009    -1.856405     4.601913
      -0.720524    -3.898440     4.602729
      -3.942746    -0.586918     4.602902
      -1.788251     3.501049     4.602434
       3.424662     1.806798     4.601549
       2.764642    -2.765392     4.602410
      -1.788877    -3.551480     4.602741
      -3.942656     0.536436     4.602899
      -0.719691     3.848219     4.601926
       4.071654     0.891807     4.585740
       2.094615    -3.663594     4.587292
      -2.850017    -3.191852     4.587452
      -3.928321     1.656862     4.587548
       0.350398     4.180656     4.585886
       1.708561     5.394260     3.954514
       5.645718    -0.024765     3.954489
       2.379672     4.505949     3.979684
       5.008463    -0.937601     3.979742
       0.645620    -5.125543     3.981716
      -4.687921    -2.265494     3.981935
      -3.614899     3.691120     3.981784
       3.049544     3.613785     3.994985
       4.367188    -1.850390     3.995183
      -0.423995    -4.792963     3.996510
      -4.701951    -1.145434     3.996743
      -2.553869     4.050480     3.996424
       3.712998     2.710805     4.000016
       3.713747    -2.760324     4.000514
      -1.491141    -4.452658     4.000939
      -4.707816    -0.025294     4.001174
      -1.490144     4.402141     4.000537
       4.366763     1.800786     3.994973
       3.050596    -3.663319     3.996377
      -2.554604    -4.101044     3.996543
      -4.701779     1.094855     3.996749
      -0.422816     4.742428     3.995199
       5.008262     0.888005     3.979664
       2.380957    -4.561370     3.981696
      -3.615479    -3.741661     3.981813
      -4.687628     2.214943     3.981925
       0.643470     5.070265     3.979763
       2.657301     5.394097     3.368041
       5.938937    -0.927167     3.368069
       3.324102     4.501531     3.377256
       5.296335    -1.837182     3.377367
      -0.125183    -5.674414     3.378952
      -5.448010    -1.702053     3.379223
      -3.313642     4.588098     3.379004
       3.987214     3.602027     3.382084
       4.646153    -2.745700     3.382327
      -1.189789    -5.335032     3.382693
      -5.453978    -0.584599     3.382972
      -2.252495     4.938975     3.382602
       4.645345     2.696183     3.382077
       3.988719    -3.651266     3.382560
      -2.253556    -4.989589     3.382711
      -5.453894     0.533952     3.382982
      -1.188092     5.284398     3.382350
       5.295909     1.787562     3.377238
       3.327103    -4.552049     3.378929
      -3.314437    -4.638706     3.379002
      -5.447777     1.651404     3.379254
      -0.123120     5.622019     3.377386
       5.938738     0.877579     3.368014
       0.940934     5.951972     3.368096
       2.476019     5.951701     2.419228
       1.415283     6.296475     2.419217
       6.413036     0.532832     2.419198
       6.413134    -0.582525     2.419175
       2.959999     5.621452     1.471612
       0.829561     6.313919     1.471584
       6.248519     1.095152     1.471582
       6.248694    -1.144995     1.471541
       2.962564    -5.673743     1.470549
       0.829053    -6.367326     1.470535
      -4.493593    -4.638806     1.470421
      -5.812345    -2.823873     1.470758
      -5.812028     2.773252     1.470929
      -4.493031     4.588098     1.470682
       1.899621     5.982596     1.466910
       6.264284    -0.024920     1.466873
       1.901286    -6.037414     1.470284
      -5.167353    -3.741792     1.470290
      -5.166911     3.691122     1.470540
       3.440529     5.283408     0.521096
       0.242045     6.323047     0.521011
       6.075532     1.656597     0.521072
       6.075766    -1.706615     0.520961
       3.441869    -5.333909     0.519857
       0.241615    -6.374339     0.519915
      -4.022269    -4.989789     0.519653
      -6.000500    -2.267280     0.520283
      -6.000289     2.216728     0.520449
      -4.021669     4.938971     0.519964
       2.384833     5.658199     0.516097
       6.105712     0.536758     0.516065
       2.385584    -5.709585     0.514799
      -4.705956    -4.101184     0.514699
      -5.366238     3.141361     0.515148
       1.316335     6.005506     0.516063
       6.105797    -0.586770     0.516023
       1.316837    -6.057017     0.514806
      -5.366589    -3.191983     0.514903
      -4.705470     4.050482     0.514997
       3.916617     4.937291    -0.431281
      -0.346600     6.323037    -0.431453
       5.893501     2.216307    -0.431296
       5.893779    -2.266496    -0.431509
       3.917463    -4.987769    -0.432024
      -0.346300    -6.374137    -0.431761
      -3.546141    -5.335559    -0.432447
      -6.182061    -1.707940    -0.431087
      -6.181949     1.657497    -0.430953
      -3.545411     5.284384    -0.431948
       2.865021     5.318653    -0.437515
       5.931191     1.098336    -0.437538
       2.865790    -5.369362    -0.438385
      -4.233979    -4.452877    -0.438618
      -5.555002     2.584135    -0.437886
       1.800750     5.678635    -0.440063
       5.944627    -0.025089    -0.440096
       1.801265    -5.729575    -0.441095
      -4.905465    -3.551654    -0.441148
      -4.905087     3.501051    -0.440816
       0.728232     6.013218    -0.437611
       5.931346    -1.148516    -0.437654
       0.728499    -6.064183    -0.438344
      -5.555238    -2.634651    -0.438115
      -4.233415     4.402137    -0.438257
       4.386419     4.584477    -1.381799
      -0.934057     6.313890    -1.382063
       5.703159     2.772108    -1.381810
       5.703464    -2.822434    -1.382113
       4.387001    -4.634987    -1.382325
      -0.932595    -6.365218    -1.381760
      -3.065957    -5.675673    -1.384478
      -6.356713    -1.146950    -1.381543
      -6.356667     1.096633    -1.381466
      -3.064691     5.621994    -1.382267
       3.337676     4.965499    -1.389961
       5.741405     1.656951    -1.389975
       3.338267    -5.016119    -1.390578
      -3.752133    -4.793093    -1.391064
      -5.730077     2.021367    -1.390277
       2.278514     5.331313    -1.395766
       5.761960     0.536580    -1.395788
       2.279067    -5.382068    -1.396481
      -4.427187    -3.898698    -1.396830
      -5.087515     2.939524    -1.396141
       1.210066     5.678621    -1.395826
       5.762032    -0.586912    -1.395857
       1.210577    -5.729461    -1.396522
      -5.087774    -2.989939    -1.396457
      -4.426741     3.848215    -1.396328
       0.138263     6.005482    -1.390131
       5.741607    -1.707278    -1.390172
       0.139008    -6.056319    -1.390572
      -5.730211    -2.071730    -1.390457
      -3.751304     4.742413    -1.390512
       4.849912     4.226024    -2.329423
      -1.519689     6.296434    -2.329752
       5.505505     3.323654    -2.329436
       5.505814    -3.374074    -2.329777
       4.850332    -4.276534    -2.329893
      -1.520268    -6.348916    -2.328804
      -2.580518     5.951935    -2.329834
       3.801147     4.600271    -2.336840
       5.537302     2.210560    -2.336845
       3.801563    -4.650880    -2.337346
      -3.260144    -5.122955    -2.338836
      -5.894585     1.451152    -2.340294
       2.746984     4.965485    -2.345732
       5.558824     1.095121    -2.345743
       2.747385    -5.016185    -2.346324
      -3.934042    -4.231152    -2.347041
      -5.251831     2.368737    -2.346152
       1.683736     5.318626    -2.348902
       5.566042    -0.025232    -2.348918
       1.684158    -5.369436    -2.349575
      -4.598640    -3.329048    -2.349861
      -4.598387     3.278784    -2.349431
       0.616074     5.658161    -2.345860
       5.558946    -1.145580    -2.345880
       0.616690    -5.709170    -2.346573
      -5.251996    -2.418954    -2.346399
      -3.933829     4.180642    -2.346269
      -0.451333     5.982553    -2.337079
       5.537519    -2.261003    -2.337105
      -0.450402    -6.034151    -2.337594
      -5.894663    -1.501349    -2.340400
      -3.260634     5.070239    -2.337325
       5.057469     3.687502    -1.377090
       5.057911    -3.737944    -1.377490
      -2.005252    -6.034686    -1.380177
      -6.374463    -0.025164    -1.381184
      -2.004228     5.982868    -1.377435
       4.599178     4.048966    -0.426253
       5.260071    -3.190298    -0.426572
      -1.421160    -6.056864    -0.427359
      -6.212754    -0.587190    -0.425736
      -2.489616     5.658840    -0.426655
       5.259591     3.139973    -0.426259
       4.599831    -4.099373    -0.426717
      -2.490033    -5.710061    -0.426899
      -6.212728     0.536743    -0.425698
      -1.421005     6.005838    -0.426515
       4.128064     4.401000     0.527370
       5.449264    -2.633320     0.527189
      -0.833386    -6.064660     0.526555
      -6.038098    -1.149106     0.527351
      -2.969924     5.319859     0.526857
       4.799215     3.499920     0.529890
       4.799967    -3.550169     0.529573
      -1.905983    -5.730456     0.529210
      -6.051473    -0.025285     0.530221
      -1.905524     5.679398     0.529625
       5.448785     2.583163     0.527357
       4.129106    -4.451358     0.526789
      -2.970535    -5.370821     0.526573
      -6.038010     1.098541     0.527426
      -0.832901     6.013588     0.527237
       3.646344     4.741659     1.479812
       5.624310    -2.069730     1.479759
      -0.244065    -6.057422     1.479343
      -5.849080    -1.707471     1.479771
      -3.442598     4.967778     1.479528
       4.321462     3.847234     1.485601
       4.982614    -2.988260     1.485520
      -1.315728    -5.730486     1.485148
      -5.869105    -0.587026     1.485705
      -2.383193     5.332734     1.485364
       4.981870     2.938250     1.485594
       4.322736    -3.897289     1.485313
      -2.383940    -5.383646     1.485137
      -5.869048     0.536366     1.485734
      -1.314737     5.679404     1.485556
       5.623887     2.019779     1.479792
       3.648262    -4.792059     1.479448
      -3.443248    -5.018593     1.479328
      -5.848901     1.656825     1.479861
      -0.242864     6.005855     1.479794
       3.155960     5.069814     2.426673
       5.784739    -1.501781     2.426688
       0.349153    -6.037739     2.429480
      -5.647101    -2.265604     2.429783
      -3.911082     4.603354     2.429631
       3.828977     4.179967     2.435562
       5.146705    -2.416866     2.435630
      -0.722083    -5.710342     2.435437
      -5.666567    -1.145513     2.435786
      -2.851769     4.967780     2.435525
       4.493326     3.277722     2.438683
       4.494388    -3.327499     2.438784
      -1.789365    -5.370712     2.438773
      -5.673111    -0.025348     2.439152
      -1.788289     5.319867     2.438819
       5.146111     2.367074     2.435549
       3.830894    -4.230126     2.435464
      -2.852568    -5.018523     2.435455
      -5.666424     1.094821     2.435825
      -0.720646     5.658858     2.435655
       5.784428     1.452016     2.426648
       3.156947    -5.124985     2.429542
      -3.911750    -4.654040     2.429491
      -5.646819     2.214916     2.429862
       0.346823     5.982898     2.426716
       5.324267     2.765920    -3.278223
       4.263757    -4.276586    -3.278666
      -2.764356    -5.445035    -3.279209
      -1.045329     5.951642    -3.278521
       5.339132     1.651920    -3.287429
       3.208853    -4.635068    -3.287919
      -3.429843    -4.550864    -3.289499
      -5.402056     1.790046    -3.289597
       0.018672     5.621393    -3.287627
       5.346947     0.534515    -3.292287
       2.148479    -4.987893    -3.292821
      -4.092459    -3.652398    -3.293590
      -4.749850     2.697665    -3.293154
       1.083717     5.283356    -3.292358
       5.347001    -0.585074    -3.292355
       1.083570    -5.333963    -3.292883
      -4.750204    -2.747576    -3.293519
      -4.091777     3.602766    -3.292899
       2.148437     4.937251    -3.292288
       5.339279    -1.702473    -3.287626
       0.018323    -5.671799    -3.287940
      -5.402245    -1.840031    -3.289783
      -3.428634     4.501868    -3.287958
       3.208685     4.584446    -3.287430
       5.324479    -2.816463    -3.278527
      -1.045460    -6.001833    -3.278772
      -2.761723     5.394221    -3.278684
       4.263530     4.226000    -3.278226
       0.715190     0.532376    -6.799733
       0.715180    -0.583043    -6.799760
      -0.345544    -0.927740    -6.799879
      -1.001084    -0.025239    -6.800004
      -0.345503     0.877150    -6.799813
       1.489189     1.094776    -6.228851
       1.489175    -1.145490    -6.228923
      -0.641238    -1.837818    -6.229144
      -1.957895    -0.025159    -6.229424
      -0.641177     1.787209    -6.229017
       1.500380    -0.025362    -6.240809
       0.427425    -1.502338    -6.240945
      -1.308674    -0.938081    -6.241244
      -1.308642     0.887620    -6.241134
       0.427475     1.451655    -6.240855
       2.262000     1.656306    -5.649101
       2.262007    -1.707041    -5.649241
      -0.936476    -2.746546    -5.649531
      -2.913109    -0.025078    -5.650148
      -0.936405     2.695915    -5.649338
       2.279907     0.536408    -5.673829
       1.202540    -2.070236    -5.674024
      -1.609225    -1.850928    -5.674498
      -2.269544     0.891511    -5.674484
       0.134105     2.366803    -5.673948
       2.279907    -0.587170    -5.673865
       0.134031    -2.417508    -5.674111
      -2.269574    -0.941791    -5.674614
      -1.609180     1.800497    -5.674246
       1.202577     2.019502    -5.673871
       3.032435     2.216103    -5.060427
       3.032488    -2.266827    -5.060643
      -1.230808    -3.652472    -5.060922
      -3.865214    -0.025012    -5.062291
      -1.230712     3.601842    -5.060726
       3.054818     1.098082    -5.091332
       1.976158    -2.633713    -5.091599
      -1.906102    -2.760964    -5.092306
      -3.226590     0.892859    -5.092497
      -0.160596     3.277531    -5.091513
       3.063039    -0.025390    -5.102197
       0.910261    -2.988808    -5.102516
      -2.573058    -1.856799    -5.103198
      -2.573003     1.806598    -5.102910
       0.910320     2.938057    -5.102258
       3.054842    -1.148845    -5.091423
      -0.160689    -3.328259    -5.091785
      -3.226629    -0.942968    -5.092608
      -1.906038     2.710611    -5.091797
       1.976159     2.582966    -5.091362
       3.797492     2.771985    -4.465144
       3.797607    -2.822661    -4.465427
      -1.523112    -4.551882    -4.465499
      -4.812315    -0.024973    -4.468967
      -1.522932     4.501412    -4.465489
       3.821862     1.656792    -4.495695
       2.744547    -3.190567    -4.496029
      -2.198426    -3.663873    -4.497143
      -4.175793     0.892439    -4.497635
      -0.454889     4.179839    -4.495926
       3.836194     0.536384    -4.511485
       1.683418    -3.550539    -4.511873
      -2.868505    -2.765840    -4.512683
      -3.528662     1.807076    -4.512658
       0.615001     3.847103    -4.511593
       3.836219    -0.587137    -4.511537
       0.614921    -3.897866    -4.511999
      -3.528757    -1.857094    -4.512895
      -2.868395     2.715821    -4.512154
       1.683440     3.499792    -4.511519
       3.821933    -1.707515    -4.495855
      -0.454984    -4.230581    -4.496395
      -4.175849    -0.942433    -4.497721
      -2.198230     3.613668    -4.496167
       2.744494     3.139848    -4.495712
       4.556688     3.323598    -3.864605
       4.556881    -3.374197    -3.864943
      -1.813028    -5.444163    -3.865146
      -1.812883     5.394016    -3.864981
       4.577518     2.210487    -3.889730
       3.504679    -3.738090    -3.890118
      -2.484902    -4.556003    -3.891823
      -5.118342     0.887353    -3.892255
      -0.747909     5.069727    -3.889999
       4.595063     1.095029    -3.905018
       2.449215    -4.099585    -3.905456
      -3.154317    -3.663583    -3.906464
      -4.471219     1.801701    -3.906825
       0.318274     4.741571    -3.905171
       4.601083    -0.025343    -3.910083
       1.385513    -4.451639    -3.910584
      -3.817652    -2.761217    -3.911315
      -3.817419     2.711372    -3.910910
       1.385569     4.400918    -3.910106
       4.595140    -1.145704    -3.905138
       0.318180    -4.792317    -3.905746
      -4.471370    -1.851645    -3.907018
      -3.154015     3.613949    -3.905595
       2.449174     4.048892    -3.905031
       4.577657    -2.261131    -3.889964
      -0.747871    -5.120518    -3.890893
      -5.118421    -0.937308    -3.892328
      -2.484113     4.505881    -3.890191
       3.504551     3.687437    -3.889738