
       0.014563     0.059160     0.948720
       0.286299    -0.777382     0.405156
      -0.696943    -0.457889     0.405163
      -0.696858     0.576145     0.405106
       0.286447     0.895798     0.405115
       0.893996     0.059205     0.405081
      -0.257189    -0.777380    -0.474420
      -0.864769     0.059124    -0.474434
      -0.257148     0.895801    -0.474494
       0.726168     0.576287    -0.474531
       0.726037    -0.457766    -0.474440
       0.014630     0.059215    -1.018164
       0.298570     0.933088     1.452234
       0.933349     0.059049     1.452200
       0.298377    -0.814919     1.452206
      -0.728838    -0.481120     1.452219
      -0.728811     0.599186     1.452225
       1.217422     0.933140     0.884333
       1.217213    -0.814880     0.884322
      -0.444922    -1.355046     0.884358
      -1.472130     0.059008     0.884345
      -0.444732     1.473234     0.884345
       1.042033     1.473395    -0.034652
       0.014656     1.807218    -0.034605
       1.676828     0.599331    -0.034662
       1.676680    -0.481033    -0.034595
       1.041726    -1.354984    -0.034556
       0.014482    -1.688824    -0.034500
      -1.012696    -1.355064    -0.034496
      -1.647549    -0.481185    -0.034571
      -1.647538     0.599078    -0.034600
      -1.012745     1.473291    -0.034571
       1.501317     0.059182    -0.953630
       0.473938    -1.354984    -0.953475
      -1.188150    -0.814952    -0.953487
      -1.188168     0.933051    -0.953590
       0.474092     1.473392    -0.953679
       0.758026     0.599340    -1.521688
       0.757920    -0.481014    -1.521583
      -0.269339    -0.814869    -1.521522
      -0.904205     0.059039    -1.521588
      -0.269321     0.933149    -1.521652
       0.014479     0.058931     1.993978
       0.575438     1.784973     0.872850
       1.828776     0.058953     0.872651
       0.575069    -1.666634     0.872689
      -1.453244    -1.007562     0.872693
      -1.453277     1.125457     0.872690
       1.482708     1.125758    -0.942002
       1.482264    -1.007499    -0.941717
      -0.546100    -1.666661    -0.941657
      -1.799653     0.058822    -0.941757
      -0.546239     1.785016    -0.941921
       0.014574     0.058971    -2.063608
       0.302223     0.944258     2.504533
       0.945410     0.058712     2.504522
       0.302048    -0.826714     2.504515
      -0.738751    -0.488490     2.504521
      -0.738745     0.606019     2.504532
       0.587889     1.823129     1.933996
       1.868976     0.058708     1.933775
       0.587418    -1.705035     1.933727
      -1.485858    -1.031328     1.933736
      -1.485983     1.148965     1.933808
       1.240792     0.949958     1.949729
       1.240575    -0.832138     1.949633
      -0.453948    -1.382733     1.949616
      -1.501225     0.058857     1.949654
      -0.453714     1.500590     1.949743
       1.518787     1.823172     1.358661
       2.156606    -0.826723     1.358401
      -0.165685    -2.252256     1.358384
      -2.238985    -0.484091     1.358374
      -1.198058     2.034382     1.358435
       2.156747     0.944285     1.358416
       1.518394    -1.705020     1.358375
      -1.198177    -1.916767     1.358387
      -2.239118     0.601700     1.358434
      -0.165203     2.370341     1.358661
       1.341047     2.370461     0.427626
       0.300165     2.708658     0.427665
       2.622230     0.606071     0.427314
       2.622136    -0.488515     0.427381
       1.340593    -2.252240     0.427388
       0.299776    -2.590449     0.427437
      -1.773446    -1.916809     0.427439
      -2.416721    -1.031427     0.427357
      -2.416808     1.148750     0.427365
      -1.773747     2.034558     0.427496
       1.803085     2.034775    -0.496536
      -0.271084     2.708716    -0.496450
       2.446284     1.149285    -0.496561
       2.445749    -1.031360    -0.496173
       1.802414    -1.916800    -0.496164
      -0.270946    -2.590492    -0.496094
      -1.311696    -2.252332    -0.496095
      -2.593123    -0.488678    -0.496239
      -2.593129     0.605800    -0.496243
      -1.311999     2.370474    -0.496420
       0.772566     2.391921    -0.502976
       2.467040     0.059007    -0.502987
       0.772236    -2.273631    -0.502764
      -1.969430    -1.382841    -0.502787
      -1.969582     1.500575    -0.502910
       1.998806     1.500790     0.433894
       1.998408    -1.382736     0.433962
      -0.743342    -2.273647     0.434021
      -2.437836     0.058691     0.433939
      -0.743282     2.391787     0.433991
       2.268467     0.602057    -1.427574
       1.227104    -1.916807    -1.427182
      -1.489507    -1.705116    -1.427168
      -2.127673     0.944185    -1.427299
       0.194415     2.370500    -1.427557
       2.268019    -0.484023    -1.427292
       0.194579    -2.252286    -1.427147
      -2.127666    -0.826836    -1.427239
      -1.489725     1.823167    -1.427493
       1.227671     2.034774    -1.427593
       0.767700     0.606052    -2.574164
       0.767622    -0.488439    -2.574115
      -0.273142    -0.826644    -2.574074
      -0.916385     0.058716    -2.574124
      -0.273158     0.944244    -2.574135
       1.515352     1.149282    -2.003033
       1.514797    -1.031327    -2.002723
      -0.558536    -1.705034    -2.002640
      -1.839959     0.058663    -2.002771
      -0.558766     1.823206    -2.002964
       1.530314     0.059024    -2.019004
       0.482861    -1.382689    -2.018817
      -1.211603    -0.832140    -2.018836
      -1.211671     0.949944    -2.018981
       0.483015     1.500773    -2.019096
       0.014384     0.058574     3.046418
       0.866517     2.680517     1.344153
       2.769951     0.058514     1.343478
       0.865838    -2.562003     1.343436
      -2.214740    -1.561033     1.343429
      -2.215043     1.678474     1.343523
       2.244866     1.679076    -1.412808
       2.243680    -1.561134    -1.412060
      -0.837012    -2.562105    -1.412008
      -2.741027     0.058400    -1.412158
      -0.837590     2.680632    -1.412706
       0.014456     0.058544    -3.116638
       0.304227     0.950295     3.565177
       0.952196     0.058269     3.565170
       0.304100    -0.833589     3.565152
      -0.744403    -0.492868     3.565148
      -0.744429     0.609622     3.565163
       0.593855     1.841320     2.998610
       1.888708     0.058298     2.998485
       0.593466    -1.724101     2.998398
      -1.501954    -1.043193     2.998401
      -1.502131     1.160232     2.998478
       1.252527     0.958015     3.015351
       1.252326    -0.841053     3.015236
      -0.458540    -1.396868     3.015186
      -1.515946     0.058554     3.015238
      -0.458394     1.513997     3.015372
       0.880326     2.722738     2.415032
       2.814419     0.058210     2.414405
       0.879511    -2.604449     2.414267
      -2.250783    -1.587303     2.414264
      -2.251266     1.704492     2.414405
       1.541931     1.848686     2.437188
       2.188251    -0.841077     2.436861
      -0.169335    -2.286914     2.436780
      -2.273029    -0.491513     2.436815
      -1.215554     2.064131     2.437043
       2.188431     0.958006     2.436996
       1.541503    -1.731072     2.436814
      -1.215633    -1.946932     2.436782
      -2.273209     0.608801     2.436871
      -0.168790     2.404566     2.437202
       1.817962     2.722757     1.835547
       3.104187    -0.833685     1.834786
       0.120846    -3.155681     1.834674
      -3.009484    -1.036055     1.834660
      -1.960983     2.596145     1.834860
       2.468081     1.841334     1.840356
       2.467811    -1.724141     1.840095
      -0.922753    -2.825726     1.840046
      -3.018332     0.058592     1.840085
      -0.922376     2.942996     1.840368
       3.104271     0.950233     1.834828
       1.817359    -2.604457     1.834684
      -1.960974    -2.479249     1.834673
      -3.009911     1.153278     1.834809
       0.121721     3.273904     1.835553
       1.638900     3.273973     0.897785
       0.590436     3.614625     0.897814
       3.573199     0.609525     0.896885
       3.573138    -0.493046     0.896945
       1.638249    -3.155703     0.896847
       0.589744    -3.496381     0.896879
      -2.540505    -2.479305     0.896873
      -3.188550    -1.587421     0.896800
      -3.188824     1.704003     0.896858
      -2.541386     2.596607     0.897257
       2.110474     2.943273    -0.034214
       0.014359     3.624331    -0.034144
       3.405419     1.160314    -0.034469
       3.405059    -1.043404    -0.034159
       2.109847    -2.825823    -0.034213
       0.014359    -3.506649    -0.034158
      -2.080994    -2.825836    -0.034164
      -3.376140    -1.043435    -0.034314
      -3.376271     1.159840    -0.034291
      -2.081560     2.943237    -0.034235
       1.069115     3.304388    -0.038906
       3.426503     0.058481    -0.039252
       1.068662    -3.186410    -0.039139
      -2.745741    -1.947089    -0.039176
      -2.746151     2.064149    -0.039119
       2.570831     2.596934    -0.966120
      -0.561754     3.614771    -0.966020
       3.218742     1.705059    -0.966157
       3.217490    -1.587565    -0.965187
       2.569425    -2.479466    -0.965215
      -0.561030    -3.496506    -0.965160
      -1.609491    -3.155848    -0.965167
      -3.544324    -0.493149    -0.965363
      -3.544368     0.609340    -0.965327
      -1.610211     3.274106    -0.966014
       1.537386     2.964195    -0.975477
       3.248168     0.609026    -0.975478
       1.536653    -2.846520    -0.975014
      -2.277834    -2.287092    -0.975027
      -2.924754     1.513904    -0.975151
       0.490204     3.304442    -0.975443
       3.247756    -0.491611    -0.975138
       0.490306    -3.186469    -0.974992
      -2.924548    -1.397090    -0.975098
      -2.278246     2.404681    -0.975358
       2.775424     2.064520    -0.029663
       2.774641    -1.947081    -0.029273
      -1.039880    -3.186432    -0.029232
      -3.397452     0.058214    -0.029393
      -1.040237     3.304331    -0.029522
       2.307157     2.404728     0.906923
       2.953385    -1.396979     0.906626
      -0.461525    -3.186381     0.906612
      -3.218693    -0.491715     0.906542
      -1.508041     2.963875     0.906764
       2.953727     1.514091     0.906612
       2.306642    -2.286976     0.906591
      -1.507805    -2.846423     0.906612
      -3.218806     0.608465     0.906583
      -0.461228     3.304253     0.906990
       3.039646     1.153901    -1.903856
       1.989856    -2.479500    -1.903038
      -1.788649    -2.604638    -1.903024
      -3.075476     0.950197    -1.903164
      -0.092850     3.274116    -1.903824
       3.047446     0.058667    -1.908732
       0.951590    -2.825922    -1.908454
      -2.439083    -1.724295    -1.908520
      -2.439271     1.841372    -1.908706
       0.951727     2.943354    -1.908934
       3.038427    -1.036235    -1.903090
      -0.092073    -3.155860    -1.902997
      -3.075452    -0.833797    -1.903152
      -1.789244     2.722894    -1.903764
       1.991227     2.596960    -1.903880
       0.773034     0.609478    -3.635323
       0.772980    -0.492906    -3.635309
      -0.275357    -0.833519    -3.635288
      -0.923313     0.058237    -3.635322
      -0.275425     0.950136    -3.635302
       1.531094     1.160314    -3.067565
       1.530700    -1.043334    -3.067381
      -0.564717    -1.724126    -3.067311
      -1.859856     0.058285    -3.067432
      -0.564976     1.841361    -3.067511
       1.544744     0.058517    -3.084715
       0.487281    -1.396885    -3.084557
      -1.223488    -0.841041    -3.084579
      -1.223606     0.957992    -3.084704
       0.487355     1.514059    -3.084797
       2.281024     1.705075    -2.483447
       2.279643    -1.587550    -2.482749
      -0.850784    -2.604582    -2.482678
      -2.785637     0.058179    -2.482851
      -0.851514     2.722895    -2.483366
       2.302467     0.609035    -2.505902
       1.244463    -1.947108    -2.505520
      -1.512760    -1.731162    -2.505513
      -2.159571     0.958030    -2.505704
       0.197903     2.404821    -2.505981
       2.301993    -0.491581    -2.505679
       0.198133    -2.287042    -2.505488
      -2.159477    -0.841151    -2.505580
      -1.513074     1.848768    -2.505851
       1.245067     2.064578    -2.506010
       0.014295     0.058181     4.108391
       1.160490     3.585003     1.820218
       3.719675     0.058026     1.818583
       1.159252    -3.465451     1.818430
      -2.983116    -2.119503     1.818410
      -2.983906     2.236754     1.818566
       3.014703     2.237902    -1.888316
       3.012019    -2.119821    -1.886636
      -1.130561    -3.465662    -1.886602
      -3.690985     0.057966    -1.886789
      -1.131902     3.585213    -1.888216
       0.014320     0.058073    -4.180195
       0.305547     0.954216     4.634101
       0.956722     0.057853     4.634056
       0.305464    -0.838312     4.634009
      -0.748204    -0.495927     4.634001
      -0.748255     0.611897     4.634047
       0.597461     1.852279     4.069282
       1.900943     0.057857     4.069136
       0.597220    -1.736097     4.069012
      -1.511989    -1.050729     4.069009
      -1.512184     1.166981     4.069110
       1.260085     0.962975     4.085472
       1.259925    -0.846981     4.085315
      -0.461529    -1.406163     4.085243
      -1.525496     0.058156     4.085305
      -0.461505     1.522413     4.085506
       0.888110     2.746492     3.488856
       2.840691     0.057818     3.488438
       0.887588    -2.629682     3.488242
      -2.272136    -1.602981     3.488239
      -2.272631     1.719513     3.488359
       1.554937     1.863360     3.514149
       2.207038    -0.849070     3.513813
      -0.170846    -2.307411     3.513691
      -2.292850    -0.496695     3.513748
      -1.226508     2.080865     3.514100
       2.207237     0.965075     3.514012
       1.554545    -1.746911     3.513751
      -1.226445    -1.964410     3.513690
      -2.293028     0.613306     3.513787
      -0.170576     2.424054     3.514192
       1.175468     3.630791     2.898164
       3.768273     0.057724     2.896692
       1.174208    -3.511789     2.896449
      -3.022468    -2.148184     2.896435
      -3.023514     2.265178     2.896507
       1.842081     2.753883     2.923139
       3.141816    -0.847062     2.922395
       0.119980    -3.195707     2.922227
      -3.047751    -1.047784     2.922257
      -1.983939     2.628577     2.922753
       2.499154     1.863345     2.930672
       2.498780    -1.746946     2.930247
      -0.934665    -2.862346     2.930151
      -3.056797     0.058404     2.930234
      -0.934382     2.979037     2.930752
       3.141995     0.962912     2.922570
       1.841398    -2.636462     2.922269
      -1.983823    -2.512127     2.922224
      -3.048248     1.164664     2.922351
       0.120700     3.313226     2.923165
       2.117774     3.630798     2.315814
       4.059456    -0.838498     2.314220
       0.411806    -4.065710     2.314005
      -3.784911    -1.594252     2.313992
      -2.731081     3.160701     2.314483
       2.774726     2.746493     2.322981
       3.423592    -1.736224     2.322425
      -0.638592    -3.738502     2.322287
      -3.798442    -0.494043     2.322322
      -1.688910     3.513595     2.322779
       3.423875     1.852217     2.322693
       2.774222    -2.629751     2.322354
      -1.689129    -3.397166     2.322285
      -3.798671     0.610776     2.322396
      -0.638186     3.855476     2.323025
       4.059566     0.954056     2.314318
       2.116662    -3.511816     2.314028
      -2.731234    -3.044483     2.313995
      -3.785705     1.711408     2.314172
       0.413054     4.184709     2.315835
       1.937814     4.184761     1.373430
       0.884101     4.527118     1.373456
       4.530805     0.611674     1.371792
       4.530717    -0.496229     1.371822
       1.936675    -4.065761     1.371598
       0.883014    -4.408092     1.371613
      -3.313633    -3.044541     1.371595
      -3.964876    -2.148305     1.371541
      -3.965397     2.263869     1.371482
      -3.315744     3.162059     1.372582
       2.414562     3.855671     0.436232
       0.304791     4.541158     0.436290
       4.367264     1.166806     0.435830
       4.366995    -1.051105     0.435942
       2.413917    -3.738641     0.435781
       0.304675    -4.423904     0.435810
      -2.854995    -3.397287     0.435795
      -4.158667    -1.603237     0.435670
      -4.159021     1.718787     0.435640
      -2.856059     3.513999     0.436182
       1.366240     4.218599     0.431825
       4.387699     0.057851     0.431137
       1.365637    -4.100779     0.431040
      -3.523431    -2.512301     0.430989
      -3.524224     2.628660     0.431346
       2.884741     3.514107    -0.504104
      -0.276503     4.541248    -0.504019
       4.188276     1.719524    -0.504187
       4.187525    -1.603426    -0.503737
       2.883819    -3.397436    -0.503832
      -0.276037    -4.423983    -0.503797
      -2.385193    -3.738696    -0.503812
      -4.338234    -1.051066    -0.504006
      -4.338460     1.166559    -0.503965
      -2.386098     3.855724    -0.504007
       1.842176     3.886823    -0.510985
       4.219998     0.613091    -0.511076
       1.841590    -3.769602    -0.510914
      -3.061334    -2.862569    -0.510949
      -3.714303     2.080757    -0.510916
       0.786041     4.229975    -0.510956
       4.219728    -0.497077    -0.510887
       0.785947    -4.112558    -0.510900
      -3.713804    -1.964684    -0.511017
      -3.062107     2.979217    -0.510928
       3.345165     3.162376    -1.441213
      -0.855813     4.527356    -1.441117
       3.996299     2.266064    -1.441240
       3.993774    -2.148682    -1.439540
       3.342528    -3.044897    -1.439581
      -0.854398    -4.408314    -1.439547
      -1.908041    -4.065978    -1.439558
      -4.502102    -0.496248    -1.439788
      -4.502201     0.611605    -1.439736
      -1.909464     4.184976    -1.441122
       2.307897     3.534540    -1.451436
       4.029311     1.164820    -1.451363
       2.306641    -3.417447    -1.450641
      -2.582620    -3.195984    -1.450661
      -3.883331     1.522283    -1.450759
       1.258333     3.886895    -1.455498
       4.039667     0.058128    -1.455250
       1.258096    -3.769686    -1.455049
      -3.241763    -2.307703    -1.455139
      -3.242314     2.424137    -1.455232
       0.202107     4.218748    -1.451382
       4.028293    -1.048221    -1.450655
       0.202711    -4.100939    -1.450618
      -3.883029    -1.406473    -1.450789
      -2.583486     3.313447    -1.451262
       3.553633     2.629254    -0.499771
       3.552278    -2.512473    -0.499067
      -1.336956    -4.100849    -0.499066
      -4.358861     0.057748    -0.499277
      -1.337834     4.218614    -0.499637
       3.090903     2.979336     0.442973
       3.742575    -1.964696     0.442901
      -0.757253    -4.112486     0.442851
      -4.190760    -0.497071     0.442705
      -1.813507     3.886584     0.442991
       3.743235     2.081029     0.442804
       3.090091    -2.862551     0.442846
      -1.812831    -3.769513     0.442847
      -4.190872     0.612742     0.442710
      -0.757571     4.229805     0.443076
       2.612010     3.313339     1.383488
       3.911678    -1.406397     1.382728
      -0.174026    -4.100721     1.382603
      -3.999315    -1.047982     1.382547
      -2.278510     3.533879     1.383064
       3.270974     2.424138     1.387358
       3.270419    -2.307572     1.387044
      -1.229335    -3.769454     1.386990
      -4.010520     0.058042     1.386987
      -1.229490     3.886478     1.387456
       3.912013     1.522351     1.382817
       2.611269    -3.195808     1.382610
      -2.277809    -3.417167     1.382596
      -3.999667     1.163951     1.382653
      -0.173598     4.218455     1.383540
       3.816323     1.712200    -2.383541
       2.760119    -3.044962    -2.381969
      -2.088102    -3.512115    -2.381961
      -4.031048     0.954103    -2.382131
      -0.384567     4.185035    -2.383541
       3.827951     0.610644    -2.390755
       1.717953    -3.397594    -2.390303
      -2.745687    -2.630000    -2.390356
      -3.395359     1.852336    -2.390490
       0.667003     3.855886    -2.390925
       3.827464    -0.494411    -2.390446
       0.667334    -3.738883    -2.390285
      -3.395076    -1.736392    -2.390422
      -2.746268     2.746696    -2.390718
       1.718466     3.514246    -2.390948
       3.813862    -1.594714    -2.381998
      -0.383154    -4.066053    -2.381931
      -4.030950    -0.838572    -2.382134
      -2.089405     3.631073    -2.383460
       2.762678     3.162434    -2.383605
       0.776683     0.611709    -4.705417
       0.776644    -0.496123    -4.705380
      -0.276928    -0.838399    -4.705358
      -0.928141     0.057778    -4.705396
      -0.277040     0.954075    -4.705401
       1.540821     1.166924    -4.138133
       1.540650    -1.051107    -4.137944
      -0.568667    -1.736335    -4.137877
      -1.872448     0.057837    -4.137996
      -0.568931     1.852410    -4.138090
       1.554118     0.057910    -4.155008
       0.490129    -1.406403    -4.154845
      -1.231358    -0.847077    -4.154870
      -1.231518     0.962995    -4.155006
       0.490102     1.522464    -4.155114
       2.301621     1.719648    -3.557023
       2.300945    -1.603472    -3.556539
      -0.859018    -2.629986    -3.556457
      -2.812209     0.057820    -3.556639
      -0.859580     2.746770    -3.556957
       2.321996     0.613143    -3.582657
       1.255181    -1.964845    -3.582307
      -1.526043    -1.747117    -3.582304
      -2.178718     0.965198    -3.582527
       0.199333     2.424400    -3.582790
       2.321726    -0.497041    -3.582494
       0.199536    -2.307769    -3.582276
      -2.178544    -0.849206    -3.582369
      -1.526425     1.863547    -3.582624
       1.255452     2.081251    -3.582814
       3.053928     2.266126    -2.966013
       3.051347    -2.148713    -2.964492
      -1.145627    -3.512108    -2.964434
      -3.739776     0.057732    -2.964643
      -1.147019     3.631087    -2.965932
       3.077778     1.164863    -2.991163
       2.012663    -2.512623    -2.990425
      -1.812878    -2.636739    -2.990411
      -3.113485     0.963016    -2.990636
      -0.091984     3.313637    -2.991256
       3.085904     0.058153    -2.998757
       0.963443    -2.862792    -2.998400
      -2.470299    -1.747159    -2.998467
      -2.470653     1.863543    -2.998756
       0.963521     2.979600    -2.999094
       3.076717    -1.048219    -2.990553
      -0.091293    -3.196088    -2.990382
      -3.113338    -0.847176    -2.990535
      -1.813605     2.754149    -2.991102
       2.013787     2.629435    -2.991302
       0.014223     0.057832     5.180181
       1.457975     4.500369     2.301928
       4.678220     0.057594     2.298063
       1.455391    -4.377211     2.297792
      -3.758586    -2.683102     2.297763
      -3.760307     2.801184     2.297680
       3.793748     2.803483    -2.369554
       3.787497    -2.683632    -2.365654
      -1.426816    -4.377540    -2.365628
      -4.649742     0.057598    -2.365850
      -1.429695     4.500679    -2.369464
       0.014203     0.057670    -5.256497
       0.306656     0.957527     5.712443
       0.960501     0.057550     5.712336
       0.306604    -0.842252     5.712256
      -0.751375    -0.498475     5.712251
      -0.751422     0.613831     5.712340
       0.600066     1.860229     5.147306
       1.909785     0.057529     5.147032
       0.599937    -1.744855     5.146871
      -1.519271    -1.056255     5.146869
      -1.519434     1.171817     5.147026
       1.265346     0.966441     5.162143
       1.265241    -0.851193     5.161920
      -0.463632    -1.412749     5.161837
      -1.532187     0.057803     5.161916
      -0.463657     1.528264     5.162196
       0.893259     2.762269     4.568530
       2.858413     0.057495     4.567921
       0.893046    -2.646832     4.567683
      -2.286594    -1.613679     4.567683
      -2.286985     1.729443     4.567853
       1.563770     1.873342     4.594476
       2.219993    -0.854608     4.594037
      -0.171838    -2.321629     4.593886
      -2.306503    -0.500453     4.593964
      -1.234096     2.092218     4.594430
       2.220168     0.969813     4.594294
       1.563486    -1.757953     4.593961
      -1.233956    -1.976515     4.593885
      -2.306639     0.616286     4.594017
      -0.171805     2.437293     4.594546
       1.184590     3.658698     3.979994
       3.800706     0.057438     3.978587
       1.184196    -3.542831     3.978287
      -3.048789    -2.167438     3.978279
      -3.049649     2.283516     3.978260
       1.856792     2.774381     4.009506
       3.167313    -0.854654     4.008649
       0.120881    -3.222429     4.008441
      -3.072773    -1.057147     4.008501
      -2.000465     2.648998     4.009232
       2.519060     1.877028     4.018727
       2.518634    -1.761676     4.018173
      -0.942318    -2.885917     4.018047
      -3.081440     0.058027     4.018172
      -0.942368     3.001759     4.018886
       3.167539     0.969774     4.008895
       1.856190    -2.658725     4.008499
      -2.000248    -2.533223     4.008436
      -3.073164     1.173216     4.008590
       0.120935     3.338429     4.009558
       1.473733     4.548582     3.386660
       4.730906     0.057359     3.382476
       1.471622    -4.427414     3.382137
      -3.801238    -2.714165     3.382113
      -3.803391     2.831415     3.381241
       2.143154     3.665668     3.410571
       4.102274    -0.851339     3.408794
       0.413014    -4.110483     3.408537
      -3.827052    -1.609402     3.408561
      -2.758555     3.195618     3.409867
       2.807015     2.774366     3.422322
       3.460848    -1.758048     3.421477
      -0.647651    -3.780777     3.421305
      -3.841377    -0.498710     3.421394
      -1.706613     3.552536     3.422228
       3.461311     1.873283     3.421930
       2.806239    -2.658769     3.421402
      -1.706668    -3.436683     3.421302
      -3.841585     0.614940     3.421466
      -0.647717     3.896958     3.422431
       4.102498     0.966316     3.408989
       2.141848    -3.548851     3.408580
      -2.758545    -3.079985     3.408526
      -3.827820     1.725924     3.408675
       0.413205     4.227808     3.410606
       2.421065     4.548575     2.801229
       5.023259    -0.842513     2.797616
       0.706102    -4.983582     2.797314
      -4.566802    -2.158000     2.797304
      -3.506694     3.729581     2.799535
       3.081186     3.658701     2.807966
       4.386344    -1.745067     2.807049
      -0.349208    -4.656870     2.806825
      -4.582294    -1.053346     2.806868
      -2.462433     4.086052     2.807847
       3.737954     2.762223     2.810659
       3.737168    -2.646983     2.810123
      -1.407694    -4.318321     2.809980
      -4.587528     0.058052     2.810105
      -1.407869     4.434431     2.810842
       4.386771     1.860091     2.807357
       3.079732    -3.542922     2.806898
      -2.463021    -3.970065     2.806819
      -4.582570     1.169782     2.807014
      -0.349799     4.773594     2.808050
       5.023448     0.957296     2.797758
       2.417917    -4.427455     2.797344
      -3.508809    -3.614100     2.797297
      -4.567541     2.276216     2.797385
       0.707242     5.105456     2.801257
       2.240145     5.105505     1.853874
       1.180804     5.449692     1.853894
       5.496606     0.613524     1.851423
       5.496466    -0.498850     1.851400
       2.237199    -4.983652     1.851081
       1.179239    -5.327367     1.851083
      -4.093600    -3.614158     1.851054
      -4.747510    -2.714286     1.851020
      -4.749049     2.826873     1.850310
      -4.099224     3.734308     1.853535
       2.719016     4.773809     0.911468
       0.598270     5.462856     0.911522
       5.334542     1.171497     0.911775
       5.334228    -1.056718     0.911689
       2.717732    -4.657034     0.911439
       0.598527    -5.345517     0.911445
      -3.634420    -3.970186     0.911418
      -4.944268    -2.167684     0.911330
      -4.945121     2.282061     0.910920
      -3.636141     4.086805     0.912115
       1.664929     5.137666     0.907085
       5.353545     0.057381     0.906922
       1.664041    -5.019462     0.906640
      -4.304817    -3.080159     0.906578
      -4.306181     3.195823     0.907221
       3.194811     4.434891    -0.033730
       0.013985     5.468385    -0.033646
       5.160012     1.729067    -0.033475
       5.159388    -1.614230    -0.033706
       3.194011    -4.318616    -0.033867
       0.014296    -5.351600    -0.033860
      -3.165300    -4.318518    -0.033885
      -5.130639    -1.614020    -0.034039
      -5.131156     1.728814    -0.034124
      -3.166659     4.434721    -0.033327
       2.145796     4.810209    -0.039924
       5.192123     0.615792    -0.039676
       2.145205    -4.693262    -0.039901
      -3.845837    -3.436919    -0.039956
      -4.503176     2.648899    -0.039782
       1.083280     5.155432    -0.039896
       5.191911    -0.500999    -0.039703
       1.083057    -5.038326    -0.039895
      -4.502334    -2.533510    -0.040014
      -3.847031     3.552784    -0.039574
       3.664240     4.087158    -0.978906
      -0.570292     5.463035    -0.978808
       4.974593     2.283143    -0.978806
       4.973109    -2.168065    -0.979079
       3.663232    -3.970511    -0.979157
      -0.569948    -5.345685    -0.979148
      -2.689122    -4.657150    -0.979169
      -5.305613    -1.056629    -0.979382
      -5.305925     1.171452    -0.979356
      -2.690863     4.773852    -0.978699
       2.619488     4.466111    -0.987258
       5.011720     1.172609    -0.987035
       2.618893    -4.349312    -0.987086
      -3.372257    -3.781082    -0.987131
      -4.683982     2.092077    -0.987139
       1.562398     4.822551    -0.990600
       5.023669     0.057364    -0.990334
       1.562109    -4.705644    -0.990419
      -4.037840    -2.886251    -0.990527
      -4.038847     3.001864    -0.990348
       0.497679     5.155520    -0.987205
       5.010987    -1.057794    -0.986994
       0.497659    -5.038419    -0.987074
      -4.683371    -1.976876    -0.987252
      -3.373691     3.897205    -0.986959
       4.127783     3.734238    -1.921261
      -1.152807     5.450012    -1.921167
       4.782370     2.833145    -1.921263
       4.776408    -2.714841    -1.918730
       4.122489    -3.614684    -1.918754
      -1.150699    -5.327679    -1.918736
      -2.208664    -4.983942    -1.918749
      -5.468005    -0.498806    -1.918997
      -5.468149     0.613552    -1.918963
      -2.212048     5.105784    -1.921169
       3.083981     4.106835    -1.930875
       4.813860     1.725402    -1.930713
       3.082644    -3.989374    -1.930012
      -2.886510    -4.110859    -1.930039
      -4.847375     1.528130    -1.930166
       2.032128     4.466196    -1.937463
       4.830245     0.614129    -1.937195
       2.031802    -4.349410    -1.937032
      -3.553808    -3.222812    -1.937117
      -4.209181     2.437345    -1.937139
       0.972837     4.810379    -1.937440
       4.829734    -0.499450    -1.937072
       0.972710    -4.693456    -1.937022
      -4.208431    -2.322005    -1.937180
      -3.555097     3.338640    -1.937176
      -0.089354     5.137911    -1.930808
       4.811715    -1.610095    -1.930006
      -0.089130    -5.019726    -1.929991
      -4.846975    -1.413108    -1.930211
      -2.888661     4.228099    -1.930644
       4.335838     3.197065    -0.974508
       4.333647    -3.080515    -0.974346
      -1.635446    -5.019604    -0.974373
      -5.324880     0.057413    -0.974604
      -1.636855     5.137741    -0.974394
       3.875702     3.553125    -0.027572
       4.531079    -2.533692    -0.027790
      -1.054432    -5.038311    -0.027872
      -5.163067    -0.500873    -0.028059
      -2.117643     4.810002    -0.027386
       4.532135     2.649281    -0.027530
       3.874572    -3.437059    -0.027847
      -2.116535    -4.693222    -0.027879
      -5.163213     0.615742    -0.028072
      -1.055218     5.155310    -0.027455
       3.402044     3.897225     0.919725
       4.711994    -1.976916     0.919468
      -0.469029    -5.038239     0.919316
      -4.982051    -1.057487     0.919210
      -2.591164     4.465451     0.919945
       4.067412     3.001945     0.923057
       4.066468    -2.886234     0.922710
      -1.533417    -4.705444     0.922632
      -4.994598     0.057495     0.922553
      -1.534214     4.822098     0.923200
       4.712643     2.092151     0.919708
       3.400879    -3.781011     0.919337
      -2.590137    -4.349063     0.919305
      -4.982386     1.172313     0.919204
      -0.469603     5.155219     0.919817
       2.916869     4.227909     1.863373
       4.875453    -1.413079     1.862508
       0.117735    -5.019388     1.862280
      -4.782750    -1.609581     1.862244
      -3.054849     4.105133     1.863317
       3.583434     3.338516     1.869872
       4.236923    -2.321892     1.869415
      -0.944026    -4.693090     1.869270
      -4.800672    -0.499022     1.869304
      -2.003666     4.465302     1.869968
       4.237625     2.437266     1.869763
       3.582316    -3.222619     1.869343
      -2.003036    -4.349003     1.869266
      -4.800913     0.614275     1.869429
      -0.944586     4.809819     1.869973
       4.875853     1.528078     1.862699
       2.915034    -4.110609     1.862305
      -3.053808    -3.988911     1.862266
      -4.783559     1.724260     1.862596
       0.117472     5.137502     1.863428
       4.601442     2.276358    -2.868538
       3.537714    -3.614762    -2.864990
      -2.389461    -4.427861    -2.864986
      -4.995131     0.957403    -2.865202
      -0.679048     5.105892    -2.868572
       4.612372     1.168433    -2.875292
       2.491861    -3.970688    -2.874541
      -3.051319    -3.543272    -2.874586
      -4.358476     1.860263    -2.874751
       0.378125     4.774138    -2.875486
       4.616726     0.057135    -2.877983
       1.436435    -4.318898    -2.877701
      -3.708802    -2.647231    -2.877823
      -3.709709     2.762470    -2.878001
       1.436454     4.435144    -2.878373
       4.611360    -1.054073    -2.874654
       0.377843    -4.657398    -2.874512
      -4.358011    -1.745193    -2.874709
      -3.053013     3.659023    -2.875252
       2.491919     4.087325    -2.875526
       4.595801    -2.158691    -2.865030
      -0.677554    -4.984058    -2.864954
      -4.994938    -0.842533    -2.865196
      -2.392960     4.548958    -2.868472
       3.542196     3.734325    -2.868643
       0.780642     0.614284    -5.787068
       0.780620    -0.499418    -5.786997
      -0.278567    -0.843485    -5.786973
      -0.933269     0.057447    -5.787013
      -0.278712     0.958481    -5.787056
       1.548645     1.172275    -5.215824
       1.548637    -1.057335    -5.215507
      -0.571847    -1.746163    -5.215433
      -1.882545     0.057490    -5.215559
      -0.572096     1.861329    -5.215789
       1.561620     0.057460    -5.231853
       0.492399    -1.414042    -5.231653
      -1.237658    -0.851927    -5.231681
      -1.237830     0.967033    -5.231855
       0.492301     1.529196    -5.232017
       2.315679     1.729540    -4.636345
       2.315677    -1.614571    -4.635668
      -0.864755    -2.647692    -4.635573
      -2.830630     0.057501    -4.635766
      -0.865120     2.763021    -4.636288
       2.335776     0.615993    -4.662664
       1.262827    -1.977555    -4.662227
      -1.535503    -1.758618    -4.662225
      -2.192387     0.970170    -4.662492
       0.200276     2.438128    -4.662853
       2.335730    -0.501059    -4.662455
       0.200455    -2.322647    -4.662195
      -2.192175    -0.854996    -4.662290
      -1.535876     1.873938    -4.662641
       1.262781     2.092907    -4.662875
       3.078102     2.283417    -4.047619
       3.077763    -2.168246    -4.046143
      -1.155789    -3.543445    -4.046059
      -3.772611     0.057471    -4.046289
      -1.156397     3.659266    -4.047549
       3.102202     1.172799    -4.077246
       2.029142    -2.534077    -4.076410
      -1.827947    -2.659270    -4.076387
      -3.139495     0.969990    -4.076677
      -0.092538     3.339146    -4.077411
       3.110578     0.057420    -4.086512
       0.971071    -2.886784    -4.086053
      -2.490541    -1.762086    -4.086120
      -2.491024     1.877440    -4.086522
       0.970993     3.002561    -4.086964
       3.101872    -1.057876    -4.076593
      -0.092314    -3.223188    -4.076357
      -3.139254    -0.854839    -4.076517
      -1.828676     2.774905    -4.077201
       2.029251     2.649745    -4.077453
       3.835005     2.833256    -3.454113
       3.830189    -2.714922    -3.449880
      -1.443160    -4.427913    -3.449824
      -4.702663     0.057409    -3.450070
      -1.445570     4.549004    -3.454037
       3.857656     1.725517    -3.478076
       2.787452    -3.080735    -3.476350
      -2.113469    -3.549319    -3.476331
      -4.074290     0.966463    -3.476584
      -0.384887     4.228390    -3.478180
       3.870834     0.614195    -3.489865
       1.735487    -3.437422    -3.489157
      -2.777957    -2.659158    -3.489206
      -3.433134     1.873557    -3.489508
       0.676269     3.897692    -3.490209
       3.870506    -0.499456    -3.489454
       0.676338    -3.781466    -3.489135
      -3.432632    -1.758294    -3.489271
      -2.778850     2.774756    -3.489847
       1.735555     3.553512    -3.490230
       3.856099    -1.610153    -3.476453
      -0.384457    -4.111080    -3.476299
      -4.074062    -0.851423    -3.476507
      -2.114994     3.666118    -3.478016
       2.788434     3.197324    -3.478238
       0.014169     0.057562     6.264883
       1.764662     5.444153     2.798323
       5.648346     0.057263     2.783282
       1.755112    -5.299929     2.782914
      -4.543405    -3.253456     2.782878
      -4.548181     3.379150     2.779058
       4.596757     3.386707    -2.865738
       4.572344    -3.254154    -2.850525
      -1.726629    -5.300361    -2.850496
      -5.620030     0.057323    -2.850754
      -1.736524     5.444507    -2.865648
       0.014151     0.057487    -6.366078
       0.307383     0.959712     6.811270
       0.963043     0.057354     6.811093
       0.307349    -0.844894     6.811004
      -0.753498    -0.500193     6.810999
      -0.753544     0.615138     6.811114
       0.603144     1.869679     6.240687
       1.919961     0.057329     6.240308
       0.603057    -1.754818     6.240126
      -1.527610    -1.062494     6.240126
      -1.527720     1.177582     6.240336
       1.270644     0.970132     6.252428
       1.270584    -0.855343     6.252155
      -0.465739    -1.419311     6.252071
      -1.538894     0.057557     6.252162
      -0.465741     1.534336     6.252495
       0.898409     2.778130     5.661400
       2.875463     0.057299     5.660632
       0.898303    -2.663346     5.660369
      -2.300521    -1.623960     5.660373
      -2.300763     1.739166     5.660645
       1.571295     1.882817     5.685776
       2.231640    -0.859134     5.685259
      -0.172338    -2.334300     5.685094
      -2.318545    -0.504126     5.685187
      -1.241055     2.102256     5.685709
       2.231756     0.973864     5.685551
       1.571134    -1.768005     5.685173
      -1.240958    -1.987075     5.685093
      -2.318633     0.619388     5.685268
      -0.172322     2.449366     5.685862
       1.192694     3.683631     5.073530
       3.828038     0.057250     5.072017
       1.192630    -3.569082     5.071685
      -3.071030    -2.183723     5.071683
      -3.071425     2.299011     5.071938
       1.868332     2.792624     5.103776
       3.188906    -0.860291     5.102823
       0.122393    -3.244872     5.102589
      -3.093534    -1.065743     5.102670
      -2.014839     2.665802     5.103446
       2.535414     1.888648     5.114209
       2.535089    -1.773911     5.113568
      -0.948666    -2.905497     5.113426
      -3.101869     0.057695     5.113595
      -0.948788     3.020746     5.114404
       3.189105     0.974949     5.103102
       1.867980    -2.677870     5.102655
      -2.014641    -2.550501     5.102586
      -3.093765     1.181104     5.102844
       0.122313     3.359959     5.103843
       1.485403     4.584378     4.480195
       4.773915     0.057182     4.476775
       1.484889    -4.468491     4.476390
      -3.836125    -2.739593     4.476374
      -3.836518     2.854897     4.476419
       2.161258     3.695513     4.508898
       4.138033    -0.859234     4.507230
       0.416730    -4.147046     4.506940
      -3.860607    -1.624418     4.506990
      -2.783254     3.222797     4.508193
       2.831192     2.797404     4.523942
       3.490944    -1.773961     4.522899
      -0.653300    -3.814429     4.522705
      -3.875051    -0.504020     4.522839
      -1.722072     3.582621     4.523819
       3.491461     1.888613     4.523449
       2.830430    -2.682803     4.522816
      -1.721879    -3.467228     4.522702
      -3.875195     0.619477     4.522958
      -0.653736     3.929776     4.524087
       4.138295     0.973777     4.507465
       2.160181    -3.580709     4.506991
      -2.783046    -3.107379     4.506931
      -3.861011     1.739798     4.507336
       0.416149     4.262571     4.508941
       5.712450     0.057109     3.876259
       1.774892    -5.360998     3.875838
      -4.595320    -3.291214     3.875809
      -4.595563     3.406294     3.875984
       2.447692     4.593499     3.903500
       5.074939    -0.855548     3.901290
       0.709811    -5.036831     3.900959
      -4.616251    -2.178104     3.900973
      -3.543218     3.770875     3.902780
       3.117348     3.695498     3.918084
       4.433357    -1.768163     3.916465
      -0.356501    -4.708799     3.916222
      -4.633886    -1.062636     3.916302
      -2.487590     4.131813     3.917509
       3.780495     2.792578     3.922183
       3.779532    -2.677974     3.921394
      -1.423937    -4.368269     3.921236
      -4.640002     0.057742     3.921423
      -1.424375     4.483888     3.922433
       4.433925     1.882711     3.916878
       3.116025    -3.580759     3.916308
      -2.487667    -4.016353     3.916215
      -4.634189     1.178058     3.916578
      -0.357279     4.824578     3.918189
       5.075208     0.969954     3.901476
       2.446093    -4.472796     3.900998
      -3.543131    -3.654986     3.900942
      -4.616911     2.293306     3.901722
       0.712277     5.157435     3.903535
       6.005601    -0.845212     3.289792
       1.007287    -5.918665     3.289430
      -5.362968    -2.733568     3.289422
      -4.302385     4.311324     3.290116
       3.393899     4.584376     3.300823
       5.362707    -1.755099     3.298899
      -0.056804    -5.588531     3.298608
      -5.377907    -1.619556     3.298658
      -3.246336     4.667959     3.300441
       4.055577     3.683611     3.304392
       4.712069    -2.663576     3.303625
      -1.121970    -5.250617     3.303415
      -5.385779    -0.502126     3.303554
      -2.187063     5.020556     3.304605
       4.713054     2.778038     3.304150
       4.053851    -3.569251     3.303546
      -2.186820    -4.904636     3.303412
      -5.385837     0.617515     3.303608
      -1.123241     5.366561     3.304604
       5.363256     1.869496     3.299219
       3.390644    -4.468599     3.298678
      -3.247179    -4.551941     3.298597
      -5.377968     1.734950     3.298656
      -0.058600     5.706292     3.300923
       6.005860     0.959458     3.289949
       2.723745    -5.361052     3.289461
      -4.302091    -4.193580     3.289405
      -5.363135     2.848620     3.289490
       6.480289     0.614769     2.341085
       6.480111    -0.500614     2.341005
       2.542545    -5.918748     2.340639
       1.481719    -6.263386     2.340638
      -4.888473    -4.193644     2.340592
      -5.544162    -3.291342     2.340587
      -5.546483     3.407324     2.339442
       3.029374     5.706556     1.392637
       0.895510     6.399863     1.392675
       6.316109     1.177208     1.393499
       6.315737    -1.062989     1.393301
       3.026698    -5.588710     1.393007
       0.896061    -6.280900     1.392996
      -4.424921    -4.552060     1.392958
      -5.741847    -2.739835     1.392907
      -5.743558     2.853335     1.392300
      -4.428637     4.669289     1.395295
       1.967943     6.070140     1.392339
       6.331638     0.057114     1.388674
       1.966231    -5.949732     1.388293
      -5.096081    -3.655157     1.388224
      -5.097795     3.771382     1.390813
       3.508806     5.367061     0.442115
       0.307966     6.407047     0.442203
       6.143557     1.738735     0.443153
       6.142882    -1.624535     0.442666
       3.507435    -5.250924     0.442472
       0.308594    -6.290119     0.442454
      -3.955027    -4.904829     0.442421
      -5.932201    -2.184055     0.442313
      -5.933147     2.298273     0.442018
      -3.956797     5.020846     0.443313
       2.452391     5.742670     0.436856
       6.173457     0.618884     0.437870
       2.451640    -5.625573     0.437445
      -4.637727    -4.016587     0.437372
      -5.299342     3.222587     0.437911
       1.383422     6.089986     0.436882
       6.173251    -0.504677     0.437732
       1.383010    -5.972742     0.437442
      -5.298235    -3.107663     0.437328
      -4.639258     4.132072     0.437647
       3.984538     5.021471    -0.509302
      -0.280156     6.407137    -0.509186
       5.962198     2.298430    -0.508787
       5.960964    -2.184387    -0.509828
       3.983740    -4.905090    -0.509925
      -0.280036    -6.290206    -0.509943
      -3.478827    -5.250895    -0.509972
      -6.114239    -1.624346    -0.510141
      -6.114818     1.738752    -0.510224
      -3.480852     5.366791    -0.508726
       2.932714     5.402888    -0.516281
       5.999471     1.180444    -0.515673
       2.932039    -5.286299    -0.516197
      -4.166522    -4.368579    -0.516267
      -5.488307     2.665647    -0.516176
       1.868007     5.762955    -0.519081
       6.012504     0.057011    -0.518437
       1.867618    -5.646132    -0.518721
      -4.837794    -3.467573    -0.518840
      -4.839128     3.582673    -0.518518
       0.794991     6.097463    -0.516223
       5.998866    -1.066409    -0.516050
       0.794935    -5.980564    -0.516200
      -5.487451    -2.550874    -0.516370
      -4.168188     4.484164    -0.515698
       4.455652     4.670445    -1.459796
      -0.867698     6.400111    -1.459668
       5.774138     2.855152    -1.459524
       5.770702    -2.740339    -1.460428
       4.453735    -4.552537    -1.460462
      -0.867530    -6.281150    -1.460469
      -2.998176    -5.588893    -1.460492
      -6.287236    -1.062882    -1.460716
      -6.287582     1.177279    -1.460721
      -3.001436     5.706564    -1.459461
       3.405240     5.050506    -1.468734
       5.810661     1.738789    -1.468372
       3.404890    -4.933420    -1.468661
      -3.684686    -4.709189    -1.468719
      -5.663213     2.102124    -1.468810
       2.345806     5.415888    -1.474611
       5.830392     0.618437    -1.474209
       2.345575    -5.299084    -1.474451
      -4.359945    -3.814838    -1.474561
      -5.021573     3.020781    -1.474484
       1.277355     5.763045    -1.474584
       5.829922    -0.504879    -1.474399
       1.276938    -5.646234    -1.474449
      -5.020469    -2.905916    -1.474619
      -4.361717     3.929974    -1.474211
       0.205491     6.090163    -1.468655
       5.809150    -1.625193    -1.468637
       0.204947    -5.972930    -1.468658
      -5.662565    -1.987487    -1.468878
      -3.687205     4.824859    -1.468339
       5.573083    -3.292007    -2.408078
       4.917372    -4.194293    -2.408095
      -1.453238    -6.263772    -2.408079
      -2.514076    -5.919104    -2.408092
      -6.451755    -0.500524    -2.408359
      -6.451923     0.614864    -2.408345
       3.873556     4.685853    -2.418753
       5.608815     2.296953    -2.418496
       3.868517    -4.568435    -2.415539
      -3.194169    -5.037292    -2.415572
      -5.823551     1.534207    -2.415768
       2.814305     5.050598    -2.424719
       5.628065     1.176862    -2.424397
       2.814209    -4.933515    -2.424430
      -3.867334    -4.147515    -2.424514
      -5.185546     2.449387    -2.424627
       1.750973     5.403062    -2.428045
       5.634288     0.056610    -2.427688
       1.750762    -5.286497    -2.427550
      -4.531820    -3.245327    -2.427701
      -4.533259     3.360131    -2.427714
       0.683549     5.742922    -2.424675
       5.626761    -1.063558    -2.424522
       0.682883    -5.625861    -2.424416
      -5.184716    -2.334722    -2.424630
      -3.869778     4.262851    -2.424368
      -0.387784     6.070452    -2.418662
       5.605057    -2.178933    -2.415583
      -0.384719    -5.950078    -2.415522
      -5.823105    -1.419691    -2.415778
      -3.195822     5.157748    -2.418447
       5.129291     3.773258    -1.459385
       5.124917    -3.655661    -1.455757
      -1.937704    -5.949949    -1.455792
      -6.303094     0.057198    -1.456034
      -1.940062     6.070270    -1.459271
       4.668031     4.132733    -0.503989
       5.326987    -3.107997    -0.504884
      -1.354440    -5.972803    -0.504972
      -6.144522    -0.504527    -0.505168
      -2.424444     5.742517    -0.503723
       5.328499     3.223350    -0.503825
       4.666464    -4.016889    -0.504923
      -2.423049    -5.625602    -0.504980
      -6.144692     0.618956    -0.505185
      -1.355544     6.089944    -0.503855
       4.196404     4.484461     0.449062
       5.516085    -2.551048     0.448821
      -0.766347    -5.980453     0.448665
      -5.970002    -1.066122     0.448536
      -2.904750     5.402335     0.449563
       4.867646     3.582998     0.452004
       4.866425    -3.467703     0.451268
      -1.838988    -5.645997     0.451167
      -5.983525     0.057219     0.451049
      -1.840098     5.762557     0.452166
       5.517096     2.665723     0.449457
       4.195144    -4.368655     0.448714
      -2.903364    -5.286113     0.448653
      -5.970361     1.180486     0.448479
      -0.767132     6.097231     0.449196
       3.715269     4.824880     1.401468
       5.691060    -1.987547     1.401371
      -0.176367    -5.972650     1.401140
      -5.780212    -1.624718     1.401079
      -3.377196     5.049225     1.401972
       4.389965     3.930029     1.407349
       5.048969    -2.905910     1.407063
      -1.248299    -5.645928     1.406904
      -5.800873    -0.504441     1.406898
      -2.317937     5.414945     1.407824
       5.050025     3.020773     1.407549
       4.388453    -3.814760     1.406996
      -2.316872    -5.298736     1.406900
      -5.801084     0.618836     1.406932
      -1.249477     5.762460     1.407523
       5.691757     2.102047     1.401742
       3.713202    -4.709049     1.401181
      -3.376125    -4.933010     1.401124
      -5.780880     1.738795     1.401051
      -0.177641     6.089769     1.401571
       3.223792     5.157538     2.351494
       5.851456    -1.419705     2.348340
       0.413258    -5.949649     2.348037
      -5.576073    -2.178270     2.348021
      -3.842917     4.683278     2.349719
       3.897872     4.262688     2.357374
       5.213076    -2.334648     2.357122
      -0.654271    -5.625391     2.356898
      -5.597704    -1.062887     2.356961
      -2.786492     5.048678     2.358007
       4.561487     3.359989     2.360668
       4.560201    -3.245153     2.360158
      -1.722066    -5.285984     2.360011
      -5.605091     0.057321     2.360197
      -1.723130     5.402058     2.360906
       5.213874     2.449246     2.357517
       3.895743    -4.147254     2.356978
      -2.785430    -4.932951     2.356890
      -5.598353     1.177388     2.357195
      -0.655645     5.742265     2.357508
       5.851919     1.534077     2.348579
       3.222608    -5.036972     2.348073
      -3.839669    -4.567821     2.348017
      -5.577715     2.292595     2.348239
       0.415660     6.069966     2.351537
       4.331002    -4.194377    -3.356914
      -2.695368    -5.361522    -3.356914
      -5.977659     0.959613    -3.357176
       5.409645     1.733461    -3.367893
       3.276031    -4.552699    -3.366127
      -3.362297    -4.469018    -3.366172
      -5.335083     1.869688    -3.366392
       0.086616     5.706949    -3.368103
       5.415437     0.615808    -3.371483
       2.215572    -4.905347    -3.370948
      -4.025548    -3.569565    -3.371061
      -4.684926     2.778282    -3.371280
       1.151277     5.367382    -3.371857
       5.415033    -0.503263    -3.371227
       1.150608    -5.251281    -3.370935
      -4.683817    -2.663759    -3.371123
      -4.027514     3.683922    -3.371474
       2.215124     5.021717    -3.371876
       5.407028    -1.620463    -3.366263
       0.085344    -5.589148    -3.366095
      -5.334493    -1.755165    -3.366342
      -3.365911     4.584756    -3.367850
       3.276047     4.670641    -3.368159
       5.392006    -2.734412    -3.356974
      -0.978807    -5.919229    -3.356881
      -5.977392    -0.845200    -3.357156
       1.558062     1.178929    -6.310228
       1.558199    -1.064548    -6.309774
      -0.575574    -1.757672    -6.309705
      -1.894488     0.057275    -6.309830
      -0.575796     1.872254    -6.310195
       1.566369     0.057197    -6.325760
       0.493852    -1.418900    -6.325528
      -1.241658    -0.855004    -6.325561
      -1.241807     0.969619    -6.325762
       0.493677     1.533429    -6.325987
       2.330095     1.739838    -5.728883
       2.330329    -1.625469    -5.728038
      -0.870438    -2.665220    -5.727939
      -2.848863     0.057298    -5.728135
      -0.870719     2.779821    -5.728832
       2.348568     0.619142    -5.753785
       1.270050    -1.989114    -5.753269
      -1.544060    -1.769305    -5.753273
      -2.204980     0.974773    -5.753563
       0.200922     2.451076    -5.754012
       2.348642    -0.504746    -5.753524
       0.201117    -2.336335    -5.753240
      -2.204785    -0.860102    -5.753335
      -1.544359     1.884001    -5.753766
       1.269881     2.103756    -5.754033
       3.099866     2.299067    -5.140933
       3.100327    -2.184869    -5.139349
      -1.164482    -3.570243    -5.139246
      -3.800616     0.057293    -5.139492
      -1.164795     3.684707    -5.140869
       3.122890     1.180917    -5.171283
       2.043796    -2.551811    -5.170346
      -1.840089    -2.678921    -5.170316
      -3.161765     0.975262    -5.170643
      -0.094169     3.361176    -5.171481
       3.131430     0.057099    -5.181718
       0.977491    -2.907045    -5.181176
      -2.507616    -1.774703    -5.181245
      -2.508064     1.889429    -5.181733
       0.977321     3.022013    -5.182256
       3.123002    -1.066713    -5.170560
      -0.094018    -3.246236    -5.170284
      -3.161507    -0.860567    -5.170452
      -1.840628     2.793622    -5.171245
       2.043534     2.666608    -5.171521
       3.865885     2.855546    -4.547495
       3.865214    -2.740584    -4.544027
      -1.456588    -4.469296    -4.543937
      -4.746067     0.057257    -4.544211
      -1.457446     4.585165    -4.547427
       3.890219     1.739136    -4.576242
       2.812070    -3.108402    -4.574621
      -2.131989    -3.581465    -4.574583
      -4.110515     0.973964    -4.574893
      -0.388077     4.263486    -4.576389
       3.904365     0.618631    -4.591320
       1.750747    -3.468311    -4.590412
      -2.802422    -2.683426    -4.590455
      -3.463713     1.889012    -4.590864
       0.681978     3.930825    -4.591759
       3.904340    -0.504934    -4.590808
       0.681892    -3.815501    -4.590384
      -3.463102    -1.774303    -4.590524
      -2.803355     2.798043    -4.591310
       1.750421     3.583671    -4.591779
       3.889817    -1.625395    -4.574764
      -0.388339    -4.147987    -4.574551
      -4.110216    -0.859319    -4.574774
      -2.133322     3.696258    -4.576192
       2.811656     3.223847    -4.576443
       4.624338    -3.292121    -3.943391
      -1.746518    -5.361642    -3.943318
      -5.684402     0.057204    -3.943608
       4.649627     2.297162    -3.970696
       3.572092    -3.655874    -3.968561
      -2.417768    -4.473389    -3.968539
      -5.047181     0.970106    -3.968815
      -0.684236     5.158138    -3.970784
       4.663538     1.177003    -3.985318
       2.516534    -4.017235    -3.983859
      -3.087790    -3.581269    -3.983895
      -4.405929     1.882966    -3.984180
       0.385416     4.825432    -3.985613
       4.669281     0.056649    -3.989423
       1.452646    -4.369124    -3.988878
      -3.751396    -2.678322    -3.988998
      -3.752505     2.792967    -3.989448
       1.452633     4.484942    -3.990061
       4.663085    -1.063616    -3.984083
       0.385048    -4.709602    -3.983821
      -4.405295    -1.768324    -3.984022
      -3.089362     3.696012    -3.985289
       2.516169     4.133113    -3.985651
       4.645362    -2.179037    -3.968646
      -0.681375    -5.037546    -3.968505
      -5.046890    -0.855556    -3.968761
      -2.419714     4.594081    -3.970641
       3.577103     3.773561    -3.970848