
      -0.047891    -0.035601     0.957035
       0.223790    -0.872006     0.413455
      -0.759631    -0.552705     0.413486
      -0.759403     0.481229     0.413420
       0.223990     0.800878     0.413497
       0.831668    -0.035520     0.413498
      -0.319866    -0.872214    -0.466072
      -0.927578    -0.035757    -0.466152
      -0.319636     0.800740    -0.466052
       0.663697     0.481389    -0.466037
       0.663551    -0.552510    -0.466051
      -0.047968    -0.035683    -1.009686
       0.236277     0.838365     1.460520
       0.871113    -0.035409     1.460521
       0.236093    -0.909375     1.460537
      -0.791328    -0.575734     1.460563
      -0.791150     0.504494     1.460513
       1.155121     0.838437     0.892662
       1.154981    -0.909282     0.892642
      -0.507471    -1.449634     0.892686
      -1.534745    -0.035723     0.892651
      -0.507108     1.378368     0.892626
       0.979648     1.378459    -0.026172
      -0.047654     1.712181    -0.026231
       1.614487     0.504673    -0.026178
       1.614423    -0.575475    -0.026238
       0.979446    -1.449432    -0.026237
      -0.048014    -1.783463    -0.026240
      -1.075507    -1.449818    -0.026238
      -1.710420    -0.575887    -0.026298
      -1.710213     0.504373    -0.026337
      -1.075057     1.378333    -0.026274
       1.438943    -0.035467    -0.945101
       0.411466    -1.449632    -0.945161
      -1.250981    -0.909727    -0.945243
      -1.250712     0.838202    -0.945262
       0.411710     1.378423    -0.945078
       0.695559     0.504527    -1.513051
       0.695494    -0.575665    -1.513147
      -0.331961    -0.909655    -1.513078
      -0.966881    -0.035723    -1.513260
      -0.331754     0.838254    -1.513115
      -0.047686    -0.035447     2.002286
       0.513066     1.690032     0.880991
       1.766632    -0.035348     0.880987
       0.512874    -1.760949     0.881001
      -1.516038    -1.102260     0.881196
      -1.515510     1.030865     0.880951
       1.420142     1.030989    -0.933313
       1.420047    -1.101832    -0.933392
      -0.608690    -1.761555    -0.933486
      -1.862583    -0.035625    -0.933687
      -0.608297     1.689971    -0.933378
      -0.047785    -0.035592    -2.055016
       0.240240     0.850072     2.512816
       0.883469    -0.035253     2.512817
       0.240130    -0.920735     2.512840
      -0.800830    -0.582635     2.512839
      -0.800710     0.511850     2.512821
       0.525645     1.728373     1.942017
       1.806982    -0.035229     1.942013
       0.525511    -1.799096     1.942098
      -1.548494    -1.125842     1.942309
      -1.547894     1.054684     1.942061
       1.178695     0.855568     1.957910
       1.178608    -0.926169     1.957939
      -0.516262    -1.477039     1.958053
      -1.563525    -0.035613     1.958027
      -0.515870     1.406066     1.957927
       1.456585     1.728421     1.366662
       2.094626    -0.920642     1.366651
      -0.227819    -2.346419     1.366743
      -2.301664    -0.578697     1.366953
      -1.260141     1.940089     1.366675
       2.094703     0.850131     1.366658
       1.456512    -1.799036     1.366700
      -1.260872    -2.011222     1.366983
      -2.301221     0.507360     1.366694
      -0.227551     2.275537     1.366649
       1.278804     2.275580     0.435721
       0.237959     2.613746     0.435668
       2.560141     0.511971     0.435707
       2.560119    -0.582428     0.435653
       1.278704    -2.346297     0.435704
       0.237709    -2.684666     0.435686
      -1.836312    -2.011345     0.435991
      -2.479571    -1.125921     0.435948
      -2.479015     1.054600     0.435591
      -1.835552     1.940094     0.435655
       1.740558     1.940117    -0.487807
      -0.332826     2.613797    -0.487884
       2.383780     1.054791    -0.487819
       2.383779    -1.125299    -0.487906
       1.740471    -2.010769    -0.487882
      -0.333293    -2.685223    -0.488126
      -1.374262    -2.347109    -0.488113
      -2.656063    -0.582726    -0.488253
      -2.655944     0.511709    -0.488297
      -1.373750     2.275585    -0.487903
       0.710356     2.296967    -0.494451
       2.404811    -0.035265    -0.494480
       0.710061    -2.368020    -0.494599
      -2.032353    -1.477393    -0.494627
      -2.031892     1.405975    -0.494702
       1.936506     1.406149     0.442297
       1.936442    -1.476757     0.442250
      -0.805908    -2.368208     0.442270
      -2.500556    -0.035696     0.442187
      -0.805326     2.296940     0.442240
       2.205956     0.507535    -1.418844
       1.164999    -2.010911    -1.418936
      -1.552050    -1.799919    -1.419124
      -2.190418     0.849910    -1.419290
       0.132629     2.275632    -1.418846
       2.205979    -0.578137    -1.418890
       0.132203    -2.347020    -1.419076
      -2.190588    -0.920955    -1.419269
      -1.551663     1.728303    -1.419000
       1.165147     1.940128    -1.418806
       0.705540     0.511763    -2.565450
       0.705539    -0.582645    -2.565615
      -0.335399    -0.921027    -2.565271
      -0.978668    -0.035536    -2.565672
      -0.335222     0.849903    -2.565498
       1.452746     1.054684    -1.994270
       1.452745    -1.125415    -1.994419
      -0.620993    -1.799919    -1.994381
      -1.902803    -0.035495    -1.994738
      -0.620584     1.728336    -1.994365
       1.468015    -0.035390    -2.010396
       0.420569    -1.477206    -2.010434
      -1.274296    -0.926695    -2.010553
      -1.274059     0.855340    -2.010593
       0.420789     1.406052    -2.010342
      -0.047391    -0.035229     3.054720
       0.804118     2.585307     1.351707
       2.708029    -0.035190     1.351696
       0.804109    -2.655917     1.351799
      -2.277863    -1.655754     1.352471
      -2.276680     1.584408     1.351744
       2.181810     1.584390    -1.403743
       2.181849    -1.654858    -1.403836
      -0.899426    -2.657408    -1.404318
      -2.804374    -0.035284    -1.404594
      -0.898850     2.585391    -1.403811
      -0.047478    -0.035492    -3.107793
       0.242624     0.856821     3.573444
       0.890621    -0.035067     3.573444
       0.242627    -0.927035     3.573475
      -0.805983    -0.586376     3.573465
      -0.805933     0.516175     3.573460
       0.531956     1.747352     3.006681
       1.826980    -0.035088     3.006677
       0.531978    -1.817724     3.006794
      -1.563979    -1.137091     3.006894
      -1.563616     1.066596     3.006764
       1.190719     0.864306     3.023478
       1.190706    -0.934584     3.023536
      -0.520323    -1.490663     3.023657
      -1.577741    -0.035262     3.023637
      -0.520138     1.420177     3.023526
       0.818003     2.627695     2.422533
       2.752634    -0.035082     2.422522
       0.818119    -2.698103     2.422710
      -2.313790    -1.681856     2.423322
      -2.312483     1.610776     2.422666
       1.479910     1.754338     2.445058
       2.126542    -0.934574     2.445089
      -0.231108    -2.380772     2.445306
      -2.335359    -0.585781     2.445465
      -1.277312     1.970296     2.445135
       2.126558     0.864308     2.445055
       1.479929    -1.824696     2.445155
      -1.278019    -2.041078     2.445489
      -2.334913     0.514852     2.445267
      -0.230940     2.310200     2.445088
       1.755799     2.627717     1.842929
       3.042428    -0.927025     1.842924
       0.059308    -3.249397     1.843131
      -3.072416    -1.130693     1.843816
      -2.022664     2.502674     1.843035
       2.406157     1.747372     1.848299
       2.406179    -1.817683     1.848353
      -0.984810    -2.919657     1.848655
      -3.080330    -0.035428     1.848611
      -0.984417     2.849037     1.848346
       3.042448     0.856807     1.842919
       1.755932    -2.698084     1.843064
      -2.024035    -2.573669     1.843842
      -3.071277     1.059465     1.843076
       0.059262     3.178923     1.842934
       1.576710     3.178929     0.905130
       0.528195     3.519617     0.905094
       3.511334     0.516152     0.905108
       3.511342    -0.586319     0.905068
       1.576867    -3.249347     0.905234
       0.528273    -3.590144     0.905213
      -2.603602    -2.573747     0.906109
      -3.251559    -1.681859     0.906074
      -3.250391     1.610751     0.905125
      -2.602267     2.502723     0.905184
       2.048248     2.849001    -0.025912
      -0.047231     3.529916    -0.025974
       3.343257     1.066566    -0.025934
       3.343312    -1.136765    -0.026006
       2.048350    -2.919400    -0.025907
      -0.047398    -3.600803    -0.026106
      -2.143339    -2.920129    -0.025862
      -3.438708    -1.137073    -0.025965
      -3.438376     1.066538    -0.026245
      -2.142771     2.849181    -0.025934
       1.007064     3.209653    -0.030878
       3.364513    -0.035104    -0.030914
       1.007034    -3.280347    -0.030930
      -2.808555    -2.041330    -0.030616
      -2.807802     1.970344    -0.031018
       2.507775     2.502549    -0.956934
      -0.622608     3.519806    -0.957002
       3.155753     1.610672    -0.956952
       3.155890    -1.680860    -0.957037
       2.507900    -2.572817    -0.956995
      -0.623173    -3.591611    -0.957763
      -1.671668    -3.250987    -0.957739
      -3.607561    -0.586251    -0.957937
      -3.607511     0.516112    -0.957972
      -1.671141     3.179152    -0.956989
       1.475003     2.869720    -0.966727
       3.185801     0.514981    -0.966772
       1.474965    -2.940324    -0.966860
      -2.340302    -2.381615    -0.967144
      -2.987100     1.420122    -0.967262
       0.428673     3.209732    -0.966754
       3.185844    -0.585211    -0.966802
       0.428331    -3.280891    -0.967109
      -2.987429    -1.490821    -0.967233
      -2.339824     2.310310    -0.966921
       2.712936     1.970265    -0.020995
       2.713013    -2.040584    -0.021050
      -1.102074    -3.281028    -0.021300
      -3.460180    -0.035289    -0.021431
      -1.101584     3.209745    -0.021041
       2.245006     2.310212     0.914860
       2.891675    -1.490467     0.914829
      -0.523480    -3.280491     0.914945
      -3.281306    -0.585801     0.915190
      -1.569554     2.869767     0.914870
       2.891651     1.420184     0.914853
       2.245075    -2.380592     0.914885
      -1.570367    -2.940743     0.915256
      -3.280914     0.514811     0.914862
      -0.523188     3.209662     0.914838
       2.976659     1.059404    -1.894797
       1.928226    -2.572890    -1.894901
      -1.850767    -2.699811    -1.895477
      -3.138636     0.856751    -1.895680
      -0.153686     3.179159    -1.894804
       2.985405    -0.035134    -1.900239
       0.889713    -2.919874    -1.900403
      -2.501392    -1.818197    -1.900661
      -2.501179     1.747380    -1.900527
       0.889896     2.849148    -1.900174
       2.976802    -1.129629    -1.894856
      -0.154340    -3.250968    -1.895427
      -3.138695    -0.926936    -1.895721
      -1.850309     2.627853    -1.894907
       1.928149     2.502605    -1.894749
       0.711248     0.515906    -3.626344
       0.711424    -0.586440    -3.626750
      -0.337112    -0.927448    -3.625828
      -0.985027    -0.035268    -3.626772
      -0.336864     0.856489    -3.626376
       1.468912     1.066452    -3.058916
       1.469070    -1.136807    -3.059128
      -0.626669    -1.818440    -3.058681
      -1.921999    -0.035168    -3.059321
      -0.626333     1.747324    -3.059004
       1.482825    -0.035208    -3.076074
       0.425525    -1.490838    -3.076002
      -1.285657    -0.934963    -3.076109
      -1.285390     0.864180    -3.076243
       0.425568     1.420104    -3.075962
       2.217885     1.610624    -2.474444
       2.218076    -1.680864    -2.474593
      -0.912991    -2.699881    -2.474904
      -2.848880    -0.035049    -2.475302
      -0.912370     2.627855    -2.474537
       2.240041     0.514914    -2.497200
       1.182687    -2.040871    -2.497355
      -1.575033    -1.825688    -2.497471
      -2.221979     0.864234    -2.497632
       0.136418     2.310309    -2.497170
       2.240117    -0.585255    -2.497241
       0.136071    -2.381544    -2.497339
      -2.222155    -0.934840    -2.497713
      -1.574649     1.754348    -2.497407
       1.182699     1.970298    -2.497130
      -0.047080    -0.035000     4.116686
       1.097776     3.488672     1.826674
       3.657926    -0.035055     1.826654
       1.098036    -3.558999     1.826880
      -3.047287    -2.214767     1.828505
      -3.044738     2.143015     1.826822
       2.950369     2.142800    -1.878418
       2.950593    -2.212892    -1.878512
      -1.193011    -3.562233    -1.879914
      -3.755604    -0.034870    -1.880202
      -1.192030     3.488958    -1.878476
      -0.047259    -0.035763    -4.170824
       0.244300     0.861409     4.642293
       0.895500    -0.034887     4.642293
       0.244391    -0.931190     4.642351
      -0.809344    -0.588814     4.642372
      -0.809343     0.519141     4.642338
       0.535968     1.759244     4.077289
       1.839528    -0.034944     4.077285
       0.536155    -1.829208     4.077435
      -1.573320    -1.143874     4.077539
      -1.573252     1.074120     4.077410
       1.198602     0.870036     4.093532
       1.198670    -0.939967     4.093609
      -0.522733    -1.499358     4.093764
      -1.586758    -0.034863     4.093747
      -0.522801     1.429419     4.093601
       0.826296     2.652853     3.496506
       2.779122    -0.034967     3.496494
       0.826587    -2.722955     3.496734
      -2.334012    -1.696546     3.497115
      -2.333509     1.626514     3.496696
       1.493180     1.770027     3.521971
       2.145624    -0.942081     3.522026
      -0.232047    -2.400817     3.522312
      -2.354484    -0.590049     3.522413
      -1.287817     1.987790     3.522087
       2.145578     0.872082     3.521967
       1.493319    -1.840088     3.522105
      -1.287989    -2.057945     3.522434
      -2.354272     0.520156     3.522279
      -0.232185     2.330671     3.522025
       1.112910     3.534961     2.904694
       3.706629    -0.034966     2.904674
       1.113319    -3.605114     2.904979
      -3.086253    -2.243075     2.906427
      -3.083886     2.171806     2.904930
       1.780026     2.659606     2.930488
       3.080295    -0.940004     2.930514
       0.058876    -3.289172     2.930867
      -3.110189    -1.141757     2.931396
      -2.045254     2.535604     2.930648
       2.437322     1.770015     2.938413
       2.437429    -1.840095     2.938510
      -0.996179    -2.955977     2.938963
      -3.118391    -0.035017     2.938924
      -0.996077     2.885688     2.938504
       3.080263     0.869995     2.930478
       1.780268    -2.729738     2.930674
      -2.046226    -2.606171     2.931418
      -3.109247     1.071350     2.930819
       0.058618     3.218949     2.930523
       2.055309     3.534961     2.322239
       3.997867    -0.931284     2.322236
       0.350859    -4.159110     2.322603
      -3.848659    -1.689141     2.324062
      -2.792671     3.068041     2.322447
       2.712783     2.652837     2.330524
       3.362154    -1.829243     2.330578
      -0.699813    -3.832027     2.330977
      -3.860406    -0.587534     2.331217
      -1.750570     3.420587     2.330657
       3.362061     1.759189     2.330517
       2.713005    -2.722952     2.330666
      -1.750958    -3.490933     2.331260
      -3.859982     0.517552     2.330923
      -0.700003     3.761796     2.330586
       3.997844     0.861307     2.322220
       2.055687    -3.605108     2.322480
      -2.795031    -3.139340     2.324088
      -3.846375     1.617860     2.322542
       0.350454     4.088917     2.322257
       1.875339     4.088896     1.379838
       0.821682     4.431276     1.379819
       4.469046     0.518973     1.379806
       4.469074    -0.588911     1.379784
       1.875784    -4.159068     1.380084
       0.822128    -4.501531     1.380087
      -3.377477    -3.139414     1.381721
      -4.028691    -2.243050     1.381690
      -4.026375     2.171858     1.380004
      -3.375097     3.068128     1.380034
       2.352527     3.761718     0.444028
       0.243311     4.447127     0.443992
       4.305330     1.073910     0.443995
       4.305416    -1.143871     0.443950
       2.352910    -3.831871     0.444164
       0.243641    -4.517560     0.444142
      -2.917138    -3.491212     0.444537
      -4.220970    -1.696520     0.444455
      -4.220342     1.626626     0.444025
      -2.916472     3.420804     0.444137
       1.304258     4.123946     0.439265
       4.325897    -0.034984     0.439222
       1.304639    -4.194292     0.439412
      -3.586236    -2.606344     0.440074
      -3.585057     2.535812     0.439337
       2.822377     3.420407    -0.495599
      -0.337394     4.447257    -0.495644
       4.125905     1.626242    -0.495629
       4.126085    -1.696193    -0.495691
       2.822727    -3.490469    -0.495576
      -0.337329    -4.518139    -0.495866
      -2.446972    -3.832890    -0.495796
      -4.400585    -1.143774    -0.495943
      -4.400381     1.074268    -0.496025
      -2.446597     3.762145    -0.495571
       1.780168     3.792713    -0.502678
       4.157923     0.519995    -0.502730
       1.780500    -3.863026    -0.502664
      -3.123605    -2.956529    -0.502728
      -3.775717     1.988045    -0.502899
       0.724547     4.135758    -0.502697
       4.157978    -0.589967    -0.502752
       0.724763    -4.206391    -0.502787
      -3.776271    -2.058123    -0.502790
      -3.122956     2.886029    -0.502711
       3.281049     3.067738    -1.431380
      -0.915689     4.431632    -1.431433
       3.932222     2.171463    -1.431401
       3.932517    -2.241357    -1.431481
       3.281405    -3.137665    -1.431444
      -0.916444    -4.504445    -1.432918
      -1.970146    -4.162129    -1.432903
      -4.566319    -0.588554    -1.433121
      -4.566276     0.519288    -1.433130
      -1.969320     4.089362    -1.431411
       2.245177     3.440456    -1.442414
       3.966581     1.071111    -1.442470
       2.245496    -3.510585    -1.442512
      -2.644624    -3.290635    -1.443169
      -3.945704     1.429614    -1.443225
       1.196660     3.792828    -1.446830
       3.977699    -0.034981    -1.446898
       1.196834    -3.863338    -1.447024
      -3.304017    -2.401312    -1.447331
      -3.303587     2.331024    -1.447100
       0.141333     4.124174    -1.442448
       3.966732    -1.141053    -1.442509
       0.141116    -4.195527    -1.443064
      -3.945953    -1.499324    -1.443322
      -2.644082     3.219377    -1.442514
       3.490748     2.535388    -0.490876
       3.491004    -2.605415    -0.490921
      -1.398693    -4.195656    -0.491449
      -4.421667    -0.034751    -0.491611
      -1.398359     4.124214    -0.490890
       3.028612     2.885583     0.451064
       3.681157    -2.057692     0.451027
      -0.818707    -4.206560     0.451121
      -4.253094    -0.589991     0.451184
      -1.874313     3.792919     0.451103
       3.681003     1.987643     0.451053
       3.028861    -2.955702     0.451098
      -1.874667    -3.863704     0.451288
      -4.252856     0.520201     0.451006
      -0.818690     4.135795     0.451054
       2.549851     3.218914     1.390829
       3.850160    -1.499333     1.390811
      -0.235219    -4.194416     1.391121
      -4.061963    -1.141741     1.391732
      -2.339302     3.440637     1.390948
       3.208912     2.330609     1.395213
       3.209072    -2.400713     1.395262
      -1.290996    -3.863375     1.395663
      -4.072456    -0.035002     1.395590
      -1.290806     3.792802     1.395268
       3.850081     1.429307     1.390813
       2.550141    -3.289072     1.390965
      -2.340342    -3.511386     1.391790
      -4.061036     1.071376     1.391039
      -0.235437     4.123978     1.390834
       3.752290     1.617522    -2.373815
       2.698955    -3.137707    -2.373949
      -2.150150    -3.608196    -2.375320
      -4.095090     0.861613    -2.375461
      -0.444444     4.089336    -2.373823
       3.765778     0.517365    -2.382158
       1.656733    -3.490683    -2.382324
      -2.807377    -2.723767    -2.382760
      -3.457015     1.759601    -2.382640
       0.605934     3.762066    -2.382104
       3.765885    -0.587282    -2.382181
       0.605929    -3.832688    -2.382517
      -3.457161    -1.829318    -2.382877
      -2.807083     2.653288    -2.382334
       1.656480     3.420632    -2.382079
       3.752580    -1.687397    -2.373882
      -0.445311    -4.162103    -2.375232
      -4.095113    -0.930932    -2.375584
      -2.149341     3.535423    -2.373906
       2.698615     3.067835    -2.373765
       0.714718     0.518611    -4.695615
       0.715671    -0.588875    -4.696910
      -0.338396    -0.932493    -4.694582
      -0.989295    -0.034867    -4.696954
      -0.337550     0.860585    -4.695652
       1.479014     1.073902    -4.129482
       1.479540    -1.143697    -4.129840
      -0.630055    -1.830063    -4.128890
      -1.933647    -0.034673    -4.130037
      -0.629622     1.759207    -4.129572
       1.492603    -0.034894    -4.146278
       0.429093    -1.499565    -4.146142
      -1.292883    -0.940113    -4.146270
      -1.292438     0.870141    -4.146451
       0.428860     1.429424    -4.146065
       2.239357     1.626285    -3.548287
       2.239791    -1.696081    -3.548491
      -0.920509    -2.724062    -3.548417
      -2.874019    -0.034648    -3.548985
      -0.920139     2.653139    -3.548396
       2.260055     0.520030    -3.574035
       1.194014    -2.057839    -3.574277
      -1.587688    -1.840683    -3.574238
      -2.240081     0.872416    -3.574409
       0.138204     2.330891    -3.573957
       2.260232    -0.589874    -3.574050
       0.138226    -2.401367    -3.574059
      -2.240306    -0.942128    -3.574621
      -1.587267     1.770309    -3.574271
       1.193719     1.987842    -3.573916
       2.989802     2.171487    -2.956298
       2.990215    -2.241295    -2.956444
      -1.207731    -3.608287    -2.957634
      -3.803882    -0.034597    -2.957978
      -1.206799     3.535391    -2.956385
       3.015059     1.071121    -2.982239
       1.951454    -2.605507    -2.982481
      -1.874651    -2.731272    -2.982922
      -3.175850     0.870321    -2.983037
      -0.152632     3.219302    -2.982224
       3.024054    -0.034956    -2.990227
       0.902095    -2.956207    -2.990513
      -2.532169    -1.840529    -2.990899
      -2.531895     1.770391    -2.990598
       0.901983     2.885890    -2.990138
       3.015306    -1.141012    -2.982290
      -0.152977    -3.290589    -2.982760
      -3.175965    -0.939877    -2.983257
      -1.874150     2.660006    -2.982433
       1.951137     2.535564    -2.982164
      -0.046811    -0.034802     5.188467
       1.394113     4.400363     2.306014
       4.616572    -0.034947     2.305984
       1.394636    -4.470488     2.306340
      -3.825960    -2.780496     2.310187
      -3.819968     2.706761     2.306279
       3.726010     2.706352    -2.357505
       3.726415    -2.776134    -2.357610
      -1.490164    -4.477885    -2.361252
      -4.718259    -0.034507    -2.361518
      -1.487975     4.400868    -2.357562
      -0.047641    -0.037751    -5.245971
       0.245692     0.865234     5.720532
       0.899564    -0.034740     5.720532
       0.245818    -0.934672     5.720622
      -0.812186    -0.590875     5.720695
      -0.812219     0.521579     5.720611
       0.538913     1.767900     5.155142
       1.848667    -0.034813     5.155138
       0.539175    -1.837498     5.155324
      -1.580101    -1.148796     5.155540
      -1.580208     1.079558     5.155301
       1.204173     0.874087     5.170120
       1.204293    -0.943709     5.170209
      -0.524429    -1.505412     5.170426
      -1.593045    -0.034601     5.170410
      -0.524626     1.435927     5.170201
       0.831953     2.669921     4.575943
       2.797101    -0.034858     4.575932
       0.832347    -2.739696     4.576212
      -2.347447    -1.706303     4.576762
      -2.347657     1.637168     4.576177
       1.502334     1.780923     4.602165
       2.158869    -0.947168     4.602235
      -0.232583    -2.414558     4.602589
      -2.367487    -0.592960     4.602730
      -1.295046     1.999867     4.602310
       2.158768     0.877425     4.602161
       1.502568    -1.850688     4.602326
      -1.294778    -2.069406     4.602748
      -2.367512     0.523895     4.602559
      -0.232933     2.344844     4.602234
       1.123068     3.565945     3.986532
       3.739235    -0.034879     3.986512
       1.123591    -3.635859     3.986870
      -3.110007    -2.260331     3.988233
      -3.109961     2.191079     3.986824
       1.795000     2.681752     4.016705
       3.106030    -0.947196     4.016748
       0.060215    -3.315565     4.017190
      -3.134119    -1.149735     4.017749
      -2.061427     2.556717     4.016905
       2.457367     1.784580     4.026316
       2.457559    -1.854426     4.026440
      -1.003072    -2.979106     4.027013
      -3.142525    -0.034424     4.026977
      -1.003490     2.909264     4.026434
       3.105951     0.877394     4.016695
       1.795348    -2.751636     4.016930
      -2.061208    -2.626458     4.017771
      -3.133943     1.080782     4.017145
       0.059728     3.245649     4.016757
       1.410484     4.450530     3.390360
       4.669345    -0.034880     3.390331
       1.411121    -4.520512     3.390749
      -3.866986    -2.810303     3.394906
      -3.862464     2.737902     3.390693
       2.080647     3.571908     3.416778
       4.040877    -0.943803     3.416796
       0.352436    -4.203709     3.417276
      -3.889655    -1.702494     3.418808
      -2.819777     3.103585     3.417028
       2.744963     2.681730     3.429553
       3.399642    -1.850735     3.429636
      -0.708316    -3.874111     3.430217
      -3.902892    -0.591158     3.430558
      -1.767896     3.460135     3.429718
       3.399483     1.780866     3.429547
       2.745263    -2.751647     3.429728
      -1.767529    -3.530213     3.430599
      -3.902642     0.522472     3.430165
      -0.708861     3.804091     3.429642
       4.040813     0.873988     3.416761
       2.081115    -3.641863     3.417061
      -2.820393    -3.174197     3.418832
      -3.888317     1.633146     3.417219
       0.351837     4.133688     3.416815
       2.356726     4.450514     2.805528
       4.961787    -0.934844     2.805522
       0.645619    -5.076809     2.806034
      -4.633458    -2.253399     2.809459
      -3.570054     3.637778     2.805824
       3.018468     3.565902     2.815043
       4.325043    -1.837611     2.815092
      -0.409760    -4.750223     2.815635
      -4.644482    -1.145437     2.816188
      -2.524267     3.993613     2.815263
       3.675818     2.669835     2.818197
       3.676093    -2.739738     2.818333
      -1.468268    -4.411873     2.818933
      -4.648925    -0.034098     2.818876
      -1.468929     4.341723     2.818339
       4.324902     1.767762     2.815029
       3.018905    -3.635852     2.815278
      -2.523856    -4.064218     2.816234
      -4.643614     1.077142     2.815570
      -0.410417     4.680142     2.815112
       4.961732     0.865053     2.805500
       2.357321    -4.520495     2.805864
      -3.574197    -3.711349     2.809489
      -4.628082     2.181774     2.805964
       0.644932     5.006758     2.805553
       2.176021     5.006719     1.859285
       1.118072     5.350507     1.859281
       5.434867     0.521318     1.859243
       5.434907    -0.591082     1.859236
       2.176696    -5.076731     1.859644
       1.118803    -5.420620     1.859699
      -4.159759    -3.711424     1.862141
      -4.814460    -2.810269     1.862108
      -4.808816     2.738025     1.859614
      -4.154870     3.637883     1.859590
       2.656505     4.680040     0.919640
       0.537334     5.368701     0.919630
       5.272644     1.079234     0.919596
       5.272744    -1.149016     0.919578
       2.657124    -4.750026     0.919890
       0.538070    -5.438929     0.920057
      -3.696276    -4.064423     0.919742
      -5.006911    -2.260384     0.919668
      -5.005648     2.191363     0.919950
      -3.695688     3.993852     0.919862
       1.602830     5.042572     0.914839
       5.291829    -0.034894     0.914787
       1.603532    -5.112709     0.915169
      -4.368049    -3.174355     0.915305
      -4.366173     3.103882     0.915099
       3.132736     4.341518    -0.025682
      -0.046896     5.374838    -0.025696
       5.097843     1.636768    -0.025725
       5.098036    -1.706545    -0.025754
       3.133310    -4.411426    -0.025566
      -0.046134    -5.445246    -0.025196
      -3.226888    -4.412262    -0.025459
      -5.192625    -1.706477    -0.025583
      -5.192148     1.637700    -0.025330
      -3.226510     4.342117    -0.025562
       2.083954     4.716312    -0.031701
       5.130197     0.523504    -0.031761
       2.084635    -4.786409    -0.031513
      -3.907992    -3.530566    -0.031707
      -4.563777     2.557242    -0.031524
       1.021828     5.061475    -0.031710
       5.130256    -0.593296    -0.031773
       1.022580    -5.131758    -0.031432
      -4.564612    -2.626728    -0.031757
      -3.907172     3.460621    -0.031552
       3.601913     3.993282    -0.970995
      -0.631100     5.368982    -0.971017
       4.911621     2.190605    -0.971032
       4.911932    -2.260344    -0.971080
       3.602460    -4.063077    -0.971003
      -0.630381    -5.440115    -0.970535
      -2.751085    -4.751305    -0.970645
      -5.368000    -1.149191    -0.970817
      -5.367777     1.080471    -0.970699
      -2.750234     4.680676    -0.970968
       2.557606     4.372260    -0.978896
       4.949332     1.080300    -0.978960
       2.558255    -4.442226    -0.978880
      -3.434329    -3.874791    -0.979053
      -4.745078     2.000736    -0.978917
       1.500850     4.728730    -0.982231
       4.961801    -0.034888    -0.982306
       1.501618    -4.798937    -0.982159
      -4.099938    -2.979578    -0.982480
      -4.099224     2.910008    -0.982210
       0.436444     5.061612    -0.978915
       4.949484    -1.150065    -0.978986
       0.437277    -5.132246    -0.978801
      -4.745566    -2.069860    -0.979166
      -3.433484     3.804725    -0.978877
       4.061138     3.637321    -1.910616
      -1.211762     5.351019    -1.910656
       4.714978     2.737374    -1.910639
       4.715411    -2.807035    -1.910720
       4.061673    -3.707000    -1.910708
      -1.212855    -5.427251    -1.913000
      -2.272169    -5.083131    -1.913007
      -5.535568    -0.591181    -1.913223
      -5.535509     0.522557    -1.913204
      -2.269679     5.007388    -1.910653
       3.021323     4.012191    -1.921839
       4.750160     1.632608    -1.921900
       3.021926    -4.081973    -1.921971
      -2.949064    -4.205549    -1.922684
      -4.909883     1.437239    -1.922643
       1.970519     4.372396    -1.928846
       4.768015     0.521923    -1.928929
       1.971233    -4.442347    -1.928990
      -3.615833    -3.316211    -1.929362
      -4.269953     2.345898    -1.929107
       0.911483     4.716583    -1.928860
       4.768110    -0.591644    -1.928947
       0.912338    -4.786999    -1.929040
      -4.270451    -2.415114    -1.929434
      -3.614990     3.246482    -1.928983
      -0.150282     5.042965    -1.921874
       4.750436    -1.702306    -1.921949
      -0.149597    -5.114869    -1.922495
      -4.910141    -1.506127    -1.922861
      -2.947589     4.134400    -1.921926
       4.272250     3.103189    -0.966229
       4.272668    -3.172972    -0.966271
      -1.696994    -5.115023    -0.966230
      -5.388193    -0.034348    -0.966405
      -1.696594     5.043018    -0.966220
       3.813220     3.459875    -0.019699
       4.469936    -2.626224    -0.019728
      -1.115364    -5.132445    -0.019241
      -5.225242    -0.592897    -0.019420
      -2.177762     4.716696    -0.019634
       4.469640     2.556388    -0.019714
       3.813643    -3.529757    -0.019663
      -2.177855    -4.787402    -0.019284
      -5.225069     0.524175    -0.019380
      -1.115653     5.061665    -0.019682
       3.339580     3.803947     0.927509
       4.650706    -2.069447     0.927489
      -0.529727    -5.131948     0.928001
      -5.044301    -1.149726     0.927920
      -2.651417     4.372599     0.927650
       4.005086     2.909065     0.930821
       4.005390    -2.978971     0.930874
      -1.594411    -4.799398     0.931353
      -5.056401    -0.034320     0.931249
      -1.594688     4.728843     0.930899
       4.650516     1.999600     0.927487
       3.340035    -3.873900     0.927648
      -2.651513    -4.443201     0.928015
      -5.043663     1.080989     0.927893
      -0.530269     5.061524     0.927529
       2.853788     4.133623     1.870487
       4.814057    -1.505539     1.870475
       0.057167    -5.112842     1.870987
      -4.846132    -1.702485     1.871596
      -3.115094     4.012516     1.870708
       3.520992     3.245546     1.877477
       4.175718    -2.414575     1.877530
      -1.004773    -4.786763     1.878055
      -4.862663    -0.591129     1.878090
      -2.064320     4.372466     1.877621
       4.175509     2.344685     1.877468
       3.521342    -3.315491     1.877618
      -2.064101    -4.443039     1.878161
      -4.862210     0.522546     1.877975
      -1.005286     4.716420     1.877551
       4.813945     1.435709     1.870461
       2.854303    -4.203609     1.870730
      -3.115972    -4.083881     1.871653
      -4.844167     1.633255     1.870901
       0.056517     5.042616     1.870510
       4.534341     2.181210    -2.856887
       3.476930    -3.707038    -2.857059
      -2.453138    -4.526234    -2.860465
      -5.061826     0.866694    -2.860531
      -0.738587     5.007343    -2.856901
       4.549833     1.076549    -2.866442
       2.431204    -4.063179    -2.866666
      -3.113360    -3.636393    -2.867425
      -4.419441     1.769430    -2.867248
       0.316712     4.680576    -2.866402
       4.555055    -0.034809    -2.869630
       1.376070    -4.411689    -2.869924
      -3.770259    -2.740049    -2.870383
      -3.769762     2.671018    -2.869922
       1.375212     4.341928    -2.869534
       4.550057    -1.146163    -2.866490
       0.317840    -4.751014    -2.867145
      -4.419664    -1.838280    -2.867585
      -3.112274     3.566807    -2.866602
       2.430560     3.993542    -2.866360
       4.534755    -2.250808    -2.856972
      -0.739233    -5.083073    -2.860341
      -5.061853    -0.935384    -2.860700
      -2.450418     4.451278    -2.856990
       3.476364     3.637439    -2.856840
       0.715366     0.521209    -5.774022
       0.721281    -0.589562    -5.779224
      -0.340924    -0.941086    -5.772958
      -0.993797    -0.032217    -5.779302
      -0.336159     0.862970    -5.774068
       1.486179     1.079612    -5.207033
       1.488007    -1.148550    -5.207782
      -0.633018    -1.840071    -5.206214
      -1.942695    -0.033706    -5.208110
      -0.631648     1.767931    -5.207137
       1.500137    -0.033784    -5.222888
       0.432370    -1.505843    -5.222994
      -1.298607    -0.943387    -5.223180
      -1.297356     0.875383    -5.223093
       0.431507     1.436856    -5.222523
       2.254006     1.637105    -4.627505
       2.254866    -1.706315    -4.627806
      -0.925609    -2.740626    -4.627750
      -2.890961    -0.034134    -4.628493
      -0.925251     2.670427    -4.627633
       2.274199     0.523987    -4.654033
       1.202279    -2.069491    -4.654514
      -1.596422    -1.850914    -4.654392
      -2.252561     0.878431    -4.654425
       0.139557     2.345513    -4.653894
       2.274546    -0.592834    -4.653980
       0.139912    -2.415033    -4.654160
      -2.252913    -0.946852    -4.654958
      -1.595857     1.781797    -4.654313
       1.201611     2.000321    -4.653848
       3.016291     2.190812    -4.037985
       3.016924    -2.260215    -4.038193
      -1.216685    -3.636601    -4.039291
      -3.833456    -0.034261    -4.039682
      -1.216559     3.566583    -4.038103
       3.040358     1.080534    -4.068285
       1.968422    -2.626228    -4.068704
      -1.889116    -2.752092    -4.069170
      -3.200106     0.878363    -4.069177
      -0.153283     3.246250    -4.068251
       3.049114    -0.034635    -4.077930
       0.910464    -2.979201    -4.078438
      -2.551580    -1.854502    -4.078934
      -2.551233     1.785543    -4.078403
       0.909911     2.909712    -4.077821
       3.040739    -1.149872    -4.068330
      -0.152924    -3.316105    -4.068944
      -3.200271    -0.947046    -4.069588
      -1.888651     2.682554    -4.068547
       1.967816     2.556837    -4.068178
       3.768775     2.737468    -3.441738
       3.769349    -2.806978    -3.441895
      -1.505714    -4.526326    -3.445874
      -4.769079    -0.034275    -3.446154
      -1.504049     4.451215    -3.441830
       3.794611     1.632706    -3.468233
       2.726680    -3.172987    -3.468514
      -2.175308    -3.643382    -3.470029
      -4.136254     0.875191    -3.470054
      -0.445476     4.134282    -3.468239
       3.808973     0.522031    -3.481050
       1.674834    -3.529913    -3.481463
      -2.839346    -2.752022    -3.482150
      -3.493680     1.781970    -3.481796
       0.615183     3.804538    -3.480981
       3.809112    -0.591550    -3.481077
       0.615822    -3.874421    -3.481741
      -3.493961    -1.850922    -3.482285
      -2.838830     2.682669    -3.481387
       1.674211     3.460329    -3.480951
       3.795005    -1.702236    -3.468316
      -0.445176    -4.205426    -3.469846
      -4.136363    -0.943926    -3.470327
      -2.174342     3.572698    -3.468414
       2.726091     3.103460    -3.468166
      -0.046609    -0.034651     6.273159
       1.693990     5.323030     2.791116
       5.586750    -0.034864     2.791076
       1.694722    -5.393024     2.791549
      -4.628784    -3.363766     2.806570
      -4.604631     3.277235     2.791480
       4.510971     3.276671    -2.842413
       4.511520    -3.346226    -2.842538
      -1.796687    -5.421798    -2.857453
      -5.710683    -0.034333    -2.857721
      -1.787562     5.323725    -2.842478
      -0.054036    -0.057841    -6.348274
       0.246638     0.867792     6.819270
       0.902288    -0.034625     6.819268
       0.246763    -0.937013     6.819373
      -0.814072    -0.592240     6.819504
      -0.814160     0.523207     6.819362
       0.542234     1.777772     6.248391
       1.859080    -0.034700     6.248386
       0.542485    -1.847101     6.248595
      -1.588156    -1.154643     6.248903
      -1.588324     1.085678     6.248574
       1.209729     0.878128     6.260349
       1.209865    -0.947502     6.260438
      -0.526325    -1.511578     6.260703
      -1.599501    -0.034492     6.260689
      -0.526515     1.442403     6.260432
       0.837392     2.686353     5.668626
       2.814407    -0.034759     5.668615
       0.837779    -2.755838     5.668919
      -2.360950    -1.716107     5.669614
      -2.361337     1.647325     5.668886
       1.510178     1.790855     5.693370
       2.170769    -0.951335     5.693446
      -0.232878    -2.426814     5.693843
      -2.379144    -0.596217     5.694023
      -1.301815     2.010354     5.693530
       2.170634     0.881820     5.693366
       1.510448    -1.860362     5.693545
      -1.301482    -2.079477     5.694041
      -2.379266     0.527407     5.693813
      -0.233223     2.357452     5.693445
       1.131659     3.592131     5.079927
       3.766793    -0.034797     5.079908
       1.132191    -3.661785     5.080298
      -3.131229    -2.275743     5.081750
      -3.131969     2.207273     5.080254
       1.806958     2.700786     5.110854
       3.127866    -0.952498     5.110905
       0.061931    -3.337657     5.111397
      -3.154173    -1.157730     5.112011
      -2.075592     2.573951     5.111080
       2.474004     1.796670     5.121696
       2.474260    -1.866296     5.121836
      -1.009096    -2.998227     5.122494
      -3.162580    -0.034239     5.122459
      -1.009622     2.928818     5.121830
       3.127746     0.882888     5.110844
       1.807360    -2.770428     5.111104
      -2.075013    -2.643051     5.112033
      -3.154432     1.089245     5.111354
       0.061431     3.268057     5.110914
       1.423882     4.491564     4.484614
       4.712511    -0.034817     4.484586
       1.424556    -4.561353     4.485048
      -3.897455    -2.832435     4.488414
      -3.897164     2.763302     4.484993
       2.099122     3.603678     4.515185
       4.076836    -0.951404     4.515212
       0.356373    -4.240042     4.515756
      -3.921826    -1.716038     4.517126
      -2.844080     3.130975     4.515468
       2.769308     2.705637     4.530958
       3.429964    -1.866324     4.531055
      -0.713613    -3.907496     4.531740
      -3.935979    -0.595627     4.532177
      -1.782905     3.490689     4.531143
       3.429743     1.796634     4.530953
       2.769682    -2.775358     4.531154
      -1.782005    -3.560290     4.532218
      -3.936039     0.527753     4.531688
      -0.714319     3.837748     4.531061
       4.076737     0.881743     4.515168
       2.099655    -3.673434     4.515500
      -2.843217    -3.200600     4.517150
      -3.921665     1.648121     4.515700
       0.355718     4.170237     4.515230
       1.713873     5.384074     3.884041
       5.650952    -0.034818     3.884004
       1.714658    -5.453933     3.884524
      -4.656411     3.315020     3.884458
       2.385021     4.495792     3.909179
       5.013622    -0.947645     3.909185
       0.649546    -5.129929     3.909760
      -4.681373    -2.274150     3.911722
      -3.604219     3.678690     3.909506
       3.054892     3.603648     3.924450
       4.372245    -1.860450     3.924513
      -0.416739    -4.802032     3.925166
      -4.695345    -1.154008     3.926309
      -2.548744     4.039926     3.924688
       3.718322     2.700716     3.929465
       3.718655    -2.770464     3.929616
      -1.484033    -4.461676     3.930467
      -4.701171    -0.033701     3.930410
      -1.485002     4.391696     3.929619
       4.372056     1.790740     3.924437
       3.055389    -3.673437     3.924705
      -2.547718    -4.109935     3.926355
      -4.695055     1.086518     3.925101
      -0.417554     4.732090     3.924531
       5.013539     0.877971     3.909153
       2.385674    -4.565622     3.909546
      -3.608725    -3.750501     3.911751
      -4.677402     2.201928     3.909690
       0.648774     5.060009     3.909214
       2.662685     5.384043     3.297622
       5.944199    -0.937211     3.297610
       0.947121    -6.011795     3.298224
      -4.363210     4.217347     3.297982
       3.329521     4.491502     3.306805
       5.301495    -1.847257     3.306844
      -0.116968    -5.681814     3.307499
      -5.441542    -1.710540     3.309038
      -3.308278     4.575601     3.307097
       3.992652     3.592022     3.311611
       4.651088    -2.755923     3.311729
      -1.181992    -5.344130     3.312431
      -5.447426    -0.592863     3.312607
      -2.247902     4.928161     3.311826
       4.650781     2.686191     3.311604
       3.993120    -3.661799     3.311826
      -2.246441    -4.998611     3.312669
      -5.447099     0.526245     3.312360
      -1.183037     5.273997     3.311747
       5.301323     1.777566     3.306783
       3.330143    -4.561328     3.307119
      -3.307605    -4.647628     3.309091
      -5.439141     1.643479     3.307420
      -0.117856     5.611782     3.306875
       5.944122     0.867561     3.297585
       2.663432    -5.453920     3.298032
      -5.424149     2.757447     3.298140
       0.946256     5.941817     3.297652
       2.481485     5.941767     2.348815
       1.420673     6.286494     2.348822
       6.418548     0.522887     2.348763
       6.418596    -0.592526     2.348764
       2.482331    -6.011676     2.349230
       1.421584    -6.356526     2.349360
      -5.605370     3.315193     2.349261
      -4.949625     4.217465     2.349172
       2.965598     5.611668     1.401170
       0.834994     6.304050     1.401182
       6.254194     1.085309     1.401115
       6.254299    -1.154959     1.401118
       2.966384    -5.681551     1.401488
       0.835946    -6.374203     1.401770
      -4.487476    -4.647780     1.400884
      -5.806239    -2.832571     1.400798
      -5.803117     2.763675     1.401658
      -4.486069     4.575825     1.401454
       1.905147     5.972800     1.396473
       6.269953    -0.034828     1.396410
       1.906020    -6.042836     1.396909
      -5.161267    -3.750639     1.400520
      -5.157318     3.678987     1.396833
       3.446294     5.273783     0.450614
       0.247527     6.313321     0.450630
       6.081379     1.646888     0.450558
       6.081571    -1.716534     0.450560
       3.447018    -5.343599     0.450793
       0.248591    -6.383626     0.451414
      -4.016419    -4.998891     0.450366
      -5.994544    -2.276077     0.450246
      -5.993545     2.207974     0.451286
      -4.016129     4.928522     0.450792
       2.390522     5.648581     0.445616
       6.111577     0.526978     0.445546
       2.391371    -5.718578     0.445907
      -4.700090    -4.110245     0.445049
      -5.359522     3.131535     0.446006
       1.321909     5.995852     0.445618
       6.111635    -0.596638     0.445544
       1.322875    -6.066007     0.446095
      -5.360708    -3.200913     0.445000
      -4.698944     4.040396     0.445866
       3.922555     4.927823    -0.501805
      -0.341078     6.313469    -0.501794
       5.899513     2.206752    -0.501858
       5.899816    -2.276374    -0.501868
       3.923236    -4.997543    -0.501766
      -0.339745    -6.384096    -0.500542
      -3.540707    -5.344596    -0.501060
      -6.176277    -1.716827    -0.501214
      -6.175764     1.648583    -0.500687
      -3.539847     5.274515    -0.501734
       2.870887     5.309210    -0.508041
       5.937240     1.088708    -0.508116
       2.871709    -5.379098    -0.507952
      -4.228482    -4.462115    -0.508101
      -5.548804     2.574963    -0.507569
       1.806491     5.669180    -0.510553
       5.950676    -0.034824    -0.510638
       1.807507    -5.739266    -0.510287
      -4.899902    -3.560778    -0.510981
      -4.899017     3.491499    -0.510332
       0.733842     6.003719    -0.508042
       5.937385    -1.158348    -0.508124
       0.735043    -6.074067    -0.507467
      -5.549566    -2.643647    -0.508199
      -4.227649     4.392343    -0.507950
       4.392509     4.575139    -1.452356
      -0.928514     6.304469    -1.452363
       5.709302     2.762705    -1.452398
       5.709723    -2.832276    -1.452440
       4.393166    -4.644758    -1.452419
      -0.927324    -6.377266    -1.451295
      -3.061255    -5.684214    -1.451561
      -6.351084    -1.155903    -1.451739
      -6.350813     1.087667    -1.451458
      -3.059108     5.612443    -1.452363
       3.343705     4.956205    -1.460519
       5.747603     1.647481    -1.460594
       3.344500    -5.025937    -1.460614
      -3.747296    -4.802658    -1.460574
      -5.724198     2.012286    -1.460306
       2.284427     5.322036    -1.466291
       5.768189     0.527003    -1.466384
       2.285460    -5.391919    -1.466338
      -4.422137    -3.907976    -1.466540
      -5.081642     2.930262    -1.466135
       1.215831     5.669326    -1.466297
       5.768277    -0.596608    -1.466393
       1.217290    -5.739537    -1.466087
      -5.082419    -2.999088    -1.466597
      -4.420990     3.838757    -1.466326
       0.143893     5.996136    -1.460532
       5.747863    -1.717072    -1.460618
       0.145687    -6.067019    -1.460189
      -5.724702    -2.080772    -1.460717
      -3.745676     4.732886    -1.460571
       4.856110     4.216777    -2.399989
      -1.514135     6.287128    -2.400032
       5.511728     3.314382    -2.400014
       5.512260    -3.383876    -2.400109
       4.856750    -4.286305    -2.400100
      -2.574942     5.942574    -2.400032
       3.807301     4.591085    -2.407409
       5.543593     2.201239    -2.407473
       3.808052    -4.660664    -2.407618
      -3.255735    -5.135381    -2.410606
      -5.888940     1.442105    -2.410472
       2.753045     4.956342    -2.416273
       5.565179     1.085712    -2.416366
       2.753995    -5.025983    -2.416539
      -3.929906    -4.240667    -2.416669
      -5.246143     2.359584    -2.416360
       1.689656     5.309494    -2.419395
       5.572447    -0.034761    -2.419502
       1.691005    -5.379323    -2.419656
      -4.593654    -3.338282    -2.420086
      -4.592709     3.269530    -2.419639
       0.621842     5.649002    -2.416295
       5.565384    -1.155231    -2.416399
       0.623684    -5.719633    -2.416298
      -5.246688    -2.428120    -2.416782
      -3.928198     4.171316    -2.416477
      -0.445692     5.973336    -2.407444
       5.543982    -2.270748    -2.407531
      -0.447519    -6.047504    -2.410335
      -5.889225    -1.510445    -2.410777
      -3.255039     5.060891    -2.407548
       5.063615     3.678154    -1.447689
       5.064153    -3.747754    -1.447741
      -1.999793    -6.047674    -1.451120
      -6.368754    -0.034121    -1.451300
      -1.998667     5.973391    -1.447673
       4.605208     4.039516    -0.496841
       5.266068    -3.200158    -0.496864
      -1.415241    -6.067219    -0.495561
      -6.206902    -0.596086    -0.495881
      -2.484081     5.649118    -0.496773
       5.265645     3.130496    -0.496859
       4.605761    -4.109210    -0.496824
      -2.484246    -5.720053    -0.495722
      -6.206739     0.527836    -0.495717
      -1.415481     5.996196    -0.496800
       4.133938     4.391419     0.456822
       5.455006    -2.643230     0.456811
      -0.826634    -6.074273     0.457734
      -6.032098    -1.157884     0.457208
      -2.964461     5.309697     0.456961
       4.805143     3.490341     0.459316
       4.805578    -3.560072     0.459374
      -1.899735    -5.740025     0.460286
      -6.045316    -0.034032     0.460154
      -1.900079     5.669447     0.459418
       5.454703     2.573539     0.456793
       4.134524    -4.461194     0.456937
      -2.964532    -5.380156     0.457339
      -6.031594     1.089803     0.457600
      -0.827431     6.003776     0.456868
       3.652044     4.731927     1.409315
       5.629840    -2.079703     1.409307
      -0.236580    -6.066189     1.410027
      -5.842941    -1.716125     1.409649
      -3.437262     4.956664     1.409537
       4.327227     3.837525     1.415077
       4.987977    -2.998265     1.415136
      -1.308674    -5.739730     1.415841
      -5.862840    -0.595592     1.415538
      -2.377996     5.322247     1.415237
       4.987655     2.928526     1.415065
       4.327702    -3.907309     1.415218
      -2.377427    -5.392903     1.415641
      -5.862426     0.528000     1.415732
      -1.309410     5.669299     1.415174
       5.629638     2.010007     1.409282
       3.652682    -4.801761     1.409542
      -3.436995    -5.027704     1.409746
      -5.841606     1.648478     1.409914
      -0.237460     5.995904     1.409358
       3.161495     5.059925     2.356224
       5.790130    -1.511796     2.356216
       0.353073    -6.042981     2.356862
      -5.640840    -2.274170     2.359688
      -3.900812     4.591539     2.356524
       3.834567     4.170109     2.365087
       5.151957    -2.426931     2.365138
      -0.714495    -5.718927     2.365810
      -5.660231    -1.154005     2.365586
      -2.846559     4.956537     2.365314
       4.498946     3.267871     2.368196
       4.499321    -3.337640     2.368336
      -1.782289    -5.379852     2.368961
      -5.666552    -0.033626     2.368878
      -1.783181     5.309422     2.368353
       5.151725     2.357206     2.365069
       3.835109    -4.239927     2.365318
      -2.845898    -5.027616     2.365660
      -5.659060     1.086665     2.365719
      -0.715369     5.648696     2.365171
       5.790001     1.442113     2.356189
       3.162195    -5.129790     2.356554
      -3.905261    -4.663012     2.359758
      -5.637353     2.202103     2.356767
       0.352184     5.972849     2.356261
       5.330612     2.756730    -3.348842
       4.270497    -4.286328    -3.349040
      -1.039674     5.942526    -3.348859
       5.345562     1.642681    -3.358056
       3.215722    -4.644839    -3.358331
      -3.425799    -4.562347    -3.360102
      -5.396531     1.780949    -3.359896
       0.024423     5.612345    -3.358024
       5.353449     0.525174    -3.362893
       2.155704    -4.997689    -3.363261
      -4.087482    -3.661826    -3.363912
      -4.744286     2.688538    -3.363459
       1.089612     5.274338    -3.362807
       5.353561    -0.594544    -3.362919
       1.091567    -5.343907    -3.363453
      -4.744936    -2.756872    -3.363976
      -4.086196     3.593615    -3.363196
       2.154489     4.928230    -3.362787
       5.345889    -1.712062    -3.358124
       0.026861    -5.683822    -3.359798
      -5.396861    -1.849259    -3.360268
      -3.423050     4.492700    -3.358243
       3.214862     4.575395    -3.357975
       5.331120    -2.826125    -3.348937
      -2.756133     5.385040    -3.348963
       4.269765     4.216901    -3.348798
       0.721949     0.521858    -6.869209
      -0.340870     0.867300    -6.869277
       1.495239     1.086944    -6.298825
       1.497398    -1.154047    -6.302720
      -0.636071    -1.849978    -6.302315
      -1.953078    -0.032708    -6.303186
      -0.634386     1.779094    -6.298942
       1.508101    -0.034103    -6.314155
       0.432598    -1.506997    -6.317552
      -1.299059    -0.944222    -6.317803
      -1.303673     0.879728    -6.314371
       0.434445     1.445378    -6.312958
       2.268334     1.647825    -5.719720
       2.269511    -1.716346    -5.720434
      -0.930841    -2.757218    -5.720800
      -2.908155    -0.033714    -5.721294
      -0.930265     2.687403    -5.719861
       2.287106     0.528175    -5.745022
       1.209407    -2.079508    -5.746160
      -1.603799    -1.859951    -5.745924
      -2.264820     0.883810    -5.745229
       0.140533     2.359218    -5.744751
       2.288060    -0.595826    -5.744713
       0.140904    -2.426876    -5.745656
      -2.264058    -0.950775    -5.746693
      -1.603524     1.792651    -5.745326
       1.209210     2.011878    -5.744702
       3.038801     2.207315    -5.131191
       3.039601    -2.276260    -5.131510
      -1.224778    -3.661969    -5.132782
      -3.859989    -0.033973    -5.133118
      -1.224822     3.593069    -5.131334
       3.061569     1.089440    -5.162243
       1.983240    -2.643199    -5.162917
      -1.900512    -2.770398    -5.163447
      -3.221419     0.884163    -5.163217
      -0.154571     3.269139    -5.162181
       3.070231    -0.034099    -5.173066
       0.917223    -2.998370    -5.173904
      -2.567788    -1.866072    -5.174484
      -2.567572     1.798281    -5.173623
       0.916624     2.929800    -5.172951
       3.062106    -1.158047    -5.162269
      -0.154132    -3.337767    -5.163190
      -3.221390    -0.952052    -5.163906
      -1.900299     2.702139    -5.162547
       1.982623     2.574496    -5.162097
       3.803842     2.763018    -4.535881
       3.804529    -2.832205    -4.536104
      -1.517305    -4.562434    -4.539340
      -4.806957    -0.034060    -4.539622
      -1.517185     4.492456    -4.536011
       3.828400     1.647867    -4.566513
       2.751560    -3.200169    -4.566938
      -2.193266    -3.673427    -4.568356
      -4.170442     0.883438    -4.568271
      -0.449034     4.171072    -4.566529
       3.842978     0.527419    -4.582319
       1.690500    -3.560169    -4.582953
      -2.863297    -2.775228    -4.583831
      -3.523225     1.798212    -4.583282
       0.621046     3.838451    -4.582243
       3.843129    -0.596314    -4.582362
       0.622022    -3.907405    -4.583330
      -3.523553    -1.866410    -4.583969
      -2.862822     2.707060    -4.582762
       1.689694     3.491107    -4.582207
       3.828885    -1.716923    -4.566629
      -0.447975    -4.240368    -4.568137
      -4.170570    -0.951623    -4.568652
      -2.192529     3.604826    -4.566757
       2.750848     3.131024    -4.566434
       4.563016     3.314526    -3.935263
       4.563659    -3.383845    -3.935447
      -1.807237     5.384936    -3.935379
       4.583955     2.201404    -3.960462
       3.511577    -3.747789    -3.960739
      -2.479614    -4.571381    -3.962762
      -5.112902     0.878266    -3.962753
      -0.742168     5.060763    -3.960490
       4.601646     1.085896    -3.975768
       2.456261    -4.109310    -3.976175
      -3.149334    -3.673455    -3.977630
      -4.465754     1.792644    -3.977307
       0.324158     4.732698    -3.975727
       4.607775    -0.034605    -3.980826
       1.392793    -4.461379    -3.981450
      -3.812527    -2.770704    -3.982152
      -3.811889     2.702351    -3.981383
       1.391633     4.392062    -3.980711
       4.601899    -1.155127    -3.975838
       0.325556    -4.802166    -3.977255
      -4.466105    -1.860979    -3.977790
      -3.148424     3.604947    -3.976050
       2.455394     4.039990    -3.975675
       4.584444    -2.270689    -3.960579
      -0.744028    -5.135165    -3.962592
      -5.113038    -0.946527    -3.962995
      -2.478477     4.496843    -3.960632
       3.510850     3.678447    -3.960408