
       0.017950    -0.013041     0.972147
       0.289826    -0.849504     0.428541
      -0.693529    -0.529963     0.428624
      -0.693612     0.503939     0.428673
       0.289712     0.823354     0.428623
       0.897488    -0.013129     0.428541
      -0.253681    -0.849506    -0.450876
      -0.861486    -0.013044    -0.450816
      -0.253809     0.823352    -0.450817
       0.729536     0.503777    -0.450877
       0.729730    -0.530180    -0.450995
       0.018075    -0.013133    -0.994386
       0.301798     0.860870     1.475637
       0.936756    -0.013029     1.475574
       0.301867    -0.886880     1.475574
      -0.725473    -0.553050     1.475638
      -0.725479     0.527092     1.475653
       1.220681     0.860799     0.907724
       1.220826    -0.886981     0.907619
      -0.441455    -1.426938     0.907725
      -1.468829    -0.012987     0.907782
      -0.441543     1.400953     0.907781
       1.045204     1.400866    -0.011099
       0.017870     1.734716    -0.011049
       1.680228     0.526908    -0.011185
       1.680382    -0.553319    -0.011276
       1.045506    -1.427153    -0.011276
       0.018102    -1.760816    -0.011183
      -1.009315    -1.426940    -0.011097
      -1.644291    -0.553054    -0.011047
      -1.644309     0.527088    -0.011053
      -1.009411     1.400951    -0.011054
       1.504909    -0.013263    -0.930080
       0.477657    -1.427155    -0.930079
      -1.184789    -0.886886    -0.929897
      -1.184879     0.860864    -0.929870
       0.477357     1.400864    -0.929898
       0.761430     0.526904    -1.497839
       0.761583    -0.553323    -1.497932
      -0.265821    -0.886987    -1.497838
      -0.900857    -0.013037    -1.497760
      -0.265983     0.860793    -1.497761
       0.017861    -0.012975     2.017383
       0.578505     1.712503     0.896095
       1.832277    -0.013078     0.896014
       0.578645    -1.738556     0.896015
      -1.449918    -1.079384     0.896097
      -1.449958     1.053455     0.896116
       1.485785     1.053322    -0.918264
       1.486255    -1.079827    -0.918549
      -0.542635    -1.738561    -0.918262
      -1.796411    -0.012983    -0.918184
      -0.542777     1.712499    -0.918185
       0.018008    -0.013085    -2.039548
       0.305470     0.872481     2.527913
       0.948798    -0.012941     2.527878
       0.305505    -0.898359     2.527878
      -0.735381    -0.560129     2.527914
      -0.735373     0.534281     2.527918
       0.590867     1.750841     1.957118
       1.872414    -0.012966     1.957091
       0.590942    -1.776762     1.957092
      -1.482558    -1.102987     1.957120
      -1.482548     1.077134     1.957117
       1.244038     0.877940     1.973024
       1.244111    -0.903897     1.972972
      -0.450539    -1.454447     1.973026
      -1.497875    -0.012933     1.973039
      -0.450569     1.428562     1.973038
       1.521873     1.750794     1.381729
       2.160193    -0.898454     1.381658
      -0.162214    -2.323965     1.381730
      -2.235724    -0.555793     1.381748
      -1.194860     1.962542     1.381742
       2.160095     0.872423     1.381728
       1.522020    -1.776825     1.381658
      -1.194816    -1.988412     1.381732
      -2.235720     0.529920     1.381743
      -0.162287     2.298051     1.381746
       1.344072     2.298010     0.450744
       0.303186     2.636238     0.450781
       2.625679     0.534158     0.450687
       2.625758    -0.560332     0.450620
       1.344314    -2.324091     0.450621
       0.303368    -2.662232     0.450689
      -1.770194    -1.988414     0.450747
      -2.413521    -1.102991     0.450784
      -2.413519     1.077130     0.450767
      -1.770232     1.962540     0.450767
       1.805908     1.962504    -0.472840
      -0.267606     2.636236    -0.472784
       2.449294     1.077019    -0.472889
       2.449766    -1.103526    -0.473262
       1.806536    -1.988856    -0.473262
      -0.267430    -2.662234    -0.472886
      -1.308394    -2.323969    -0.472837
      -2.589904    -0.560136    -0.472781
      -2.589906     0.534273    -0.472794
      -1.308452     2.298046    -0.472796
       0.775672     2.319427    -0.479396
       2.470619    -0.013284    -0.479649
       0.776099    -2.345593    -0.479647
      -1.966209    -1.454453    -0.479393
      -1.966240     1.428555    -0.479382
       2.001948     1.428476     0.457298
       2.002264    -1.454728     0.457061
      -0.739922    -2.345389     0.457301
      -2.434612    -0.012937     0.457360
      -0.740034     2.319451     0.457358
       2.271579     0.529726    -1.403908
       1.231216    -1.988858    -1.404154
      -1.486189    -1.776771    -1.403792
      -2.124420     0.872471    -1.403749
       0.197931     2.298005    -1.403761
       2.271983    -0.556364    -1.404155
       0.198159    -2.324096    -1.403906
      -2.124369    -0.898369    -1.403759
      -1.486254     1.750832    -1.403750
       1.230549     1.962502    -1.403795
       0.771143     0.534150    -2.550030
       0.771240    -0.560340    -2.550068
      -0.269712    -0.898464    -2.550029
      -0.913095    -0.012977    -2.549979
      -0.269823     0.872413    -2.549980
       1.518328     1.077015    -1.979230
       1.518878    -1.103530    -1.979477
      -0.555112    -1.776834    -1.979228
      -1.836679    -0.012952    -1.979140
      -0.555250     1.750785    -1.979141
       1.533914    -0.013288    -1.995277
       0.486643    -1.454734    -1.995276
      -1.208286    -0.903908    -1.995109
      -1.208369     0.877929    -1.995073
       0.486284     1.428469    -1.995110
       0.017777    -0.012914     3.069803
       0.869290     2.607763     1.366778
       2.773441    -0.012952     1.366790
       0.869362    -2.633694     1.366791
      -2.211502    -1.632588     1.366781
      -2.211505     1.606752     1.366775
       2.247171     1.606749    -1.388826
       2.248278    -1.633469    -1.389502
      -0.833693    -2.633702    -1.388823
      -2.737759    -0.012925    -1.388770
      -0.833725     2.607756    -1.388772
       0.017840    -0.012964    -3.091888
       0.307525     0.879077     3.588515
       0.955591    -0.012873     3.588507
       0.307540    -0.904839     3.588507
      -0.741018    -0.564121     3.588517
      -0.741007     0.538375     3.588512
       0.596917     1.769721     3.021769
       1.892110    -0.012875     3.021786
       0.596943    -1.795521     3.021787
      -1.498644    -1.114574     3.021771
      -1.498619     1.088812     3.021757
       1.255779     0.886605     3.038615
       1.255814    -0.912399     3.038605
      -0.455151    -1.468290     3.038617
      -1.512557    -0.012885     3.038604
      -0.455151     1.442511     3.038602
       0.882978     2.650132     2.437610
       2.817853    -0.012857     2.437690
       0.882996    -2.675962     2.437692
      -2.247567    -1.658698     2.437613
      -2.247535     1.632930     2.437590
       1.544994     1.776715     2.460185
       2.191784    -0.912408     2.460206
      -0.165924    -2.358434     2.460206
      -2.269732    -0.563008     2.460171
      -1.212313     1.992622     2.460162
       2.191731     0.886604     2.460204
       1.545053    -1.802557     2.460207
      -1.212323    -2.018411     2.460188
      -2.269720     0.537224     2.460163
      -0.165934     2.332625     2.460169
       1.820850     2.650110     1.857989
       3.107699    -0.904847     1.858076
       0.124260    -3.227219     1.858068
      -3.006292    -1.107459     1.857984
      -1.957722     2.524877     1.857965
       2.471307     1.769702     1.863392
       2.471383    -1.795561     1.863428
      -0.919407    -2.897220     1.863396
      -3.014985    -0.012898     1.863354
      -0.919417     2.871407     1.863352
       3.107666     0.879092     1.858065
       1.820896    -2.675980     1.858078
      -1.957727    -2.550660     1.857993
      -3.006270     1.081673     1.857966
       0.124259     3.201379     1.857981
       1.641735     3.201373     0.920119
       0.593171     3.542073     0.920140
       3.576640     0.538401     0.920194
       3.576659    -0.564166     0.920171
       1.641806    -3.227266     0.920173
       0.593197    -3.567961     0.920196
      -2.537359    -2.550663     0.920123
      -3.185410    -1.658702     0.920144
      -3.185382     1.632926     0.920113
      -2.537344     2.524875     0.920113
       2.113335     2.871433    -0.010995
       0.017723     3.552305    -0.010963
       3.408585     1.088838    -0.010975
       3.408814    -1.114880    -0.011210
       2.113698    -2.897456    -0.011208
       0.017768    -3.578226    -0.010972
      -2.077836    -2.897224    -0.010991
      -3.372965    -1.114582    -0.010959
      -3.372947     1.088804    -0.010983
      -2.077815     2.871402    -0.010985
       1.072109     3.232114    -0.015902
       3.430030    -0.013033    -0.016016
       1.072336    -3.258124    -0.016013
      -2.742621    -2.018417    -0.015899
      -2.742603     1.992615    -0.015911
       2.572890     2.524974    -0.942093
      -0.557728     3.542068    -0.942063
       3.220980     1.633017    -0.942089
       3.222028    -1.659662    -0.942933
       2.574095    -2.551465    -0.942932
      -0.557751    -3.567965    -0.942085
      -1.606324    -3.227226    -0.942089
      -3.541055    -0.564132    -0.942060
      -3.541049     0.538363    -0.942072
      -1.606262     3.201372    -0.942074
       1.540097     2.892139    -0.951835
       3.251284     0.537094    -0.951954
       1.540789    -2.918329    -0.952248
      -2.274670    -2.358443    -0.951831
      -2.921358     1.442501    -0.951823
       0.493682     3.232112    -0.951821
       3.251625    -0.563562    -0.952250
       0.493897    -3.258126    -0.951951
      -2.921364    -1.468301    -0.951818
      -2.274652     2.332616    -0.951823
       2.778193     1.992642    -0.006072
       2.778760    -2.018885    -0.006520
      -1.036603    -3.257980    -0.006069
      -3.394245    -0.012893    -0.006047
      -1.036621     3.232102    -0.006050
       2.310185     2.332608     0.929864
       2.957126    -1.468477     0.929793
      -0.458152    -3.257978     0.929890
      -3.215502    -0.563012     0.929876
      -1.504570     2.892103     0.929864
       2.956943     1.442502     0.929887
       2.310410    -2.358606     0.929794
      -1.504553    -2.917932     0.929868
      -3.215491     0.537220     0.929865
      -0.458191     3.232105     0.929874
       3.041884     1.081713    -1.879981
       1.994568    -2.551468    -1.880631
      -1.785436    -2.675973    -1.879943
      -3.072130     0.879063    -1.879908
      -0.088773     3.201366    -1.879914
       3.050855    -0.013192    -1.885523
       0.955314    -2.897460    -1.885521
      -2.435795    -1.795534    -1.885310
      -2.435799     1.769708    -1.885292
       0.954948     2.871429    -1.885313
       3.042945    -1.108499    -1.880632
      -0.088775    -3.227273    -1.879978
      -3.072112    -0.904853    -1.879911
      -1.785383     2.650121    -1.879909
       1.993267     2.524972    -1.879947
       0.776490     0.538389    -3.610566
       0.776521    -0.564178    -3.610569
      -0.272092    -0.904861    -3.610565
      -0.920139    -0.012872    -3.610537
      -0.272100     0.879078    -3.610537
       1.534192     1.088830    -3.043820
       1.534509    -1.114887    -3.043912
      -0.561448    -1.795574    -3.043818
      -1.856577    -0.012891    -3.043746
      -0.561458     1.769690    -3.043747
       1.548294    -0.013041    -3.060743
       0.490851    -1.468487    -3.060742
      -1.220265    -0.912422    -3.060630
      -1.220291     0.886590    -3.060589
       0.490679     1.442492    -3.060632
       2.283103     1.633013    -2.459614
       2.284333    -1.659665    -2.460161
      -0.847569    -2.675991    -2.459611
      -2.782294    -0.012888    -2.459547
      -0.847523     2.650099    -2.459549
       2.305481     0.537091    -2.482302
       1.248546    -2.018892    -2.482470
      -1.509492    -1.802569    -2.482175
      -2.156210     0.886591    -2.482125
       0.201456     2.332600    -2.482148
       2.305901    -0.563566    -2.482471
       0.201630    -2.358615    -2.482300
      -2.156182    -0.912413    -2.482145
      -1.509507     1.776702    -2.482126
       1.247883     1.992636    -2.482178
       0.017706    -0.012861     4.131735
       1.162718     3.511111     1.841711
       3.723122    -0.012802     1.841862
       1.162688    -3.536941     1.841864
      -2.979962    -2.190805     1.841715
      -2.979933     2.165047     1.841685
       3.015442     2.165226    -1.863642
       3.017889    -2.192624    -1.865144
      -1.127428    -3.536950    -1.863638
      -3.687610    -0.012876    -1.863620
      -1.127293     3.511102    -1.863623
       0.017637    -0.012817    -4.153767
       0.308893     0.883506     4.657335
       0.960132    -0.012821     4.657347
       0.308895    -0.909173     4.657347
      -0.744807    -0.566790     4.657336
      -0.744796     0.541129     4.657326
       0.600666     1.781468     4.092358
       1.904334    -0.012814     4.092407
       0.600663    -1.807166     4.092408
      -1.508657    -1.121769     4.092360
      -1.508631     1.096086     4.092339
       1.263375     0.892226     4.108670
       1.263385    -0.917899     4.108689
      -0.458149    -1.477250     4.108672
      -1.522084    -0.012844     4.108641
      -0.458134     1.451560     4.108640
       0.891057     2.675194     3.511577
       2.844076    -0.012789     3.511698
       0.891036    -2.700921     3.511700
      -2.268905    -1.674125     3.511580
      -2.268864     1.648427     3.511548
       1.558032     1.792332     3.537121
       2.210522    -0.919976     3.537192
      -0.167463    -2.378670     3.537156
      -2.289530    -0.567856     3.537091
      -1.223114     2.009927     3.537079
       2.210503     0.894321     3.537154
       1.558043    -1.818038     3.537193
      -1.223146    -2.035636     3.537124
      -2.289516     0.542150     3.537080
      -0.167441     2.352953     3.537089
       1.177689     3.557374     2.919743
       3.771666    -0.012739     2.919953
       1.177630    -3.583127     2.919955
      -3.019334    -2.219338     2.919748
      -3.019281     2.193636     2.919705
       1.844907     2.681992     2.945606
       3.145311    -0.917860     2.945770
       0.123355    -3.267070     2.945702
      -3.044549    -1.118984     2.945579
      -1.980569     2.557673     2.945555
       2.502289     1.792344     2.953581
       2.502309    -1.818030     2.953699
      -0.931366    -2.933681     2.953584
      -3.053419    -0.012860     2.953508
      -0.931328     2.907950     2.953506
       3.145288     0.892268     2.945699
       1.844896    -2.707729     2.945771
      -1.980613    -2.583391     2.945609
      -3.044520     1.093269     2.945556
       0.123399     3.241326     2.945575
       2.120163     3.557373     2.337285
       4.062907    -0.909074     2.337556
       0.415149    -4.137105     2.337470
      -3.781787    -1.665385     2.337266
      -2.728044     3.089968     2.337231
       2.777730     2.675210     2.345617
       3.427092    -1.807126     2.345851
      -0.635297    -3.809873     2.345682
      -3.795199    -0.565210     2.345552
      -1.685859     3.442725     2.345538
       3.427086     1.781524     2.345678
       2.777713    -2.700921     2.345852
      -1.685905    -3.468463     2.345621
      -3.795184     0.539485     2.345540
      -0.635236     3.784110     2.345549
       4.062909     0.883612     2.337466
       2.120093    -3.583131     2.337558
      -2.728092    -3.115684     2.337290
      -3.781746     1.639670     2.337232
       0.415237     4.111328     2.337262
       1.940167     4.111346     1.394804
       0.886456     4.453702     1.394810
       4.534165     0.541302     1.395041
       4.534174    -0.566679     1.395062
       1.940086    -4.137139     1.395064
       0.886330    -4.479516     1.395044
      -3.310574    -3.115686     1.394809
      -3.961790    -2.219342     1.394815
      -3.961738     2.193632     1.394770
      -3.310515     3.089966     1.394770
       2.417407     3.784175     0.458921
       0.308059     4.469486     0.458929
       4.370475     1.096298     0.459085
       4.370553    -1.121746     0.459094
       2.417423    -3.810002     0.459096
       0.307915    -4.495343     0.459089
      -2.851941    -3.468467     0.458926
      -4.155536    -1.674132     0.458933
      -4.155496     1.648419     0.458898
      -2.851862     3.442720     0.458897
       1.369094     4.146402     0.454188
       4.391153    -0.012708     0.454338
       1.369031    -4.172306     0.454341
      -3.520386    -2.583398     0.454193
      -3.520330     2.557667     0.454158
       2.887284     3.442874    -0.480795
      -0.272718     4.469483    -0.480793
       4.190993     1.648691    -0.480707
       4.191444    -1.674435    -0.480958
       2.887712    -3.468869    -0.480957
      -0.272906    -4.495345    -0.480703
      -2.382144    -3.809880    -0.480790
      -4.335005    -1.121781    -0.480789
      -4.334980     1.096075    -0.480811
      -2.382015     3.784102    -0.480813
       1.845041     3.815155    -0.487851
       4.223209     0.542321    -0.487785
       1.845213    -3.841179    -0.487905
      -3.058277    -2.933690    -0.487846
      -3.710655     2.009917    -0.487866
       0.789340     4.158136    -0.487847
       4.223381    -0.567908    -0.487907
       0.789269    -4.184096    -0.487782
      -3.710701    -2.035646    -0.487843
      -3.058203     2.907941    -0.487867
       3.345942     3.090223    -1.416667
      -0.851125     4.453695    -1.416669
       3.997189     2.193953    -1.416632
       3.999345    -2.220992    -1.418069
       3.348156    -3.117277    -1.418068
      -0.851370    -4.479523    -1.416628
      -1.905021    -4.137115    -1.416661
      -4.498728    -0.566805    -1.416665
      -4.498717     0.541113    -1.416675
      -1.904814     4.111318    -1.416677
       2.310054     3.462870    -1.427694
       4.031724     1.093505    -1.427674
       2.310970    -3.489191    -1.428243
      -2.579537    -3.267081    -1.427689
      -3.879760     1.451546    -1.427694
       1.261472     3.815153    -1.432090
       4.043040    -0.012874    -1.432194
       1.261614    -3.841182    -1.432191
      -3.238608    -2.378683    -1.432086
      -3.238549     2.352940    -1.432093
       0.206036     4.146397    -1.427688
       4.032547    -1.119641    -1.428244
       0.205890    -4.172310    -1.427670
      -3.879789    -1.477264    -1.427684
      -2.579419     3.241315    -1.427696
       3.555799     2.557868    -0.476034
       3.556713    -2.584101    -0.476577
      -1.333871    -4.172192    -0.476030
      -4.355575    -0.012855    -0.476065
      -1.333725     4.146369    -0.476068
       3.093645     2.908042     0.465988
       3.746412    -2.035862     0.466030
      -0.754063    -4.183935     0.466045
      -4.187580    -0.567864     0.465968
      -1.809641     3.815079     0.465953
       3.746139     2.010068     0.466041
       3.093928    -2.933930     0.466031
      -1.809719    -3.840867     0.465993
      -4.187566     0.542142     0.465955
      -0.753967     4.158105     0.465964
       2.614815     3.241356     1.405831
       3.915289    -1.477261     1.406066
      -0.170748    -4.172188     1.405952
      -3.996173    -1.118988     1.405812
      -2.274635     3.462721     1.405787
       3.273985     2.353011     1.410268
       3.274088    -2.378761     1.410456
      -1.226125    -3.840865     1.410273
      -4.007234    -0.012864     1.410195
      -1.226072     3.815082     1.410192
       3.915222     1.451673     1.405948
       2.614853    -3.267158     1.406067
      -2.274686    -3.488472     1.405836
      -3.996145     1.093265     1.405788
      -0.170667     4.146373     1.405808
       3.817192     1.639977    -2.359148
       2.765717    -3.117279    -2.360479
      -2.085017    -3.583140    -2.359144
      -4.027498     0.883488    -2.359126
      -0.379881     4.111337    -2.359130
       3.830726     0.539680    -2.367509
       1.721623    -3.468874    -2.367738
      -2.742460    -2.700936    -2.367448
      -3.391684     1.781452    -2.367431
       0.670627     3.784168    -2.367441
       3.831104    -0.565418    -2.367740
       0.670496    -3.810009    -2.367506
      -3.391723    -1.807182    -2.367437
      -2.742353     2.675179    -2.367432
       1.721271     3.442869    -2.367453
       3.819363    -1.667059    -2.360481
      -0.380131    -4.137149    -2.359143
      -4.027504    -0.909191    -2.359127
      -2.084817     3.557361    -2.359128
       2.763459     3.090221    -2.359149
       0.779996     0.541287    -4.679360
       0.779984    -0.566694    -4.679374
      -0.273764    -0.909092    -4.679359
      -0.924925    -0.012759    -4.679327
      -0.273687     0.883594    -4.679328
       1.543933     1.096286    -4.114379
       1.543965    -1.121758    -4.114444
      -0.565530    -1.807143    -4.114377
      -1.869031    -0.012809    -4.114306
      -0.565385     1.781508    -4.114307
       1.557428    -0.012720    -4.130746
       0.493367    -1.477275    -4.130745
      -1.228131    -0.917878    -4.130642
      -1.228082     0.892250    -4.130597
       0.493436     1.451659    -4.130643
       2.304238     1.648683    -3.533556
       2.304671    -1.674442    -3.533834
      -0.855942    -2.700936    -3.533553
      -2.808701    -0.012833    -3.533480
      -0.855736     2.675195    -3.533482
       2.324979     0.542314    -3.559201
       1.258636    -2.035872    -3.559295
      -1.522783    -1.818047    -3.559067
      -2.175146     0.894303    -3.559009
       0.202798     2.352999    -3.559040
       2.325167    -0.567916    -3.559296
       0.202687    -2.378773    -3.559199
      -2.175168    -0.919994    -3.559037
      -1.522694     1.792327    -3.559010
       1.258495     2.010058    -3.559070
       3.054679     2.193949    -2.941652
       3.056938    -2.220996    -2.942922
      -1.142620    -3.583144    -2.941648
      -3.736261    -0.012841    -2.941612
      -1.142361     3.557360    -2.941615
       3.080002     1.093501    -2.967600
       2.016893    -2.584107    -2.968071
      -1.809696    -2.707745    -2.967512
      -3.109898     0.892208    -2.967466
      -0.088027     3.241345    -2.967481
       3.089108    -0.012878    -2.975695
       0.966835    -2.933939    -2.975693
      -2.466967    -1.818055    -2.975440
      -2.466916     1.792315    -2.975412
       0.966733     2.908033    -2.975443
       3.080885    -1.119645    -2.968072
      -0.088207    -3.267169    -2.967597
      -3.109906    -0.917917    -2.967478
      -1.809556     2.681977    -2.967468
       2.015987     2.557862    -2.967515
       0.017647    -0.012818     5.203464
       1.458869     4.422791     2.321020
       4.681605    -0.012667     2.321310
       1.458749    -4.448553     2.321314
      -3.755505    -2.754186     2.321026
      -3.755446     2.728490     2.320975
       3.790838     2.728849    -2.342862
       3.796693    -2.758457    -2.346467
      -1.423854    -4.448565    -2.342857
      -4.646218    -0.012837    -2.342864
      -1.423558     4.422779    -2.342867
       0.017456    -0.012687    -5.225477
       0.310037     0.887196     5.735542
       0.963920    -0.012783     5.735568
       0.310030    -0.912787     5.735569
      -0.747962    -0.569016     5.735543
      -0.747952     0.543423     5.735530
       0.603379     1.789978     5.170188
       1.913182    -0.012771     5.170259
       0.603357    -1.815592     5.170260
      -1.515911    -1.126977     5.170190
      -1.515888     1.101360     5.170165
       1.268689     0.896163     5.185242
       1.268685    -0.921749     5.185279
      -0.460250    -1.483520     5.185244
      -1.528763    -0.012810     5.185202
      -0.460229     1.457903     5.185201
       0.896510     2.692130     4.591002
       2.861779    -0.012746     4.591145
       0.896466    -2.717770     4.591147
      -2.283326    -1.684544     4.591005
      -2.283287     1.658907     4.590967
       1.566966     1.803125     4.617318
       2.223446    -0.925139     4.617415
      -0.168466    -2.392607     4.617360
      -2.303161    -0.571246     4.617278
      -1.230612     2.021825     4.617264
       2.223448     0.899583     4.617358
       1.566947    -1.828733     4.617416
      -1.230649    -2.047466     4.617321
      -2.303147     0.545605     4.617265
      -0.168428     2.366965     4.617276
       1.187681     3.588270     4.001583
       3.804051    -0.012704     4.001816
       1.187605    -3.613937     4.001819
      -3.045629    -2.238388     4.001587
      -3.045572     2.212739     4.001537
       1.859701     2.704068     4.031847
       3.170771    -0.925110     4.032039
       0.124244    -3.293573     4.031953
      -3.069547    -1.128060     4.031810
      -1.996982     2.578625     4.031783
       2.522139     1.806851     4.041517
       2.522125    -1.832426     4.041662
      -0.939028    -2.957042     4.041521
      -3.078063    -0.012829     4.041427
      -0.938973     2.931379     4.041425
       3.170770     0.899614     4.031950
       1.859659    -2.729702     4.032040
      -1.997037    -2.604282     4.031851
      -3.069517     1.102405     4.031784
       0.124306     3.267906     4.031807
       1.475116     4.472926     3.405384
       4.734244    -0.012641     3.405706
       1.474990    -4.498623     3.405709
      -3.798165    -2.785130     3.405389
      -3.798094     2.759477     3.405330
       2.145371     3.594303     3.431878
       4.105725    -0.921652     3.432180
       0.416348    -4.181732     3.432068
      -3.823930    -1.680355     3.431845
      -2.755353     3.125404     3.431807
       2.809770     2.704090     3.444713
       3.464347    -1.828684     3.444977
      -0.644376    -3.852011     3.444778
      -3.838144    -0.569641     3.444629
      -1.703397     3.482182     3.444614
       3.464358     1.803182     3.444774
       2.809729    -2.729690     3.444978
      -1.703470    -3.507858     3.444718
      -3.838129     0.543973     3.444616
      -0.644292     3.826324     3.444626
       4.105724     0.896263     3.432065
       2.145288    -3.619965     3.432182
      -2.755423    -3.151069     3.431883
      -3.823886     1.654693     3.431808
       0.416452     4.156036     3.431841
       2.421426     4.472941     2.820557
       5.026677    -0.912609     2.820962
       0.709389    -5.054868     2.820840
      -4.563726    -2.228913     2.820530
      -3.505670     3.659463     2.820482
       3.083249     3.588310     2.830126
       4.389810    -1.815474     2.830514
      -0.345964    -4.728145     2.830273
      -4.579132    -1.124228     2.830049
      -2.459814     4.015510     2.830021
       3.740678     2.692215     2.833348
       3.740630    -2.717722     2.833682
      -1.404510    -4.389535     2.833353
      -4.584232    -0.012836     2.833198
      -1.404400     4.363831     2.833194
       4.389825     1.790116     2.830268
       3.083149    -3.613939     2.830515
      -2.459904    -4.041192     2.830131
      -4.579100     1.098560     2.830023
      -0.345827     4.702421     2.830045
       5.026679     0.887379     2.820836
       2.421278    -4.498637     2.820965
      -3.505752    -3.685128     2.820563
      -4.563668     2.203252     2.820483
       0.709550     5.029137     2.820525
       2.240697     5.029171     1.874236
       1.182695     5.372911     1.874230
       5.499859     0.543689     1.874599
       5.499891    -0.568797     1.874661
       2.240524    -5.054935     1.874664
       1.182478    -5.398682     1.874603
      -4.090608    -3.685131     1.874242
      -4.744465    -2.785133     1.874236
      -4.744394     2.759473     1.874179
      -4.090515     3.659460     1.874178
       2.721225     4.702510     0.934525
       0.601929     5.391039     0.934511
       5.337656     1.101687     0.934821
       5.337745    -1.126732     0.935017
       2.721045    -4.728314     0.935019
       0.601666    -5.416852     0.934825
      -3.631443    -4.041197     0.934531
      -4.941174    -2.238396     0.934516
      -4.941114     2.212731     0.934472
      -3.631323     4.015505     0.934470
       1.667508     5.065021     0.929728
       5.356927    -0.012502     0.930110
       1.667277    -5.090875     0.930113
      -4.301829    -3.151076     0.929734
      -4.301744     3.125397     0.929682
       3.197483     4.364005    -0.010886
       0.017633     5.397052    -0.010911
       5.162817     1.659302    -0.010692
       5.163091    -1.684257    -0.010249
       3.197311    -4.389924    -0.010248
       0.017314    -5.422884    -0.010687
      -3.162334    -4.389542    -0.010880
      -5.127451    -1.684555    -0.010906
      -5.127407     1.658895    -0.010937
      -3.162163     4.363824    -0.010939
       2.148667     4.738766    -0.016904
       5.195337     0.546009    -0.016619
       2.148420    -4.764737    -0.016517
      -3.842856    -3.507867    -0.016898
      -4.499220     2.578614    -0.016942
       1.086466     5.083854    -0.016909
       5.195433    -0.570879    -0.016520
       1.086167    -5.109784    -0.016615
      -4.499293    -2.604293    -0.016904
      -3.842747     3.482173    -0.016943
       3.666663     4.015790    -0.956297
      -0.566669     5.391034    -0.956330
       4.976508     2.213195    -0.956200
       4.977539    -2.238302    -0.955609
       3.666899    -4.042245    -0.955608
      -0.567044    -5.416856    -0.956195
      -2.686178    -4.728155    -0.956291
      -5.302288    -1.126993    -0.956326
      -5.302260     1.101344    -0.956343
      -2.685934     4.702412    -0.956346
       2.622326     4.394703    -0.964210
       5.014396     1.102892    -0.964050
       2.622175    -4.420978    -0.963928
      -3.369264    -3.852023    -0.964204
      -4.680154     2.021811    -0.964238
       1.565505     4.751085    -0.967543
       5.027005    -0.012335    -0.967312
       1.565165    -4.777153    -0.967309
      -4.034781    -2.957055    -0.967537
      -4.034685     2.931366    -0.967565
       0.500999     5.083852    -0.964220
       5.014897    -1.127675    -0.963931
       0.500626    -5.109786    -0.964046
      -4.680212    -2.047480    -0.964214
      -3.369108     3.826312    -0.964239
       4.125852     3.659856    -1.896011
      -1.147449     5.372902    -1.896040
       4.779750     2.759966    -1.895979
       4.785218    -2.788292    -1.898114
       4.130539    -3.689381    -1.898113
      -1.147856    -5.398692    -1.895973
      -2.205768    -5.054880    -1.896005
      -5.464515    -0.569036    -1.896036
      -5.464501     0.543403    -1.896043
      -2.205437     5.029125    -1.896046
       3.086014     4.034624    -1.907263
       4.815054     1.655220    -1.907204
       3.086707    -4.061821    -1.907671
      -2.883521    -4.181746    -1.907257
      -4.843601     1.457884    -1.907277
       2.035153     4.394700    -1.914280
       4.833012     0.544544    -1.914201
       2.034854    -4.420981    -1.914238
      -3.550710    -3.293588    -1.914274
      -4.205138     2.366949    -1.914288
       0.976030     4.738761    -1.914280
       4.833406    -0.569100    -1.914241
       0.975595    -4.764742    -1.914197
      -4.205219    -2.392623    -1.914275
      -3.550566     3.267891    -1.914289
      -0.085845     5.065014    -1.907271
       4.816867    -1.680458    -1.907672
      -0.086270    -5.090882    -1.907199
      -4.843642    -1.483538    -1.907266
      -2.883291     4.156022    -1.907279
       4.337117     3.125763    -0.951475
       4.338661    -3.152219    -0.951261
      -1.632530    -5.090760    -0.951469
      -5.321465    -0.012826    -0.951548
      -1.632231     5.064975    -0.951552
       3.878106     3.482416    -0.004854
       4.535056    -2.604469    -0.004249
      -1.051437    -5.109610    -0.004784
      -5.159823    -0.571257    -0.004919
      -2.113363     4.738669    -0.004933
       4.534613     2.578937    -0.004789
       3.878410    -3.508266    -0.004248
      -2.113569    -4.764426    -0.004848
      -5.159808     0.545593    -0.004930
      -1.051180     5.083810    -0.004923
       3.404436     3.826453     0.942439
       4.715682    -2.047396     0.942983
      -0.465931    -5.109607     0.942590
      -4.978905    -1.128068     0.942389
      -2.587002     4.394530     0.942363
       4.070046     2.931566     0.945821
       4.070173    -2.957150     0.946351
      -1.530367    -4.776749     0.945826
      -4.991318    -0.012837     0.945701
      -1.530198     4.750992     0.945698
       4.715543     2.022087     0.942585
       3.404420    -3.852195     0.942984
      -2.587139    -4.420251     0.942445
      -4.978874     1.102397     0.942366
      -0.465714     5.083813     0.942385
       2.918583     4.156095     1.885484
       4.879008    -1.483378     1.885946
       0.120933    -5.090752     1.885709
      -4.779654    -1.680359     1.885446
      -3.050685     4.034349     1.885408
       3.585886     3.268003     1.892536
       4.240530    -2.392573     1.892994
      -0.940878    -4.764421     1.892615
      -4.797447    -0.569645     1.892438
      -1.999836     4.394532     1.892423
       4.240486     2.367121     1.892610
       3.585873    -3.293632     1.892995
      -1.999950    -4.420249     1.892541
      -4.797431     0.543969     1.892425
      -0.940731     4.738674     1.892434
       4.878964     1.458121     1.885704
       2.918478    -4.181819     1.885948
      -3.050784    -4.060042     1.885490
      -4.779608     1.654689     1.885410
       0.121119     5.064982     1.885441
       4.599032     2.203777    -2.842350
       3.544978    -3.689384    -2.845576
      -2.386501    -4.498639    -2.842344
      -4.991362     0.887174    -2.842342
      -0.674297     5.029159    -2.842345
       4.614513     1.099158    -2.851915
       2.494630    -4.042250    -2.852388
      -3.048202    -3.613954    -2.851893
      -4.354510     1.789957    -2.851882
       0.381106     4.702500    -2.851886
       4.619768    -0.012070    -2.855160
       1.439069    -4.389932    -2.855157
      -3.705517    -2.717789    -2.855053
      -3.705380     2.692111    -2.855047
       1.439697     4.363997    -2.855058
       4.615290    -1.123409    -2.852390
       0.380604    -4.728324    -2.851911
      -4.354576    -1.815613    -2.851881
      -3.047973     3.588252    -2.851883
       2.495123     4.015786    -2.851899
       4.604271    -2.231390    -2.845577
      -0.674735    -5.054947    -2.842345
      -4.991385    -0.912809    -2.842341
      -2.386174     4.472911    -2.842345
       3.540985     3.659854    -2.842350
       0.782942     0.543669    -5.757568
       0.782903    -0.568816    -5.757620
      -0.275121    -0.912631    -5.757567
      -0.928914    -0.012664    -5.757519
      -0.275011     0.887357    -5.757519
       1.550963     1.101672    -5.192207
       1.550832    -1.126748    -5.192366
      -0.568480    -1.815494    -5.192205
      -1.878088    -0.012727    -5.192121
      -0.568262     1.790095    -5.192122
       1.563797    -0.012517    -5.207332
       0.495143    -1.483396    -5.207331
      -1.233675    -0.921674    -5.207192
      -1.233577     0.896241    -5.207145
       0.495333     1.458103    -5.207193
       2.318461     1.659290    -4.612979
       2.318195    -1.684269    -4.613410
      -0.861635    -2.717741    -4.612976
      -2.826599    -0.012769    -4.612887
      -0.861329     2.692196    -4.612889
       2.338308     0.545997    -4.639410
       1.265512    -2.047410    -4.639536
      -1.531955    -1.828705    -4.639247
      -2.188257     0.899592    -4.639178
       0.203615     2.367104    -4.639214
       2.338265    -0.570891    -4.639537
       0.203302    -2.392590    -4.639408
      -2.188332    -0.925132    -4.639212
      -1.531776     1.803161    -4.639179
       1.265796     2.022073    -4.639249
       3.080826     2.213187    -4.023493
       3.080768    -2.238310    -4.024664
      -1.152838    -3.613957    -4.023489
      -3.768802    -0.012794    -4.023428
      -1.152462     3.588293    -4.023430
       3.104793     1.102884    -4.053866
       2.031962    -2.604479    -4.054359
      -1.824710    -2.729709    -4.053736
      -3.135519     0.899561    -4.053674
      -0.089069     3.267988    -4.053694
       3.113352    -0.012343    -4.063681
       0.973818    -2.957163    -4.063679
      -2.487023    -1.832447    -4.063347
      -2.486895     1.806830    -4.063309
       0.974223     2.931554    -4.063351
       3.104916    -1.127683    -4.054360
      -0.089470    -3.293647    -4.053863
      -3.135567    -0.925161    -4.053691
      -1.824467     2.704071    -4.053675
       2.032236     2.578927    -4.053740
       3.833393     2.759962    -3.427225
       3.837760    -2.788296    -3.431141
      -1.440295    -4.498653    -3.427220
      -4.698955    -0.012806    -3.427200
      -1.439884     4.472925    -3.427204
       3.859223     1.655216    -3.453778
       2.791163    -3.152225    -3.455176
      -2.110412    -3.619983    -3.453718
      -4.070434     0.896141    -3.453681
      -0.381193     4.156081    -3.453691
       3.873515     0.544540    -3.466707
       1.738300    -3.508275    -3.467035
      -2.774681    -2.729721    -3.466514
      -3.429076     1.803104    -3.466485
       0.679572     3.826442    -3.466503
       3.873730    -0.569104    -3.467037
       0.679095    -3.852207    -3.466704
      -3.429163    -1.828754    -3.466499
      -2.774502     2.704049    -3.466486
       1.738690     3.482407    -3.466519
       3.860461    -1.680462    -3.455177
      -0.381636    -4.181833    -3.453774
      -4.070465    -0.921771    -3.453687
      -2.110120     3.594285    -3.453683
       2.790650     3.125757    -3.453722
       0.017602    -0.012784     6.288111
       1.758606     5.345456     2.806102
       5.651679    -0.012566     2.806504
       1.758423    -5.371179     2.806507
      -4.540387    -3.324373     2.806109
      -4.540305     3.298724     2.806041
       4.575619     3.299225    -2.827883
       4.599527    -3.341751    -2.842642
      -1.723802    -5.371193    -2.827877
      -5.616374    -0.012807    -2.827896
      -1.723382     5.345442    -2.827899
       0.017321    -0.012589    -6.310122
       0.310799     0.889670     6.834238
       0.966450    -0.012756     6.834275
       0.310786    -0.915200     6.834275
      -0.750079    -0.570505     6.834239
      -0.750067     0.544960     6.834225
       0.606508     1.799733     6.263411
       1.923360    -0.012742     6.263495
       0.606475    -1.825281     6.263496
      -1.524221    -1.132966     6.263413
      -1.524201     1.107400     6.263385
       1.274035     0.900102     6.275446
       1.274020    -0.925624     6.275494
      -0.462344    -1.489821     6.275448
      -1.535454    -0.012782     6.275400
      -0.462322     1.464259     6.275399
       0.901768     2.708430     5.683668
       2.878833    -0.012715     5.683822
       0.901708    -2.733998     5.683824
      -2.297202    -1.694580     5.683672
      -2.297169     1.668994     5.683630
       1.574611     1.812947     5.708514
       2.235076    -0.929377     5.708625
      -0.168961    -2.405011     5.708560
      -2.315167    -0.574630     5.708470
      -1.237593     2.032184     5.708455
       2.235092     0.903888     5.708558
       1.574572    -1.838483     5.708625
      -1.237628    -2.057771     5.708517
      -2.315156     0.549044     5.708456
      -0.168919     2.379431     5.708468
       1.196116     3.614335     5.094973
       3.831373    -0.012677     5.095214
       1.196023    -3.639929     5.095217
      -3.067811    -2.254463     5.094977
      -3.067761     2.228860     5.094923
       1.871488     2.723006     5.126004
       3.192341    -0.930467     5.126205
       0.125757    -3.315779     5.126114
      -3.090258    -1.136389     5.125962
      -2.011352     2.595735     5.125933
       2.538589     1.818859     5.136910
       2.538547    -1.844357     5.137064
      -0.945364    -2.976396     5.136913
      -3.098480    -0.012802     5.136812
      -0.945307     2.950789     5.136810
       3.192357     0.905038     5.126111
       1.871421    -2.748560     5.126206
      -2.011405    -2.621343     5.126008
      -3.090231     1.110785     5.125934
       0.125828     3.290178     5.125958
       1.488390     4.513877     4.499647
       4.777224    -0.012625     4.499975
       1.488258    -4.539503     4.499979
      -3.833008    -2.810407     4.499652
      -3.832940     2.784794     4.499587
       2.163713     3.626009     4.530311
       4.141466    -0.929306     4.530617
       0.420073    -4.218116     4.530502
      -3.857444    -1.695166     4.530272
      -2.779838     3.152688     4.530231
       2.833969     2.727941     4.546150
       3.494424    -1.844328     4.546416
      -0.650018    -3.885493     4.546215
      -3.871786    -0.574645     4.546057
      -1.718599     3.512617     4.546041
       3.494459     1.818895     4.546210
       2.833902    -2.753459     4.546417
      -1.718675    -3.538242     4.546155
      -3.871771     0.549027     4.546043
      -0.649929     3.859866     4.546054
       4.141478     0.903964     4.530499
       2.163613    -3.651591     4.530619
      -2.779910    -3.178310     4.530316
      -3.857400     1.669550     4.530232
       0.420181     4.192487     4.530268
       1.778394     5.406445     3.899049
       5.715747    -0.012563     3.899450
       1.778218    -5.432111     3.899454
      -4.592275    -3.362037     3.899055
      -4.592192     3.336422     3.898980
       2.449629     4.518195     3.924258
       5.078358    -0.925479     3.924661
       0.713113    -5.108004     3.924538
      -4.613176    -2.248890     3.924224
      -3.539986     3.700307     3.924172
       3.119576     3.626038     3.939591
       4.436841    -1.838392     3.939969
      -0.353250    -4.779971     3.939735
      -4.630737    -1.133333     3.939505
      -2.484461     4.061763     3.939476
       3.783075     2.723073     3.944676
       3.783023    -2.748521     3.944998
      -1.420755    -4.439392     3.944681
      -4.636723    -0.012813     3.944517
      -1.420642     4.413747     3.944513
       4.436863     1.813061     3.939730
       3.119480    -3.651586     3.939971
      -2.484558    -4.087399     3.939597
      -4.630705     1.107708     3.939478
      -0.353115     4.754315     3.939501
       5.078367     0.900258     3.924533
       2.449488    -4.543811     3.924664
      -3.540076    -3.725935     3.924264
      -4.613116     2.223268     3.924173
       0.713269     5.082341     3.924218
       2.727271     5.406473     3.312633
       6.008977    -0.914995     3.313119
       1.010538    -5.989866     3.312997
      -5.359918    -2.804310     3.312603
      -4.298973     4.238853     3.312542
       3.394173     4.513935     3.321871
       5.366160    -1.825118     3.322338
      -0.053597    -5.659732     3.322103
      -5.374788    -1.690229     3.321791
      -3.244022     4.597291     3.321750
       4.057372     3.614440     3.326745
       4.715534    -2.733907     3.327157
      -1.118822    -5.321771     3.326829
      -5.382563    -0.572687     3.326593
      -2.183588     4.950056     3.326576
       4.715569     2.708588     3.326823
       4.057286    -3.639909     3.327157
      -2.183732    -4.975713     3.326751
      -5.382547     0.547062     3.326580
      -1.118648     5.296094     3.326589
       5.366163     1.799936     3.322097
       3.394032    -4.539523     3.322340
      -3.244143    -4.622933     3.321877
      -5.374741     1.664605     3.321753
      -0.053401     5.634040     3.321785
       6.008976     0.889900     3.312992
       2.727096    -5.432121     3.313122
      -4.299082    -4.264482     3.312640
      -5.359845     2.778687     3.312543
       1.010748     5.964168     3.312597
       2.546052     5.964212     2.363746
       1.485177     6.308879     2.363728
       6.483451     0.545282     2.364169
       6.483507    -0.570210     2.364295
       2.545823    -5.989972     2.364299
       1.484910    -6.334626     2.364174
      -4.885524    -4.264485     2.363754
      -5.541151    -3.362041     2.363735
      -5.541062     3.336418     2.363669
      -4.885407     4.238850     2.363668
       3.030198     5.634140     1.416052
       0.899476     6.326376     1.416021
       6.319117     1.107771     1.416424
       6.319258    -1.132630     1.416698
       3.029960    -5.659965     1.416701
       0.899169    -6.352156     1.416429
      -4.421998    -4.622938     1.416060
      -5.738784    -2.810415     1.416027
      -5.738708     2.784786     1.415975
      -4.421851     4.597286     1.415973
       1.969711     5.995242     1.411341
       6.334966    -0.012435     1.411852
       1.969445    -6.021065     1.411856
      -5.093136    -3.725941     1.411348
      -5.093031     3.700301     1.411281
       3.510913     5.296278     0.465416
       0.311950     6.335533     0.465368
       6.146270     1.669426     0.465687
       6.146597    -1.694115     0.466333
       3.510608    -5.322247     0.466336
       0.311589    -6.361330     0.465693
      -3.952122    -4.975720     0.465423
      -5.929050    -2.254475     0.465374
      -5.928989     2.228849     0.465337
      -3.951924     4.950048     0.465335
       2.455118     5.671041     0.460404
       6.176629     0.549483     0.460823
       2.454797    -5.696972     0.461024
      -4.634803    -4.087408     0.460411
      -5.295153     3.152678     0.460348
       1.386436     6.018235     0.460391
       6.176717    -0.574183     0.461020
       1.386100    -6.044121     0.460828
      -5.295246    -3.178320     0.460398
      -4.634670     4.061754     0.460347
       3.987183     4.950343    -0.487101
      -0.276742     6.335531    -0.487160
       5.964336     2.229364    -0.486942
       5.965104    -2.253765    -0.485622
       3.986781    -4.976696    -0.485620
      -0.277165    -6.361333    -0.486936
      -3.475944    -5.321780    -0.487094
      -6.110965    -1.694596    -0.487154
      -6.110920     1.668978    -0.487178
      -3.475676     5.296084    -0.487181
       2.935495     5.331671    -0.493361
       6.002248     1.111326    -0.493097
       2.935048    -5.357862    -0.492570
      -4.163598    -4.439403    -0.493354
      -5.484282     2.595721    -0.493412
       1.871036     5.691559    -0.495886
       6.015806    -0.012191    -0.495409
       1.870586    -5.717603    -0.495405
      -4.834809    -3.538255    -0.495879
      -4.834690     3.512604    -0.495923
       0.798293     6.025981    -0.493385
       6.002610    -1.135721    -0.492573
       0.797868    -6.051896    -0.493092
      -5.484360    -2.621358    -0.493379
      -4.163418     4.413736    -0.493413
       4.457123     4.597688    -1.437750
      -0.864278     6.326369    -1.437807
       5.774039     2.785358    -1.437674
       5.776916    -2.810453    -1.436367
       4.458068    -4.625693    -1.436366
      -0.864752    -6.352163    -1.437668
      -2.995330    -5.659744    -1.437742
      -6.283811    -1.132986    -1.437801
      -6.283782     1.107381    -1.437815
      -2.994983     5.634028    -1.437818
       3.408301     4.978667    -1.445951
       5.812493     1.670183    -1.445836
       3.407650    -5.005616    -1.445321
      -3.681767    -4.779984    -1.445944
      -5.659264     2.032166    -1.445994
       2.348964     5.344385    -1.451746
       5.833206     0.549799    -1.451529
       2.348207    -5.370780    -1.451251
      -4.356940    -3.885509    -1.451739
      -5.017257     2.950773    -1.451775
       1.280280     5.691556    -1.451754
       5.833551    -0.573611    -1.451254
       1.279674    -5.717606    -1.451524
      -5.017362    -2.976413    -1.451748
      -4.356774     3.859851    -1.451776
       0.208239     6.018230    -1.445980
       5.813646    -1.694043    -1.445324
       0.207725    -6.044126    -1.445831
      -5.659326    -2.057789    -1.445974
      -3.681519     4.754301    -1.445996
       4.920679     4.239350    -2.385466
      -1.449995     6.308867    -2.385503
       5.576370     3.337008    -2.385425
      -1.450485    -6.334639    -2.385418
      -2.511284    -5.989880    -2.385459
      -6.448163    -0.570528    -2.385498
      -6.448148     0.544936    -2.385507
      -2.510860     5.964154    -2.385511
       3.871851     4.613552    -2.392936
       5.608329     2.223936    -2.392912
       3.876019    -4.641036    -2.395488
      -3.191277    -5.108020    -2.392929
      -5.819637     1.464237    -2.392961
       2.817536     4.978664    -2.401834
       5.629975     1.108527    -2.401795
       2.816704    -5.005618    -2.401497
      -3.864322    -4.218134    -2.401828
      -5.181347     2.379410    -2.401850
       1.754067     5.331666    -2.404961
       5.637396    -0.011702    -2.404879
       1.753184    -5.357866    -2.404876
      -4.528678    -3.315799    -2.404955
      -4.528522     3.290159    -2.404974
       0.686162     5.671034    -2.401841
       5.631035    -1.132020    -2.401500
       0.685490    -5.696979    -2.401790
      -5.181437    -2.405032    -2.401835
      -3.864083     4.192469    -2.401851
      -0.381464     5.995233    -2.392957
       5.611644    -2.252151    -2.395490
      -0.382016    -6.021074    -2.392906
      -5.819684    -1.489843    -2.392952
      -3.190946     5.082325    -2.392963
       5.128332     3.700790    -1.433022
       5.131928    -3.728561    -1.436057
      -1.934914    -6.020944    -1.433015
      -6.299558    -0.012802    -1.433119
      -1.934502     5.995189    -1.433123
       4.669962     4.062130    -0.482079
       5.331256    -3.178680    -0.480545
      -1.351597    -6.043960    -0.482015
      -6.141182    -0.574646    -0.482180
      -2.419888     5.670935    -0.482193
       5.330477     3.153137    -0.482022
       4.670556    -4.088056    -0.480544
      -2.420212    -5.696668    -0.482072
      -6.141167     0.549028    -0.482189
      -1.351215     6.018184    -0.482185
       4.198685     4.413995     0.471679
       5.519972    -2.621121     0.472702
      -0.763408    -6.051713     0.471825
      -5.966804    -1.136401     0.471590
      -2.900247     5.331488     0.471566
       4.869987     3.512941     0.474249
       4.870222    -3.538419     0.475402
      -1.836091    -5.717193     0.474255
      -5.980189    -0.012814     0.474087
      -1.835799     5.691456     0.474083
       5.519613     2.596132     0.471819
       4.198604    -4.439830     0.472703
      -2.900488    -5.357189     0.471686
      -5.966773     1.110773     0.471569
      -0.763068     6.025935     0.471585
       3.716758     4.754462     1.424254
       5.694750    -2.057520     1.424954
      -0.173317    -6.043955     1.424491
      -5.777102    -1.695173     1.424186
      -3.373041     4.978387     1.424149
       4.392037     3.860074     1.430087
       5.052694    -2.976332     1.430814
      -1.245304    -5.717190     1.430172
      -5.797637    -0.574653     1.429950
      -2.313716     5.344208     1.429935
       5.052549     2.951070     1.430166
       4.392033    -3.885655     1.430814
      -2.313928    -5.369905     1.430093
      -5.797621     0.549019     1.429938
      -1.245046     5.691458     1.429945
       5.694584     2.032526     1.424485
       3.716598    -4.780215     1.424956
      -3.373215    -5.004059     1.424261
      -5.777055     1.669542     1.424152
      -0.173022     6.018189     1.424180
       3.226159     5.082416     2.371218
       5.855007    -1.489589     2.371768
       0.416412    -6.020934     2.371528
      -5.573012    -2.248893     2.371169
      -3.836589     4.613163     2.371120
       3.899315     4.192606     2.380147
       5.216695    -2.404879     2.380691
      -0.651171    -5.696661     2.380311
      -5.594536    -1.133337     2.380038
      -2.782289     4.978389     2.380010
       4.563775     3.290356     2.383338
       4.563788    -3.315781     2.383822
      -1.719024    -5.357184     2.383344
      -5.601698    -0.012817     2.383146
      -1.718834     5.331493     2.383142
       5.216623     2.379672     2.380305
       3.899228    -4.218217     2.380692
      -2.782444    -5.004056     2.380153
      -5.594504     1.107704     2.380013
      -0.650944     5.670942     2.380033
       5.854927     1.464548     2.371522
       3.225987    -5.108129     2.371771
      -3.836721    -4.638814     2.371225
      -5.572951     2.223264     2.371121
       0.416665     5.995199     2.371163
       5.395167     2.779373    -3.334388
      -2.692507    -5.432129    -3.334367
      -5.973723     0.889644    -3.334380
      -0.975569     5.964197    -3.334384
       5.410126     1.665405    -3.343630
       3.278458    -4.625698    -3.345024
      -3.359310    -4.539523    -3.343588
      -5.330917     1.799708    -3.343589
       0.088591     5.634128    -3.343590
       5.418034     0.548183    -3.348515
       2.217320    -4.976704    -3.348682
      -4.022401    -3.639951    -3.348409
      -4.680337     2.708406    -3.348410
       1.153850     5.296268    -3.348411
       5.418314    -0.570908    -3.348685
       1.152914    -5.322257    -3.348511
      -4.680491    -2.734021    -3.348405
      -4.022157     3.614314    -3.348410
       2.218802     4.950336    -3.348416
       5.412399    -1.688577    -3.345026
       0.087930    -5.659977    -3.343625
      -5.330999    -1.825305    -3.343584
      -3.358975     4.513856    -3.343591
       3.279252     4.597683    -3.343594
      -0.976139    -5.989986    -3.334382
      -5.973758    -0.915226    -3.334379
      -2.692091     5.406427    -3.334383
       4.334225     4.239348    -3.334374
       0.784938     0.545259    -6.856263
       0.784853    -0.570233    -6.856364
      -0.276016    -0.915021    -6.856262
      -0.931585    -0.012590    -6.856210
      -0.275908     0.889874    -6.856211
       1.559131     1.107752    -6.285432
       1.558954    -1.132649    -6.285672
      -0.571739    -1.825143    -6.285430
      -1.888434    -0.012653    -6.285337
      -0.571531     1.799911    -6.285338
       1.570311    -0.012454    -6.297558
       0.497095    -1.489611    -6.297557
      -1.239184    -0.925505    -6.297385
      -1.239070     0.900232    -6.297342
       0.497272     1.464526    -6.297387
       2.332193     1.669411    -5.705649
       2.331768    -1.694131    -5.706218
      -0.867018    -2.733930    -5.705645
      -2.843832    -0.012705    -5.705546
      -0.866716     2.708565    -5.705548
       2.350122     0.549468    -5.730623
       1.272280    -2.057539    -5.730785
      -1.539772    -1.838417    -5.730439
      -2.200053     0.903938    -5.730364
       0.203954     2.379652    -5.730402
       2.349989    -0.574199    -5.730786
       0.203651    -2.404899    -5.730621
      -2.200161    -0.929332    -5.730399
      -1.539556     1.813036    -5.730365
       1.272616     2.032508    -5.730442
       3.102883     2.229353    -5.116892
       3.102056    -2.253777    -5.118154
      -1.161397    -3.639931    -5.116888
      -3.796290    -0.012743    -5.116806
      -1.161006     3.614418    -5.116808
       3.125346     1.111314    -5.148045
       2.045837    -2.621136    -5.148593
      -1.836667    -2.748545    -5.147893
      -3.157248     0.905012    -5.147814
      -0.090725     3.290337    -5.147838
       3.133480    -0.012203    -5.159134
       0.979903    -2.976349    -5.159132
      -2.503659    -1.844353    -5.158730
      -2.503467     1.818870    -5.158683
       0.980404     2.951053    -5.158734
       3.125044    -1.135733    -5.148594
      -0.091138    -3.315800    -5.148042
      -3.157335    -0.930493    -5.147835
      -1.836367     2.723050    -5.147816
       2.046454     2.596118    -5.147897
       3.868137     2.785350    -4.521504
       3.868267    -2.810461    -4.524641
      -1.453704    -4.539543    -4.521499
      -4.742068    -0.012770    -4.521446
      -1.453242     4.513915    -4.521449
       3.892637     1.670175    -4.552244
       2.814049    -3.178690    -4.553491
      -2.128916    -3.651607    -4.552152
      -4.106308     0.903862    -4.552093
      -0.385031     4.192588    -4.552105
       3.906994     0.549791    -4.568220
       1.752844    -3.538432    -4.568645
      -2.799054    -2.753482    -4.567940
      -3.459285     1.818834    -4.567900
       0.685081     3.860059    -4.567923
       3.906905    -0.573619    -4.568647
       0.684446    -3.885670    -4.568217
      -3.459434    -1.844382    -4.567919
      -2.798798     2.727918    -4.567901
       1.753755     3.512928    -4.567945
       3.892701    -1.694051    -4.553492
      -0.385539    -4.218235    -4.552240
      -4.106371    -0.929403    -4.552101
      -2.128550     3.626016    -4.552095
       2.815008     3.153126    -4.552157
       4.627426     3.337004    -3.920855
      -1.743723    -5.432140    -3.920849
      -5.680535    -0.012783    -3.920823
      -1.743232     5.406455    -3.920827
       4.648418     2.223932    -3.946088
       3.579542    -3.728567    -3.947882
      -2.414854    -4.543831    -3.946045
      -5.043149     0.900076    -3.946021
      -0.678094     5.082400    -3.946027
       4.666046     1.108523    -3.961471
       2.518574    -4.088065    -3.962541
      -3.084687    -3.651612    -3.961348
      -4.401651     1.812923    -3.961325
       0.388299     4.754448    -3.961331
       4.672126    -0.011706    -3.966726
       1.454901    -4.439841    -3.966722
      -3.748071    -2.748584    -3.966364
      -3.747872     2.722982    -3.966355
       1.455834     4.413984    -3.966369
       4.666261    -1.132024    -3.962543
       0.387621    -4.780229    -3.961467
      -4.401759    -1.838508    -3.961326
      -3.084383     3.625988    -3.961327
       2.519662     4.062121    -3.961353
       4.652217    -2.252155    -3.947883
      -0.678643    -5.108145    -3.946082
      -5.043194    -0.925651    -3.946022
      -2.414449     4.518175    -3.946024
       3.575202     3.700784    -3.946051