
      -0.000000    -0.071737    -0.554311
      -0.000000    -0.071774     0.546990
      -0.000000    -0.999566    -0.003573
       0.881731    -0.358468    -0.003627
       0.544840     0.678771    -0.003708
      -0.544840     0.678771    -0.003708
      -0.881731    -0.358467    -0.003627
      -0.000000    -0.999580    -1.104533
       0.881972    -0.358336    -1.104711
       0.544980     0.679061    -1.104826
      -0.544979     0.679062    -1.104826
      -0.881972    -0.358336    -1.104711
      -0.000000    -0.071527    -1.655490
      -0.000001    -1.930145    -0.553602
       1.766052    -0.645211    -0.553817
       1.091206     1.431513    -0.553922
      -1.091205     1.431514    -0.553922
      -1.766052    -0.645210    -0.553817
      -0.000000    -0.999735     1.097303
      -0.000000    -0.999828    -2.205247
       0.881936    -0.358497     1.097411
       0.882625    -0.358159    -2.205484
       0.544971     0.678996     1.097396
       0.545379     0.679819    -2.205590
      -0.544971     0.678996     1.097396
      -0.545378     0.679819    -2.205590
      -0.881937    -0.358496     1.097411
      -0.882625    -0.358159    -2.205484
       0.886096    -1.292452     0.546773
       0.886770    -1.292625    -1.654471
       0.886133    -1.292272    -0.553925
       1.433549     0.394686     0.546714
       1.434589     0.395253    -1.654651
       1.433567     0.394736    -0.554082
       0.000000     1.436739     0.546669
       0.000000     1.437897    -1.654652
       0.000000     1.436754    -0.554110
      -1.433549     0.394686     0.546714
      -1.434588     0.395254    -1.654651
      -1.433567     0.394737    -0.554082
      -0.886096    -1.292451     0.546773
      -0.886771    -1.292625    -1.654471
      -0.886133    -1.292272    -0.553925
      -0.000001    -1.930342     0.546488
      -0.000001    -1.930700    -1.653610
       1.766009    -0.645317     0.546573
       1.767126    -0.645231    -1.654031
       1.091193     1.431494     0.546454
       1.091868     1.432499    -1.654079
      -1.091192     1.431495     0.546454
      -1.091867     1.432500    -1.654079
      -1.766010    -0.645315     0.546573
      -1.767126    -0.645230    -1.654031
      -0.000000    -0.071641     1.648110
      -0.000000    -0.071196    -2.756417
      -0.000001    -2.863405    -1.102179
      -0.000001    -2.863142    -0.003635
       2.653039    -0.932067    -1.102457
       2.652170    -0.931936    -0.003615
       1.639177     2.186273    -1.102460
       1.638648     2.185546    -0.003752
      -1.639176     2.186274    -1.102460
      -1.638646     2.185547    -0.003752
      -2.653039    -0.932065    -1.102457
      -2.652171    -0.931934    -0.003615
      -0.000000    -1.000102     2.197828
      -0.000000    -1.000434    -3.305682
      -0.000001    -1.931174     1.646224
      -0.000001    -1.932064    -2.753209
       0.882575    -0.358417     2.198082
       0.883714    -0.358034    -3.305915
       1.767033    -0.645473     1.646707
       1.769125    -0.645443    -2.753730
       0.545355     0.679711     2.198122
       0.546055     0.681016    -3.305970
       1.091828     1.432457     1.646592
       1.093121     1.434340    -2.753689
      -0.545355     0.679712     2.198122
      -0.546054     0.681016    -3.305970
      -1.091827     1.432458     1.646592
      -1.093120     1.434341    -2.753689
      -0.882575    -0.358416     2.198082
      -0.883714    -0.358034    -3.305915
      -1.767033    -0.645472     1.646707
      -1.769125    -0.645442    -2.753730
       0.886696    -1.293063     1.647163
       0.887932    -1.293537    -2.754519
       1.434535     0.395134     1.647241
       1.436487     0.396141    -2.754648
       0.000000     1.437863     1.647184
       0.000000     1.440011    -2.754619
      -1.434535     0.395135     1.647241
      -1.436487     0.396141    -2.754648
      -0.886696    -1.293062     1.647163
      -0.887932    -1.293537    -2.754519
       1.773798    -1.583073     1.096137
       1.775885    -1.583942    -2.202700
       1.773932    -1.582708    -1.103342
       1.773193    -1.582408    -0.003562
       0.888999    -2.227834     1.095944
       0.890231    -2.228690    -2.202379
       0.889112    -2.227183    -1.103147
       0.888646    -2.226925    -0.003539
       1.985013     1.149493     1.095953
       1.987391     1.150940    -2.202593
       1.985052     1.149527    -1.103389
       1.984188     1.149023    -0.003710
       2.323088     0.109421     1.096010
       2.325803     0.109999    -2.202586
       2.323141     0.109495    -1.103351
       2.322169     0.109249    -0.003655
      -0.546660     2.194789     1.095903
      -0.547189     2.197426    -2.202581
      -0.546669     2.194783    -1.103398
      -0.546505     2.193830    -0.003741
       0.546661     2.194789     1.095903
       0.547190     2.197426    -2.202581
       0.546671     2.194783    -1.103398
       0.546507     2.193829    -0.003741
      -2.323088     0.109423     1.096010
      -2.325803     0.110000    -2.202586
      -2.323141     0.109496    -1.103351
      -2.322169     0.109250    -0.003655
      -1.985013     1.149494     1.095953
      -1.987390     1.150942    -2.202593
      -1.985051     1.149528    -1.103389
      -1.984187     1.149024    -0.003710
      -0.889000    -2.227833     1.095944
      -0.890232    -2.228690    -2.202379
      -0.889113    -2.227183    -1.103147
      -0.888647    -2.226924    -0.003539
      -1.773799    -1.583072     1.096137
      -1.775886    -1.583941    -2.202700
      -1.773933    -1.582707    -1.103342
      -1.773194    -1.582407    -0.003562
      -0.000001    -2.864180     1.094716
      -0.000001    -2.865190    -2.200602
       2.652942    -0.932175     1.095192
       2.655596    -0.932691    -2.201192
       1.639145     2.186270     1.094947
       1.640784     2.188507    -2.201056
      -1.639144     2.186271     1.094947
      -1.640783     2.188508    -2.201056
      -2.652942    -0.932174     1.095192
      -2.655597    -0.932689    -2.201192
      -0.000000    -0.071370     2.748946
      -0.000000    -0.070809    -3.857377
      -0.000001    -3.799786    -1.648469
      -0.000001    -3.798648    -0.552129
      -0.000001    -3.799403     0.543925
       3.542759    -1.219779    -1.648368
       3.541002    -1.219160    -0.551725
       3.540942    -1.219168     0.544515
       2.188801     2.943156    -1.648253
       2.187684     2.941647    -0.551798
       2.187667     2.941656     0.544254
      -2.188799     2.943157    -1.648253
      -2.187682     2.941648    -0.551798
      -2.187665     2.941657     0.544254
      -3.542759    -1.219777    -1.648368
      -3.541003    -1.219158    -0.551725
      -3.540943    -1.219166     0.544515
      -0.000000    -1.000764     3.298078
      -0.000000    -1.001752    -4.406329
      -0.000001    -1.932641     2.745504
      -0.000001    -1.934583    -3.852569
      -0.000001    -2.866219     2.192693
      -0.000001    -2.868662    -3.298657
       0.883670    -0.358298     3.298411
       0.885506    -0.358139    -4.406497
       1.769043    -0.645663     2.746311
       1.772318    -0.646032    -3.853031
       2.655501    -0.932739     2.193857
       2.659973    -0.933905    -3.299346
       0.546011     0.680907     3.298453
       0.547173     0.682826    -4.406466
       1.093049     1.434310     2.746169
       1.095120     1.437221    -3.852882
       1.640717     2.188526     2.193521
       1.643533     2.192321    -3.299097
      -0.546011     0.680907     3.298453
      -0.547173     0.682827    -4.406466
      -1.093048     1.434311     2.746169
      -1.095119     1.437222    -3.852882
      -1.640716     2.188527     2.193521
      -1.643531     2.192322    -3.299097
      -0.883670    -0.358298     3.298411
      -0.885507    -0.358139    -4.406497
      -1.769043    -0.645662     2.746311
      -1.772318    -0.646031    -3.853031
      -2.655501    -0.932738     2.193857
      -2.659974    -0.933904    -3.299346
       0.887875    -1.294044     2.747018
       0.889672    -1.295177    -3.854063
       1.436401     0.396025     2.747177
       1.439319     0.397353    -3.854058
       0.000000     1.439984     2.747104
       0.000000     1.443129    -3.854000
      -1.436401     0.396026     2.747177
      -1.439319     0.397354    -3.854058
      -0.887876    -1.294043     2.747018
      -0.889673    -1.295176    -3.854063
       1.775748    -1.584397     2.195333
       1.779114    -1.586158    -3.301167
       0.890112    -2.229593     2.194880
       0.891964    -2.231530    -3.300843
       1.987311     1.150920     2.195117
       1.991137     1.153272    -3.300881
       2.325711     0.109944     2.195177
       2.330121     0.110635    -3.300912
      -0.547167     2.197452     2.195053
      -0.548124     2.201696    -3.300853
       0.547169     2.197452     2.195053
       0.548125     2.201696    -3.300853
      -2.325710     0.109946     2.195177
      -2.330121     0.110637    -3.300912
      -1.987310     1.150921     2.195117
      -1.991136     1.153274    -3.300881
      -0.890113    -2.229593     2.194880
      -0.891965    -2.231529    -3.300843
      -1.775749    -1.584396     2.195333
      -1.779115    -1.586157    -3.301167
       2.663973    -1.873240     1.643355
       2.668421    -1.875961    -2.747938
       2.664168    -1.873039    -1.650589
       2.662241    -1.871518    -0.552536
       2.662131    -1.871644     0.545410
       1.780077    -2.522211     1.643873
       1.783474    -2.524907    -2.748676
       1.780331    -2.521411    -1.651118
       1.778630    -2.519798    -0.552724
       1.778502    -2.520179     0.545682
       0.891790    -3.165824     1.642705
       0.893616    -3.167861    -2.747488
       0.891982    -3.164338    -1.650223
       0.890945    -3.163071    -0.552507
       0.890875    -3.163698     0.545173
       2.537794     1.906090     1.642868
       2.542169     1.909231    -2.747500
       2.537845     1.906066    -1.650364
       2.535585     1.904754    -0.552581
       2.535569     1.904755     0.545109
       2.880019     0.865971     1.643591
       2.885179     0.867672    -2.748285
       2.880069     0.865951    -1.651018
       2.877344     0.865020    -0.552836
       2.877329     0.865014     0.545450
       3.215023    -0.176270     1.643012
       3.220392    -0.176271    -2.747563
       3.215075    -0.176309    -1.650363
       3.212493    -0.176629    -0.552515
       3.212472    -0.176639     0.545223
      -1.094809     2.954551     1.642825
      -1.096482     2.959552    -2.747504
      -1.094834     2.954502    -1.650378
      -1.094299     2.951983    -0.552606
      -1.094292     2.951998     0.545073
       0.000001     2.958398     1.643504
       0.000001     2.963688    -2.748293
       0.000001     2.958346    -1.651054
       0.000001     2.955514    -0.552899
       0.000001     2.955530     0.545370
       1.094811     2.954550     1.642825
       1.096484     2.959552    -2.747504
       1.094836     2.954502    -1.650378
       1.094301     2.951983    -0.552606
       1.094293     2.951997     0.545073
      -3.215023    -0.176268     1.643012
      -3.220392    -0.176269    -2.747563
      -3.215075    -0.176307    -1.650363
      -3.212493    -0.176628    -0.552515
      -3.212472    -0.176637     0.545223
      -2.880019     0.865973     1.643591
      -2.885178     0.867674    -2.748285
      -2.880069     0.865952    -1.651018
      -2.877344     0.865022    -0.552836
      -2.877328     0.865015     0.545450
      -2.537793     1.906092     1.642868
      -2.542167     1.909233    -2.747500
      -2.537844     1.906067    -1.650364
      -2.535584     1.904755    -0.552581
      -2.535568     1.904756     0.545109
      -0.891792    -3.165824     1.642705
      -0.893618    -3.167860    -2.747488
      -0.891984    -3.164337    -1.650223
      -0.890947    -3.163070    -0.552507
      -0.890877    -3.163698     0.545173
      -1.780078    -2.522210     1.643873
      -1.783475    -2.524906    -2.748676
      -1.780332    -2.521410    -1.651118
      -1.778632    -2.519797    -0.552724
      -1.778503    -2.520177     0.545682
      -2.663974    -1.873239     1.643355
      -2.668422    -1.875959    -2.747938
      -2.664170    -1.873038    -1.650589
      -2.662243    -1.871517    -0.552536
      -2.662132    -1.871642     0.545410
      -0.000001    -3.801538     1.640140
      -0.000001    -3.803735    -2.745192
       3.542663    -1.219690     1.641101
       3.547749    -1.221538    -2.745677
       2.188751     2.943196     1.640696
       2.191961     2.947476    -2.745435
      -2.188749     2.943197     1.640696
      -2.191959     2.947477    -2.745435
      -3.542664    -1.219688     1.641101
      -3.547750    -1.221536    -2.745677
      -0.000000    -0.071003     3.849822
      -0.000000    -0.070423    -4.959157
      -0.000001    -4.740355    -2.192248
      -0.000001    -4.738189    -1.098382
      -0.000001    -4.738463    -0.005324
      -0.000001    -4.739876     1.088329
       4.434822    -1.508791    -2.191181
       4.432883    -1.507771    -1.096947
       4.432458    -1.507507    -0.003569
       4.432790    -1.507684     1.089755
       2.739906     3.701970    -2.191050
       2.738608     3.700250    -1.096968
       2.738330     3.699919    -0.003790
       2.738574     3.700292     1.089382
      -2.739904     3.701971    -2.191050
      -2.738606     3.700252    -1.096968
      -2.738328     3.699920    -0.003790
      -2.738571     3.700294     1.089382
      -4.434822    -1.508788    -2.191181
      -4.432883    -1.507769    -1.096947
      -4.432459    -1.507504    -0.003569
      -4.432791    -1.507681     1.089755
      -0.000000    -1.002067     4.398609
      -0.000000    -1.004673    -5.509241
      -0.000001    -1.935149     3.844637
      -0.000001    -1.939274    -4.953326
      -0.000001    -2.869655     3.290338
      -0.000001    -2.874817    -4.397490
      -0.000001    -3.805501     2.736275
      -0.000001    -3.811174    -3.842582
       0.885469    -0.358327     4.398932
       0.888765    -0.358817    -5.509300
       1.772267    -0.646099     3.845566
       1.777557    -0.647391    -4.953556
       2.659944    -0.933710     3.291993
       2.667094    -0.936060    -4.397883
       3.547747    -1.221120     2.738404
       3.556763    -1.224609    -3.842994
       0.547108     0.682755     4.398903
       0.549207     0.685855    -5.509177
       1.095018     1.437236     3.845326
       1.098392     1.441841    -4.953312
       1.643431     2.192389     3.291535
       1.647982     2.198472    -4.397569
       2.191876     2.947568     2.737859
       2.197612     2.955220    -3.842702
      -0.547108     0.682756     4.398903
      -0.549207     0.685856    -5.509177
      -1.095017     1.437237     3.845326
      -1.098391     1.441842    -4.953312
      -1.643430     2.192390     3.291535
      -1.647980     2.198473    -4.397569
      -2.191874     2.947570     2.737859
      -2.197610     2.955222    -3.842702
      -0.885469    -0.358327     4.398932
      -0.888765    -0.358817    -5.509300
      -1.772267    -0.646098     3.845566
      -1.777558    -0.647390    -4.953556
      -2.659944    -0.933709     3.291993
      -2.667095    -0.936058    -4.397883
      -3.547748    -1.221118     2.738404
      -3.556763    -1.224607    -3.842994
       0.889646    -1.295592     3.846434
       0.892218    -1.298039    -4.954164
       1.439204     0.397310     3.846531
       1.443456     0.398952    -4.953978
       0.000000     1.443136     3.846433
       0.000000     1.447612    -4.953894
      -1.439204     0.397311     3.846531
      -1.443456     0.398952    -4.953978
      -0.889646    -1.295592     3.846434
      -0.892219    -1.298038    -4.954164
       1.779058    -1.586416     3.293703
       1.783886    -1.589708    -4.399322
       0.891912    -2.232339     3.293081
       0.894402    -2.236240    -4.399161
       1.991016     1.153321     3.293358
       1.996515     1.156681    -4.398879
       2.330004     0.110706     3.293440
       2.336388     0.111336    -4.398947
      -0.548089     2.201761     3.293284
      -0.549584     2.207859    -4.398838
       0.548091     2.201761     3.293284
       0.549585     2.207859    -4.398838
      -2.330004     0.110707     3.293440
      -2.336388     0.111337    -4.398947
      -1.991016     1.153322     3.293358
      -1.996514     1.156682    -4.398879
      -0.891913    -2.232339     3.293081
      -0.894403    -2.236240    -4.399161
      -1.779059    -1.586415     3.293703
      -1.783887    -1.589707    -4.399322
       2.668341    -1.875858     2.740652
       2.675376    -1.880348    -3.844361
       1.783331    -2.525521     2.741197
       1.788127    -2.530478    -3.845400
       0.893495    -3.169397     2.739515
       0.895810    -3.174082    -3.844269
       2.542078     1.909322     2.739968
       2.548658     1.914519    -3.843814
       2.885091     0.867798     2.740801
       2.892641     0.870164    -3.844746
       3.220328    -0.176046     2.740149
       3.228691    -0.176676    -3.843928
      -1.096438     2.959646     2.739923
      -1.099477     2.967319    -3.843810
       0.000001     2.963784     2.740711
       0.000001     2.971515    -3.844727
       1.096440     2.959645     2.739923
       1.099479     2.967318    -3.843810
      -3.220328    -0.176044     2.740149
      -3.228691    -0.176674    -3.843928
      -2.885091     0.867800     2.740801
      -2.892641     0.870166    -3.844746
      -2.542076     1.909324     2.739968
      -2.548657     1.914521    -3.843814
      -0.893497    -3.169396     2.739515
      -0.895812    -3.174082    -3.844269
      -1.783332    -2.525520     2.741197
      -1.788128    -2.530477    -3.845400
      -2.668342    -1.875857     2.740652
      -2.675377    -1.880346    -3.844361
       3.557373    -2.164786     2.187362
       3.566458    -2.170368    -3.289636
       3.557503    -2.165099    -2.194523
       3.553673    -2.161629    -1.098693
       3.552987    -2.160729    -0.003510
       3.553465    -2.161683     1.091584
       2.674551    -2.816524     2.188886
       2.681496    -2.823023    -3.291209
       2.674780    -2.816391    -2.196025
       2.670972    -2.812135    -1.099743
       2.669770    -2.810933    -0.003418
       2.670687    -2.812524     1.092769
       1.786627    -3.464057     2.188601
       1.791131    -3.470208    -3.291575
       1.786924    -3.462735    -2.196022
       1.784091    -3.458765    -1.099668
       1.783049    -3.458144    -0.003546
       1.783815    -3.459884     1.092593
       0.894922    -4.107404     2.186359
       0.896835    -4.111758    -3.290215
       0.895053    -4.104615    -2.194559
       0.893536    -4.101858    -1.099222
       0.893087    -4.101887    -0.004197
       0.893498    -4.103518     1.091069
       3.092676     2.665070     2.186639
       3.100260     2.672090    -3.289199
       3.092739     2.664966    -2.194187
       3.088434     2.662228    -1.098606
       3.087399     2.661917    -0.003758
       3.088406     2.662265     1.091081
       3.438902     1.624821     2.188046
       3.447336     1.629086    -3.290533
       3.438945     1.624686    -2.195548
       3.433572     1.622346    -1.099630
       3.431861     1.621744    -0.003724
       3.433556     1.622388     1.092167
       3.778239     0.581795     2.188113
       3.787617     0.582887    -3.290571
       3.778254     0.581593    -2.195562
       3.772538     0.580394    -1.099615
       3.770803     0.579912    -0.003685
       3.772537     0.580451     1.092221
       4.110248    -0.462740     2.186894
       4.120448    -0.464599    -3.289341
       4.110244    -0.463050    -2.194262
       4.105195    -0.463190    -1.098583
       4.104189    -0.463465    -0.003638
       4.105191    -0.463113     1.091275
      -1.644712     3.717005     2.186608
      -1.649240     3.726205    -3.289221
      -1.644755     3.716905    -2.194212
      -1.643450     3.712014    -1.098633
      -1.643446     3.710971    -0.003789
      -1.643430     3.712061     1.091047
      -0.548457     3.724556     2.187989
      -0.550083     3.733744    -3.290569
      -0.548471     3.724451    -2.195594
      -0.547887     3.718665    -1.099688
      -0.547827     3.716886    -0.003789
      -0.547880     3.718716     1.092102
       0.548459     3.724556     2.187989
       0.550086     3.733744    -3.290569
       0.548473     3.724451    -2.195594
       0.547889     3.718664    -1.099688
       0.547829     3.716886    -0.003789
       0.547883     3.718716     1.092102
       1.644715     3.717004     2.186608
       1.649243     3.726204    -3.289221
       1.644758     3.716904    -2.194212
       1.643452     3.712013    -1.098633
       1.643448     3.710970    -0.003789
       1.643432     3.712060     1.091047
      -4.110248    -0.462738     2.186894
      -4.120449    -0.464596    -3.289341
      -4.110244    -0.463047    -2.194262
      -4.105195    -0.463188    -1.098583
      -4.104189    -0.463463    -0.003638
      -4.105191    -0.463110     1.091275
      -3.778239     0.581797     2.188113
      -3.787616     0.582889    -3.290571
      -3.778254     0.581595    -2.195562
      -3.772538     0.580396    -1.099615
      -3.770803     0.579914    -0.003685
      -3.772536     0.580453     1.092221
      -3.438901     1.624823     2.188046
      -3.447335     1.629088    -3.290533
      -3.438944     1.624688    -2.195548
      -3.433571     1.622348    -1.099630
      -3.431860     1.621746    -0.003724
      -3.433555     1.622391     1.092167
      -3.092675     2.665072     2.186639
      -3.100259     2.672092    -3.289199
      -3.092737     2.664968    -2.194187
      -3.088433     2.662230    -1.098606
      -3.087398     2.661918    -0.003758
      -3.088404     2.662267     1.091081
      -0.894925    -4.107403     2.186359
      -0.896837    -4.111757    -3.290216
      -0.895055    -4.104614    -2.194559
      -0.893539    -4.101857    -1.099222
      -0.893089    -4.101887    -0.004197
      -0.893500    -4.103517     1.091069
      -1.786629    -3.464056     2.188601
      -1.791133    -3.470207    -3.291575
      -1.786926    -3.462734    -2.196022
      -1.784093    -3.458764    -1.099668
      -1.783051    -3.458143    -0.003546
      -1.783817    -3.459883     1.092593
      -2.674552    -2.816523     2.188886
      -2.681497    -2.823022    -3.291209
      -2.674782    -2.816390    -2.196025
      -2.670974    -2.812133    -1.099743
      -2.669772    -2.810931    -0.003418
      -2.670689    -2.812522     1.092769
      -3.557374    -2.164783     2.187362
      -3.566460    -2.170366    -3.289636
      -3.557504    -2.165097    -2.194523
      -3.553675    -2.161627    -1.098693
      -3.552989    -2.160727    -0.003510
      -3.553466    -2.161681     1.091584
      -0.000001    -4.743382     2.182587
       4.434798    -1.508341     2.183958
       2.739835     3.702067     2.183453
      -2.739833     3.702069     2.183453
      -4.434799    -1.508338     2.183958
       4.447513    -2.453847    -1.640912
       4.446846    -2.451862    -0.549278
       4.446699    -2.451933     0.542331
       4.447258    -2.453626     1.633866
       3.574538    -3.114706    -2.736793
       3.566424    -3.106994    -1.643059
       3.563756    -3.103460    -0.549771
       3.563552    -3.103689     0.543029
       3.566084    -3.107015     1.636155
       2.686228    -3.764361    -2.737760
       2.680531    -3.755530    -1.643678
       2.678053    -3.751906    -0.549849
       2.677851    -3.752410     0.543444
       2.680075    -3.756168     1.636994
       1.793649    -4.408773    -2.738261
       1.790477    -4.400195    -1.643621
       1.788908    -4.398325    -0.550539
       1.788775    -4.398938     0.542724
       1.790187    -4.402550     1.636357
       0.897041    -5.044695    -1.643715
       0.897365    -5.044123    -0.551837
       0.897224    -5.044805     0.540811
       0.897655    -5.047655     1.633876
       3.643181     3.421578    -1.640848
       3.641427     3.421407    -0.549474
       3.641414     3.421434     0.541915
       3.643133     3.421673     1.633275
       4.001351     2.387814    -2.736413
       3.992099     2.381968    -1.642873
       3.988196     2.380361    -0.549990
       3.988193     2.380393     0.542480
       3.992080     2.382089     1.635344
       4.344659     1.342616    -2.737189
       4.334779     1.339511    -1.643432
       4.330518     1.338201    -0.550172
       4.330527     1.338239     0.542711
       4.334796     1.339672     1.635942
       4.681983     0.295533    -2.736490
       4.671081     0.295088    -1.642898
       4.666999     0.294275    -0.549959
       4.667020     0.294320     0.542561
       4.671131     0.295298     1.635462
       5.000546    -0.750554    -1.640887
       4.999094    -0.751162    -0.549394
       4.999107    -0.751126     0.542110
       5.000590    -0.750300     1.633556
      -2.193911     4.474399    -1.640883
      -2.194227     4.472733    -0.549509
      -2.194216     4.472763     0.541883
      -2.193873     4.474489     1.633249
      -1.100166     4.495273    -2.736477
      -1.097391     4.484716    -1.642935
      -1.097012     4.480550    -0.550052
      -1.097007     4.480582     0.542422
      -1.097373     4.484810     1.635296
       0.000001     4.498449    -2.737243
       0.000001     4.488107    -1.643498
       0.000001     4.483665    -0.550253
       0.000001     4.483697     0.542623
       0.000001     4.488203     1.635859
       1.100168     4.495272    -2.736477
       1.097394     4.484715    -1.642935
       1.097015     4.480550    -0.550052
       1.097009     4.480581     0.542422
       1.097376     4.484809     1.635296
       2.193913     4.474398    -1.640883
       2.194230     4.472732    -0.549509
       2.194218     4.472761     0.541883
       2.193876     4.474487     1.633249
      -5.000547    -0.750551    -1.640887
      -4.999095    -0.751159    -0.549394
      -4.999107    -0.751123     0.542110
      -5.000590    -0.750297     1.633556
      -4.681983     0.295536    -2.736490
      -4.671080     0.295091    -1.642898
      -4.666999     0.294278    -0.549959
      -4.667019     0.294322     0.542561
      -4.671131     0.295301     1.635462
      -4.344658     1.342618    -2.737189
      -4.334778     1.339514    -1.643432
      -4.330517     1.338203    -0.550172
      -4.330526     1.338242     0.542711
      -4.334795     1.339674     1.635942
      -4.001349     2.387817    -2.736413
      -3.992098     2.381970    -1.642873
      -3.988195     2.380363    -0.549990
      -3.988192     2.380396     0.542480
      -3.992078     2.382092     1.635344
      -3.643179     3.421580    -1.640848
      -3.641425     3.421409    -0.549475
      -3.641412     3.421436     0.541915
      -3.643131     3.421675     1.633275
      -0.897044    -5.044695    -1.643715
      -0.897368    -5.044122    -0.551837
      -0.897228    -5.044805     0.540811
      -0.897658    -5.047654     1.633876
      -1.793652    -4.408772    -2.738261
      -1.790479    -4.400194    -1.643621
      -1.788910    -4.398324    -0.550539
      -1.788777    -4.398937     0.542724
      -1.790189    -4.402549     1.636357
      -2.686230    -3.764360    -2.737760
      -2.680533    -3.755528    -1.643678
      -2.678055    -3.751904    -0.549849
      -2.677854    -3.752408     0.543444
      -2.680078    -3.756167     1.636994
      -3.574540    -3.114704    -2.736793
      -3.566426    -3.106992    -1.643059
      -3.563758    -3.103458    -0.549771
      -3.563554    -3.103686     0.543029
      -3.566086    -3.107013     1.636155
      -4.447515    -2.453844    -1.640912
      -4.446848    -2.451859    -0.549278
      -4.446701    -2.451931     0.542331
      -4.447260    -2.453623     1.633866
      -0.000001    -4.748357    -3.288577
       4.445056    -1.512580    -3.288888
       2.746366     3.710788    -3.288707
      -2.746364     3.710790    -3.288707
      -4.445057    -1.512577    -3.288888
      -0.000000    -0.070091    -6.063714
      -0.000002    -5.692342    -2.734719
      -0.000002    -5.687737    -1.643348
      -0.000002    -5.687074    -0.552967
      -0.000002    -5.687519     0.538399
       5.328467    -1.798908    -2.733543
       5.328900    -1.798341    -1.641502
       5.328297    -1.797728    -0.549859
       5.328234    -1.797741     0.542772
       3.292078     4.462161    -2.733481
       3.292170     4.462397    -1.641531
       3.291714     4.461853    -0.550056
       3.291696     4.461881     0.542440
      -3.292075     4.462163    -2.733481
      -3.292167     4.462399    -1.641531
      -3.291712     4.461855    -0.550056
      -3.291694     4.461883     0.542440
      -5.328468    -1.798905    -2.733543
      -5.328901    -1.798338    -1.641502
      -5.328298    -1.797725    -0.549859
      -5.328235    -1.797738     0.542772
      -0.000000    -1.005454    -6.629608
      -0.000001    -1.948574    -6.065446
      -0.000001    -2.888066    -5.505810
      -0.000001    -3.827338    -4.947918
      -0.000001    -4.768245    -4.390555
       0.889843    -0.358933    -6.629557
       1.786932    -0.650243    -6.065407
       2.680701    -0.940380    -5.505721
       3.574333    -1.230379    -4.947552
       4.469367    -1.520751    -4.389453
       0.549898     0.686983    -6.629374
       1.104225     1.449968    -6.065115
       1.656444     2.210143    -5.505389
       2.208542     2.970230    -4.947257
       2.761499     3.731544    -4.389272
      -0.549898     0.686983    -6.629374
      -1.104224     1.449969    -6.065115
      -1.656442     2.210144    -5.505389
      -2.208541     2.970231    -4.947257
      -2.761497     3.731546    -4.389272
      -0.889843    -0.358932    -6.629557
      -1.786933    -0.650241    -6.065407
      -2.680702    -0.940378    -5.505721
      -3.574334    -1.230377    -4.947552
      -4.469368    -1.520748    -4.389453
       0.896635    -1.303788    -6.062123
       1.450654     0.401479    -6.061808
       0.000000     1.455303    -6.061709
      -1.450654     0.401479    -6.061808
      -0.896635    -1.303788    -6.062123
       1.792112    -1.596581    -5.503720
       0.898630    -2.245679    -5.503748
       2.005868     1.162443    -5.503217
       2.347258     0.112409    -5.503311
      -0.552077     2.218541    -5.503165
       0.552078     2.218541    -5.503165
      -2.347258     0.112410    -5.503311
      -2.005867     1.162445    -5.503217
      -0.898632    -2.245678    -5.503748
      -1.792113    -1.596580    -5.503720
       2.686870    -1.887915    -4.946034
       1.795704    -2.540541    -4.947432
       0.899606    -3.186238    -4.946337
       2.559490     1.923170    -4.945478
       2.904849     0.874201    -4.946735
       3.242471    -0.177235    -4.945623
      -1.104336     2.980259    -4.945464
       0.000001     2.984346    -4.946694
       1.104338     2.980258    -4.945464
      -3.242471    -0.177233    -4.945623
      -2.904849     0.874202    -4.946735
      -2.559488     1.923171    -4.945478
      -0.899608    -3.186238    -4.946337
      -1.795706    -2.540540    -4.947432
      -2.686871    -1.887913    -4.946034
       3.582145    -2.178772    -4.388483
       2.692222    -2.833592    -4.391035
       1.797986    -3.483371    -4.391346
       0.900315    -4.126867    -4.389742
       3.112923     2.684549    -4.388035
       3.460578     1.636048    -4.390372
       3.802394     0.585006    -4.390423
       4.137943    -0.467366    -4.388206
      -1.657213     3.742041    -4.388051
      -0.552622     3.748445    -4.390399
       0.552625     3.748445    -4.390399
       1.657215     3.742040    -4.388051
      -4.137943    -0.467363    -4.388206
      -3.802394     0.585008    -4.390423
      -3.460577     1.636050    -4.390372
      -3.112921     2.684551    -4.388035
      -0.900318    -4.126867    -4.389742
      -1.797988    -3.483370    -4.391346
      -2.692224    -2.833590    -4.391035
      -3.582146    -2.178770    -4.388483
       4.479448    -2.469733    -3.829850
       4.456197    -2.460408    -2.734851
       3.589336    -3.125839    -3.834118
       2.696090    -3.778502    -3.835592
       1.800022    -4.426796    -3.835034
       0.901300    -5.068894    -3.833717
       0.896770    -5.049728    -2.737355
       3.667208     3.447862    -3.829651
       3.651561     3.428278    -2.734685
       4.015941     2.398741    -3.833744
       4.360522     1.347691    -3.835081
       4.700180     0.295059    -3.833849
       5.035255    -0.758462    -3.829826
       5.011174    -0.751478    -2.734824
      -2.211638     4.505248    -3.829687
      -2.197771     4.484378    -2.734724
      -1.106114     4.512476    -3.833810
       0.000001     4.515092    -3.835130
       1.106116     4.512475    -3.833810
       2.211641     4.505246    -3.829687
       2.197774     4.484377    -2.734724
      -5.035255    -0.758459    -3.829826
      -5.011174    -0.751475    -2.734824
      -4.700180     0.295062    -3.833849
      -4.360521     1.347694    -3.835081
      -4.015940     2.398743    -3.833744
      -3.667206     3.447864    -3.829651
      -3.651559     3.428281    -2.734685
      -0.901303    -5.068893    -3.833717
      -0.896773    -5.049727    -2.737355
      -1.800025    -4.426795    -3.835034
      -2.696093    -3.778500    -3.835592
      -3.589338    -3.125836    -3.834118
      -4.479449    -2.469731    -3.829850
      -4.456198    -2.460405    -2.734851
       5.345236    -2.750235    -2.178645
       5.344687    -2.747534    -1.092359
       5.344304    -2.746075    -0.003439
       4.488992    -3.417379    -3.275842
       4.467541    -3.407118    -2.181201
       4.461594    -3.400591    -1.091777
       4.460738    -3.399010    -0.003332
       4.461103    -3.400848     1.085139
       3.595208    -4.072908    -3.278701
       3.581800    -4.057983    -2.183423
       3.577200    -4.050687    -1.092834
       3.576001    -4.049184    -0.003175
       3.576539    -4.051400     1.086535
       2.699765    -4.724405    -3.278464
       2.691991    -4.705078    -2.183382
       2.689329    -4.696784    -1.092492
       2.688219    -4.695894    -0.002777
       2.688592    -4.698314     1.087128
       1.802859    -5.374275    -3.276764
       1.798875    -5.346495    -2.185910
       1.799815    -5.343129    -1.096458
       1.798884    -5.342126    -0.005610
       1.798860    -5.344084     1.085745
       0.909078    -6.000077    -2.189932
       0.910010    -5.997416    -1.099506
       0.908726    -5.996994    -0.008339
       4.202400     4.183671    -2.178722
       4.200329     4.183555    -1.092615
       4.198930     4.183718    -0.003794
       4.571574     3.164161    -3.275902
       4.556083     3.146061    -2.181266
       4.548806     3.141660    -1.092058
       4.547100     3.141471    -0.003777
       4.548794     3.141750     1.084498
       4.918620     2.111634    -3.278786
       4.901548     2.102493    -2.183370
       4.894189     2.099277    -1.093165
       4.892250     2.098806    -0.003765
       4.894206     2.099386     1.085626
       5.261233     1.058411    -3.278846
       5.242007     1.056067    -2.183411
       5.234122     1.054655    -1.093180
       5.232261     1.054049    -0.003751
       5.234172     1.054781     1.085665
       5.599806     0.003130    -3.276065
       5.576668     0.009077    -2.181375
       5.568251     0.008747    -1.092091
       5.566791     0.008074    -0.003718
       5.568317     0.008872     1.084635
       5.901040    -1.037894    -2.178810
       5.899445    -1.038521    -1.092596
       5.898458    -1.039283    -0.003628
      -2.745692     5.241853    -2.178772
      -2.746120     5.239921    -1.092663
      -2.746641     5.238690    -0.003834
      -1.662105     5.277602    -3.275989
      -1.649568     5.257329    -2.181343
      -1.647525     5.249104    -1.092129
      -1.647808     5.247460    -0.003839
      -1.647510     5.249175     1.084449
      -0.553804     5.282103    -3.278869
      -0.550264     5.263057    -2.183446
      -0.549347     5.255087    -1.093242
      -0.549429     5.253113    -0.003841
      -0.549342     5.255159     1.085559
       0.553807     5.282102    -3.278869
       0.550267     5.263056    -2.183446
       0.549351     5.255087    -1.093242
       0.549432     5.253113    -0.003841
       0.549346     5.255159     1.085559
       1.662108     5.277601    -3.275989
       1.649572     5.257328    -2.181343
       1.647529     5.249103    -1.092129
       1.647811     5.247459    -0.003839
       1.647513     5.249174     1.084449
       2.745696     5.241851    -2.178772
       2.746123     5.239919    -1.092663
       2.746644     5.238689    -0.003834
      -5.901041    -1.037890    -2.178810
      -5.899446    -1.038518    -1.092596
      -5.898459    -1.039280    -0.003628
      -5.599806     0.003134    -3.276065
      -5.576668     0.009080    -2.181375
      -5.568251     0.008751    -1.092091
      -5.566791     0.008077    -0.003718
      -5.568317     0.008876     1.084635
      -5.261233     1.058414    -3.278846
      -5.242006     1.056070    -2.183411
      -5.234122     1.054659    -1.093180
      -5.232260     1.054053    -0.003751
      -5.234172     1.054784     1.085665
      -4.918619     2.111637    -3.278786
      -4.901546     2.102496    -2.183370
      -4.894188     2.099280    -1.093165
      -4.892248     2.098809    -0.003765
      -4.894205     2.099389     1.085626
      -4.571572     3.164164    -3.275902
      -4.556082     3.146064    -2.181266
      -4.548804     3.141662    -1.092058
      -4.547098     3.141474    -0.003777
      -4.548792     3.141753     1.084498
      -4.202397     4.183674    -2.178722
      -4.200327     4.183557    -1.092615
      -4.198928     4.183720    -0.003794
      -0.909082    -6.000077    -2.189932
      -0.910014    -5.997416    -1.099506
      -0.908730    -5.996993    -0.008339
      -1.802862    -5.374274    -3.276764
      -1.798878    -5.346493    -2.185910
      -1.799818    -5.343128    -1.096458
      -1.798887    -5.342125    -0.005610
      -1.798863    -5.344083     1.085745
      -2.699768    -4.724403    -3.278464
      -2.691994    -4.705076    -2.183382
      -2.689332    -4.696782    -1.092492
      -2.688222    -4.695893    -0.002777
      -2.688595    -4.698312     1.087128
      -3.595211    -4.072906    -3.278701
      -3.581802    -4.057981    -2.183423
      -3.577203    -4.050685    -1.092834
      -3.576004    -4.049182    -0.003175
      -3.576541    -4.051398     1.086535
      -4.488994    -3.417376    -3.275842
      -4.467543    -3.407115    -2.181201
      -4.461596    -3.400589    -1.091777
      -4.460741    -3.399007    -0.003332
      -4.461105    -3.400845     1.085139
      -5.345238    -2.750232    -2.178645
      -5.344689    -2.747531    -1.092359
      -5.344305    -2.746071    -0.003439
      -0.000000    -0.070587     4.951550
      -0.000002    -5.689574     1.630092
       5.328812    -1.798060     1.634338
       3.292111     4.462487     1.633907
      -3.292108     4.462489     1.633907
      -5.328813    -1.798057     1.634338
       5.344364    -2.747606     1.085491
       0.908004    -5.998542     1.083179
       4.200297     4.183629     1.085021
       5.899469    -1.038438     1.085303
      -2.746093     5.239990     1.084992
       2.746096     5.239988     1.084992
      -5.899470    -1.038434     1.085303
      -4.200295     4.183631     1.085021
      -0.908007    -5.998542     1.083179
      -5.344365    -2.747603     1.085491
      -0.000000    -1.004896     5.501515
      -0.000001    -1.939711     4.945351
      -0.000001    -2.875631     4.389017
      -0.000001    -3.812642     3.833170
       0.888721    -0.358877     5.501735
       1.777517    -0.647253     4.946119
       2.667115    -0.935581     4.390597
       3.556869    -1.223809     3.835809
       0.549129     0.685850     5.501582
       1.098274     1.441915     4.945726
       1.647857     2.198598     4.389983
       2.197498     2.955374     3.835109
      -0.549129     0.685850     5.501582
      -1.098273     1.441915     4.945726
      -1.647856     2.198599     4.389983
      -2.197496     2.955376     3.835109
      -0.888721    -0.358876     5.501735
      -1.777517    -0.647252     4.946119
      -2.667116    -0.935579     4.390597
      -3.556870    -1.223807     3.835809
       0.892192    -1.298242     4.946531
       1.443318     0.399011     4.946415
       0.000000     1.447668     4.946284
      -1.443318     0.399012     4.946415
      -0.892193    -1.298242     4.946531
       1.783879    -1.589611     4.391914
       0.894377    -2.236708     4.391343
       1.996366     1.156820     4.391317
       2.336257     0.111569     4.391439
      -0.549540     2.207970     4.391233
       0.549541     2.207969     4.391233
      -2.336257     0.111571     4.391439
      -1.996365     1.156821     4.391317
      -0.894379    -2.236707     4.391343
      -1.783880    -1.589610     4.391914
       2.675438    -1.879758     3.837189
       1.788128    -2.530477     3.837953
       0.895805    -3.175094     3.836050
       2.548533     1.914698     3.836249
       2.892525     0.870434     3.837214
       3.228632    -0.176210     3.836486
      -1.099416     2.967461     3.836202
       0.000001     2.971657     3.837115
       1.099417     2.967460     3.836202
      -3.228632    -0.176208     3.836486
      -2.892524     0.870435     3.837214
      -2.548532     1.914699     3.836249
      -0.895807    -3.175094     3.836050
      -1.788129    -2.530476     3.837953
      -2.675439    -1.879757     3.837189
       3.566587    -2.169423     3.282589
       2.681585    -2.822308     3.284167
       1.791156    -3.470516     3.283976
       0.897003    -4.113998     3.281242
       3.100163     2.672281     3.281627
       3.447261     1.629353     3.282989
       3.787584     0.583301     3.283071
       4.120480    -0.463956     3.281947
      -1.649174     3.726358     3.281599
      -0.550061     3.733900     3.282943
       0.550063     3.733900     3.282943
       1.649177     3.726357     3.281599
      -4.120480    -0.463953     3.281947
      -3.787584     0.583303     3.283071
      -3.447260     1.629356     3.282989
      -3.100161     2.672283     3.281627
      -0.897005    -4.113997     3.281242
      -1.791158    -3.470515     3.283976
      -2.681586    -2.822307     3.284167
      -3.566589    -2.169421     3.282589
       3.574676    -3.113704     2.729923
       2.686344    -3.763660     2.731045
       1.794036    -4.410190     2.730402
       4.001305     2.388062     2.728856
       4.344665     1.342962     2.729659
       4.682044     0.296021     2.729008
      -1.100134     4.495426     2.728826
       0.000001     4.498604     2.729591
       1.100137     4.495426     2.728826
      -4.682044     0.296024     2.729008
      -4.344664     1.342965     2.729659
      -4.001304     2.388064     2.728856
      -1.794038    -4.410189     2.730402
      -2.686346    -3.763659     2.731045
      -3.574678    -3.113702     2.729923
      -0.000001    -4.751064     3.277779
       4.445212    -1.511624     3.281751
       2.746263     3.710952     3.281102
      -2.746261     3.710954     3.281102
      -4.445213    -1.511621     3.281751
       4.456288    -2.459425     2.727869
       0.899166    -5.054661     2.727446
       3.651478     3.428464     2.727100
       5.011268    -0.750811     2.727456
      -2.197706     4.484529     2.727079
       2.197708     4.484528     2.727079
      -5.011269    -0.750808     2.727456
      -3.651476     3.428466     2.727100
      -0.899169    -5.054661     2.727446
      -4.456290    -2.459423     2.727868
      -0.000002    -5.695141     2.722776
       5.328562    -1.798018     2.726392
       3.291977     4.462316     2.725852
      -3.291974     4.462318     2.725852
      -5.328563    -1.798015     2.726392
      -0.000000    -0.070182     6.056097
       5.345014    -2.749555     2.171669
       4.467467    -3.406453     2.174466
       3.581678    -4.057369     2.176934
       2.691713    -4.705024     2.177766
       1.799816    -5.350858     2.177496
       0.906667    -6.003466     2.174911
       4.202313     4.183834     2.171113
       4.556044     3.146281     2.173691
       4.901561     2.102776     2.175810
       5.242082     1.056422     2.175868
       5.576788     0.009493     2.173884
       5.901142    -1.037472     2.171473
      -2.745638     5.241985     2.171095
      -1.649536     5.257467     2.173657
      -0.550253     5.263197     2.175757
       0.550256     5.263196     2.175757
       1.649540     5.257466     2.173657
       2.745641     5.241984     2.171095
      -5.901142    -1.037469     2.171473
      -5.576788     0.009496     2.173884
      -5.242082     1.056425     2.175868
      -4.901560     2.102779     2.175810
      -4.556042     3.146283     2.173691
      -4.202311     4.183836     2.171113
      -0.906670    -6.003465     2.174911
      -1.799819    -5.350857     2.177496
      -2.691716    -4.705022     2.177766
      -3.581681    -4.057367     2.176934
      -4.467469    -3.406450     2.174466
      -5.345016    -2.749552     2.171669
      -0.000000    -1.005552     6.622000
      -0.000001    -1.948719     6.057707
      -0.000001    -2.888297     5.497796
      -0.000001    -3.827617     4.939396
      -0.000001    -4.768308     4.381210
       0.889733    -0.358854     6.622076
       1.786851    -0.649932     6.058057
       2.680717    -0.939704     5.498539
       3.574482    -1.229346     4.940490
       4.469632    -1.519476     4.382445
       0.549832     0.687049     6.621766
       1.104118     1.450088     6.057514
       1.656320     2.210312     5.497790
       2.208417     2.970432     4.939655
       2.761377     3.731765     4.381662
      -0.549831     0.687050     6.621766
      -1.104118     1.450089     6.057514
      -1.656319     2.210313     5.497790
      -2.208415     2.970433     4.939655
      -2.761375     3.731767     4.381662
      -0.889733    -0.358854     6.622076
      -1.786852    -0.649931     6.058057
      -2.680718    -0.939702     5.498539
      -3.574483    -1.229344     4.940490
      -4.469633    -1.519473     4.382445
       0.896568    -1.303734     6.054618
       1.450505     0.401616     6.054235
       0.000000     1.455398     6.054070
      -1.450505     0.401617     6.054235
      -0.896568    -1.303733     6.054618
       1.792061    -1.596156     5.496489
       0.898533    -2.245643     5.496178
       2.005712     1.162645     5.495629
       2.347117     0.112766     5.495789
      -0.552029     2.218684     5.495536
       0.552031     2.218683     5.495536
      -2.347117     0.112768     5.495789
      -2.005711     1.162646     5.495629
      -0.898534    -2.245643     5.496178
      -1.792062    -1.596155     5.496489
       2.686936    -1.886991     4.939060
       1.795649    -2.539869     4.940357
       0.899450    -3.186197     4.938611
       2.559348     1.923413     4.937887
       2.904719     0.874583     4.939168
       3.242419    -0.176583     4.938177
      -1.104263     2.980437     4.937838
       0.000001     2.984521     4.939061
       1.104265     2.980436     4.937839
      -3.242419    -0.176581     4.938177
      -2.904718     0.874584     4.939168
      -2.559347     1.923414     4.937887
      -0.899452    -3.186196     4.938611
      -1.795650    -2.539868     4.940357
      -2.686937    -1.886990     4.939060
       3.582377    -2.177447     4.381623
       2.692396    -2.832191     4.384348
       1.797970    -3.482089     4.384568
       0.900101    -4.126738     4.381726
       3.112803     2.684813     4.380443
       3.460480     1.636429     4.382794
       3.802351     0.585604     4.382888
       4.138009    -0.466455     4.380825
      -1.657130     3.742239     4.380417
      -0.552593     3.748641     4.382757
       0.552596     3.748641     4.382757
       1.657132     3.742238     4.380417
      -4.138009    -0.466452     4.380825
      -3.802351     0.585606     4.382888
      -3.460479     1.636431     4.382794
      -3.112802     2.684815     4.380443
      -0.900103    -4.126737     4.381726
      -1.797972    -3.482088     4.384568
      -2.692398    -2.832190     4.384348
      -3.582378    -2.177445     4.381623
       4.479841    -2.468218     3.823010
       3.589819    -3.124006     3.827525
       2.696616    -3.776177     3.829456
       1.800300    -4.423938     3.829045
       0.901356    -5.068540     3.825400
       3.667103     3.448134     3.822052
       4.015872     2.399107     3.826161
       4.360512     1.348219     3.827516
       4.700247     0.295817     3.826337
       5.035413    -0.757420     3.822472
      -2.211551     4.505451     3.822034
      -1.106070     4.512679     3.826148
       0.000001     4.515297     3.827466
       1.106073     4.512679     3.826148
       2.211554     4.505450     3.822034
      -5.035413    -0.757417     3.822472
      -4.700247     0.295820     3.826337
      -4.360511     1.348221     3.827516
      -4.015870     2.399110     3.826161
      -3.667101     3.448136     3.822052
      -0.901359    -5.068540     3.825400
      -1.800303    -4.423936     3.829045
      -2.696618    -3.776175     3.829456
      -3.589821    -3.124004     3.827525
      -4.479842    -2.468216     3.823010
       4.489819    -3.415476     3.269242
       3.596368    -4.070230     3.272609
       2.701426    -4.720410     3.273728
       1.804550    -5.366666     3.273863
       4.571509     3.164519     3.268311
       4.918622     2.112101     3.271203
       5.261316     1.059024     3.271276
       5.599964     0.003906     3.268552
      -1.662061     5.277800     3.268298
      -0.553789     5.282302     3.271174
       0.553792     5.282302     3.271174
       1.662064     5.277799     3.268298
      -5.599964     0.003910     3.268552
      -5.261315     1.059027     3.271276
      -4.918621     2.112104     3.271203
      -4.571507     3.164522     3.268311
      -1.804553    -5.366665     3.273863
      -2.701429    -4.720408     3.273728
      -3.596370    -4.070228     3.272609
      -4.489821    -3.415474     3.269242
      -0.000002    -5.714670    -3.830720
       5.369067    -1.812604    -3.829344
       3.317353     4.496859    -3.829315
      -3.317350     4.496861    -3.829315
      -5.369068    -1.812601    -3.829344
       5.387063    -2.757605    -3.267088
       0.909871    -6.021281    -3.280515
       4.221745     4.222059    -3.267148
       5.939165    -1.058194    -3.267302
      -2.776354     5.272054    -3.267195
       2.776357     5.272052    -3.267195
      -5.939165    -1.058190    -3.267302
      -4.221743     4.222062    -3.267148
      -0.909874    -6.021280    -3.280515
      -5.387065    -2.757602    -3.267088
       6.235634    -2.092576    -2.216132
       6.231966    -2.090889    -1.105340
       6.231228    -2.090556    -0.003498
       6.231822    -2.090944     1.098345
       6.235563    -2.092339     2.209045
       3.852427     5.233691    -2.216209
       3.850024     5.230490    -1.105560
       3.849550     5.229910    -0.003820
       3.849986     5.230555     1.097921
       3.852352     5.233829     2.208578
      -3.852424     5.233693    -2.216209
      -3.850021     5.230492    -1.105560
      -3.849546     5.229913    -0.003820
      -3.849983     5.230557     1.097921
      -3.852349     5.233832     2.208578
      -6.235635    -2.092572    -2.216132
      -6.231968    -2.090886    -1.105340
      -6.231229    -2.090552    -0.003498
      -6.231823    -2.090940     1.098345
      -6.235564    -2.092335     2.209045
      -0.000002    -5.714356     3.822116
       5.369390    -1.811242     3.822370
       3.317232     4.497086     3.821695
      -3.317229     4.497088     3.821695
      -5.369391    -1.811239     3.822370
       5.387643    -2.756020     3.260235
       0.905554    -6.018532     3.272105
       4.221629     4.222350     3.259535
       5.939371    -1.057273     3.259955
      -2.776284     5.272248     3.259515
       2.776287     5.272246     3.259515
      -5.939372    -1.057269     3.259955
      -4.221627     4.222352     3.259535
      -0.905557    -6.018531     3.272105
      -5.387644    -2.756016     3.260235
       6.253723    -3.053895    -1.658622
       6.253022    -3.051392    -0.553801
       6.252820    -3.051443     0.546964
       6.253114    -3.054085     1.651824
       5.395049    -3.713335    -2.715242
       5.370129    -3.714168    -1.626645
       5.369794    -3.708480    -0.544464
       5.369542    -3.708535     0.537910
       5.369250    -3.714424     1.620148
       5.396303    -3.711531     2.708693
       4.499295    -4.372332    -2.721436
       4.487137    -4.365140    -1.631909
       4.485377    -4.360378    -0.546076
       4.485072    -4.360524     0.539764
       4.485726    -4.365836     1.625730
       4.501209    -4.369856     2.715280
       3.603122    -5.027053    -2.722112
       3.601073    -5.012360    -1.632425
       3.598303    -5.008834    -0.546113
       3.597944    -5.009233     0.540339
       3.598587    -5.014073     1.627063
       3.606919    -5.022764     2.716904
       2.702731    -5.680770    -2.719278
       2.714449    -5.655758    -1.629189
       2.710741    -5.653876    -0.544444
       2.710090    -5.654512     0.541394
       2.710101    -5.659259     1.628176
       2.712082    -5.671381     2.718279
       1.827622    -6.303765    -1.661955
       1.825192    -6.301134    -0.559880
       1.824057    -6.301224     0.534944
       1.822889    -6.305461     1.627913
       1.817918    -6.319666     2.723580
       4.772639     4.953188    -1.658998
       4.770195     4.953265    -0.554173
       4.770178     4.953307     0.546572
       4.772580     4.953329     1.651400
       5.133374     3.934467    -2.715684
       5.127638     3.908471    -1.627147
       5.122327     3.909911    -0.544962
       5.122318     3.909959     0.537378
       5.127601     3.908639     1.619559
       5.133283     3.934840     2.708083
       5.483176     2.879180    -2.722033
       5.474347     2.866637    -1.632506
       5.469432     2.866523    -0.546663
       5.469437     2.866577     0.539081
       5.474350     2.866839     1.624917
       5.483152     2.879621     2.714433
       5.828371     1.825297    -2.723032
       5.816765     1.821797    -1.633286
       5.812432     1.820550    -0.546904
       5.812455     1.820606     0.539315
       5.816819     1.822031     1.625685
       5.828423     1.825829     2.715418
       6.169323     0.770028    -2.722172
       6.154758     0.775540    -1.632606
       6.150710     0.773064    -0.546696
       6.150749     0.773111     0.539119
       6.154860     0.775779     1.625010
       6.169450     0.770645     2.714560
       6.507293    -0.289122    -2.715918
       6.487429    -0.270804    -1.627306
       6.484039    -0.274744    -0.544984
       6.484079    -0.274727     0.537497
       6.487535    -0.270608     1.619782
       6.507458    -0.288459     2.708365
       6.814978    -1.324367    -1.659010
       6.813129    -1.325521    -0.554024
       6.813110    -1.325562     0.546881
       6.814976    -1.324269     1.651794
      -3.301069     6.022141    -1.659065
      -3.301799     6.019900    -0.554230
      -3.301788     6.019936     0.546526
      -3.301034     6.022247     1.651361
      -2.220838     6.050094    -2.715793
      -2.197737     6.036672    -1.627248
      -2.200644     6.032116    -0.545045
      -2.200635     6.032153     0.537317
      -2.197711     6.036782     1.619519
      -2.220806     6.050270     2.708063
      -1.109051     6.056365    -2.722136
      -1.099657     6.044124    -1.632603
      -1.100944     6.039441    -0.546748
      -1.100940     6.039479     0.539013
      -1.099643     6.044236     1.624867
      -1.109032     6.056545     2.714400
       0.000002     6.058617    -2.723087
       0.000002     6.046475    -1.633347
       0.000002     6.041955    -0.546975
       0.000002     6.041993     0.539238
       0.000002     6.046589     1.625609
       0.000002     6.058797     2.715348
       1.109055     6.056364    -2.722136
       1.099661     6.044123    -1.632603
       1.100948     6.039440    -0.546748
       1.100943     6.039478     0.539013
       1.099647     6.044236     1.624867
       1.109036     6.056544     2.714400
       2.220842     6.050093    -2.715793
       2.197741     6.036670    -1.627248
       2.200647     6.032114    -0.545045
       2.200639     6.032152     0.537317
       2.197715     6.036781     1.619519
       2.220810     6.050268     2.708063
       3.301073     6.022139    -1.659065
       3.301803     6.019898    -0.554230
       3.301792     6.019934     0.546526
       3.301037     6.022245     1.651361
      -6.814979    -1.324363    -1.659010
      -6.813130    -1.325517    -0.554024
      -6.813110    -1.325558     0.546881
      -6.814977    -1.324265     1.651794
      -6.507293    -0.289118    -2.715919
      -6.487430    -0.270800    -1.627306
      -6.484039    -0.274740    -0.544984
      -6.484079    -0.274723     0.537497
      -6.487535    -0.270604     1.619782
      -6.507458    -0.288455     2.708365
      -6.169323     0.770031    -2.722172
      -6.154758     0.775544    -1.632606
      -6.150710     0.773068    -0.546696
      -6.150749     0.773115     0.539119
      -6.154859     0.775783     1.625010
      -6.169449     0.770649     2.714560
      -5.828370     1.825300    -2.723032
      -5.816764     1.821801    -1.633286
      -5.812431     1.820553    -0.546904
      -5.812454     1.820610     0.539315
      -5.816818     1.822034     1.625685
      -5.828422     1.825833     2.715418
      -5.483174     2.879183    -2.722033
      -5.474345     2.866640    -1.632506
      -5.469431     2.866526    -0.546663
      -5.469435     2.866580     0.539081
      -5.474349     2.866842     1.624916
      -5.483150     2.879625     2.714433
      -5.133371     3.934470    -2.715684
      -5.127635     3.908475    -1.627147
      -5.122325     3.909915    -0.544962
      -5.122316     3.909962     0.537378
      -5.127598     3.908642     1.619559
      -5.133281     3.934844     2.708083
      -4.772635     4.953191    -1.658999
      -4.770192     4.953267    -0.554173
      -4.770175     4.953310     0.546572
      -4.772578     4.953331     1.651400
      -1.827626    -6.303764    -1.661955
      -1.825196    -6.301132    -0.559880
      -1.824061    -6.301223     0.534944
      -1.822893    -6.305460     1.627913
      -1.817922    -6.319665     2.723580
      -2.702735    -5.680769    -2.719278
      -2.714452    -5.655757    -1.629189
      -2.710745    -5.653874    -0.544444
      -2.710093    -5.654510     0.541394
      -2.710105    -5.659258     1.628176
      -2.712085    -5.671379     2.718279
      -3.603125    -5.027050    -2.722112
      -3.601076    -5.012357    -1.632425
      -3.598306    -5.008832    -0.546113
      -3.597947    -5.009231     0.540339
      -3.598590    -5.014071     1.627063
      -3.606922    -5.022761     2.716904
      -4.499297    -4.372330    -2.721436
      -4.487139    -4.365138    -1.631909
      -4.485380    -4.360375    -0.546076
      -4.485075    -4.360521     0.539764
      -4.485729    -4.365833     1.625730
      -4.501211    -4.369854     2.715280
      -5.395051    -3.713332    -2.715242
      -5.370131    -3.714165    -1.626645
      -5.369797    -3.708477    -0.544464
      -5.369544    -3.708532     0.537910
      -5.369253    -3.714421     1.620148
      -5.396305    -3.711527     2.708693
      -6.253725    -3.053891    -1.658622
      -6.253024    -3.051388    -0.553801
      -6.252822    -3.051439     0.546964
      -6.253116    -3.054081     1.651824