
       0.060199    -0.019560    -0.550636
       0.060199    -0.019560     0.550636
       0.060460    -0.946718     0.000000
       0.942695    -0.306300     0.000000
       0.605380     0.730373    -0.000000
      -0.485278     0.730533    -0.000000
      -0.821995    -0.305774     0.000000
       0.060299    -0.946905    -1.101037
       0.942728    -0.306311    -1.100895
       0.605360     0.730619    -1.101037
      -0.485512     0.730751    -1.101087
      -0.822312    -0.305814    -1.101087
       0.059967    -0.019484    -1.651764
       0.059947    -1.876331    -0.550182
       1.827927    -0.593930    -0.550065
       1.151379     1.482747    -0.550182
      -1.032396     1.482762    -0.550174
      -1.706772    -0.592752    -0.550174
       0.060299    -0.946904     1.101037
       0.059868    -0.947455    -2.201742
       0.942728    -0.306311     1.100895
       0.942895    -0.306366    -2.201500
       0.605360     0.730619     1.101037
       0.605335     0.731317    -2.201742
      -0.485512     0.730752     1.101087
      -0.486170     0.731379    -2.201815
      -0.822312    -0.305813     1.101087
      -0.823214    -0.305934    -2.201815
       0.947375    -1.239494     0.550352
       0.947542    -1.240209    -1.650814
       0.947375    -1.239494    -0.550352
       1.494999     0.445918     0.550352
       1.495554     0.446398    -1.650814
       1.494999     0.445918    -0.550352
       0.059504     1.487953     0.550383
       0.059290     1.489080    -1.650906
       0.059504     1.487952    -0.550383
      -1.374583     0.446629     0.550370
      -1.375704     0.446994    -1.650865
      -1.374583     0.446629    -0.550370
      -0.826457    -1.238754     0.550383
      -0.827293    -1.239541    -1.650906
      -0.826457    -1.238754    -0.550383
       0.059947    -1.876331     0.550182
       0.059619    -1.877342    -1.650332
       1.827927    -0.593930     0.550065
       1.828450    -0.594100    -1.649951
       1.151379     1.482747     0.550182
       1.151707     1.483758    -1.650332
      -1.032396     1.482762     0.550174
      -1.033172     1.483697    -1.650297
      -1.706772    -0.592752     0.550174
      -1.707949    -0.593052    -1.650297
       0.059967    -0.019484     1.651764
       0.059571    -0.019356    -2.752637
       0.058628    -2.808494    -1.098789
       0.058759    -2.807665     0.000000
       2.715844    -0.882432    -1.098634
       2.715284    -0.882250     0.000000
       1.698223     2.237658    -1.098789
       1.697842     2.236910    -0.000000
      -1.580952     2.237154    -1.098674
      -1.580397     2.236435    -0.000000
      -2.593983    -0.880635    -1.098674
      -2.593112    -0.880379     0.000000
       0.059868    -0.947455     2.201742
       0.059274    -0.948424    -3.302117
       0.059619    -1.877342     1.650332
       0.059031    -1.879289    -2.749973
       0.942895    -0.306366     2.201500
       0.943357    -0.306516    -3.301837
       1.828450    -0.594100     1.649951
       1.829619    -0.594480    -2.749370
       0.605335     0.731317     2.201742
       0.605424     0.732450    -3.302117
       1.151707     1.483758     1.650332
       1.152376     1.485679    -2.749973
      -0.486170     0.731379     2.201815
      -0.487209     0.732418    -3.302165
      -1.033172     1.483697     1.650297
      -1.034633     1.485472    -2.749875
      -0.823214    -0.305934     2.201815
      -0.824665    -0.306163    -3.302165
      -1.707949    -0.593052     1.650297
      -1.710174    -0.593629    -2.749875
       0.947542    -1.240208     1.650814
       0.947920    -1.241586    -2.750750
       1.495554     0.446398     1.650814
       1.496670     0.447290    -2.750750
       0.059290     1.489080     1.650906
       0.058914     1.491185    -2.750859
      -1.375704     0.446994     1.650865
      -1.377796     0.447674    -2.750787
      -0.827293    -1.239541     1.650906
      -0.828835    -1.241022    -2.750859
       1.835907    -1.531284     1.099628
       1.836980    -1.532820    -2.198700
       1.835907    -1.531284    -1.099628
       1.835512    -1.530735     0.000000
       0.949307    -2.173525     1.099740
       0.949766    -2.175759    -2.199000
       0.949307    -2.173525    -1.099739
       0.949101    -2.172747     0.000000
       2.045572     1.200429     1.099739
       2.047257     1.201966    -2.199000
       2.045572     1.200429    -1.099740
       2.044949     1.199921    -0.000000
       2.385346     0.159714     1.099628
       2.387117     0.160326    -2.198700
       2.385346     0.159714    -1.099628
       2.384704     0.159503    -0.000000
      -0.488015     2.245703     1.099639
      -0.488734     2.248373    -2.198799
      -0.488015     2.245703    -1.099639
      -0.487782     2.244741    -0.000000
       0.605645     2.245824     1.099650
       0.605861     2.248539    -2.198829
       0.605645     2.245824    -1.099650
       0.605592     2.244846    -0.000000
      -2.264508     0.161000     1.099609
      -2.267241     0.161349    -2.198741
      -2.264508     0.161000    -1.099609
      -2.263531     0.160849    -0.000000
      -1.926658     1.200794     1.099609
      -1.929074     1.202118    -2.198742
      -1.926658     1.200794    -1.099609
      -1.925779     1.200341    -0.000000
      -0.830086    -2.172899     1.099650
      -0.831507    -2.175222    -2.198829
      -0.830086    -2.172899    -1.099650
      -0.829554    -2.172076     0.000000
      -1.714804    -1.529963     1.099639
      -1.716955    -1.531700    -2.198799
      -1.714804    -1.529963    -1.099639
      -1.714050    -1.529322     0.000000
       0.058628    -2.808494     1.098789
       0.058232    -2.811093    -2.197473
       2.715844    -0.882432     1.098634
       2.717480    -0.882963    -2.196831
       1.698223     2.237658     1.098789
       1.699430     2.239993    -2.197473
      -1.580952     2.237154     1.098674
      -1.582658     2.239379    -2.197236
      -2.593983    -0.880635     1.098674
      -2.596672    -0.881432    -2.197236
       0.059571    -0.019356     2.752637
       0.059092    -0.019200    -3.853558
       0.057099    -3.743511    -1.644688
       0.057250    -3.741702    -0.548099
       0.057250    -3.741702     0.548099
       3.606954    -1.171971    -1.644839
       3.605311    -1.171438    -0.548293
       3.605311    -1.171438     0.548293
       2.246576     2.995001    -1.644688
       2.245635     2.993448    -0.548099
       2.245635     2.993449     0.548099
      -2.131021     2.993784    -1.644431
      -2.129872     2.992255    -0.548011
      -2.129872     2.992255     0.548011
      -3.483735    -1.169437    -1.644431
      -3.481907    -1.168876    -0.548011
      -3.481907    -1.168876     0.548011
       0.059274    -0.948424     3.302117
       0.058629    -0.950114    -4.402683
       0.059031    -1.879289     2.749973
       0.058328    -1.882468    -3.849270
       0.058232    -2.811093     2.197473
       0.057659    -2.815603    -3.295642
       0.943357    -0.306516     3.301837
       0.944463    -0.306875    -4.402441
       1.829619    -0.594480     2.749370
       1.831835    -0.595200    -3.848600
       2.717480    -0.882963     2.196831
       2.720542    -0.883958    -3.294589
       0.605424     0.732450     3.302117
       0.605896     0.734197    -4.402683
       1.152376     1.485679     2.749973
       1.153676     1.488663    -3.849270
       1.699430     2.239993     2.197473
       1.701618     2.243979    -3.295642
      -0.487209     0.732418     3.302165
      -0.488726     0.734075    -4.402640
      -1.034633     1.485472     2.749875
      -1.036886     1.488292    -3.849043
      -1.582658     2.239379     2.197236
      -1.585551     2.243193    -3.295249
      -0.824665    -0.306163     3.302165
      -0.826866    -0.306613    -4.402640
      -1.710174    -0.593629     2.749875
      -1.713655    -0.594586    -3.849043
      -2.596672    -0.881432     2.197236
      -2.601254    -0.882816    -3.295249
       0.947920    -1.241586     2.750750
       0.948699    -1.243711    -3.850234
       1.496670     0.447290     2.750750
       1.498548     0.448551    -3.850234
       0.058914     1.491185     2.750859
       0.058461     1.494299    -3.850241
      -1.377796     0.447674     2.750787
      -1.380874     0.448674    -3.850132
      -0.828835    -1.241022     2.750859
      -0.831031    -1.243276    -3.850241
       1.836980    -1.532819     2.198700
       1.838854    -1.535331    -3.296995
       0.949766    -2.175759     2.199000
       0.950511    -2.179501    -3.297430
       2.047257     1.201967     2.199000
       2.050059     1.204556    -3.297430
       2.387117     0.160326     2.198700
       2.390109     0.161257    -3.296995
      -0.488734     2.248373     2.198799
      -0.489949     2.252686    -3.297051
       0.605861     2.248539     2.198829
       0.606370     2.252913    -3.297116
      -2.267241     0.161349     2.198741
      -2.271681     0.161816    -3.296971
      -1.929074     1.202118     2.198741
      -1.932941     1.204350    -3.296971
      -0.831507    -2.175221     2.198829
      -0.833667    -2.179060    -3.297116
      -1.716955    -1.531700     2.198799
      -1.720474    -1.534475    -3.297051
       2.726839    -1.823728     1.646749
       2.729505    -1.826394    -2.743684
       2.726839    -1.823728    -1.646749
       2.725447    -1.822301    -0.548987
       2.725447    -1.822301     0.548987
       1.840361    -2.469696     1.647565
       1.842318    -2.473772    -2.744982
       1.840361    -2.469696    -1.647565
       1.839188    -2.467610    -0.549252
       1.839188    -2.467610     0.549252
       0.950154    -3.109801     1.646942
       0.951134    -3.114745    -2.744289
       0.950154    -3.109801    -1.646942
       0.949399    -3.107556    -0.548958
       0.949399    -3.107556     0.548958
       2.596587     1.957395     1.646942
       2.600285     1.960818    -2.744289
       2.596587     1.957394    -1.646942
       2.594656     1.956022    -0.548958
       2.594656     1.956022     0.548958
       2.940535     0.916287     1.647565
       2.944513     0.918435    -2.744982
       2.940535     0.916287    -1.647565
       2.938360     0.915290    -0.549252
       2.938360     0.915290     0.549252
       3.278019    -0.127370     1.646749
       3.281743    -0.126781    -2.743684
       3.278019    -0.127371    -1.646749
       3.276054    -0.127706    -0.548987
       3.276054    -0.127706     0.548987
      -1.036803     3.005253     1.646568
      -1.038609     3.010362    -2.743663
      -1.036803     3.005253    -1.646568
      -1.036183     3.002697    -0.548829
      -1.036183     3.002697     0.548828
       0.058175     3.009305     1.647255
       0.057934     3.014739    -2.744470
       0.058175     3.009305    -1.647255
       0.058310     3.006415    -0.549126
       0.058310     3.006415     0.549126
       1.152946     3.005834     1.646639
       1.154289     3.011003    -2.743791
       1.152946     3.005833    -1.646639
       1.152581     3.003245    -0.548852
       1.152581     3.003245     0.548852
      -3.156505    -0.125532     1.646540
      -3.161888    -0.125504    -2.743622
      -3.156505    -0.125533    -1.646540
      -3.153902    -0.125828    -0.548818
      -3.153902    -0.125828     0.548818
      -2.821857     0.916878     1.647212
      -2.827006     0.918551    -2.744402
      -2.821857     0.916878    -1.647212
      -2.819119     0.915988    -0.549111
      -2.819119     0.915988     0.549111
      -2.479879     1.956906     1.646540
      -2.484251     1.960047    -2.743622
      -2.479879     1.956906    -1.646540
      -2.477599     1.955615    -0.548818
      -2.477599     1.955615     0.548818
      -0.834033    -3.109454     1.646639
      -0.835985    -3.114426    -2.743790
      -0.834033    -3.109454    -1.646639
      -0.832807    -3.107146    -0.548852
      -0.832807    -3.107146     0.548852
      -1.721762    -2.468773     1.647255
      -1.725151    -2.473027    -2.744470
      -1.721762    -2.468773    -1.647255
      -1.719954    -2.466514    -0.549126
      -1.719954    -2.466514     0.549126
      -2.605235    -1.821882     1.646568
      -2.609700    -1.824954    -2.743663
      -2.605235    -1.821882    -1.646568
      -2.603231    -1.820179    -0.548828
      -2.603231    -1.820179     0.548829
       0.057099    -3.743511     1.644688
       0.056775    -3.748784    -2.742011
       3.606954    -1.171971     1.644839
       3.610511    -1.173127    -2.741090
       2.246576     2.995001     1.644688
       2.249413     2.999457    -2.742011
      -2.131021     2.993784     1.644431
      -2.134252     2.998136    -2.741583
      -3.483735    -1.169437     1.644431
      -3.488907    -1.171060    -2.741583
       0.059092    -0.019200     3.853558
       0.058588    -0.019036    -4.955327
       0.055918    -4.681177    -2.187536
       0.056005    -4.679051    -1.093323
       0.056015    -4.678646     0.000000
       0.056005    -4.679051     1.093324
       4.502395    -1.462918    -2.188343
       4.499211    -1.461883    -1.094046
       4.498315    -1.461592     0.000000
       4.499211    -1.461883     1.094046
       2.796767     3.754282    -2.187537
       2.795588     3.752511    -1.093324
       2.795358     3.752178    -0.000000
       2.795588     3.752511     1.093323
      -2.682468     3.752419    -2.187196
      -2.681152     3.750651    -1.093145
      -2.680878     3.750291    -0.000000
      -2.681152     3.750651     1.093145
      -4.375780    -1.459053    -2.187196
      -4.373675    -1.458397    -1.093145
      -4.373242    -1.458267     0.000000
      -4.373675    -1.458397     1.093145
       0.058629    -0.950114     4.402683
       0.058054    -0.953356    -5.505525
       0.058328    -1.882467     3.849270
       0.057710    -1.887802    -4.949863
       0.057659    -2.815603     3.295642
       0.057124    -2.822992    -4.394279
       0.056775    -3.748784     2.742011
       0.056420    -3.758287    -3.839438
       0.944463    -0.306875     4.402441
       0.947049    -0.307715    -5.505401
       1.831835    -0.595200     3.848600
       1.836048    -0.596569    -4.949379
       2.720542    -0.883958     3.294590
       2.726071    -0.885755    -4.393317
       3.610511    -1.173127     2.741090
       3.617132    -1.175278    -3.837979
       0.605896     0.734197     4.402683
       0.607336     0.737157    -5.505525
       1.153676     1.488663     3.849270
       1.156311     1.493342    -4.949863
       1.701618     2.243979     3.295642
       1.705529     2.250270    -4.394279
       2.249413     2.999458     2.742011
       2.254712     3.007354    -3.839438
      -0.488726     0.734075     4.402640
      -0.491129     0.736989    -5.505343
      -1.036886     1.488292     3.849043
      -1.040405     1.492874    -4.949459
      -1.585551     2.243193     3.295249
      -1.590151     2.249360    -4.393703
      -2.134252     2.998136     2.741583
      -2.139985     3.005931    -3.838830
      -0.826866    -0.306613     4.402640
      -0.830524    -0.307558    -5.505343
      -1.713655    -0.594586     3.849043
      -1.719195    -0.596225    -4.949459
      -2.601254    -0.882816     3.295249
      -2.608601    -0.885102    -4.393703
      -3.488907    -1.171060     2.741583
      -3.498127    -1.173996    -3.838830
       0.948699    -1.243711     3.850234
       0.950325    -1.246924    -4.950387
       1.498548     0.448551     3.850234
       1.501753     0.450195    -4.950387
       0.058461     1.494299     3.850241
       0.058032     1.498783    -4.950151
      -1.380874     0.448674     3.850132
      -1.385264     0.450100    -4.950006
      -0.831031    -1.243276     3.850241
      -0.834014    -1.246651    -4.950151
       1.838854    -1.535331     3.296995
       1.842112    -1.538992    -4.395321
       0.950511    -2.179501     3.297430
       0.951947    -2.185052    -4.395694
       2.050059     1.204557     3.297430
       2.054483     1.208203    -4.395694
       2.390109     0.161257     3.296995
       2.394897     0.162303    -4.395321
      -0.489949     2.252686     3.297050
      -0.491697     2.258901    -4.395024
       0.606370     2.252913     3.297116
       0.607400     2.259177    -4.395141
      -2.271681     0.161816     3.296971
      -2.278098     0.162370    -4.394930
      -1.932941     1.204350     3.296971
      -1.938458     1.207673    -4.394930
      -0.833667    -2.179060     3.297116
      -0.836515    -2.184733    -4.395141
      -1.720474    -1.534475     3.297051
      -1.725541    -1.538476    -4.395024
       2.729505    -1.826393     2.743684
       2.734048    -1.830313    -3.840278
       1.842318    -2.473772     2.744982
       1.845406    -2.479839    -3.841805
       0.951134    -3.114745     2.744289
       0.952526    -3.122684    -3.840870
       2.600285     1.960818     2.744289
       2.606079     1.966422    -3.840870
       2.944513     0.918435     2.744982
       2.950578     0.921528    -3.841806
       3.281743    -0.126781     2.743684
       3.287722    -0.126280    -3.840278
      -1.038609     3.010362     2.743663
      -1.041785     3.018204    -3.839946
       0.057934     3.014739     2.744470
       0.057655     3.022671    -3.840894
       1.154289     3.011003     2.743790
       1.156935     3.018902    -3.840148
      -3.161888    -0.125503     2.743622
      -3.170286    -0.125915    -3.839897
      -2.827006     0.918551     2.744402
      -2.834533     0.920996    -3.840802
      -2.484251     1.960047     2.743622
      -2.490803     1.965316    -3.839898
      -0.835985    -3.114426     2.743791
      -0.838487    -3.122372    -3.840148
      -1.725151    -2.473027     2.744470
      -1.730039    -2.479281    -3.840894
      -2.609700    -1.824954     2.743663
      -2.616879    -1.829431    -3.839946
       3.621096    -2.117580     2.191062
       3.626564    -2.121569    -3.285967
       3.621096    -2.117580    -2.191062
       3.618033    -2.115085    -1.095630
       3.617082    -2.114338     0.000000
       3.618033    -2.115085     1.095630
       2.733881    -2.766931     2.192537
       2.738453    -2.773204    -3.287996
       2.733881    -2.766931    -2.192537
       2.730991    -2.763023    -1.096380
       2.729968    -2.761821     0.000000
       2.730991    -2.763023     1.096380
       1.843903    -3.411356     2.192496
       1.847067    -3.419812    -3.287850
       1.843903    -3.411356    -2.192496
       1.841504    -3.406472    -1.096280
       1.840573    -3.405099     0.000000
       1.841504    -3.406472     1.096280
       0.951338    -4.049564     2.190938
       0.952786    -4.059760    -3.286199
       0.951338    -4.049565    -2.190938
       0.949740    -4.044882    -1.095119
       0.949145    -4.044083     0.000000
       0.949740    -4.044882     1.095119
       3.149924     2.716983     2.190938
       3.157088     2.724379    -3.286199
       3.149924     2.716983    -2.190938
       3.145879     2.714134    -1.095119
       3.144928     2.713837    -0.000000
       3.145879     2.714134     1.095119
       3.496894     1.676024     2.192496
       3.504425     1.681006    -3.287850
       3.496894     1.676024    -2.192496
       3.492083     1.673483    -1.096280
       3.490522     1.672920    -0.000000
       3.492083     1.673483     1.096280
       3.838118     0.631557     2.192537
       3.845504     0.633944    -3.287996
       3.838118     0.631557    -2.192537
       3.833483     0.630095    -1.096380
       3.831949     0.629724    -0.000000
       3.833483     0.630095     1.096380
       4.174211    -0.415271     2.191062
       4.180978    -0.415258    -3.285967
       4.174211    -0.415271    -2.191062
       4.170265    -0.415488    -1.095630
       4.169057    -0.415534     0.000000
       4.170265    -0.415488     1.095630
      -1.587188     3.767534     2.190351
      -1.591777     3.776916    -3.285330
      -1.587188     3.767534    -2.190352
      -1.585807     3.762582    -1.094810
      -1.585783     3.761503    -0.000000
      -1.585807     3.762582     1.094810
      -0.490857     3.775349     2.191728
      -0.492639     3.784738    -3.286668
      -0.490857     3.775349    -2.191729
      -0.490149     3.769485    -1.095864
      -0.490047     3.767662    -0.000000
      -0.490149     3.769485     1.095863
       0.605992     3.775751     2.191765
       0.607386     3.785147    -3.286727
       0.605992     3.775751    -2.191766
       0.605566     3.769879    -1.095882
       0.605564     3.768052    -0.000000
       0.605566     3.769879     1.095881
       1.702021     3.768720     2.190511
       1.706275     3.778123    -3.285574
       1.702021     3.768720    -2.190511
       1.700878     3.763749    -1.094893
       1.700932     3.762666    -0.000000
       1.700878     3.763749     1.094893
      -4.051590    -0.412911     2.190335
      -4.061892    -0.414265    -3.285311
      -4.051590    -0.412911    -2.190335
      -4.046480    -0.413216    -1.094800
      -4.045455    -0.413558     0.000000
      -4.046480    -0.413216     1.094800
      -3.720019     0.632026     2.191708
      -3.729420     0.633390    -3.286645
      -3.720019     0.632026    -2.191708
      -3.714282     0.630770    -1.095850
      -3.712539     0.630262    -0.000000
      -3.714282     0.630770     1.095850
      -3.381054     1.675254     2.191708
      -3.389461     1.679676    -3.286645
      -3.381054     1.675254    -2.191708
      -3.375674     1.672898    -1.095850
      -3.373965     1.672285    -0.000000
      -3.375674     1.672898     1.095850
      -3.035101     2.715518     2.190335
      -3.042640     2.722669    -3.285311
      -3.035101     2.715518    -2.190335
      -3.030787     2.712762    -1.094800
      -3.029758     2.712436    -0.000000
      -3.030787     2.712762     1.094800
      -0.838236    -4.049381     2.190511
      -0.840322    -4.059489    -3.285574
      -0.838236    -4.049381    -2.190511
      -0.836239    -4.044687    -1.094893
      -0.835559    -4.043843     0.000000
      -0.836239    -4.044687     1.094893
      -1.729075    -3.410839     2.191766
      -1.733469    -3.419261    -3.286727
      -1.729075    -3.410839    -2.191765
      -1.725967    -3.405838    -1.095881
      -1.724896    -3.404359     0.000000
      -1.725967    -3.405838     1.095881
      -2.616207    -2.765802     2.191729
      -2.623168    -2.772350    -3.286668
      -2.616207    -2.765802    -2.191728
      -2.612188    -2.761474    -1.095863
      -2.611034    -2.760059     0.000000
      -2.612188    -2.761474     1.095864
      -3.498564    -2.115072     2.190352
      -3.507791    -2.119964    -3.285330
      -3.498564    -2.115072    -2.190351
      -3.494536    -2.111877    -1.094810
      -3.493883    -2.111019     0.000000
      -3.494536    -2.111877     1.094810
       0.055918    -4.681176     2.187537
       4.502395    -1.462918     2.188343
       2.796767     3.754282     2.187536
      -2.682468     3.752419     2.187196
      -4.375780    -1.459053     2.187196
       4.514423    -2.410623    -1.639615
       4.511992    -2.409320    -0.546537
       4.511992    -2.409320     0.546537
       4.514423    -2.410623     1.639616
       3.631221    -3.066288    -2.734808
       3.625310    -3.060284    -1.640689
       3.622500    -3.057878    -0.546856
       3.622500    -3.057878     0.546856
       3.625310    -3.060284     1.640689
       2.740935    -3.715238    -2.734733
       2.735953    -3.706988    -1.640536
       2.733363    -3.703760    -0.546767
       2.733363    -3.703760     0.546767
       2.735953    -3.706988     1.640536
       1.848402    -4.359262    -2.733495
       1.844835    -4.349018    -1.639659
       1.842652    -4.345562    -0.546444
       1.842652    -4.345562     0.546444
       1.844835    -4.349018     1.639659
       0.951141    -4.985136    -1.637393
       0.949821    -4.984035    -0.545822
       0.949821    -4.984035     0.545822
       0.951141    -4.985136     1.637393
       3.699680     3.473991    -1.637393
       3.697965     3.473877    -0.545822
       3.697965     3.473877     0.545822
       3.699680     3.473991     1.637393
       4.057700     2.440252    -2.733495
       4.048793     2.434060    -1.639659
       4.044995     2.432548    -0.546444
       4.044995     2.432548     0.546444
       4.048793     2.434060     1.639659
       4.401226     1.394608    -2.734733
       4.392345     1.390861    -1.640536
       4.388354     1.389772    -0.546767
       4.388354     1.389772     0.546767
       4.392345     1.390861     1.640536
       4.740039     0.346298    -2.734808
       4.731727     0.344916    -1.640689
       4.728040     0.344621    -0.546856
       4.728040     0.344621     0.546856
       4.731727     0.344916     1.640689
       5.069173    -0.703279    -1.639616
       5.066441    -0.702903    -0.546537
       5.066441    -0.702903     0.546537
       5.069173    -0.703278     1.639616
      -2.136636     4.524848    -1.637013
      -2.136932     4.523127    -0.545678
      -2.136932     4.523127     0.545678
      -2.136636     4.524848     1.637013
      -1.042963     4.546100    -2.732552
      -1.040092     4.535455    -1.639057
      -1.039661     4.531222    -0.546218
      -1.039661     4.531222     0.546217
      -1.040092     4.535456     1.639056
       0.057097     4.549683    -2.733330
       0.057225     4.539254    -1.639628
       0.057297     4.534740    -0.546421
       0.057297     4.534740     0.546421
       0.057225     4.539254     1.639627
       1.157067     4.547009    -2.732652
       1.154435     4.536374    -1.639117
       1.154131     4.532147    -0.546238
       1.154131     4.532147     0.546238
       1.154435     4.536374     1.639116
       2.250688     4.526585    -1.637165
       2.251057     4.524881    -0.545732
       2.251057     4.524881     0.545732
       2.250688     4.526585     1.637165
      -4.941699    -0.701124    -1.637011
      -4.940168    -0.701977    -0.545677
      -4.940168    -0.701977     0.545677
      -4.941699    -0.701124     1.637011
      -4.623647     0.345559    -2.732560
      -4.612697     0.344906    -1.639056
      -4.608573     0.343954    -0.546216
      -4.608573     0.343954     0.546216
      -4.612697     0.344906     1.639056
      -4.286711     1.392838    -2.733323
      -4.276821     1.389625    -1.639617
      -4.272550     1.388237    -0.546417
      -4.272550     1.388237     0.546417
      -4.276821     1.389625     1.639617
      -3.943723     2.438150    -2.732560
      -3.934480     2.432242    -1.639056
      -3.930584     2.430589    -0.546216
      -3.930584     2.430589     0.546216
      -3.934480     2.432242     1.639056
      -3.585806     3.471881    -1.637011
      -3.584066     3.471671    -0.545677
      -3.584066     3.471671     0.545677
      -3.585806     3.471881     1.637011
      -0.839817    -4.985004    -1.637165
      -0.838517    -4.983843    -0.545732
      -0.838517    -4.983843     0.545732
      -0.839817    -4.985004     1.637165
      -1.736580    -4.358713    -2.732651
      -1.732458    -4.348563    -1.639116
      -1.730219    -4.344964    -0.546238
      -1.730219    -4.344964     0.546238
      -1.732458    -4.348563     1.639117
      -2.628046    -3.714331    -2.733330
      -2.621812    -3.705968    -1.639627
      -2.619101    -3.702359    -0.546421
      -2.619101    -3.702359     0.546421
      -2.621812    -3.705968     1.639628
      -3.515906    -3.064832    -2.732552
      -3.507328    -3.057908    -1.639056
      -3.504490    -3.054736    -0.546218
      -3.504490    -3.054736     0.546218
      -3.507328    -3.057908     1.639057
      -4.388215    -2.404794    -1.637013
      -4.387442    -2.403228    -0.545678
      -4.387442    -2.403228     0.545678
      -4.388215    -2.404794     1.637013
       0.055742    -4.692100    -3.285342
       4.509585    -1.465254    -3.283433
       2.803045     3.763223    -3.285342
      -2.688964     3.761305    -3.284836
      -4.386258    -1.462424    -3.284835
       0.058112    -0.018882    -6.059904
       0.055215    -5.620717    -2.729954
       0.055248    -5.620950    -1.637891
       0.055203    -5.620270    -0.546316
       0.055203    -5.620270     0.546316
       5.407452    -1.756989    -2.729470
       5.402185    -1.755278    -1.637093
       5.400261    -1.754653    -0.545709
       5.400261    -1.754653     0.545709
       3.348446     4.514799    -2.729954
       3.348610     4.514968    -1.637891
       3.348174     4.514445    -0.546316
       3.348174     4.514445     0.546316
      -3.234889     4.512480    -2.729600
      -3.234991     4.512646    -1.637676
      -3.234542     4.512055    -0.546233
      -3.234542     4.512056     0.546233
      -5.269450    -1.749251    -2.729600
      -5.269631    -1.749325    -1.637676
      -5.268920    -1.749111    -0.546233
      -5.268920    -1.749111     0.546233
       0.057643    -0.954321    -6.625886
       0.057300    -1.897509    -6.061831
       0.056770    -2.837203    -5.502252
       0.056174    -3.776751    -4.944141
       0.055606    -4.717755    -4.386049
       0.947555    -0.307880    -6.625940
       1.844513    -0.599319    -6.061781
       2.737998    -0.889630    -5.502119
       3.631213    -1.179854    -4.944165
       4.525780    -1.470516    -4.386718
       0.607570     0.738179    -6.625886
       1.161685     1.501436    -6.061831
       1.713595     2.261975    -5.502252
       2.265365     3.022437    -4.944141
       2.818015     3.784058    -4.386049
      -0.492126     0.738047    -6.625554
      -1.046450     1.500987    -6.061264
      -1.598746     2.261063    -5.501518
      -2.150987     3.021006    -4.943376
      -2.704131     3.782149    -4.385386
      -0.831952    -0.307828    -6.625554
      -1.728854    -0.599235    -6.061264
      -2.622432    -0.889518    -5.501518
      -3.515888    -1.179725    -4.943376
      -4.410780    -1.470373    -4.385386
       0.954123    -1.252762    -6.058515
       1.508257     0.452685    -6.058515
       0.057696     1.506462    -6.057989
      -1.392691     0.452513    -6.057815
      -0.838800    -1.252666    -6.057989
       1.849241    -1.545681    -5.500199
       0.955575    -2.194846    -5.500307
       2.063175     1.213994    -5.500307
       2.404596     0.163524    -5.500199
      -0.494424     2.269632    -5.499348
       0.609546     2.269923    -5.499513
      -2.289126     0.163332    -5.499247
      -1.947945     1.213377    -5.499247
      -0.841095    -2.194688    -5.499513
      -1.734055    -1.545555    -5.499348
       2.743356    -1.837182    -4.942870
       1.851925    -2.489882    -4.944256
       0.955776    -3.135850    -4.942773
       2.616446     1.975164    -4.942773
       2.961755     0.925821    -4.944256
       3.299290    -0.126195    -4.942870
      -1.046796     3.031227    -4.941588
       0.057410     3.035599    -4.942860
       1.161486     3.031948    -4.941860
      -3.184180    -0.126506    -4.941537
      -2.846817     0.924987    -4.942751
      -2.501696     1.973961    -4.941537
      -0.842474    -3.135602    -4.941860
      -1.737836    -2.489595    -4.942860
      -2.628587    -1.837021    -4.941588
       3.637537    -2.128424    -4.386433
       2.747217    -2.783257    -4.388638
       1.853018    -3.433147    -4.388075
       0.955461    -4.077260    -4.385253
       3.169538     2.736965    -4.385253
       3.517076     1.688296    -4.388075
       3.858503     0.636926    -4.388638
       4.193885    -0.416161    -4.386433
      -1.599842     3.792849    -4.384141
      -0.495340     3.799539    -4.386474
       0.609702     3.799950    -4.386553
       1.714014     3.794067    -4.384467
      -4.079493    -0.416923    -4.384122
      -3.744250     0.635543    -4.386451
      -3.402724     1.686651    -4.386451
      -3.055316     2.735165    -4.384122
      -0.843432    -4.076937    -4.384467
      -1.740297    -3.432598    -4.386553
      -2.634053    -2.782737    -4.386474
      -3.523681    -2.128115    -4.384140
       4.532805    -2.420625    -3.830900
       4.520519    -2.414256    -2.733080
       3.642147    -3.076517    -3.833482
       2.749501    -3.728889    -3.833218
       1.853421    -4.376865    -3.831132
       0.954795    -5.020672    -3.826583
       0.953772    -4.995538    -2.731428
       3.723524     3.500593    -3.826584
       3.707923     3.480860    -2.731428
       4.072107     2.451542    -3.831132
       4.416179     1.400617    -3.833219
       4.754891     0.348152    -3.833482
       5.089924    -0.705992    -3.830900
       5.076240    -0.703923    -2.733080
      -2.154470     4.555880    -3.825760
      -2.140548     4.534907    -2.730821
      -1.049012     4.563399    -3.829848
       0.056948     4.566413    -3.831181
       1.162839     4.564294    -3.829979
       2.268122     4.557576    -3.826083
       2.254419     4.536624    -2.731061
      -4.976646    -0.708378    -3.825758
      -4.952443    -0.701668    -2.730818
      -4.641900     0.345242    -3.829866
      -4.302590     1.397997    -3.831182
      -3.958303     2.449135    -3.829866
      -3.609815     3.498291    -3.825758
      -3.594179     3.478636    -2.730818
      -0.843929    -5.020325    -3.826083
      -0.842699    -4.995320    -2.731061
      -1.742070    -4.376090    -3.829979
      -2.638000    -3.727778    -3.831181
      -3.530969    -3.075272    -3.829847
      -4.420884    -2.419417    -3.825760
      -4.397292    -2.410632    -2.730821
       5.420710    -2.714432    -2.181958
       5.415684    -2.713954    -1.090790
       5.414286    -2.713594     0.000000
       4.537402    -3.371827    -3.279109
       4.524130    -3.362340    -2.182867
       4.518035    -3.359287    -1.091266
       4.516305    -3.358528     0.000000
       4.518035    -3.359287     1.091266
       3.646098    -4.025234    -3.277546
       3.634678    -4.011187    -2.181421
       3.629501    -4.006188    -1.090452
       3.627793    -4.005116     0.000000
       3.629501    -4.006188     1.090452
       2.751357    -4.675486    -3.276180
       2.743780    -4.657496    -2.180435
       2.739860    -4.650763    -1.089903
       2.738217    -4.649511     0.000000
       2.739860    -4.650763     1.089904
       1.852638    -5.322892    -3.272767
       1.851038    -5.298804    -2.177955
       1.847787    -5.290986    -1.088564
       1.846309    -5.289962     0.000000
       1.847787    -5.290986     1.088564
       0.955134    -5.930400    -2.175182
       0.953564    -5.929139    -1.088976
       0.952218    -5.928507     0.000000
       4.258524     4.236378    -2.175182
       4.256512     4.236281    -1.088976
       4.255052     4.236562    -0.000000
       4.627534     3.217354    -3.272767
       4.612082     3.198807    -2.177955
       4.604856     3.194394    -1.088564
       4.603058     3.194434    -0.000000
       4.604856     3.194394     1.088564
       4.974077     2.165338    -3.276180
       4.957373     2.155238    -2.180435
       4.950244     2.152095    -1.089904
       4.948179     2.152048    -0.000000
       4.950244     2.152095     1.089903
       5.315729     1.113358    -3.277547
       5.298233     1.108706    -2.181421
       5.291106     1.107704    -1.090452
       5.289095     1.107841    -0.000000
       5.291106     1.107704     1.090452
       5.652745     0.060844    -3.279109
       5.636432     0.060970    -2.182867
       5.629707     0.062083    -1.091266
       5.627861     0.062486    -0.000000
       5.629707     0.062083     1.091266
       5.980949    -0.990195    -2.181959
       5.976602    -0.987628    -1.090790
       5.975259    -0.987096     0.000000
      -2.688697     5.292197    -2.174853
      -2.689113     5.290208    -1.088788
      -2.689634     5.288929    -0.000000
      -1.605224     5.328353    -3.272016
      -1.592616     5.307987    -2.177414
      -1.590522     5.299676    -1.088244
      -1.590792     5.297976    -0.000000
      -1.590522     5.299676     1.088244
      -0.497043     5.333242    -3.274889
      -0.493405     5.314115    -2.179513
      -0.492419     5.306057    -1.089355
      -0.492479     5.304025    -0.000000
      -0.492419     5.306057     1.089354
       0.610400     5.333721    -3.274940
       0.606975     5.314605    -2.179549
       0.606135     5.306559    -1.089373
       0.606240     5.304532    -0.000000
       0.606135     5.306559     1.089373
       1.718535     5.329727    -3.272184
       1.706108     5.309389    -2.177531
       1.704129     5.301114    -1.088307
       1.704429     5.299430    -0.000000
       1.704129     5.301114     1.088307
       2.802082     5.294338    -2.175065
       2.802528     5.292395    -1.088900
       2.803048     5.291145    -0.000000
      -5.842139    -0.988728    -2.174866
      -5.840384    -0.989778    -1.088791
      -5.839335    -0.990686     0.000000
      -5.541373     0.052891    -3.272052
      -5.518169     0.058524    -2.177431
      -5.509665     0.057890    -1.088252
      -5.508150     0.057088     0.000000
      -5.509665     0.057890     1.088252
      -5.203180     1.108322    -3.274928
      -5.183929     1.105786    -2.179532
      -5.176017     1.104172    -1.089363
      -5.174124     1.103467    -0.000000
      -5.176017     1.104172     1.089363
      -4.860916     2.161703    -3.274928
      -4.843851     2.152440    -2.179532
      -4.836501     2.149095    -1.089363
      -4.834555     2.148553    -0.000000
      -4.836501     2.149095     1.089363
      -4.514152     3.214350    -3.272052
      -4.498691     3.196154    -2.177432
      -4.491438     3.191668    -1.088252
      -4.489741     3.191426    -0.000000
      -4.491438     3.191668     1.088252
      -4.145228     4.233823    -2.174866
      -4.143192     4.233641    -1.088791
      -4.141809     4.233759    -0.000000
      -0.845005    -5.930232    -2.175064
      -0.843501    -5.928922    -1.088900
      -0.842346    -5.928216     0.000000
      -1.742414    -5.321969    -3.272184
      -1.740513    -5.298210    -2.177531
      -1.737250    -5.290352    -1.088307
      -1.736017    -5.289166     0.000000
      -1.737250    -5.290352     1.088307
      -2.641261    -4.673854    -3.274939
      -2.632795    -4.656375    -2.179548
      -2.628746    -4.649372    -1.089373
      -2.627469    -4.647795     0.000000
      -2.628746    -4.649372     1.089373
      -3.536919    -4.022527    -3.274889
      -3.522733    -4.009191    -2.179513
      -3.517199    -4.003252    -1.089354
      -3.516054    -4.001573     0.000000
      -3.517199    -4.003252     1.089354
      -4.430582    -3.367200    -3.272016
      -4.408411    -3.358134    -2.177414
      -4.401832    -3.352640    -1.088244
      -4.401052    -3.351107     0.000000
      -4.401832    -3.352640     1.088244
      -5.285878    -2.701098    -2.174853
      -5.285046    -2.699245    -1.088788
      -5.284715    -2.697904     0.000000
       0.058588    -0.019036     4.955327
       0.055248    -5.620950     1.637891
       5.402185    -1.755278     1.637093
       3.348610     4.514968     1.637891
      -3.234991     4.512647     1.637675
      -5.269631    -1.749325     1.637676
       5.415684    -2.713954     1.090790
       0.953564    -5.929139     1.088976
       4.256512     4.236281     1.088976
       5.976602    -0.987627     1.090790
      -2.689113     5.290208     1.088788
       2.802528     5.292395     1.088900
      -5.840384    -0.989778     1.088791
      -4.143192     4.233641     1.088791
      -0.843501    -5.928922     1.088900
      -5.285046    -2.699245     1.088788
       0.058054    -0.953356     5.505525
       0.057710    -1.887802     4.949863
       0.057124    -2.822992     4.394279
       0.056420    -3.758287     3.839438
       0.947049    -0.307715     5.505401
       1.836048    -0.596569     4.949379
       2.726071    -0.885755     4.393317
       3.617132    -1.175278     3.837979
       0.607336     0.737158     5.505525
       1.156311     1.493343     4.949863
       1.705529     2.250271     4.394279
       2.254712     3.007354     3.839438
      -0.491129     0.736989     5.505343
      -1.040405     1.492874     4.949459
      -1.590151     2.249360     4.393703
      -2.139985     3.005931     3.838830
      -0.830524    -0.307558     5.505343
      -1.719195    -0.596225     4.949459
      -2.608601    -0.885102     4.393703
      -3.498127    -1.173996     3.838830
       0.950325    -1.246924     4.950388
       1.501753     0.450195     4.950387
       0.058032     1.498783     4.950151
      -1.385264     0.450100     4.950006
      -0.834014    -1.246651     4.950151
       1.842112    -1.538992     4.395321
       0.951947    -2.185052     4.395694
       2.054483     1.208203     4.395694
       2.394897     0.162303     4.395321
      -0.491697     2.258901     4.395024
       0.607400     2.259178     4.395141
      -2.278098     0.162370     4.394930
      -1.938458     1.207674     4.394930
      -0.836515    -2.184733     4.395141
      -1.725541    -1.538476     4.395024
       2.734048    -1.830313     3.840278
       1.845406    -2.479839     3.841806
       0.952526    -3.122684     3.840870
       2.606079     1.966422     3.840870
       2.950578     0.921528     3.841806
       3.287722    -0.126280     3.840278
      -1.041785     3.018204     3.839946
       0.057655     3.022672     3.840894
       1.156935     3.018902     3.840148
      -3.170286    -0.125915     3.839897
      -2.834533     0.920996     3.840802
      -2.490803     1.965316     3.839897
      -0.838487    -3.122372     3.840148
      -1.730039    -2.479280     3.840894
      -2.616879    -1.829431     3.839946
       3.626564    -2.121569     3.285967
       2.738453    -2.773204     3.287996
       1.847067    -3.419812     3.287850
       0.952786    -4.059759     3.286199
       3.157088     2.724380     3.286199
       3.504425     1.681006     3.287850
       3.845504     0.633945     3.287996
       4.180978    -0.415257     3.285967
      -1.591777     3.776916     3.285330
      -0.492639     3.784738     3.286668
       0.607386     3.785147     3.286727
       1.706275     3.778123     3.285574
      -4.061892    -0.414265     3.285311
      -3.729420     0.633391     3.286645
      -3.389461     1.679676     3.286644
      -3.042640     2.722669     3.285311
      -0.840322    -4.059489     3.285574
      -1.733469    -3.419260     3.286727
      -2.623168    -2.772350     3.286668
      -3.507791    -2.119964     3.285330
       3.631221    -3.066287     2.734808
       2.740935    -3.715238     2.734733
       1.848402    -4.359262     2.733495
       4.057700     2.440252     2.733495
       4.401226     1.394608     2.734733
       4.740039     0.346298     2.734808
      -1.042963     4.546100     2.732552
       0.057097     4.549683     2.733330
       1.157067     4.547009     2.732651
      -4.623647     0.345560     2.732560
      -4.286711     1.392838     2.733323
      -3.943723     2.438150     2.732560
      -1.736580    -4.358713     2.732652
      -2.628046    -3.714331     2.733330
      -3.515906    -3.064832     2.732552
       0.055742    -4.692100     3.285342
       4.509585    -1.465254     3.283433
       2.803045     3.763223     3.285342
      -2.688964     3.761305     3.284835
      -4.386258    -1.462424     3.284836
       4.520519    -2.414256     2.733080
       0.953772    -4.995538     2.731428
       3.707923     3.480860     2.731428
       5.076240    -0.703923     2.733080
      -2.140548     4.534907     2.730821
       2.254419     4.536624     2.731061
      -4.952443    -0.701668     2.730818
      -3.594179     3.478636     2.730818
      -0.842699    -4.995320     2.731061
      -4.397292    -2.410632     2.730821
       0.055215    -5.620717     2.729954
       5.407452    -1.756989     2.729470
       3.348446     4.514799     2.729954
      -3.234889     4.512480     2.729599
      -5.269450    -1.749250     2.729600
       0.058112    -0.018882     6.059904
       5.420710    -2.714432     2.181959
       4.524130    -3.362339     2.182867
       3.634678    -4.011187     2.181422
       2.743780    -4.657496     2.180435
       1.851038    -5.298804     2.177955
       0.955134    -5.930400     2.175182
       4.258524     4.236379     2.175182
       4.612082     3.198807     2.177955
       4.957373     2.155238     2.180435
       5.298233     1.108706     2.181421
       5.636432     0.060970     2.182867
       5.980949    -0.990195     2.181959
      -2.688697     5.292197     2.174853
      -1.592616     5.307988     2.177414
      -0.493405     5.314115     2.179513
       0.606975     5.314605     2.179548
       1.706108     5.309389     2.177531
       2.802082     5.294338     2.175064
      -5.842139    -0.988728     2.174866
      -5.518169     0.058524     2.177431
      -5.183929     1.105786     2.179532
      -4.843851     2.152440     2.179532
      -4.498691     3.196154     2.177431
      -4.145228     4.233823     2.174865
      -0.845005    -5.930232     2.175065
      -1.740513    -5.298210     2.177531
      -2.632795    -4.656375     2.179549
      -3.522733    -4.009191     2.179513
      -4.408411    -3.358134     2.177414
      -5.285878    -2.701098     2.174853
       0.057643    -0.954320     6.625886
       0.057300    -1.897508     6.061831
       0.056770    -2.837202     5.502252
       0.056174    -3.776751     4.944141
       0.055606    -4.717755     4.386049
       0.947555    -0.307880     6.625940
       1.844513    -0.599319     6.061781
       2.737998    -0.889630     5.502119
       3.631213    -1.179853     4.944165
       4.525780    -1.470516     4.386718
       0.607570     0.738179     6.625886
       1.161685     1.501436     6.061831
       1.713595     2.261976     5.502252
       2.265365     3.022437     4.944141
       2.818015     3.784058     4.386049
      -0.492126     0.738047     6.625554
      -1.046450     1.500987     6.061264
      -1.598746     2.261063     5.501518
      -2.150987     3.021006     4.943376
      -2.704131     3.782149     4.385386
      -0.831952    -0.307828     6.625554
      -1.728854    -0.599235     6.061264
      -2.622432    -0.889518     5.501518
      -3.515888    -1.179725     4.943376
      -4.410780    -1.470372     4.385386
       0.954123    -1.252762     6.058515
       1.508257     0.452685     6.058515
       0.057696     1.506463     6.057989
      -1.392691     0.452513     6.057815
      -0.838800    -1.252666     6.057989
       1.849241    -1.545681     5.500199
       0.955575    -2.194846     5.500307
       2.063175     1.213994     5.500307
       2.404596     0.163524     5.500199
      -0.494424     2.269633     5.499348
       0.609546     2.269923     5.499513
      -2.289126     0.163332     5.499247
      -1.947945     1.213377     5.499247
      -0.841095    -2.194688     5.499513
      -1.734055    -1.545555     5.499348
       2.743357    -1.837182     4.942870
       1.851925    -2.489882     4.944256
       0.955776    -3.135850     4.942773
       2.616446     1.975164     4.942773
       2.961755     0.925822     4.944256
       3.299290    -0.126195     4.942870
      -1.046796     3.031227     4.941588
       0.057410     3.035599     4.942860
       1.161486     3.031948     4.941860
      -3.184180    -0.126506     4.941537
      -2.846817     0.924988     4.942751
      -2.501696     1.973961     4.941537
      -0.842474    -3.135602     4.941860
      -1.737836    -2.489595     4.942860
      -2.628587    -1.837021     4.941588
       3.637537    -2.128424     4.386433
       2.747217    -2.783257     4.388639
       1.853018    -3.433147     4.388076
       0.955461    -4.077259     4.385253
       3.169538     2.736965     4.385253
       3.517076     1.688296     4.388075
       3.858503     0.636927     4.388638
       4.193885    -0.416161     4.386433
      -1.599842     3.792849     4.384140
      -0.495340     3.799539     4.386474
       0.609702     3.799950     4.386553
       1.714014     3.794067     4.384467
      -4.079493    -0.416923     4.384122
      -3.744250     0.635543     4.386451
      -3.402724     1.686652     4.386451
      -3.055316     2.735165     4.384122
      -0.843432    -4.076937     4.384467
      -1.740297    -3.432597     4.386553
      -2.634053    -2.782737     4.386474
      -3.523681    -2.128114     4.384141
       4.532805    -2.420625     3.830901
       3.642147    -3.076517     3.833483
       2.749501    -3.728889     3.833219
       1.853421    -4.376865     3.831132
       0.954795    -5.020672     3.826584
       3.723524     3.500593     3.826583
       4.072107     2.451542     3.831132
       4.416179     1.400617     3.833218
       4.754891     0.348152     3.833482
       5.089924    -0.705992     3.830900
      -2.154470     4.555880     3.825759
      -1.049012     4.563399     3.829847
       0.056948     4.566413     3.831181
       1.162839     4.564294     3.829979
       2.268122     4.557577     3.826083
      -4.976646    -0.708378     3.825758
      -4.641900     0.345243     3.829866
      -4.302590     1.397998     3.831182
      -3.958303     2.449135     3.829866
      -3.609815     3.498291     3.825758
      -0.843929    -5.020325     3.826083
      -1.742070    -4.376090     3.829979
      -2.638000    -3.727778     3.831181
      -3.530969    -3.075272     3.829847
      -4.420884    -2.419417     3.825760
       4.537402    -3.371826     3.279109
       3.646098    -4.025234     3.277547
       2.751357    -4.675486     3.276180
       1.852638    -5.322891     3.272767
       4.627534     3.217354     3.272767
       4.974077     2.165338     3.276180
       5.315729     1.113358     3.277547
       5.652745     0.060844     3.279109
      -1.605224     5.328354     3.272016
      -0.497043     5.333242     3.274889
       0.610400     5.333722     3.274939
       1.718535     5.329727     3.272184
      -5.541373     0.052891     3.272052
      -5.203180     1.108323     3.274928
      -4.860916     2.161703     3.274928
      -4.514152     3.214350     3.272052
      -1.742414    -5.321969     3.272184
      -2.641261    -4.673854     3.274940
      -3.536919    -4.022527     3.274889
      -4.430582    -3.367200     3.272016
       5.425126    -3.679112    -1.636173
       5.420853    -3.678493    -0.545198
       5.420853    -3.678493     0.545198
       5.425126    -3.679111     1.636173
       4.547422    -4.329002    -2.722075
       4.536615    -4.323396    -1.631544
       4.532423    -4.321797    -0.543818
       4.532423    -4.321797     0.543819
       4.536615    -4.323396     1.631544
       4.547422    -4.329002     2.722075
       3.654092    -4.979745    -2.720395
       3.648491    -4.969119    -1.630431
       3.644319    -4.966973    -0.543447
       3.644319    -4.966973     0.543447
       3.648491    -4.969119     1.630431
       3.654092    -4.979745     2.720395
       2.756828    -5.628583    -2.718729
       2.757868    -5.612584    -1.629119
       2.753157    -5.610261    -0.543023
       2.753157    -5.610261     0.543024
       2.757868    -5.612584     1.629120
       2.756828    -5.628583     2.718729
       1.865325    -6.251588    -1.623570
       1.859725    -6.249959    -0.541249
       1.859725    -6.249959     0.541249
       1.865325    -6.251588     1.623570
       5.183673     3.961228    -1.623570
       5.178185     3.963202    -0.541249
       5.178185     3.963202     0.541249
       5.183673     3.961228     1.623570
       5.538720     2.933194    -2.718729
       5.530157     2.919639    -1.629120
       5.524981     2.920529    -0.543024
       5.524981     2.920529     0.543023
       5.530157     2.919639     1.629120
       5.538720     2.933194     2.718729
       5.883244     1.880874    -2.720395
       5.872467     1.875570    -1.630431
       5.867830     1.876286    -0.543447
       5.867830     1.876286     0.543447
       5.872467     1.875570     1.630431
       5.883244     1.880874     2.720395
       6.223466     0.829325    -2.722075
       6.211427     0.831143    -1.631544
       6.207096     0.832313    -0.543819
       6.207096     0.832313     0.543818
       6.211427     0.831143     1.631544
       6.223466     0.829325     2.722075
       6.551547    -0.212349    -1.636173
       6.547726    -0.210337    -0.545198
       6.547726    -0.210337     0.545198
       6.551547    -0.212348     1.636173
      -1.755511    -6.250943    -1.623433
      -1.750472    -6.248947    -0.541199
      -1.750472    -6.248947     0.541200
      -1.755511    -6.250943     1.623433
      -2.647590    -5.626657    -2.718236
      -2.647904    -5.611215    -1.628713
      -2.644066    -5.608152    -0.542872
      -2.644066    -5.608152     0.542873
      -2.647904    -5.611214     1.628713
      -2.647590    -5.626657     2.718236
      -3.545765    -4.976266    -2.719119
      -3.538515    -4.966422    -1.629409
      -3.535792    -4.962725    -0.543081
      -3.535792    -4.962725     0.543082
      -3.538515    -4.966421     1.629409
      -3.545765    -4.976266     2.719119
      -4.441306    -4.322268    -2.718149
      -4.426382    -4.317859    -1.628651
      -4.424600    -4.313270    -0.542850
      -4.424600    -4.313270     0.542850
      -4.426382    -4.317859     1.628652
      -4.441306    -4.322268     2.718149
      -5.310059    -3.666152    -1.623307
      -5.309670    -3.660717    -0.541153
      -5.309670    -3.660717     0.541153
      -5.310059    -3.666152     1.623307
       0.055134    -5.663636    -3.825941
       5.425612    -1.762890    -3.828651
       5.435206    -2.718042    -3.278846
       0.948045    -5.972986    -3.263764
       5.994798    -0.995795    -3.278846
      -0.838048    -5.972685    -3.263545
       0.054925    -6.574264    -2.212566
       0.054809    -6.570248    -1.101857
       0.054697    -6.569513     0.000000
       0.054809    -6.570248     1.101857
       0.054925    -6.574264     2.212567
       0.055134    -5.663636     3.825941
       5.425612    -1.762890     3.828651
       5.435206    -2.718041     3.278846
       0.948045    -5.972985     3.263764
       5.994798    -0.995795     3.278846
      -0.838048    -5.972685     3.263545
       5.440138    -3.678805    -2.731013
       5.440138    -3.678805     2.731013
       1.854138    -6.276467    -2.712154
       1.854138    -6.276466     2.712154
       0.964192    -6.888141    -1.655306
       0.961850    -6.886966    -0.550412
       0.961850    -6.886966     0.550412
       0.964192    -6.888141     1.655306
       6.563511    -0.221420    -2.731013
       6.563511    -0.221420     2.731013
      -0.854582    -6.887947    -1.655323
      -0.852702    -6.886567    -0.550427
      -0.852702    -6.886567     0.550428
      -0.854582    -6.887947     1.655323
      -1.744764    -6.275391    -2.711994
      -1.744764    -6.275391     2.711994
       3.373608     4.549569    -3.825941
      -3.260192     4.547287    -3.825426
      -5.310380    -1.762538    -3.825426
       4.277819     4.274998    -3.263764
      -2.719408     5.322506    -3.263255
       2.832663     5.324595    -3.263545
      -5.880409    -1.008524    -3.263263
      -4.164554     4.272333    -3.263263
      -5.328539    -2.707567    -3.263255
       3.373608     4.549569     3.825941
      -3.260192     4.547287     3.825426
      -5.310380    -1.762538     3.825426
       4.277819     4.274998     3.263764
      -2.719408     5.322506     3.263255
       2.832663     5.324595     3.263545
      -5.880409    -1.008524     3.263263
      -4.164554     4.272333     3.263263
      -5.328539    -2.707567     3.263255
       5.189246     3.987930    -2.712154
       5.189246     3.987931     2.712154
      -5.336780    -3.663452    -2.711812
      -5.336780    -3.663452     2.711812
       3.908693     5.286406    -2.212566
       3.906239     5.283224    -1.101857
       3.905716     5.282695    -0.000000
       3.906239     5.283224     1.101857
       3.908693     5.286406     2.212566
      -3.795447     5.283853    -2.212356
      -3.793060     5.280578    -1.101718
      -3.792598     5.279955    -0.000000
      -3.793060     5.280579     1.101718
      -3.795447     5.283853     2.212356
      -6.176353    -2.043816    -2.212356
      -6.172497    -2.042570    -1.101718
      -6.171758    -2.042337     0.000000
      -6.172497    -2.042570     1.101718
      -6.176353    -2.043816     2.212356
       4.828798     5.005883    -1.655306
       4.826212     5.006309    -0.550412
       4.826212     5.006309     0.550412
       4.828798     5.005883     1.655306
      -3.244286     6.072357    -1.655179
      -3.245005     6.070052    -0.550364
      -3.245005     6.070052     0.550364
      -3.244286     6.072357     1.655178
      -2.164219     6.100677    -2.711812
      -2.141015     6.087155    -1.623307
      -2.143895     6.082529    -0.541153
      -2.143895     6.082529     0.541153
      -2.141015     6.087155     1.623307
      -2.164219     6.100677     2.711812
      -1.052524     6.107323    -2.718149
      -1.043041     6.094984    -1.628652
      -1.044297     6.090224    -0.542850
      -1.044297     6.090224     0.542850
      -1.043041     6.094984     1.628651
      -1.052524     6.107323     2.718149
       0.056394     6.110033    -2.719119
       0.056474     6.097806    -1.629409
       0.056503     6.093215    -0.543082
       0.056503     6.093215     0.543081
       0.056474     6.097806     1.629409
       0.056394     6.110033     2.719119
       1.165323     6.108275    -2.718236
       1.155993     6.095966    -1.628713
       1.157298     6.091233    -0.542873
       1.157298     6.091233     0.542872
       1.155993     6.095966     1.628713
       1.165323     6.108275     2.718236
       2.277041     6.102443    -2.711994
       2.253977     6.088981    -1.623433
       2.256881     6.084405    -0.541200
       2.256881     6.084405     0.541199
       2.253977     6.088981     1.623433
       2.277041     6.102443     2.711994
       3.357266     6.074775    -1.655323
       3.357975     6.072554    -0.550428
       3.357975     6.072554     0.550427
       3.357266     6.074775     1.655323
      -6.755838    -1.275850    -1.655174
      -6.753882    -1.277278    -0.550362
      -6.753882    -1.277278     0.550362
      -6.755838    -1.275850     1.655174
      -6.448700    -0.239804    -2.711852
      -6.428741    -0.222017    -1.623331
      -6.425261    -0.226224    -0.541161
      -6.425261    -0.226224     0.541161
      -6.428741    -0.222017     1.623331
      -6.448700    -0.239804     2.711852
      -6.111118     0.819505    -2.718198
      -6.096525     0.824630    -1.628684
      -6.092421     0.821932    -0.542862
      -6.092421     0.821932     0.542862
      -6.096525     0.824630     1.628684
      -6.111118     0.819506     2.718198
      -5.770550     1.874967    -2.719149
      -5.758954     1.871199    -1.629428
      -5.754605     1.869786    -0.543088
      -5.754605     1.869786     0.543088
      -5.758954     1.871199     1.629428
      -5.770550     1.874967     2.719149
      -5.425690     2.929034    -2.718198
      -5.416896     2.916310    -1.628684
      -5.411991     2.916081    -0.542862
      -5.411991     2.916081     0.542862
      -5.416896     2.916310     1.628684
      -5.425690     2.929034     2.718198
      -5.076153     3.984458    -2.711852
      -5.070461     3.958337    -1.623331
      -5.065172     3.959695    -0.541161
      -5.065172     3.959695     0.541161
      -5.070461     3.958338     1.623331
      -5.076153     3.984459     2.711852
      -4.715659     5.003168    -1.655174
      -4.713238     5.003174    -0.550362
      -4.713238     5.003174     0.550362
      -4.715659     5.003168     1.655174
      -6.193926    -3.005693    -1.655178
      -6.193152    -3.003406    -0.550364
      -6.193152    -3.003406     0.550364
      -6.193926    -3.005693     1.655179