
      -0.000000    -0.000000    -0.528433
       0.000000     0.000000     0.572775
      -0.000000    -0.927307     0.022237
       0.881921    -0.286554     0.022237
       0.545058     0.750207     0.022237
      -0.545057     0.750207     0.022237
      -0.881921    -0.286553     0.022237
      -0.000000    -0.927513    -1.078813
       0.882117    -0.286618    -1.078813
       0.545179     0.750373    -1.078813
      -0.545178     0.750373    -1.078813
      -0.882117    -0.286617    -1.078813
      -0.000000    -0.000000    -1.629597
      -0.000001    -1.857192    -0.527790
       1.766294    -0.573905    -0.527791
       1.091630     1.502499    -0.527791
      -1.091629     1.502500    -0.527791
      -1.766294    -0.573903    -0.527791
      -0.000000    -0.927575     1.123119
      -0.000000    -0.928157    -2.179559
       0.882177    -0.286637     1.123119
       0.882730    -0.286817    -2.179559
       0.545216     0.750424     1.123119
       0.545557     0.750894    -2.179559
      -0.545215     0.750425     1.123119
      -0.545557     0.750895    -2.179559
      -0.882177    -0.286636     1.123119
      -0.882730    -0.286816    -2.179559
       0.886306    -1.219896     0.572594
       0.886854    -1.220651    -1.628645
       0.886267    -1.219843    -0.528103
       1.434074     0.465958     0.572593
       1.434960     0.466246    -1.628645
       1.434011     0.465938    -0.528104
       0.000001     1.507874     0.572593
       0.000001     1.508806    -1.628645
       0.000001     1.507808    -0.528104
      -1.434073     0.465959     0.572593
      -1.434960     0.466247    -1.628645
      -1.434011     0.465939    -0.528104
      -0.886307    -1.219895     0.572594
      -0.886855    -1.220650    -1.628645
      -0.886268    -1.219842    -0.528103
      -0.000001    -1.857248     0.572532
      -0.000001    -1.858236    -1.627951
       1.766347    -0.573922     0.572532
       1.767287    -0.574228    -1.627951
       1.091663     1.502545     0.572531
       1.092244     1.503344    -1.627952
      -1.091662     1.502545     0.572531
      -1.092243     1.503345    -1.627952
      -1.766348    -0.573920     0.572532
      -1.767288    -0.574226    -1.627951
       0.000000     0.000000     1.673536
      -0.000000    -0.000000    -2.730495
      -0.000001    -2.789632    -1.076176
      -0.000001    -2.788825     0.022576
       2.653097    -0.862045    -1.076176
       2.652330    -0.861796     0.022575
       1.639705     2.256858    -1.076176
       1.639231     2.256206     0.022575
      -1.639703     2.256860    -1.076176
      -1.639230     2.256208     0.022575
      -2.653097    -0.862043    -1.076176
      -2.652331    -0.861793     0.022575
      -0.000000    -0.928317     2.223284
      -0.000000    -0.929265    -3.279920
      -0.000001    -1.858423     1.672493
      -0.000001    -1.860270    -2.727577
       0.882883    -0.286866     2.223284
       0.883783    -0.287159    -3.279920
       1.767466    -0.574285     1.672492
       1.769221    -0.574856    -2.727577
       0.545652     0.751025     2.223284
       0.546208     0.751790    -3.279921
       1.092355     1.503496     1.672492
       1.093440     1.504989    -2.727577
      -0.545651     0.751025     2.223284
      -0.546207     0.751790    -3.279921
      -1.092353     1.503497     1.672492
      -1.093438     1.504990    -2.727577
      -0.882883    -0.286865     2.223284
      -0.883783    -0.287159    -3.279920
      -1.767466    -0.574284     1.672492
      -1.769222    -0.574855    -2.727577
       0.886983    -1.220829     1.672837
       0.887983    -1.222205    -2.728623
       1.435170     0.466315     1.672837
       1.436787     0.466839    -2.728624
       0.000001     1.509027     1.672836
       0.000001     1.510727    -2.728624
      -1.435170     0.466316     1.672837
      -1.436787     0.466841    -2.728624
      -0.886984    -1.220828     1.672837
      -0.887984    -1.222204    -2.728623
       1.774133    -1.511448     1.121980
       1.775910    -1.513118    -2.176508
       1.774018    -1.511360    -1.077288
       1.773391    -1.510738     0.022384
       0.889234    -2.154364     1.121980
       0.890273    -2.156571    -2.176508
       0.889185    -2.154228    -1.077288
       0.888787    -2.153440     0.022384
       1.985710     1.220237     1.121979
       1.987847     1.221411    -2.176509
       1.985590     1.220155    -1.077289
       1.984805     1.219752     0.022384
       2.323711     0.179977     1.121979
       2.326130     0.180282    -2.176509
       2.323566     0.179972    -1.077289
       2.322693     0.179837     0.022384
      -0.546896     2.265597     1.121979
      -0.547353     2.267991    -2.176509
      -0.546856     2.265457    -1.077289
      -0.546714     2.264586     0.022383
       0.546898     2.265596     1.121979
       0.547354     2.267991    -2.176509
       0.546857     2.265457    -1.077289
       0.546716     2.264585     0.022383
      -2.323711     0.179979     1.121979
      -2.326130     0.180284    -2.176509
      -2.323566     0.179974    -1.077289
      -2.322693     0.179839     0.022384
      -1.985709     1.220239     1.121979
      -1.987846     1.221413    -2.176509
      -1.985589     1.220157    -1.077289
      -1.984804     1.219753     0.022384
      -0.889236    -2.154364     1.121980
      -0.890275    -2.156570    -2.176508
      -0.889187    -2.154227    -1.077288
      -0.888789    -2.153439     0.022384
      -1.774134    -1.511447     1.121980
      -1.775911    -1.513117    -2.176508
      -1.774019    -1.511359    -1.077288
      -1.773393    -1.510736     0.022384
      -0.000001    -2.789755     1.121297
      -0.000001    -2.792255    -2.174821
       2.653215    -0.862083     1.121296
       2.655592    -0.862856    -2.174821
       1.639778     2.256959     1.121296
       1.641247     2.258981    -2.174822
      -1.639776     2.256960     1.121296
      -1.641245     2.258982    -2.174822
      -2.653215    -0.862081     1.121296
      -2.655593    -0.862853    -2.174821
       0.000000     0.000000     2.773418
      -0.000000    -0.000001    -3.831382
      -0.000002    -3.724798    -1.621836
      -0.000002    -3.722994    -0.525299
      -0.000002    -3.723039     0.570851
       3.542492    -1.151027    -1.621837
       3.540778    -1.150470    -0.525299
       3.540820    -1.150484     0.570851
       2.189382     3.013423    -1.621837
       2.188322     3.011965    -0.525300
       2.188349     3.012001     0.570850
      -2.189380     3.013425    -1.621837
      -2.188320     3.011967    -0.525300
      -2.188346     3.012003     0.570850
      -3.542493    -1.151024    -1.621837
      -3.540778    -1.150467    -0.525299
      -3.540821    -1.150481     0.570851
      -0.000000    -0.929585     3.322359
      -0.000000    -0.931114    -4.380380
      -0.000001    -1.860643     2.771695
      -0.000001    -1.863562    -3.826774
      -0.000001    -2.792501     2.219873
      -0.000001    -2.796807    -3.272899
       0.884088    -0.287257     3.322359
       0.885542    -0.287731    -4.380380
       1.769577    -0.574971     2.771695
       1.772352    -0.575874    -3.826774
       2.655826    -0.862931     2.219872
       2.659921    -0.864262    -3.272900
       0.546397     0.752051     3.322358
       0.547295     0.753286    -4.380380
       1.093660     1.505292     2.771695
       1.095375     1.507652    -3.826774
       1.641392     2.259181     2.219872
       1.643923     2.262663    -3.272900
      -0.546396     0.752051     3.322358
      -0.547295     0.753286    -4.380380
      -1.093658     1.505293     2.771695
      -1.095373     1.507653    -3.826774
      -1.641390     2.259182     2.219872
      -1.643921     2.262664    -3.272900
      -0.884088    -0.287257     3.322359
      -0.885542    -0.287730    -4.380380
      -1.769578    -0.574969     2.771695
      -1.772353    -0.575872    -3.826774
      -2.655827    -0.862929     2.219872
      -2.659922    -0.864260    -3.272900
       0.888242    -1.222561     2.772160
       0.889689    -1.224553    -3.827997
       1.437207     0.466977     2.772160
       1.439548     0.467736    -3.827998
       0.000001     1.511169     2.772160
       0.000001     1.513629    -3.827998
      -1.437206     0.466978     2.772160
      -1.439547     0.467737    -3.827998
      -0.888243    -1.222560     2.772160
      -0.889690    -1.224553    -3.827997
       1.776142    -1.513286     2.220995
       1.779084    -1.515938    -3.274807
       0.890361    -2.156843     2.220995
       0.891973    -2.160461    -3.274807
       1.988079     1.221580     2.220994
       1.991509     1.223558    -3.274808
       2.326416     0.180283     2.220995
       2.330355     0.180697    -3.274808
      -0.547441     2.268265     2.220994
      -0.548264     2.272138    -3.274808
       0.547443     2.268264     2.220994
       0.548266     2.272137    -3.274808
      -2.326416     0.180285     2.220995
      -2.330355     0.180699    -3.274808
      -1.988078     1.221582     2.220994
      -1.991508     1.223560    -3.274808
      -0.890363    -2.156842     2.220995
      -0.891975    -2.160460    -3.274807
      -1.776143    -1.513285     2.220995
      -1.779085    -1.515936    -3.274807
       2.664086    -1.803496     1.669279
       2.668209    -1.806555    -2.721327
       2.663967    -1.803463    -1.624142
       2.662108    -1.801758    -0.526304
       2.662155    -1.801775     0.571441
       1.780309    -2.450388     1.669830
       1.783361    -2.454588    -2.722181
       1.780252    -2.450309    -1.624889
       1.778614    -2.448054    -0.526676
       1.778640    -2.448089     0.571639
       0.891977    -3.091008     1.669279
       0.893612    -3.095875    -2.721326
       0.891981    -3.090885    -1.624142
       0.890934    -3.088590    -0.526304
       0.890937    -3.088640     0.571442
       2.538475     1.976386     1.669278
       2.542658     1.979361    -2.721327
       2.538406     1.976282    -1.624143
       2.536210     1.975042    -0.526305
       2.536242     1.975081     0.571441
       2.880603     0.935964     1.669830
       2.885541     0.937567    -2.722182
       2.880510     0.935933    -1.624889
       2.877859     0.935072    -0.526677
       2.877901     0.935086     0.571639
       3.215359    -0.106853     1.669279
       3.220492    -0.106803    -2.721327
       3.215243    -0.106811    -1.624142
       3.212737    -0.107098    -0.526304
       3.212786    -0.107111     0.571441
      -1.095222     3.024970     1.669278
      -1.096760     3.029867    -2.721327
      -1.095146     3.024872    -1.624143
      -1.094644     3.022400    -0.526305
      -1.094672     3.022443     0.571441
       0.000001     3.028845     1.669829
       0.000001     3.034036    -2.722182
       0.000001     3.028747    -1.624889
       0.000001     3.025960    -0.526677
       0.000001     3.026004     0.571639
       1.095225     3.024969     1.669278
       1.096762     3.029866    -2.721327
       1.095148     3.024871    -1.624143
       1.094647     3.022399    -0.526305
       1.094674     3.022442     0.571441
      -3.215360    -0.106851     1.669279
      -3.220493    -0.106800    -2.721327
      -3.215243    -0.106809    -1.624142
      -3.212737    -0.107096    -0.526304
      -3.212786    -0.107108     0.571441
      -2.880602     0.935966     1.669830
      -2.885540     0.937570    -2.722182
      -2.880509     0.935935    -1.624889
      -2.877858     0.935074    -0.526677
      -2.877900     0.935088     0.571639
      -2.538473     1.976388     1.669278
      -2.542656     1.979363    -2.721327
      -2.538404     1.976284    -1.624143
      -2.536208     1.975044    -0.526305
      -2.536240     1.975083     0.571441
      -0.891979    -3.091007     1.669279
      -0.893614    -3.095874    -2.721326
      -0.891984    -3.090884    -1.624142
      -0.890937    -3.088589    -0.526304
      -0.890939    -3.088639     0.571442
      -1.780311    -2.450386     1.669830
      -1.783363    -2.454587    -2.722181
      -1.780254    -2.450307    -1.624889
      -1.778616    -2.448052    -0.526676
      -1.778642    -2.448088     0.571639
      -2.664088    -1.803494     1.669279
      -2.668210    -1.806553    -2.721327
      -2.663968    -1.803461    -1.624142
      -2.662110    -1.801755    -0.526304
      -2.662157    -1.801773     0.571441
      -0.000002    -3.724913     1.667423
      -0.000002    -3.730059    -2.719082
       3.542603    -1.151063     1.667422
       3.547496    -1.152653    -2.719083
       2.189451     3.013518     1.667422
       2.192475     3.017680    -2.719084
      -2.189448     3.013520     1.667422
      -2.192472     3.017681    -2.719083
      -3.542604    -1.151060     1.667422
      -3.547497    -1.152651    -2.719083
       0.000000     0.000001     3.872243
      -0.000000    -0.000001    -4.933048
      -0.000002    -4.662465    -2.164513
      -0.000002    -4.660346    -1.070341
      -0.000002    -4.659938     0.022955
      -0.000002    -4.660369     1.116284
       4.434267    -1.440783    -2.164513
       4.432252    -1.440128    -1.070342
       4.431864    -1.440002     0.022954
       4.432274    -1.440135     1.116284
       2.740530     3.772012    -2.164514
       2.739284     3.770298    -1.070343
       2.739044     3.769968     0.022953
       2.739298     3.770317     1.116283
      -2.740527     3.772014    -2.164514
      -2.739281     3.770300    -1.070343
      -2.739041     3.769970     0.022953
      -2.739295     3.770320     1.116283
      -4.434268    -1.440779    -2.164513
      -4.432253    -1.440124    -1.070342
      -4.431865    -1.439998     0.022954
      -4.432275    -1.440131     1.116284
      -0.000000    -0.931468     4.420130
      -0.000000    -0.934513    -5.483034
      -0.000001    -1.864111     3.870264
      -0.000001    -1.869019    -4.927184
      -0.000001    -2.797098     3.317951
      -0.000001    -2.804249    -4.371381
      -0.000002    -3.730133     2.764802
      -0.000002    -3.739552    -3.816384
       0.885879    -0.287839     4.420130
       0.888774    -0.288781    -5.483034
       1.772875    -0.576042     3.870264
       1.777541    -0.577560    -4.927184
       2.660198    -0.864352     3.317951
       2.666998    -0.866562    -4.371382
       3.547567    -1.152676     2.764802
       3.556524    -1.155587    -3.816385
       0.547504     0.753574     4.420130
       0.549293     0.756035    -5.483034
       1.095698     1.508098     3.870264
       1.098582     1.512066    -4.927184
       1.644094     2.262900     3.317950
       1.648297     2.268683    -4.371382
       2.192519     3.017741     2.764801
       2.198054     3.025359    -3.816386
      -0.547503     0.753575     4.420130
      -0.549292     0.756036    -5.483034
      -1.095697     1.508099     3.870264
      -1.098581     1.512067    -4.927184
      -1.644092     2.262901     3.317950
      -1.648295     2.268684    -4.371382
      -2.192516     3.017743     2.764801
      -2.198052     3.025361    -3.816386
      -0.885879    -0.287839     4.420130
      -0.888774    -0.288781    -5.483034
      -1.772876    -0.576041     3.870264
      -1.777542    -0.577558    -4.927184
      -2.660199    -0.864349     3.317951
      -2.666999    -0.866560    -4.371382
      -3.547568    -1.152673     2.764802
      -3.556525    -1.155584    -3.816385
       0.890087    -1.225099     3.870510
       0.892205    -1.228017    -4.927859
       1.440191     0.467946     3.870510
       1.443619     0.469059    -4.927859
       0.000001     1.514307     3.870510
       0.000001     1.517910    -4.927859
      -1.440191     0.467948     3.870510
      -1.443619     0.469060    -4.927859
      -0.890088    -1.225099     3.870510
      -0.892206    -1.228016    -4.927859
       1.779364    -1.516093     3.319112
       1.783796    -1.519981    -4.372797
       0.892035    -2.160774     3.319112
       0.894362    -2.166192    -4.372797
       1.991744     1.223777     3.319112
       1.996811     1.226791    -4.372797
       2.330673     0.180660     3.319112
       2.336544     0.181198    -4.372797
      -0.548398     2.272430     3.319112
      -0.549700     2.278178    -4.372797
       0.548400     2.272429     3.319112
       0.549701     2.278178    -4.372797
      -2.330673     0.180662     3.319112
      -2.336544     0.181200    -4.372797
      -1.991743     1.223779     3.319112
      -1.996810     1.226792    -4.372797
      -0.892037    -2.160773     3.319112
      -0.894364    -2.166192    -4.372797
      -1.779365    -1.516091     3.319112
      -1.783798    -1.519980    -4.372797
       2.668288    -1.806513     2.766579
       2.675137    -1.811055    -3.817670
       1.783351    -2.454574     2.767204
       1.787933    -2.460881    -3.818652
       0.893547    -3.095936     2.766579
       0.895750    -3.103855    -3.817670
       2.542643     1.979450     2.766578
       2.549078     1.984559    -3.817671
       2.885525     0.937563     2.767203
       2.892938     0.939971    -3.818653
       3.220532    -0.106883     2.766579
       3.228742    -0.107236    -3.817670
      -1.096848     3.029881     2.766578
      -1.099720     3.037579    -3.817671
       0.000001     3.034021     2.767203
       0.000001     3.041814    -3.818653
       1.096851     3.029880     2.766578
       1.099723     3.037578    -3.817671
      -3.220532    -0.106880     2.766579
      -3.228743    -0.107233    -3.817670
      -2.885524     0.937565     2.767203
      -2.892937     0.939973    -3.818653
      -2.542641     1.979452     2.766578
      -2.549076     1.984562    -3.817671
      -0.893550    -3.095936     2.766579
      -0.895752    -3.103854    -3.817670
      -1.783353    -2.454573     2.767204
      -1.787935    -2.460880    -3.818652
      -2.668289    -1.806511     2.766579
      -2.675139    -1.811053    -3.817670
       3.556884    -2.096671     2.213593
       3.565997    -2.101695    -3.262912
       3.556934    -2.096787    -2.167839
       3.553031    -2.093581    -1.072174
       3.552436    -2.092718     0.022778
       3.553056    -2.093554     1.117768
       2.674171    -2.747299     2.214834
       2.681031    -2.754048    -3.264364
       2.674271    -2.747466    -2.169322
       2.670405    -2.743121    -1.073334
       2.669314    -2.741700     0.022658
       2.670401    -2.743085     1.118686
       1.786470    -3.392251     2.214834
       1.790768    -3.400862    -3.264364
       1.786597    -3.392398    -2.169322
       1.783660    -3.387379    -1.073334
       1.782646    -3.385902     0.022658
       1.783627    -3.387363     1.118686
       0.894912    -4.030705     2.213593
       0.896873    -4.040926    -3.262912
       0.895006    -4.030789    -2.167839
       0.893164    -4.026086    -1.072174
       0.892526    -4.025253     0.022778
       0.893130    -4.026101     1.117769
       3.093191     2.734891     2.213592
       3.100784     2.742005    -3.262913
       3.093316     2.734903    -2.167840
       3.089061     2.732181    -1.072175
       3.088056     2.731882     0.022777
       3.089043     2.732213     1.117768
       3.439201     1.694326     2.214833
       3.447739     1.698764    -3.264365
       3.439390     1.694369    -2.169323
       3.434063     1.692035    -1.073335
       3.432375     1.691436     0.022658
       3.434028     1.692042     1.118685
       3.778273     0.650770     2.214833
       3.787789     0.652197    -3.264364
       3.778451     0.650846    -2.169323
       3.772770     0.649603    -1.073334
       3.771052     0.649096     0.022658
       3.772745     0.649577     1.118685
       4.109972    -0.394444     2.213593
       4.120297    -0.395738    -3.262912
       4.110080    -0.394381    -2.167840
       4.105038    -0.394680    -1.072174
       4.104049    -0.395029     0.022778
       4.105042    -0.394716     1.117768
      -1.645187     3.786927     2.213592
      -1.649607     3.796347    -3.262913
      -1.645160     3.787049    -2.167840
      -1.643886     3.782162    -1.072175
      -1.643912     3.781113     0.022777
      -1.643922     3.782155     1.117767
      -0.548628     3.794451     2.214833
      -0.550211     3.803941    -3.264365
      -0.548611     3.794643    -2.169323
      -0.548037     3.788856    -1.073335
      -0.547989     3.787065     0.022657
      -0.548055     3.788825     1.118685
       0.548631     3.794450     2.214833
       0.550214     3.803941    -3.264365
       0.548614     3.794642    -2.169323
       0.548040     3.788855    -1.073335
       0.547992     3.787065     0.022657
       0.548058     3.788824     1.118685
       1.645190     3.786926     2.213592
       1.649610     3.796346    -3.262913
       1.645163     3.787048    -2.167840
       1.643889     3.782160    -1.072175
       1.643915     3.781112     0.022777
       1.643925     3.782153     1.117767
      -4.109972    -0.394441     2.213593
      -4.120298    -0.395734    -3.262912
      -4.110080    -0.394378    -2.167840
      -4.105038    -0.394676    -1.072174
      -4.104049    -0.395025     0.022778
      -4.105043    -0.394713     1.117768
      -3.778272     0.650774     2.214833
      -3.787788     0.652200    -3.264364
      -3.778450     0.650849    -2.169323
      -3.772769     0.649606    -1.073334
      -3.771051     0.649099     0.022658
      -3.772744     0.649580     1.118685
      -3.439200     1.694329     2.214833
      -3.447738     1.698767    -3.264365
      -3.439389     1.694371    -2.169323
      -3.434062     1.692038    -1.073335
      -3.432374     1.691439     0.022658
      -3.434026     1.692045     1.118685
      -3.093188     2.734893     2.213592
      -3.100782     2.742008    -3.262913
      -3.093313     2.734905    -2.167840
      -3.089059     2.732183    -1.072175
      -3.088053     2.731884     0.022777
      -3.089041     2.732216     1.117768
      -0.894915    -4.030704     2.213593
      -0.896877    -4.040925    -3.262912
      -0.895009    -4.030789    -2.167839
      -0.893167    -4.026085    -1.072174
      -0.892530    -4.025252     0.022778
      -0.893134    -4.026100     1.117769
      -1.786472    -3.392250     2.214834
      -1.790771    -3.400860    -3.264364
      -1.786600    -3.392396    -2.169322
      -1.783662    -3.387377    -1.073334
      -1.782649    -3.385900     0.022658
      -1.783629    -3.387362     1.118686
      -2.674174    -2.747297     2.214834
      -2.681033    -2.754046    -3.264364
      -2.674273    -2.747464    -2.169322
      -2.670407    -2.743119    -1.073334
      -2.669316    -2.741698     0.022658
      -2.670403    -2.743082     1.118686
      -3.556886    -2.096668     2.213593
      -3.565999    -2.101692    -3.262912
      -3.556936    -2.096784    -2.167839
      -3.553032    -2.093578    -1.072174
      -3.552437    -2.092715     0.022778
      -3.553057    -2.093551     1.117768
      -0.000002    -4.662437     2.210579
       4.434241    -1.440774     2.210579
       2.740514     3.771990     2.210578
      -2.740510     3.771993     2.210578
      -4.434242    -1.440770     2.210579
       4.446425    -2.386611    -1.614287
       4.445693    -2.385029    -0.522795
       4.445673    -2.385000     0.568757
       4.446326    -2.386496     1.660362
       3.573676    -3.046607    -2.710071
       3.565214    -3.039652    -1.616438
       3.562444    -3.036467    -0.523445
       3.562412    -3.036416     0.569181
       3.565067    -3.039456     1.662296
       2.685298    -3.696000    -2.710881
       2.679193    -3.687596    -1.617044
       2.676558    -3.683969    -0.523692
       2.676517    -3.683912     0.569333
       2.679029    -3.687370     1.662809
       1.793165    -4.340223    -2.710071
       1.789166    -4.330026    -1.616438
       1.786992    -4.326407    -0.523445
       1.786954    -4.326360     0.569181
       1.789025    -4.329825     1.662296
       0.895776    -4.966306    -1.614287
       0.894499    -4.965120    -0.522795
       0.894477    -4.965092     0.568758
       0.895699    -4.966176     1.660363
       3.643822     3.491298    -1.614288
       3.642092     3.491090    -0.522796
       3.642058     3.491081     0.568756
       3.643683     3.491239     1.660361
       4.001822     2.457315    -2.710072
       3.992593     2.451416    -1.616439
       3.988707     2.449766    -0.523446
       3.988649     2.449751     0.569180
       3.992361     2.451337     1.662295
       4.344907     1.411744    -2.710882
       4.335028     1.408534    -1.617045
       4.330765     1.407149    -0.523692
       4.330698     1.407127     0.569332
       4.334763     1.408448     1.662808
       4.681916     0.364198    -2.710072
       4.670982     0.363546    -1.616439
       4.666869     0.362597    -0.523445
       4.666812     0.362575     0.569180
       4.670748     0.363474     1.662295
       5.000047    -0.682739    -1.614288
       4.998525    -0.683588    -0.522795
       4.998492    -0.683600     0.568757
       4.999900    -0.682772     1.660362
      -2.194419     4.544351    -1.614288
      -2.194756     4.542642    -0.522796
      -2.194757     4.542606     0.568756
      -2.194406     4.544201     1.660361
      -1.100415     4.565310    -2.710073
      -1.097656     4.554710    -1.616440
      -1.097288     4.550505    -0.523446
      -1.097291     4.550445     0.569180
      -1.097652     4.554466     1.662295
       0.000002     4.568505    -2.710883
       0.000002     4.558118    -1.617046
       0.000002     4.553635    -0.523693
       0.000002     4.553565     0.569331
       0.000002     4.557840     1.662807
       1.100418     4.565309    -2.710073
       1.097660     4.554709    -1.616440
       1.097291     4.550504    -0.523446
       1.097295     4.550444     0.569180
       1.097656     4.554465     1.662295
       2.194423     4.544349    -1.614288
       2.194760     4.542640    -0.522796
       2.194761     4.542605     0.568756
       2.194409     4.544200     1.660361
      -5.000048    -0.682735    -1.614288
      -4.998526    -0.683584    -0.522795
      -4.998493    -0.683596     0.568757
      -4.999901    -0.682768     1.660362
      -4.681915     0.364202    -2.710072
      -4.670982     0.363550    -1.616439
      -4.666868     0.362601    -0.523445
      -4.666812     0.362579     0.569180
      -4.670747     0.363478     1.662295
      -4.344906     1.411747    -2.710882
      -4.335027     1.408537    -1.617045
      -4.330763     1.407152    -0.523692
      -4.330697     1.407131     0.569332
      -4.334762     1.408452     1.662808
      -4.001820     2.457318    -2.710072
      -3.992591     2.451419    -1.616439
      -3.988705     2.449769    -0.523446
      -3.988647     2.449754     0.569180
      -3.992359     2.451340     1.662295
      -3.643820     3.491301    -1.614288
      -3.642089     3.491093    -0.522796
      -3.642055     3.491084     0.568756
      -3.643681     3.491242     1.660361
      -0.895781    -4.966305    -1.614287
      -0.894503    -4.965120    -0.522795
      -0.894481    -4.965092     0.568758
      -0.895703    -4.966175     1.660363
      -1.793168    -4.340222    -2.710071
      -1.789169    -4.330025    -1.616438
      -1.786996    -4.326406    -0.523445
      -1.786957    -4.326359     0.569181
      -1.789028    -4.329824     1.662296
      -2.685301    -3.695998    -2.710881
      -2.679196    -3.687594    -1.617044
      -2.676561    -3.683967    -0.523692
      -2.676520    -3.683910     0.569333
      -2.679032    -3.687368     1.662809
      -3.573679    -3.046604    -2.710071
      -3.565217    -3.039649    -1.616438
      -3.562447    -3.036464    -0.523445
      -3.562414    -3.036413     0.569181
      -3.565069    -3.039453     1.662296
      -4.446427    -2.386607    -1.614287
      -4.445695    -2.385026    -0.522795
      -4.445675    -2.384996     0.568757
      -4.446328    -2.386493     1.660362
      -0.000002    -4.673347    -3.262215
       4.444616    -1.444146    -3.262215
       2.746925     3.780815    -3.262216
      -2.746922     3.780817    -3.262216
      -4.444617    -1.444142    -3.262215
      -0.000000    -0.000001    -6.037489
      -0.000002    -5.601974    -2.706835
      -0.000002    -5.602177    -1.614803
      -0.000002    -5.601461    -0.523219
      -0.000002    -5.601446     0.569419
       5.327793    -1.731108    -2.706835
       5.327986    -1.731170    -1.614804
       5.327305    -1.730949    -0.523219
       5.327291    -1.730944     0.569418
       3.292759     4.532090    -2.706836
       3.292879     4.532255    -1.614805
       3.292458     4.531676    -0.523220
       3.292449     4.531664     0.569417
      -3.292756     4.532093    -2.706836
      -3.292875     4.532257    -1.614805
      -3.292454     4.531678    -0.523220
      -3.292446     4.531667     0.569417
      -5.327794    -1.731103    -2.706835
      -5.327988    -1.731166    -1.614804
      -5.327306    -1.730944    -0.523219
      -5.327293    -1.730940     0.569418
      -0.000000    -0.935643    -6.603147
      -0.000001    -1.878849    -6.038936
      -0.000001    -2.818525    -5.479178
      -0.000002    -3.758022    -4.920943
      -0.000002    -4.698967    -4.362798
       0.889848    -0.289131    -6.603147
       1.786890    -0.580598    -6.038936
       2.680575    -0.870974    -5.479178
       3.574090    -1.161295    -4.920943
       4.468982    -1.452063    -4.362799
       0.549957     0.756949    -6.603147
       1.104360     1.520018    -6.038937
       1.656688     2.280232    -5.479178
       2.208911     3.040301    -4.920944
       2.761985     3.801542    -4.362800
      -0.549956     0.756949    -6.603147
      -1.104358     1.520019    -6.038937
      -1.656686     2.280234    -5.479178
      -2.208908     3.040303    -4.920944
      -2.761982     3.801544    -4.362800
      -0.889848    -0.289130    -6.603147
      -1.786891    -0.580596    -6.038936
      -2.680576    -0.870972    -5.479178
      -3.574091    -1.161292    -4.920943
      -4.468984    -1.452059    -4.362799
       0.896623    -1.234098    -6.035619
       1.450767     0.471381    -6.035620
       0.000001     1.525426    -6.035620
      -1.450767     0.471383    -6.035620
      -0.896624    -1.234097    -6.035619
       1.792008    -1.527076    -5.477107
       0.898572    -2.176195    -5.477107
       2.006096     1.232408    -5.477107
       2.347358     0.182111    -5.477107
      -0.552173     2.288745    -5.477108
       0.552174     2.288745    -5.477108
      -2.347358     0.182113    -5.477107
      -2.006095     1.232410    -5.477107
      -0.898574    -2.176194    -5.477107
      -1.792009    -1.527075    -5.477107
       2.686621    -1.818643    -4.919340
       1.795447    -2.471224    -4.920636
       0.899417    -3.117121    -4.919340
       2.559843     1.993136    -4.919341
       2.905096     0.943921    -4.920637
       3.242493    -0.107847    -4.919340
      -1.104551     3.050468    -4.919341
       0.000001     3.054598    -4.920637
       1.104553     3.050467    -4.919341
      -3.242493    -0.107844    -4.919340
      -2.905096     0.943923    -4.920637
      -2.559841     1.993138    -4.919341
      -0.899420    -3.117120    -4.919340
      -1.795449    -2.471222    -4.920636
      -2.686622    -1.818641    -4.919340
       3.581731    -2.109841    -4.361783
       2.691728    -2.764466    -4.364239
       1.797371    -3.414255    -4.364239
       0.899759    -4.058406    -4.361783
       3.113393     2.754451    -4.361784
       3.460953     1.705718    -4.364240
       3.802567     0.654338    -4.364240
       4.137814    -0.398396    -4.361783
      -1.657548     3.812185    -4.361784
      -0.552742     3.818657    -4.364240
       0.552745     3.818657    -4.364240
       1.657551     3.812183    -4.361784
      -4.137814    -0.398392    -4.361783
      -3.802566     0.654341    -4.364240
      -3.460952     1.705721    -4.364240
      -3.113391     2.754453    -4.361784
      -0.899762    -4.058406    -4.361783
      -1.797373    -3.414253    -4.364239
      -2.691731    -2.764464    -4.364239
      -3.581732    -2.109839    -4.361783
       4.478877    -2.401254    -3.803227
       4.455413    -2.392464    -2.708208
       3.588623    -3.057091    -3.807472
       2.695123    -3.709522    -3.808838
       1.798517    -4.357679    -3.807472
       0.899674    -5.001694    -3.803227
       0.898565    -4.976663    -2.708207
       3.667776     3.517636    -3.803228
       3.652166     3.498038    -2.708209
       4.016412     2.468290    -3.807473
       4.360804     1.416908    -3.808839
       4.700170     0.363894    -3.807473
       5.034908    -0.689968    -3.803228
       5.010759    -0.683287    -2.708208
      -2.212066     4.575272    -3.803229
      -2.198250     4.554369    -2.708209
      -1.106345     4.582578    -3.807474
       0.000002     4.585219    -3.808839
       1.106348     4.582577    -3.807474
       2.212070     4.575270    -3.803229
       2.198254     4.554367    -2.708209
      -5.034908    -0.689964    -3.803228
      -5.010760    -0.683283    -2.708208
      -4.700170     0.363898    -3.807473
      -4.360802     1.416912    -3.808839
      -4.016410     2.468293    -3.807473
      -3.667774     3.517639    -3.803228
      -3.652163     3.498041    -2.708209
      -0.899678    -5.001693    -3.803227
      -0.898569    -4.976662    -2.708207
      -1.798520    -4.357677    -3.807472
      -2.695126    -3.709520    -3.808838
      -3.588626    -3.057088    -3.807472
      -4.478879    -2.401250    -3.803227
      -4.455415    -2.392460    -2.708208
       5.343908    -2.683058    -2.152065
       5.343064    -2.681139    -1.065843
       5.342722    -2.679767     0.023131
       4.488114    -3.349127    -3.249427
       4.466050    -3.339985    -2.154701
       4.459538    -3.334471    -1.065382
       4.458750    -3.332897     0.023055
       4.459397    -3.334330     1.111546
       3.593994    -4.004347    -3.252375
       3.579886    -3.990924    -2.156870
       3.574431    -3.984963    -1.066560
       3.573278    -3.983235     0.022991
       3.574281    -3.984775     1.112596
       2.697751    -4.655505    -3.252375
       2.689345    -4.637940    -2.156870
       2.685361    -4.630910    -1.066560
       2.684074    -4.629279     0.022991
       2.685229    -4.630708     1.112596
       1.798301    -5.303389    -3.249426
       1.796425    -5.279580    -2.154701
       1.793193    -5.271683    -1.065382
       1.791940    -5.270447     0.023056
       1.793103    -5.271504     1.111546
       0.900376    -5.911471    -2.152065
       0.898812    -5.910074    -1.065843
       0.897613    -5.909324     0.023132
       4.203098     4.253248    -2.152067
       4.201012     4.253038    -1.065845
       4.199601     4.253137     0.023130
       4.572112     3.233512    -3.249428
       4.556600     3.215353    -2.154702
       4.549343     3.210864    -1.065384
       4.547603     3.210602     0.023054
       4.549166     3.210774     1.111545
       4.918965     2.180680    -3.252376
       4.901840     2.171410    -2.156871
       4.894485     2.168064    -1.066561
       4.892485     2.167502     0.022990
       4.894260     2.167980     1.112595
       5.261299     1.127083    -3.252376
       5.241996     1.124516    -2.156870
       5.234079     1.122901    -1.066561
       5.232131     1.122180     0.022990
       5.233847     1.122837     1.112595
       5.599527     0.071448    -3.249427
       5.576304     0.077022    -2.154702
       5.567795     0.076388    -1.065383
       5.566233     0.075578     0.023055
       5.567598     0.076358     1.111545
       5.900374    -0.970436    -2.152066
       5.898563    -0.971492    -1.065844
       5.897479    -0.972401     0.023131
      -2.746251     5.311710    -2.152067
      -2.746696     5.309661    -1.065845
      -2.747225     5.308350     0.023130
      -1.662393     5.347547    -3.249428
      -1.649916     5.327183    -2.154703
      -1.647889     5.318894    -1.065384
      -1.648177     5.317158     0.023054
      -1.647858     5.318698     1.111544
      -0.553907     5.352081    -3.252377
      -0.550383     5.332929    -2.156871
      -0.549473     5.324901    -1.066562
      -0.549556     5.322825     0.022989
      -0.549462     5.324661     1.112594
       0.553911     5.352080    -3.252377
       0.550387     5.332929    -2.156871
       0.549477     5.324900    -1.066562
       0.549560     5.322825     0.022989
       0.549466     5.324660     1.112594
       1.662398     5.347545    -3.249428
       1.649921     5.327181    -2.154703
       1.647894     5.318893    -1.065384
       1.648181     5.317157     0.023054
       1.647862     5.318696     1.111544
       2.746255     5.311708    -2.152067
       2.746700     5.309659    -1.065845
       2.747230     5.308348     0.023130
      -5.900375    -0.970431    -2.152066
      -5.898564    -0.971487    -1.065844
      -5.897480    -0.972396     0.023131
      -5.599527     0.071453    -3.249427
      -5.576304     0.077026    -2.154702
      -5.567795     0.076393    -1.065383
      -5.566233     0.075583     0.023055
      -5.567598     0.076362     1.111545
      -5.261298     1.127087    -3.252376
      -5.241995     1.124521    -2.156870
      -5.234078     1.122905    -1.066561
      -5.232130     1.122185     0.022990
      -5.233846     1.122842     1.112595
      -4.918963     2.180684    -3.252376
      -4.901838     2.171414    -2.156871
      -4.894483     2.168068    -1.066561
      -4.892484     2.167506     0.022990
      -4.894258     2.167984     1.112595
      -4.572109     3.233516    -3.249428
      -4.556597     3.215357    -2.154702
      -4.549341     3.210868    -1.065384
      -4.547601     3.210605     0.023054
      -4.549163     3.210778     1.111545
      -4.203095     4.253252    -2.152067
      -4.201009     4.253042    -1.065844
      -4.199598     4.253140     0.023130
      -0.900381    -5.911470    -2.152065
      -0.898817    -5.910074    -1.065843
      -0.897618    -5.909324     0.023132
      -1.798305    -5.303387    -3.249426
      -1.796429    -5.279578    -2.154701
      -1.793197    -5.271681    -1.065382
      -1.791944    -5.270445     0.023056
      -1.793107    -5.271503     1.111546
      -2.697754    -4.655503    -3.252375
      -2.689349    -4.637938    -2.156870
      -2.685365    -4.630907    -1.066560
      -2.684078    -4.629277     0.022991
      -2.685233    -4.630706     1.112596
      -3.593997    -4.004344    -3.252375
      -3.579890    -3.990921    -2.156870
      -3.574434    -3.984960    -1.066560
      -3.573282    -3.983232     0.022991
      -3.574284    -3.984772     1.112596
      -4.488117    -3.349123    -3.249427
      -4.466053    -3.339982    -2.154701
      -4.459541    -3.334467    -1.065382
      -4.458753    -3.332894     0.023055
      -4.459400    -3.334326     1.111546
      -5.343911    -2.683054    -2.152065
      -5.343066    -2.681135    -1.065843
      -5.342724    -2.679762     0.023131
       0.000000     0.000001     4.971489
      -0.000002    -5.602097     1.661088
       5.327910    -1.731145     1.661087
       3.292832     4.532191     1.661086
      -3.292828     4.532193     1.661086
      -5.327912    -1.731141     1.661087
      -0.000002    -5.644804    -3.802654
       5.368527    -1.744343    -3.802654
       3.317934     4.566740    -3.802655
      -3.317930     4.566743    -3.802655
      -5.368528    -1.744339    -3.802654
       5.386367    -2.689585    -3.240539
       5.342954    -2.681060     1.112159
       0.893463    -5.953868    -3.240538
       0.898772    -5.909945     1.112160
       4.222426     4.291611    -3.240540
       4.200903     4.252958     1.112158
       5.938560    -0.990113    -3.240539
       5.898427    -0.971491     1.112159
      -2.776764     5.341946    -3.240540
      -2.746652     5.309533     1.112158
       2.776768     5.341944    -3.240540
       2.746657     5.309531     1.112158
      -5.938561    -0.990108    -3.240539
      -5.898428    -0.971486     1.112159
      -4.222423     4.291615    -3.240540
      -4.200900     4.252961     1.112158
      -0.893468    -5.953867    -3.240538
      -0.898776    -5.909944     1.112160
      -5.386369    -2.689581    -3.240538
      -5.342956    -2.681056     1.112159
      -0.000000    -0.931450     5.518291
      -0.000001    -1.868754     4.970418
      -0.000001    -2.803970     4.416874
      -0.000002    -3.739179     3.862532
       0.885862    -0.287834     5.518291
       1.777292    -0.577477     4.970417
       2.666734    -0.866475     4.416873
       3.556171    -1.155471     3.862531
       0.547493     0.753560     5.518291
       1.098427     1.511855     4.970417
       1.648133     2.268460     4.416873
       2.197836     3.025060     3.862530
      -0.547493     0.753560     5.518291
      -1.098426     1.511856     4.970417
      -1.648131     2.268461     4.416873
      -2.197833     3.025062     3.862530
      -0.885862    -0.287833     5.518291
      -1.777292    -0.577476     4.970417
      -2.666735    -0.866473     4.416874
      -3.556172    -1.155468     3.862531
       0.892167    -1.227963     4.969887
       1.443558     0.469041     4.969886
       0.000001     1.517847     4.969886
      -1.443557     0.469042     4.969886
      -0.892168    -1.227962     4.969887
       1.783540    -1.519600     4.417551
       0.894080    -2.165830     4.417552
       1.996370     1.226666     4.417551
       2.336113     0.181043     4.417551
      -0.549715     2.277722     4.417551
       0.549717     2.277721     4.417551
      -2.336113     0.181045     4.417551
      -1.996369     1.226667     4.417551
      -0.894082    -2.165829     4.417552
      -1.783541    -1.519598     4.417551
       2.674743    -1.810652     3.863460
       1.787531    -2.460326     3.864171
       0.895489    -3.103355     3.863460
       2.548574     1.984310     3.863459
       2.892287     0.939760     3.864170
       3.228188    -0.107328     3.863460
      -1.099638     3.037024     3.863459
       0.000001     3.041131     3.864170
       1.099640     3.037023     3.863459
      -3.228188    -0.107325     3.863460
      -2.892287     0.939763     3.864170
      -2.548572     1.984312     3.863460
      -0.895492    -3.103354     3.863460
      -1.787533    -2.460325     3.864171
      -2.674745    -1.810650     3.863460
       3.565572    -2.101350     3.309072
       2.680592    -2.753519     3.310281
       1.790401    -3.400279     3.310281
       0.896677    -4.040414     3.309072
       3.100325     2.741708     3.309071
       3.447101     1.698510     3.310280
       3.787123     0.652029     3.310281
       4.119751    -0.395765     3.309072
      -1.649466     3.795819     3.309071
      -0.550166     3.803257     3.310280
       0.550169     3.803256     3.310280
       1.649469     3.795818     3.309071
      -4.119751    -0.395762     3.309072
      -3.787122     0.652032     3.310281
      -3.447099     1.698513     3.310281
      -3.100323     2.741711     3.309071
      -0.896681    -4.040413     3.309072
      -1.790404    -3.400278     3.310281
      -2.680594    -2.753517     3.310281
      -3.565574    -2.101347     3.309072
       3.573253    -3.046162     2.756208
       2.684906    -3.695459     2.756923
       1.792873    -4.339683     2.756209
       4.001269     2.457050     2.756208
       4.344273     1.411538     2.756922
       4.681313     0.364088     2.756208
      -1.100333     4.564703     2.756207
       0.000002     4.567839     2.756922
       1.100337     4.564703     2.756207
      -4.681312     0.364092     2.756208
      -4.344272     1.411542     2.756922
      -4.001267     2.457054     2.756208
      -1.792877    -4.339682     2.756209
      -2.684909    -3.695457     2.756923
      -3.573256    -3.046159     2.756208
      -0.000002    -4.672965     3.308565
       4.444253    -1.444027     3.308564
       2.746702     3.780508     3.308563
      -2.746698     3.780510     3.308563
      -4.444255    -1.444023     3.308564
       4.455035    -2.392184     2.754543
       0.898417    -4.976216     2.754543
       3.651784     3.497765     2.754542
       5.010289    -0.683290     2.754543
      -2.198109     4.553922     2.754542
       2.198112     4.553920     2.754542
      -5.010290    -0.683286     2.754543
      -3.651781     3.497768     2.754542
      -0.898421    -4.976215     2.754543
      -4.455037    -2.392180     2.754543
      -0.000002    -5.601706     2.753325
       5.327539    -1.731024     2.753324
       3.292602     4.531875     2.753323
      -3.292599     4.531878     2.753323
      -5.327540    -1.731020     2.753324
       0.000000     0.000001     6.109132
       5.343635    -2.682866     2.198550
       4.465682    -3.339641     2.201021
       3.579519    -3.990480     2.203059
       2.689037    -4.637453     2.203060
       1.796212    -5.279123     2.201021
       0.900279    -5.911150     2.198550
       4.202832     4.253047     2.198549
       4.556159     3.215111     2.201020
       4.901305     2.171199     2.203058
       5.241438     1.124374     2.203059
       5.575805     0.076960     2.201020
       5.900040    -0.970429     2.198549
      -2.746142     5.311395     2.198548
      -1.649821     5.326689     2.201020
      -0.550346     5.332355     2.203058
       0.550350     5.332355     2.203058
       1.649825     5.326688     2.201020
       2.746146     5.311392     2.198548
      -5.900041    -0.970424     2.198549
      -5.575805     0.076965     2.201021
      -5.241437     1.124378     2.203059
      -4.901303     2.171203     2.203058
      -4.556157     3.215114     2.201020
      -4.202828     4.253051     2.198549
      -0.900284    -5.911149     2.198550
      -1.796216    -5.279122     2.201021
      -2.689040    -4.637451     2.203060
      -3.579522    -3.990477     2.203059
      -4.465685    -3.339637     2.201021
      -5.343637    -2.682862     2.198550
      -0.000003    -6.555389    -2.189245
      -0.000003    -6.551380    -1.078612
      -0.000003    -6.550605     0.023166
      -0.000003    -6.551304     1.124964
      -0.000003    -6.555156     2.235657
       6.234544    -2.025729    -2.189246
       6.230732    -2.024491    -1.078613
       6.229994    -2.024251     0.023166
       6.230659    -2.024467     1.124964
       6.234323    -2.025657     2.235656
       3.853163     5.303419    -2.189247
       3.850807     5.300176    -1.078614
       3.850351     5.299549     0.023164
       3.850762     5.300115     1.124963
       3.853026     5.303231     2.235655
      -3.853159     5.303422    -2.189247
      -3.850802     5.300179    -1.078614
      -3.850347     5.299552     0.023164
      -3.850758     5.300118     1.124963
      -3.853022     5.303235     2.235655
      -6.234546    -2.025724    -2.189246
      -6.230734    -2.024485    -1.078613
      -6.229996    -2.024246     0.023166
      -6.230661    -2.024461     1.124964
      -6.234325    -2.025652     2.235656
      -0.000001    -1.868407     6.088203
      -0.000001    -2.813875     5.526996
      -0.000002    -3.755607     4.968253
      -0.000002    -4.697478     4.409742
      -0.000002    -5.643702     3.849481
       1.776962    -0.577370     6.088202
       2.676155    -0.869536     5.526996
       3.571795    -1.160547     4.968252
       4.467567    -1.451602     4.409741
       5.367480    -1.744002     3.849481
       1.098223     1.511575     6.088202
       1.653956     2.276474     5.526995
       2.207492     3.038350     4.968252
       2.761110     3.800340     4.409740
       3.317287     4.565851     3.849480
      -1.098222     1.511575     6.088202
      -1.653954     2.276475     5.526995
      -2.207490     3.038352     4.968252
      -2.761107     3.800342     4.409740
      -3.317284     4.565854     3.849480
      -1.776962    -0.577368     6.088203
      -2.676156    -0.869534     5.526996
      -3.571796    -1.160544     4.968252
      -4.467568    -1.451598     4.409741
      -5.367481    -1.743997     3.849481
       0.884439    -1.217326     6.090213
       1.431053     0.464978     6.090213
       0.000001     1.504699     6.090212
      -1.431053     0.464979     6.090213
      -0.884440    -1.217325     6.090213
       1.786626    -1.523522     5.525352
       0.896857    -2.169977     5.525352
       2.001054     1.228389     5.525352
       2.340916     0.182402     5.525352
      -0.549907     2.282710     5.525352
       0.549909     2.282709     5.525352
      -2.340915     0.182404     5.525352
      -2.001053     1.228391     5.525352
      -0.896858    -2.169976     5.525352
      -1.786628    -1.523521     5.525352
       2.683951    -1.817068     4.966707
       1.793699    -2.468816     4.967595
       0.898746    -3.114094     4.966708
       2.557522     1.991085     4.966707
       2.902268     0.943004     4.967594
       3.239408    -0.107549     4.966707
      -1.103316     3.047627     4.966707
       0.000001     3.051626     4.967594
       1.103318     3.047626     4.966707
      -3.239408    -0.107546     4.966707
      -2.902267     0.943006     4.967594
      -2.557520     1.991087     4.966707
      -0.898749    -3.114094     4.966708
      -1.793701    -2.468815     4.967595
      -2.683953    -1.817066     4.966707
       3.580157    -2.109015     4.408728
       2.690437    -2.763174     4.410891
       1.796542    -3.412627     4.410891
       0.899460    -4.056653     4.408728
       3.112122     2.753211     4.408727
       3.459326     1.704891     4.410890
       3.800763     0.654053     4.410890
       4.136056    -0.398137     4.408727
      -1.656760     3.810593     4.408727
      -0.552456     3.816855     4.410890
       0.552459     3.816855     4.410890
       1.656763     3.810592     4.408727
      -4.136056    -0.398133     4.408727
      -3.800763     0.654057     4.410890
      -3.459325     1.704894     4.410890
      -3.112120     2.753213     4.408727
      -0.899464    -4.056652     4.408728
      -1.796544    -3.412625     4.410891
      -2.690440    -2.763172     4.410891
      -3.580159    -2.109012     4.408728
       4.477791    -2.400756     3.849979
       3.587645    -3.056308     3.854005
       2.694369    -3.708484     3.855256
       1.798076    -4.356506     3.854005
       0.899537    -5.000507     3.849979
       3.666968     3.516759     3.849978
       4.015366     2.467603     3.854004
       4.359584     1.416513     3.855255
       4.698920     0.363838     3.854004
       5.033738    -0.689730     3.849978
      -2.211480     4.574233     3.849978
      -1.106013     4.581371     3.854004
       0.000002     4.583938     3.855254
       1.106016     4.581370     3.854004
       2.211484     4.574231     3.849978
      -5.033738    -0.689726     3.849978
      -4.698919     0.363841     3.854005
      -4.359583     1.416517     3.855255
      -4.015364     2.467606     3.854004
      -3.666966     3.516762     3.849978
      -0.899541    -5.000506     3.849979
      -1.798079    -4.356504     3.854005
      -2.694372    -3.708482     3.855256
      -3.587648    -3.056305     3.854005
      -4.477793    -2.400752     3.849979
       5.385534    -2.689239     3.287288
       4.487344    -3.348602     3.295962
       3.593332    -4.003627     3.298763
       2.697271    -4.654653     3.298763
       1.798041    -5.302493     3.295962
       0.893393    -5.952969     3.287288
       4.221841     4.290927     3.287287
       4.571376     3.232943     3.295961
       4.918077     2.180274     3.298762
       5.260341     1.126891     3.298762
       5.598597     0.071478     3.295961
       5.937684    -0.989901     3.287287
      -2.776293     5.341179     3.287286
      -1.662078     5.346671     3.295960
      -0.553794     5.351111     3.298761
       0.553798     5.351110     3.298761
       1.662082     5.346670     3.295960
       2.776298     5.341177     3.287286
      -5.937684    -0.989896     3.287287
      -5.598596     0.071483     3.295961
      -5.260340     1.126896     3.298762
      -4.918075     2.180278     3.298762
      -4.571373     3.232946     3.295961
      -4.221837     4.290931     3.287287
      -0.893397    -5.952968     3.287288
      -1.798045    -5.302492     3.295962
      -2.697275    -4.654650     3.298763
      -3.593335    -4.003624     3.298763
      -4.487346    -3.348599     3.295962
      -5.385537    -2.689235     3.287288
       6.251743    -2.987732    -1.632074
       6.250966    -2.985413    -0.527207
       6.250895    -2.985388     0.573614
       6.251486    -2.987639     1.678516
       5.394094    -3.645556    -2.688992
       5.367577    -3.648115    -1.600372
       5.367201    -3.642626    -0.518042
       5.367114    -3.642565     0.564501
       5.367277    -3.647914     1.646909
       5.393495    -3.645168     2.735642
       4.498240    -4.304193    -2.695407
       4.483444    -4.299698    -1.605804
       4.481680    -4.295072    -0.519813
       4.481590    -4.294983     0.566140
       4.483141    -4.299400     1.652206
       4.497672    -4.303668     2.741895
       3.602195    -4.958000    -2.696391
       3.595003    -4.948101    -1.606580
       3.592288    -4.944364    -0.520068
       3.592208    -4.944254     0.566341
       3.594741    -4.947740     1.652925
       3.601729    -4.957359     2.742816
       2.703493    -5.608152    -2.695407
       2.703791    -5.592691    -1.605804
       2.699936    -5.589584    -0.519812
       2.699879    -5.589470     0.566140
       2.703602    -5.592310     1.652206
       2.703170    -5.607449     2.741896
       1.800258    -6.256629    -2.688991
       1.810886    -6.232200    -1.600371
       1.805782    -6.230146    -0.518042
       1.805751    -6.230045     0.564502
       1.810788    -6.231852     1.646909
       1.800074    -6.255939     2.735643
       0.909601    -6.869022    -1.632074
       0.907636    -6.867566    -0.527207
       0.907634    -6.867490     0.573615
       0.909593    -6.868748     1.678516
       4.773396     5.022501    -1.632076
       4.770951     5.022478    -0.527209
       4.770905     5.022418     0.573613
       4.773230     5.022285     1.678514
       5.133996     4.003549    -2.688993
       5.128236     3.977539    -1.600373
       5.122899     3.978878    -0.518043
       5.122815     3.978814     0.564500
       5.127952     3.977316     1.646908
       5.133443     4.003100     2.735641
       5.483563     2.948012    -2.695409
       5.474716     2.935329    -1.605805
       5.469771     2.935081    -0.519814
       5.469659     2.935023     0.566139
       5.474339     2.935133     1.652205
       5.482889     2.947635     2.741894
       5.828478     1.893784    -2.696392
       5.816841     1.890003    -1.606581
       5.812448     1.888576    -0.520069
       5.812319     1.888534     0.566340
       5.816417     1.889866     1.652924
       5.827724     1.893540     2.742815
       6.169094     0.838160    -2.695408
       6.154482     0.843221    -1.605805
       6.150336     0.840515    -0.519813
       6.150211     0.840496     0.566139
       6.154062     0.843159     1.652205
       6.168327     0.838070     2.741895
       6.506717    -0.221258    -2.688992
       6.486768    -0.203601    -1.600372
       6.483238    -0.207821    -0.518043
       6.483132    -0.207818     0.564501
       6.486408    -0.203587     1.646908
       6.506005    -0.221219     2.735642
       6.813910    -1.257562    -1.632075
       6.811918    -1.258981    -0.527208
       6.811846    -1.258959     0.573614
       6.813648    -1.257485     1.678515
      -3.301622     6.091808    -1.632076
      -3.302356     6.089475    -0.527209
      -3.302313     6.089413     0.573613
      -3.301467     6.091583     1.678514
      -2.221109     6.119885    -2.688993
      -2.198153     6.106369    -1.600373
      -2.201075     6.101707    -0.518044
      -2.201040     6.101608     0.564500
      -2.198028     6.106031     1.646907
      -2.220853     6.119221     2.735641
      -1.109212     6.126164    -2.695409
      -1.099883     6.113830    -1.605806
      -1.101176     6.109051    -0.519814
      -1.101155     6.108927     0.566139
      -1.099813     6.113412     1.652204
      -1.109061     6.125406     2.741894
       0.000003     6.128423    -2.696393
       0.000003     6.116187    -1.606582
       0.000003     6.111568    -0.520070
       0.000003     6.111433     0.566340
       0.000003     6.115742     1.652923
       0.000003     6.127632     2.742814
       1.109217     6.126163    -2.695409
       1.099888     6.113830    -1.605806
       1.101181     6.109051    -0.519814
       1.101160     6.108926     0.566139
       1.099818     6.113411     1.652204
       1.109066     6.125406     2.741894
       2.221114     6.119883    -2.688993
       2.198158     6.106367    -1.600373
       2.201080     6.101706    -0.518044
       2.201045     6.101606     0.564500
       2.198033     6.106029     1.646907
       2.220858     6.119219     2.735641
       3.301627     6.091805    -1.632076
       3.302361     6.089472    -0.527209
       3.302318     6.089411     0.573613
       3.301472     6.091580     1.678514
      -6.813911    -1.257557    -1.632075
      -6.811919    -1.258976    -0.527208
      -6.811847    -1.258954     0.573614
      -6.813649    -1.257479     1.678515
      -6.506717    -0.221252    -2.688992
      -6.486769    -0.203596    -1.600372
      -6.483238    -0.207815    -0.518042
      -6.483133    -0.207813     0.564501
      -6.486408    -0.203581     1.646908
      -6.506006    -0.221214     2.735642
      -6.169094     0.838165    -2.695408
      -6.154481     0.843226    -1.605805
      -6.150335     0.840520    -0.519813
      -6.150210     0.840501     0.566139
      -6.154061     0.843164     1.652205
      -6.168326     0.838075     2.741895
      -5.828476     1.893789    -2.696392
      -5.816839     1.890008    -1.606581
      -5.812446     1.888581    -0.520069
      -5.812317     1.888539     0.566340
      -5.816415     1.889871     1.652924
      -5.827723     1.893545     2.742815
      -5.483561     2.948016    -2.695408
      -5.474713     2.935333    -1.605805
      -5.469769     2.935086    -0.519814
      -5.469656     2.935028     0.566139
      -5.474337     2.935137     1.652205
      -5.482886     2.947639     2.741894
      -5.133993     4.003553    -2.688993
      -5.128232     3.977543    -1.600373
      -5.122896     3.978882    -0.518043
      -5.122812     3.978818     0.564500
      -5.127949     3.977321     1.646908
      -5.133439     4.003105     2.735641
      -4.773392     5.022505    -1.632076
      -4.770947     5.022482    -0.527209
      -4.770901     5.022422     0.573613
      -4.773225     5.022289     1.678514
      -0.909607    -6.869021    -1.632074
      -0.907642    -6.867565    -0.527207
      -0.907640    -6.867489     0.573615
      -0.909599    -6.868747     1.678516
      -1.800263    -6.256627    -2.688991
      -1.810891    -6.232198    -1.600371
      -1.805787    -6.230145    -0.518042
      -1.805756    -6.230043     0.564502
      -1.810793    -6.231851     1.646909
      -1.800079    -6.255937     2.735643
      -2.703498    -5.608150    -2.695407
      -2.703795    -5.592688    -1.605804
      -2.699940    -5.589582    -0.519812
      -2.699884    -5.589468     0.566141
      -2.703606    -5.592308     1.652206
      -2.703174    -5.607447     2.741896
      -3.602199    -4.957998    -2.696391
      -3.595007    -4.948098    -1.606580
      -3.592292    -4.944361    -0.520068
      -3.592212    -4.944251     0.566341
      -3.594745    -4.947737     1.652925
      -3.601733    -4.957356     2.742816
      -4.498244    -4.304189    -2.695407
      -4.483447    -4.299694    -1.605804
      -4.481684    -4.295068    -0.519813
      -4.481594    -4.294979     0.566140
      -4.483144    -4.299396     1.652206
      -4.497676    -4.303664     2.741895
      -5.394097    -3.645552    -2.688992
      -5.367580    -3.648110    -1.600372
      -5.367204    -3.642621    -0.518042
      -5.367117    -3.642561     0.564501
      -5.367280    -3.647910     1.646909
      -5.393498    -3.645163     2.735642
      -6.251745    -2.987727    -1.632074
      -6.250968    -2.985408    -0.527207
      -6.250897    -2.985383     0.573614
      -6.251488    -2.987634     1.678516