
       0.008367     0.011517    -0.554562
       0.008344     0.011484     0.546988
       0.008299    -0.915768    -0.003754
       0.890191    -0.275051    -0.003791
       0.553398     0.761686    -0.003880
      -0.536673     0.761627    -0.003791
      -0.873512    -0.275094    -0.003754
       0.008325    -0.915963    -1.105029
       0.890441    -0.275060    -1.105083
       0.553556     0.761903    -1.105185
      -0.536758     0.761862    -1.105083
      -0.873705    -0.275130    -1.105029
       0.008383     0.011538    -1.655906
       0.008261    -1.845617    -0.554012
       1.774478    -0.562436    -0.554040
       1.099979     1.513991    -0.554317
      -1.083251     1.513827    -0.554040
      -1.757839    -0.562470    -0.554012
       0.008277    -0.916029     1.097531
       0.008352    -0.916586    -2.205901
       0.890372    -0.275175     1.097527
       0.891099    -0.275200    -2.205939
       0.553485     0.761807     1.097478
       0.553960     0.762460    -2.206022
      -0.536847     0.761761     1.097527
      -0.537095     0.762444    -2.205939
      -0.873753    -0.275196     1.097531
      -0.874306    -0.275297    -2.205901
       0.894437    -1.208314     0.546736
       0.895102    -1.209053    -1.654949
       0.894462    -1.208268    -0.554247
       1.442206     0.477330     0.546683
       1.443318     0.477871    -1.655077
       1.442268     0.477431    -0.554372
       0.008302     1.519122     0.546683
       0.008474     1.520347    -1.655077
       0.008380     1.519213    -0.554372
      -1.425571     0.477272     0.546736
      -1.426479     0.477675    -1.654949
      -1.425535     0.477309    -0.554247
      -0.877902    -1.208327     0.546729
      -0.878468    -1.209107    -1.654951
      -0.877882    -1.208300    -0.554248
       0.008244    -1.845648     0.546519
       0.008281    -1.846658    -1.654299
       1.774441    -0.562511     0.546524
       1.775546    -0.562664    -1.654328
       1.099905     1.513889     0.546377
       1.100653     1.514918    -1.654618
      -1.083311     1.513769     0.546524
      -1.083798     1.514773    -1.654328
      -1.757864    -0.562495     0.546519
      -1.758835    -0.562773    -1.654299
       0.008312     0.011440     1.648373
       0.008404     0.011566    -2.756886
       0.008228    -2.778040    -1.102592
       0.008217    -2.777215    -0.003750
       2.661191    -0.850667    -1.102573
       2.660352    -0.850492    -0.003718
       1.648088     2.268397    -1.103229
       1.647417     2.267473    -0.004042
      -1.631385     2.268073    -1.102573
      -1.630958     2.267330    -0.003718
      -2.644616    -0.850635    -1.102592
      -2.643828    -0.850390    -0.003750
       0.008264    -0.916713     2.198427
       0.008378    -0.917662    -3.306329
       0.008236    -1.846747     1.646817
       0.008298    -1.848675    -2.753999
       0.890973    -0.275403     2.198444
       0.892199    -0.275486    -3.306323
       1.775445    -0.562859     1.646853
       1.777541    -0.563221    -2.753990
       0.553840     0.762295     2.198426
       0.554658     0.763420    -3.306350
       1.100502     1.514710     1.646795
       1.101920     1.516661    -2.754151
      -0.537249     0.762262     2.198444
      -0.537707     0.763402    -3.306323
      -1.083953     1.514616     1.646853
      -1.084944     1.516498    -2.753990
      -0.874400    -0.275420     2.198427
      -0.875337    -0.275605    -3.306329
      -1.758906    -0.562842     1.646817
      -1.760758    -0.563379    -2.753999
       0.895033    -1.209179     1.647462
       0.896270    -1.210576    -2.755009
       1.443151     0.477616     1.647469
       1.445241     0.478584    -2.755050
       0.008282     1.520110     1.647469
       0.008558     1.522396    -2.755050
      -1.426578     0.477571     1.647462
      -1.428288     0.478315    -2.755009
      -0.878524    -1.209184     1.647449
      -0.879587    -1.210647    -2.755021
       1.782097    -1.499924     1.096104
       1.784073    -1.501561    -2.202892
       1.782131    -1.499838    -1.103586
       1.781436    -1.499239    -0.003749
       0.897330    -2.142699     1.096092
       0.898471    -2.144968    -2.202894
       0.897355    -2.142634    -1.103580
       0.896920    -2.141832    -0.003748
       1.993723     1.231427     1.096078
       1.996368     1.233276    -2.203082
       1.993930     1.231727    -1.103877
       1.992968     1.231048    -0.003920
       2.331640     0.191243     1.096123
       2.334444     0.191953    -2.202915
       2.331758     0.191457    -1.103650
       2.330755     0.191147    -0.003779
      -0.538632     2.276619     1.096122
      -0.538823     2.279505    -2.202915
      -0.538465     2.276797    -1.103650
      -0.538450     2.275748    -0.003779
       0.555063     2.276675     1.096078
       0.556005     2.279762    -2.203082
       0.555286     2.276964    -1.103877
       0.554937     2.275839    -0.003920
      -2.315118     0.191282     1.096092
      -2.317628     0.191666    -2.202894
      -2.315064     0.191326    -1.103580
      -2.314167     0.191161    -0.003748
      -1.977210     1.231374     1.096104
      -1.979377     1.232747    -2.202892
      -1.977139     1.231433    -1.103587
      -1.976354     1.230957    -0.003749
      -0.880875    -2.142693     1.096079
      -0.881934    -2.144998    -2.202912
      -0.880850    -2.142650    -1.103595
      -0.880447    -2.141833    -0.003761
      -1.765618    -1.499889     1.096079
      -1.767483    -1.501609    -2.202912
      -1.765585    -1.499852    -1.103595
      -1.764932    -1.499216    -0.003761
       0.008211    -2.778091     1.095097
       0.008239    -2.780662    -2.201296
       2.661152    -0.850767     1.095152
       2.663744    -0.851406    -2.201264
       1.647907     2.268148     1.095043
       1.649780     2.270726    -2.201809
      -1.631468     2.268006     1.095151
      -1.632876     2.270273    -2.201265
      -2.644660    -0.850667     1.095096
      -2.647113    -0.851434    -2.201296
       0.008290     0.011410     2.749412
       0.008439     0.011615    -3.857789
       0.008195    -3.713204    -1.648404
       0.008190    -3.711392    -0.551842
       0.008186    -3.711413     0.544333
       3.550488    -1.139812    -1.648339
       3.548746    -1.139297    -0.551779
       3.548750    -1.139306     0.544406
       2.197912     3.025164    -1.649721
       2.196272     3.022907    -0.552396
       2.196380     3.023056     0.544200
      -2.181185     3.024494    -1.648340
      -2.180157     3.022997    -0.551780
      -2.180167     3.022998     0.544406
      -3.534000    -1.139647    -1.648405
      -3.532275    -1.139092    -0.551843
      -3.532294    -1.139102     0.544333
       0.008260    -0.917841     3.298888
       0.008394    -0.919478    -4.406816
       0.008234    -1.848812     2.746536
       0.008309    -1.851948    -3.853238
       0.008210    -2.780757     2.193812
       0.008247    -2.785206    -3.299410
       0.892028    -0.275748     3.298906
       0.893990    -0.276028    -4.406764
       1.777396    -0.563475     2.746579
       1.780701    -0.564241    -3.853189
       2.663679    -0.851545     2.193876
       2.668102    -0.852838    -3.299366
       0.554487     0.763186     3.298893
       0.555809     0.765004    -4.406703
       1.101713     1.516378     2.746532
       1.103971     1.519485    -3.853081
       1.649518     2.270366     2.193779
       1.652685     2.274724    -3.299349
      -0.537904     0.763159     3.298906
      -0.538775     0.764937    -4.406764
      -1.085141     1.516281     2.746579
      -1.086890     1.519187    -3.853189
      -1.632988     2.270168     2.193876
      -1.635585     2.273975    -3.299367
      -0.875472    -0.275772     3.298888
      -0.877069    -0.276150    -4.406816
      -1.760870    -0.563482     2.746536
      -1.763875    -0.564380    -3.853238
      -2.647195    -0.851491     2.193812
      -2.651437    -0.852831    -3.299410
       0.896175    -1.210760     2.747561
       0.897994    -1.212905    -3.854415
       1.444997     0.478233     2.747576
       1.448074     0.479547    -3.854328
       0.008298     1.522056     2.747576
       0.008598     1.525388    -3.854328
      -1.428434     0.478169     2.747561
      -1.431036     0.479235    -3.854416
      -0.879675    -1.210767     2.747545
      -0.881281    -1.212979    -3.854439
       1.784020    -1.501701     2.195447
       1.787269    -1.504372    -3.301222
       0.898431    -2.145084     2.195428
       0.900186    -2.148850    -3.301241
       1.996022     1.232773     2.195446
       2.000188     1.235612    -3.301131
       2.334234     0.191606     2.195477
       2.338743     0.192408    -3.301176
      -0.539089     2.279199     2.195476
      -0.539719     2.283734    -3.301176
       0.555633     2.279277     2.195446
       0.557047     2.284116    -3.301132
      -2.317727     0.191592     2.195427
      -2.321850     0.192097    -3.301241
      -1.979495     1.232654     2.195447
      -1.983039     1.234918    -3.301222
      -0.881981    -2.145079     2.195413
      -0.883628    -2.148884    -3.301264
      -1.767546    -1.501678     2.195413
      -1.770655    -1.504421    -3.301265
       2.671997    -1.792118     1.643135
       2.676270    -1.795172    -2.747766
       2.672008    -1.792073    -1.650560
       2.670103    -1.790392    -0.552654
       2.670096    -1.790413     0.545202
       1.788327    -2.438850     1.643806
       1.791470    -2.443066    -2.748602
       1.788343    -2.438787    -1.651268
       1.786671    -2.436537    -0.552966
       1.786663    -2.436562     0.545484
       0.900117    -3.079362     1.643094
       0.901770    -3.084288    -2.747803
       0.900130    -3.079297    -1.650578
       0.899068    -3.076995    -0.552669
       0.899062    -3.077018     0.545174
       2.546540     1.987588     1.643110
       2.551639     1.991901    -2.747804
       2.547027     1.988231    -1.651096
       2.544477     1.986270    -0.553088
       2.544264     1.986093     0.545115
       2.888546     0.947150     1.643852
       2.893997     0.949461    -2.748531
       2.888823     0.947597    -1.651362
       2.885997     0.946314    -0.553076
       2.885884     0.946164     0.545483
       3.223251    -0.095605     1.643166
       3.228629    -0.095394    -2.747743
       3.223329    -0.095431    -1.650542
       3.220752    -0.095892    -0.552641
       3.220721    -0.095961     0.545230
      -1.086963     3.035951     1.643166
      -1.088424     3.041131    -2.747743
      -1.086822     3.036079    -1.650542
      -1.086464     3.033486    -0.552642
      -1.086520     3.033435     0.545229
       0.008185     3.039856     1.643851
       0.008699     3.045754    -2.748532
       0.008524     3.040258    -1.651362
       0.008178     3.037173    -0.553076
       0.008070     3.037019     0.545483
       1.103386     3.036101     1.643109
       1.105913     3.042283    -2.747804
       1.103847     3.036763    -1.651096
       1.102771     3.033732    -0.553088
       1.102668     3.033475     0.545115
      -3.206798    -0.095511     1.643094
      -3.211994    -0.095461    -2.747803
      -3.206741    -0.095479    -1.650578
      -3.204224    -0.095777    -0.552669
      -3.204244    -0.095790     0.545174
      -2.872107     0.947156     1.643806
      -2.877087     0.948842    -2.748602
      -2.872051     0.947190    -1.651268
      -2.869396     0.946296    -0.552967
      -2.869417     0.946281     0.545483
      -2.530097     1.987427     1.643135
      -2.534321     1.990547    -2.747766
      -2.530057     1.987451    -1.650560
      -2.527869     1.986159    -0.552654
      -2.527888     1.986146     0.545202
      -0.883714    -3.079347     1.643080
      -0.885320    -3.084290    -2.747826
      -0.883693    -3.079296    -1.650596
      -0.882650    -3.076985    -0.552684
      -0.882657    -3.077003     0.545159
      -1.771899    -2.438808     1.643776
      -1.774979    -2.443048    -2.748647
      -1.771868    -2.438766    -1.651298
      -1.770221    -2.436499    -0.552990
      -1.770232    -2.436514     0.545458
      -2.655552    -1.792030     1.643080
      -2.659757    -1.795086    -2.747826
      -2.655509    -1.791996    -1.650596
      -2.653634    -1.790289    -0.552684
      -2.653648    -1.790301     0.545159
       0.008187    -3.713263     1.640901
       0.008201    -3.718465    -2.745668
       3.550502    -1.139810     1.640982
       3.555508    -1.141485    -2.745608
       2.197666     3.024826     1.640790
       2.201521     3.030132    -2.746212
      -2.181188     3.024509     1.640981
      -2.184327     3.028752    -2.745608
      -3.534054    -1.139673     1.640901
      -3.539005    -1.141268    -2.745668
       0.008282     0.011400     3.850383
       0.008479     0.011670    -4.959439
       0.008161    -4.650876    -2.191195
       0.008159    -4.648758    -1.097035
       0.008160    -4.648349    -0.003762
       0.008164    -4.648791     1.089514
       4.442165    -1.429792    -2.191105
       4.440169    -1.429091    -1.096950
       4.439795    -1.428961    -0.003678
       4.440211    -1.429018     1.089608
       2.749880     3.784883    -2.194036
       2.746410     3.780107    -1.097874
       2.746753     3.780579    -0.004191
       2.747555     3.781682     1.088997
      -2.732515     3.782922    -2.191106
      -2.731231     3.781240    -1.096951
      -2.730992     3.780925    -0.003678
      -2.731175     3.781303     1.089608
      -4.425769    -1.429435    -2.191195
      -4.423754    -1.428783    -1.097035
      -4.423365    -1.428656    -0.003762
      -4.423787    -1.428788     1.089514
       0.008258    -0.919702     4.399409
       0.008400    -0.922854    -5.509476
       0.008234    -1.852124     3.845796
       0.008320    -1.857391    -4.953667
       0.008212    -2.785336     3.291940
       0.008258    -2.792640    -4.397912
       0.008191    -3.718557     2.738173
       0.008209    -3.727954    -3.842981
       0.893791    -0.276322     4.399423
       0.897213    -0.277099    -5.509425
       1.780544    -0.564483     3.845835
       1.785870    -0.566003    -4.953632
       2.668039    -0.852921     3.292001
       2.675171    -0.855250    -4.397905
       3.555546    -1.141378     2.738249
       3.564541    -1.144560    -3.842970
       0.555578     0.764687     4.399404
       0.557833     0.767790    -5.509297
       1.103665     1.519064     3.845769
       1.107237     1.523979    -4.953259
       1.652239     2.274111     3.291854
       1.657257     2.281017    -4.397135
       2.200864     3.029228     2.737941
       2.207827     3.038810    -3.841522
      -0.538994     0.764659     4.399423
      -0.540790     0.767672    -5.509425
      -1.087073     1.518964     3.845835
      -1.090163     1.523559    -4.953632
      -1.635645     2.273890     3.292001
      -1.640063     2.279953    -4.397905
      -2.184238     3.028822     2.738248
      -2.190042     3.036393    -3.842971
      -0.877241    -0.276349     4.399409
      -0.880282    -0.277189    -5.509476
      -1.764020    -0.564505     3.845796
      -1.769054    -0.566052    -4.953668
      -2.651551    -0.852904     3.291940
      -2.658511    -0.855118    -4.397912
      -3.539090    -1.141305     2.738173
      -3.548032    -1.144192    -3.842982
       0.897893    -1.213120     3.847010
       0.900509    -1.216371    -4.954285
       1.447777     0.479143     3.847015
       1.452122     0.480811    -4.954151
       0.008305     1.524982     3.847015
       0.008549     1.529629    -4.954152
      -1.431210     0.479073     3.847009
      -1.435109     0.480556    -4.954286
      -0.881394    -1.213134     3.846994
      -0.883788    -1.216430    -4.954314
       1.787221    -1.504522     3.293822
       1.791979    -1.508446    -4.399219
       0.900144    -2.148998     3.293802
       0.902583    -2.154583    -4.399250
       1.999725     1.234971     3.293803
       2.005464     1.238752    -4.398940
       2.338496     0.192059     3.293845
       2.344895     0.192754    -4.399198
      -0.539975     2.283392     3.293845
      -0.541291     2.289692    -4.399199
       0.556579     2.283479     3.293802
       0.558403     2.290104    -4.398940
      -2.321978     0.192013     3.293802
      -2.328043     0.192606    -4.399251
      -1.983167     1.234826     3.293822
      -1.988368     1.238139    -4.399220
      -0.883692    -2.148999     3.293788
      -0.886010    -2.154609    -4.399279
      -1.770745    -1.504517     3.293788
      -1.775363    -1.508456    -4.399279
       2.676277    -1.795191     2.740381
       2.683195    -1.799724    -3.844114
       1.791462    -2.443142     2.741173
       1.796046    -2.449376    -3.845084
       0.901758    -3.084381     2.740338
       0.903917    -3.092271    -3.844164
       2.550873     1.990803     2.740316
       2.558107     1.997084    -3.843565
       2.893630     0.948886     2.741211
       2.901346     0.951607    -3.844980
       3.228544    -0.095523     2.740402
       3.236870    -0.096035    -3.844169
      -1.088521     3.041010     2.740402
      -1.091580     3.048770    -3.844169
       0.008265     3.045228     2.741211
       0.008469     3.053406    -3.844980
       1.105105     3.041216     2.740316
       1.108844     3.050036    -3.843565
      -3.212079    -0.095501     2.740337
      -3.220250    -0.095887    -3.844165
      -2.877158     0.948811     2.741173
      -2.884502     0.951244    -3.845084
      -2.534343     1.990548     2.740380
      -2.540790     1.995726    -3.844114
      -0.885351    -3.084372     2.740324
      -0.887453    -3.092269    -3.844193
      -1.775030    -2.443117     2.741142
      -1.779550    -2.449339    -3.845147
      -2.659825    -1.795140     2.740324
      -2.666685    -1.799580    -3.844193
       3.564947    -2.085500     2.186978
       3.573956    -2.090594    -3.289401
       3.564906    -2.085609    -2.194337
       3.560993    -2.082378    -1.098673
       3.560375    -2.081512    -0.003700
       3.561002    -2.082343     1.091285
       2.682308    -2.736078     2.188363
       2.689050    -2.742719    -3.290805
       2.682293    -2.736104    -2.195770
       2.678413    -2.731747    -1.099763
       2.677303    -2.730332    -0.003724
       2.678411    -2.731746     1.092326
       1.794678    -3.380928     2.188339
       1.798845    -3.389377    -3.290836
       1.794672    -3.380901    -2.195791
       1.791726    -3.375878    -1.099777
       1.790708    -3.374404    -0.003740
       1.791723    -3.375897     1.092304
       0.903137    -4.019275     2.186910
       0.905003    -4.029361    -3.289476
       0.903132    -4.019222    -2.194399
       0.901287    -4.014517    -1.098720
       0.900654    -4.013683    -0.003752
       0.901288    -4.014547     1.091220
       3.101554     2.746420     2.186844
       3.110760     2.756068    -3.288362
       3.102874     2.748223    -2.194954
       3.097759     2.743527    -1.099637
       3.095961     2.742400    -0.003882
       3.097138     2.743339     1.091230
       3.447423     1.705623     2.188399
       3.456290     1.710699    -3.290589
       3.447992     1.706556    -2.195750
       3.442451     1.703397    -1.099971
       3.440460     1.702233    -0.003779
       3.442039     1.703047     1.092375
       3.786445     0.662040     2.188396
       3.795866     0.663302    -3.290802
       3.786554     0.662272    -2.195710
       3.780856     0.660783    -1.099762
       3.779073     0.660029    -0.003703
       3.780737     0.660635     1.092376
       4.118074    -0.383187     2.186981
       4.128229    -0.384874    -3.289463
       4.118010    -0.383271    -2.194321
       4.112989    -0.383593    -1.098650
       4.112009    -0.384018    -0.003681
       4.113001    -0.383602     1.091305
      -1.636985     3.798111     2.186980
      -1.641727     3.807248    -3.289463
      -1.637045     3.798024    -2.194322
      -1.635800     3.793149    -1.098651
      -1.635901     3.792086    -0.003682
      -1.635812     3.793158     1.091305
      -0.540436     3.805705     2.188396
      -0.542147     3.815055    -3.290802
      -0.540249     3.805881    -2.195710
      -0.539904     3.800001    -1.099762
      -0.540071     3.798073    -0.003704
      -0.540008     3.799842     1.092376
       0.556834     3.805761     2.188399
       0.558922     3.815762    -3.290590
       0.557546     3.806590    -2.195750
       0.556254     3.800344    -1.099971
       0.555762     3.798091    -0.003779
       0.556048     3.799844     1.092375
       1.653570     3.798442     2.186844
       1.659901     3.810179    -3.288363
       1.654877     3.800255    -2.194954
       1.651991     3.793940    -1.099637
       1.651475     3.791881    -0.003882
       1.652005     3.793291     1.091230
      -4.101643    -0.383087     2.186909
      -4.111811    -0.384430    -3.289477
      -4.101590    -0.383076    -2.194399
      -4.096546    -0.383377    -1.098720
      -4.095557    -0.383721    -0.003752
      -4.096575    -0.383385     1.091220
      -3.770040     0.662079     2.188338
      -3.779362     0.663430    -3.290837
      -3.770012     0.662081    -2.195792
      -3.764324     0.660831    -1.099778
      -3.762607     0.660319    -0.003741
      -3.764342     0.660823     1.092304
      -3.431043     1.705534     2.188362
      -3.439442     1.709894    -3.290805
      -3.431062     1.705512    -2.195770
      -3.425720     1.703168    -1.099763
      -3.424031     1.702550    -0.003725
      -3.425718     1.703167     1.092326
      -3.085056     2.746013     2.186977
      -3.092684     2.753007    -3.289402
      -3.085147     2.745940    -2.194338
      -3.080865     2.743217    -1.098674
      -3.079850     2.742897    -0.003700
      -3.080834     2.743237     1.091285
      -0.886773    -4.019259     2.186897
      -0.888626    -4.029339    -3.289500
      -0.886764    -4.019203    -2.194418
      -0.884926    -4.014496    -1.098736
      -0.884299    -4.013659    -0.003766
      -0.884931    -4.014525     1.091207
      -1.778289    -3.380888     2.188307
      -1.782435    -3.389305    -3.290894
      -1.778266    -3.380842    -2.195834
      -1.775329    -3.375819    -1.099810
      -1.774324    -3.374343    -0.003770
      -1.775341    -3.375842     1.092274
      -2.665896    -2.736003     2.188307
      -2.672620    -2.742548    -3.290894
      -2.665859    -2.735967    -2.195834
      -2.661989    -2.731622    -1.099810
      -2.660896    -2.730210    -0.003770
      -2.662008    -2.731641     1.092274
      -3.548516    -2.085388     2.186897
      -3.557529    -2.090266    -3.289501
      -3.548465    -2.085363    -2.194418
      -3.544557    -2.082161    -1.098736
      -3.543954    -2.081305    -0.003766
      -3.544583    -2.082174     1.091207
       0.008170    -4.650939     2.183678
       4.442267    -1.429579     2.183764
       2.749094     3.783801     2.183086
      -2.732345     3.783085     2.183764
      -4.425831    -1.429446     2.183678
       4.454366    -2.375586    -1.640876
       4.453636    -2.373969    -0.549420
       4.453641    -2.373924     0.542083
       4.454404    -2.375422     1.633552
       3.581640    -3.035473    -2.736562
       3.573191    -3.028465    -1.642960
       3.570416    -3.025257    -0.549986
       3.570417    -3.025229     0.542604
       3.573209    -3.028364     1.635595
       2.693309    -3.684676    -2.737371
       2.687209    -3.676248    -1.643557
       2.684575    -3.672616    -0.550215
       2.684577    -3.672604     0.542778
       2.687224    -3.676206     1.636135
       1.801222    -4.328761    -2.736627
       1.797228    -4.318557    -1.643013
       1.795061    -4.314943    -0.550034
       1.795065    -4.314945     0.542551
       1.797244    -4.318558     1.635539
       0.903879    -4.954764    -1.640966
       0.902610    -4.953592    -0.549505
       0.902615    -4.953602     0.541988
       0.903898    -4.954793     1.633456
       3.654637     3.504150    -1.642739
       3.649732     3.500403    -0.549472
       3.650042     3.501784     0.541877
       3.652147     3.502896     1.633269
       4.010674     2.470206    -2.736205
       4.001702     2.463596    -1.643142
       3.997139     2.460163    -0.550031
       3.996668     2.460332     0.542739
       4.000575     2.462539     1.635693
       4.352958     1.422908    -2.737251
       4.343250     1.419909    -1.643521
       4.338994     1.417839    -0.550207
       4.338793     1.417866     0.542863
       4.343002     1.419601     1.636188
       4.689799     0.374952    -2.736567
       4.678934     0.374606    -1.642960
       4.674923     0.373419    -0.550000
       4.674874     0.373443     0.542631
       4.678962     0.374630     1.635595
       5.007903    -0.671772    -1.640887
       5.006493    -0.672694    -0.549448
       5.006502    -0.672653     0.542072
       5.008030    -0.671630     1.633525
      -2.186417     4.555211    -1.640888
      -2.186858     4.553586    -0.549449
      -2.186823     4.553606     0.542071
      -2.186322     4.555376     1.633525
      -1.092624     4.576131    -2.736568
      -1.089595     4.565691    -1.642961
      -1.089485     4.561509    -0.550001
      -1.089448     4.561470     0.542630
      -1.089582     4.565726     1.635595
       0.008131     4.579611    -2.737252
       0.008278     4.569451    -1.643521
       0.007625     4.564765    -0.550208
       0.007712     4.564582     0.542863
       0.008062     4.569121     1.636187
       1.109942     4.577712    -2.736205
       1.106428     4.567137    -1.643142
       1.104573     4.561737    -0.550031
       1.104879     4.561341     0.542739
       1.105771     4.565739     1.635692
       2.203302     4.558607    -1.642740
       2.201255     4.552784    -0.549472
       2.202472     4.553505     0.541877
       2.202879     4.555852     1.633269
      -4.991574    -0.671463    -1.640966
      -4.990068    -0.672308    -0.549505
      -4.990080    -0.672306     0.541988
      -4.991609    -0.671454     1.633455
      -4.673504     0.375406    -2.736628
      -4.662565     0.374761    -1.643013
      -4.658459     0.373817    -0.550035
      -4.658462     0.373820     0.542551
      -4.662572     0.374776     1.635539
      -4.336612     1.422864    -2.737372
      -4.326712     1.419667    -1.643557
      -4.322444     1.418285    -0.550216
      -4.322434     1.418290     0.542778
      -4.326676     1.419694     1.636134
      -3.993692     2.468332    -2.736562
      -3.984416     2.462461    -1.642961
      -3.980508     2.460814    -0.549987
      -3.980482     2.460824     0.542604
      -3.984326     2.462510     1.635594
      -3.635789     3.502259    -1.640877
      -3.634025     3.502065    -0.549421
      -3.633985     3.502084     0.542082
      -3.635646     3.502347     1.633551
      -0.887583    -4.954733    -1.640981
      -0.886311    -4.953561    -0.549517
      -0.886309    -4.953573     0.541977
      -0.887578    -4.954769     1.633444
      -1.784886    -4.328667    -2.736675
      -1.780893    -4.318476    -1.643050
      -1.778729    -4.314869    -0.550066
      -1.778731    -4.314878     0.542521
      -1.780899    -4.318505     1.635509
      -2.676939    -3.684488    -2.737454
      -2.670838    -3.676091    -1.643621
      -2.668212    -3.672477    -0.550270
      -2.668218    -3.672484     0.542723
      -2.670854    -3.676113     1.636078
      -3.565249    -3.035157    -2.736675
      -3.556790    -3.028210    -1.643050
      -3.554028    -3.025037    -0.550066
      -3.554037    -3.025042     0.542521
      -3.556816    -3.028225     1.635509
      -4.437954    -2.375236    -1.640981
      -4.437233    -2.373664    -0.549517
      -4.437245    -2.373666     0.541977
      -4.437990    -2.375242     1.633444
       0.008166    -4.661757    -3.288898
       4.452516    -1.433335    -3.288852
       2.759016     3.797457    -3.286179
      -2.739083     3.791671    -3.288853
      -4.436118    -1.432794    -3.288898
       0.008497     0.011694    -6.063873
       0.008127    -5.590379    -2.733598
       0.008126    -5.590605    -1.641595
       0.008131    -5.589903    -0.550054
       0.008138    -5.589916     0.542515
       5.335603    -1.720367    -2.733491
       5.335857    -1.720252    -1.641491
       5.335239    -1.720019    -0.549972
       5.335249    -1.719967     0.542618
       3.312949     4.559880    -2.730097
       3.297373     4.538441    -1.642703
       3.299721     4.541674    -0.551616
       3.300678     4.542991     0.540115
      -3.284955     4.542839    -2.733492
      -3.284924     4.543116    -1.641492
      -3.284512     4.542601    -0.549973
      -3.284465     4.542627     0.542617
      -5.319278    -1.719790    -2.733598
      -5.319494    -1.719860    -1.641595
      -5.318827    -1.719639    -0.550055
      -5.318842    -1.719636     0.542514
       0.008409    -0.923980    -6.629593
       0.008345    -1.867212    -6.065431
       0.008284    -2.806909    -5.505722
       0.008230    -3.746422    -4.947549
       0.008180    -4.687383    -4.389481
       0.898225    -0.277482    -6.629623
       1.795168    -0.569114    -6.065470
       2.688729    -0.859753    -5.505791
       3.582126    -1.150371    -4.947618
       4.476926    -1.441394    -4.389514
       0.558451     0.768641    -6.629518
       1.112846     1.531699    -6.065199
       1.665187     2.291931    -5.505292
       2.217436     3.052036    -4.946835
       2.770522     3.813293    -4.388354
      -0.541467     0.768516    -6.629623
      -1.095995     1.531441    -6.065471
      -1.648535     2.291456    -5.505792
      -2.201003     3.051321    -4.947619
      -2.754291     3.812395    -4.389515
      -0.881355    -0.277528    -6.629593
      -1.778402    -0.569063    -6.065431
      -2.672089    -0.859503    -5.505723
      -3.565602    -1.149879    -4.947549
      -4.460495    -1.440699    -4.389482
       0.904930    -1.222458    -6.062055
       1.459146     0.482976    -6.062039
       0.008438     1.536978    -6.062039
      -1.442264     0.482880    -6.062055
      -0.888194    -1.222494    -6.062075
       1.800192    -1.515576    -5.503537
       0.906818    -2.164587    -5.503569
       2.014446     1.243943    -5.503493
       2.355592     0.193463    -5.503663
      -0.543921     2.300084    -5.503663
       0.560564     2.300251    -5.503494
      -2.338866     0.193542    -5.503569
      -1.997687     1.243746    -5.503537
      -0.890208    -2.164598    -5.503599
      -1.783566    -1.515535    -5.503600
       2.694679    -1.807370    -4.945790
       1.803575    -2.459737    -4.947066
       0.907611    -3.105537    -4.945841
       2.568155     2.004527    -4.945760
       2.913255     0.955039    -4.947265
       3.250572    -0.096848    -4.946000
      -1.096588     3.061551    -4.946000
       0.008053     3.065793    -4.947265
       1.112817     3.061892    -4.945760
      -3.234008    -0.096473    -4.945842
      -2.896683     0.955203    -4.947067
      -2.551611     2.004285    -4.945791
      -0.891111    -3.105527    -4.945874
      -1.787058    -2.459673    -4.947144
      -2.678164    -1.807156    -4.945875
       3.589685    -2.098822    -4.388274
       2.699746    -2.753174    -4.390667
       1.805460    -3.402780    -4.390705
       0.907908    -4.046842    -4.388346
       3.121675     2.765382    -4.388453
       3.469025     1.716297    -4.391073
       3.810558     0.664919    -4.390964
       4.145772    -0.387750    -4.388470
      -1.649883     3.823043    -4.388470
      -0.545149     3.829527    -4.390964
       0.560311     3.829603    -4.391073
       1.665387     3.823438    -4.388453
      -4.129334    -0.387069    -4.388346
      -3.794153     0.665580    -4.390705
      -3.452690     1.716835    -4.390667
      -3.105370     2.765423    -4.388275
      -0.891505    -4.046814    -4.388375
      -1.789033    -3.402692    -4.390777
      -2.683312    -2.752960    -4.390777
      -3.573260    -2.098404    -4.388375
       4.486771    -2.390441    -3.829769
       4.463322    -2.381538    -2.734762
       3.596565    -3.046012    -3.833934
       2.703124    -3.698219    -3.835302
       1.806576    -4.346219    -3.834009
       0.907780    -4.990155    -3.829876
       0.906665    -4.965116    -2.734870
       3.676325     3.527000    -3.830978
       3.664787     3.516611    -2.733071
       4.024535     2.477494    -3.834812
       4.368770     1.426621    -3.835683
       4.708095     0.374025    -3.834155
       5.042815    -0.679586    -3.829912
       5.018582    -0.672573    -2.734815
      -2.204637     4.586000    -3.829913
      -2.190479     4.565119    -2.734816
      -1.099159     4.593245    -3.834156
       0.006776     4.595797    -3.835683
       1.112590     4.593147    -3.834812
       2.218332     4.586294    -3.830978
       2.212018     4.572111    -2.733071
      -5.026439    -0.678690    -3.829876
      -5.002281    -0.672013    -2.734871
      -4.691762     0.375103    -3.834009
      -4.352525     1.428013    -3.835303
      -4.008328     2.479269    -3.833935
      -3.659930     3.528487    -3.829769
      -3.644217     3.508938    -2.734763
      -0.891467    -4.990115    -3.829896
      -0.890368    -4.965082    -2.734888
      -1.790230    -4.346113    -3.834068
      -2.686755    -3.698000    -3.835404
      -3.580189    -3.045631    -3.834068
      -4.470404    -2.389863    -3.829897
      -4.446936    -2.381082    -2.734888
       5.351844    -2.672166    -2.178698
       5.351021    -2.670199    -1.092544
       5.350693    -2.668816    -0.003644
       4.496046    -3.338212    -3.275953
       4.474009    -3.328996    -2.181272
       4.467506    -3.323420    -1.092011
       4.466741    -3.321839    -0.003650
       4.467516    -3.323313     1.084717
       3.601947    -3.993231    -3.278882
       3.587866    -3.979774    -2.183420
       3.582421    -3.973773    -1.093162
       3.581302    -3.972061    -0.003684
       3.582433    -3.973701     1.085800
       2.705738    -4.644208    -3.278925
       2.697355    -4.626632    -2.183461
       2.693386    -4.619584    -1.093199
       2.692135    -4.617988    -0.003720
       2.693402    -4.619548     1.085764
       1.806324    -5.291963    -3.276071
       1.804470    -5.268150    -2.181383
       1.801253    -5.260254    -1.092112
       1.800031    -5.259059    -0.003749
       1.801273    -5.260246     1.084617
       0.908444    -5.899940    -2.178833
       0.906900    -5.898581    -1.092666
       0.905723    -5.897872    -0.003770
       4.222757     4.287487    -2.175191
       4.208990     4.260131    -1.090493
       4.208181     4.262809    -0.004219
       4.581720     3.238747    -3.278008
       4.565965     3.231332    -2.181252
       4.559281     3.221139    -1.091517
       4.555886     3.220112    -0.002906
       4.557318     3.221667     1.085149
       4.927386     2.188500    -3.279397
       4.909897     2.183390    -2.183326
       4.903210     2.178766    -1.093173
       4.900880     2.177537    -0.003510
       4.902518     2.178924     1.085890
       5.269399     1.136276    -3.279082
       5.249890     1.135539    -2.183408
       5.242285     1.133713    -1.093254
       5.240381     1.132574    -0.003645
       5.242129     1.133825     1.085803
       5.607543     0.081320    -3.276098
       5.584170     0.087844    -2.181342
       5.575803     0.087245    -1.092134
       5.574359     0.086206    -0.003698
       5.575826     0.087362     1.084656
       5.908104    -0.959610    -2.178730
       5.906518    -0.960603    -1.092633
       5.905522    -0.961635    -0.003703
      -2.738345     5.322407    -2.178731
      -2.738799     5.320591    -1.092634
      -2.739473     5.319326    -0.003704
      -1.655483     5.358220    -3.276099
      -1.642056     5.338008    -2.181342
      -1.640039     5.329865    -1.092135
      -1.640582     5.328170    -0.003699
      -1.639936     5.329923     1.084655
      -0.547667     5.362625    -3.279082
      -0.542340     5.343844    -2.183408
      -0.541726     5.336046    -1.093254
      -0.542221     5.333884    -0.003646
      -0.541572     5.335932     1.085803
       0.558744     5.362506    -3.279398
       0.559289     5.344294    -2.183327
       0.556957     5.336505    -1.093173
       0.556508     5.333909    -0.003511
       0.557322     5.335896     1.085889
       1.664405     5.358301    -3.278008
       1.662222     5.341026    -2.181253
       1.654593     5.331520    -1.091517
       1.654666     5.327974    -0.002906
       1.655702     5.329816     1.085148
       2.772743     5.340985    -2.175191
       2.750980     5.319439    -1.090493
       2.753776     5.319497    -0.004219
      -5.891901    -0.959197    -2.178834
      -5.890132    -0.960245    -1.092667
      -5.889094    -0.961146    -0.003770
      -5.591140     0.082613    -3.276072
      -5.567919     0.088208    -2.181384
      -5.559416     0.087588    -1.092113
      -5.557902     0.086796    -0.003750
      -5.559415     0.087610     1.084616
      -5.253022     1.138174    -3.278926
      -5.233716     1.135632    -2.183462
      -5.225787     1.134035    -1.093199
      -5.223883     1.133339    -0.003720
      -5.225758     1.134062     1.085763
      -4.910850     2.191681    -3.278882
      -4.893700     2.182448    -2.183421
      -4.886310     2.179125    -1.093163
      -4.884336     2.178589    -0.003685
      -4.886245     2.179158     1.085799
      -4.564180     3.244432    -3.275954
      -4.548606     3.226322    -2.181273
      -4.541293     3.221860    -1.092011
      -4.539553     3.221621    -0.003651
      -4.541195     3.221903     1.084717
      -4.195189     4.264164    -2.178699
      -4.193064     4.263988    -1.092545
      -4.191647     4.264105    -0.003645
      -0.892216    -5.899904    -2.178846
      -0.890663    -5.898544    -1.092674
      -0.889472    -5.897837    -0.003775
      -1.790057    -5.291845    -3.276115
      -1.788205    -5.268046    -2.181420
      -1.784980    -5.260165    -1.092142
      -1.783751    -5.258981    -0.003776
      -1.784977    -5.260182     1.084591
      -2.689438    -4.643988    -3.279010
      -2.681050    -4.626443    -2.183534
      -2.677076    -4.619426    -1.093261
      -2.675826    -4.617852    -0.003777
      -2.677081    -4.619438     1.085707
      -3.585615    -3.992877    -3.279010
      -3.571521    -3.979478    -2.183534
      -3.566075    -3.973530    -1.093261
      -3.564965    -3.971855    -0.003777
      -3.566086    -3.973538     1.085707
      -4.479688    -3.337713    -3.276116
      -4.457626    -3.328597    -2.181420
      -4.451127    -3.323094    -1.092142
      -4.450380    -3.321560    -0.003776
      -4.451144    -3.323097     1.084591
      -5.335433    -2.671715    -2.178846
      -5.334621    -2.669818    -1.092674
      -5.334316    -2.668467    -0.003775
       0.008280     0.011397     4.952098
       0.008148    -5.590645     1.634058
       5.335963    -1.720048     1.634154
       3.301547     4.544187     1.631926
      -3.284763     4.543280     1.634153
      -5.319539    -1.719852     1.634058
       5.351039    -2.670074     1.085262
       0.906922    -5.898594     1.085130
       4.209319     4.264291     1.083808
       5.906573    -0.960491     1.085190
      -2.738709     5.320679     1.085189
       2.754834     5.321037     1.083808
      -5.890151    -0.960228     1.085129
      -4.192951     4.264045     1.085261
      -0.890651    -5.898564     1.085125
      -5.334644    -2.669813     1.085125
       0.008255    -0.923110     5.502101
       0.008234    -1.857596     4.946247
       0.008214    -2.792799     4.390456
       0.008193    -3.728074     3.835496
       0.897024    -0.277380     5.502114
       1.785744    -0.566173     4.946284
       2.675140    -0.855212     4.390515
       3.564606    -1.144284     3.835569
       0.557574     0.767435     5.502092
       1.106873     1.523479     4.946207
       1.656617     2.280136     4.390340
       2.206451     3.036918     3.835192
      -0.540999     0.767406     5.502114
      -1.090287     1.523388     4.946283
      -1.640018     2.279936     4.390515
      -2.189801     3.036540     3.835568
      -0.880481    -0.277404     5.502101
      -1.769224    -0.566196     4.946246
      -2.658649    -0.855209     4.390456
      -3.548142    -1.144243     3.835496
       0.900417    -1.216595     4.946917
       1.451856     0.480461     4.946918
       0.008297     1.529268     4.946918
      -1.435295     0.480400     4.946916
      -0.883921    -1.216611     4.946902
       1.791952    -1.508570     4.391857
       0.902544    -2.154746     4.391839
       2.005040     1.238201     4.391829
       2.344709     0.192564     4.391880
      -0.541415     2.289457     4.391879
       0.558008     2.289531     4.391829
      -2.328187     0.192519     4.391839
      -1.988479     1.238075     4.391857
      -0.886091    -2.154753     4.391825
      -1.775476    -1.508577     4.391825
       2.683234    -1.799680     3.836760
       1.796054    -2.449443     3.837689
       0.903907    -3.092382     3.836720
       2.557314     1.996005     3.836672
       2.901063     0.951310     3.837725
       3.236830    -0.095929     3.836783
      -1.091468     3.048765     3.836783
       0.008273     3.053046     3.837724
       1.108062     3.048949     3.836671
      -3.220353    -0.095929     3.836719
      -2.884570     0.951231     3.837689
      -2.540762     1.995777     3.836759
      -0.887496    -3.092380     3.836706
      -1.779619    -2.449433     3.837658
      -2.666778    -1.799655     3.836706
       3.574043    -2.090374     3.282066
       2.689094    -2.742650     3.283433
       1.798866    -3.389401     3.283409
       0.905013    -4.029432     3.282000
       3.109061     2.753555     3.281860
       3.455818     1.710075     3.283460
       3.795820     0.663447     3.283467
       4.128324    -0.384491     3.282069
      -1.641393     3.807456     3.282068
      -0.541995     3.815056     3.283466
       0.558473     3.815121     3.283460
       1.658035     3.807787     3.281860
      -4.111882    -0.384441     3.282000
      -3.779392     0.663443     3.283409
      -3.439390     1.709958     3.283432
      -3.092503     2.753157     3.282065
      -0.888642    -4.029422     3.281988
      -1.782471    -3.389376     3.283378
      -2.672676    -2.742604     3.283378
      -3.557605    -2.090306     3.281988
       3.581697    -3.035278     2.729225
       2.693348    -3.684592     2.729973
       1.801254    -4.328755     2.729169
       4.009849     2.468601     2.729278
       4.352890     1.422929     2.730020
       4.689900     0.375379     2.729221
      -1.092250     4.576360     2.729221
       0.008171     4.579554     2.730019
       1.108670     4.576432     2.729277
      -4.673509     0.375439     2.729169
      -4.336545     1.422927     2.729972
      -3.993525     2.468447     2.729224
      -1.784899    -4.328718     2.729140
      -2.676968    -3.684528     2.729916
      -3.565294    -3.035185     2.729139
       0.008174    -4.661845     3.281385
       4.452648    -1.432890     3.281466
       2.755511     3.792634     3.280632
      -2.738702     3.791935     3.281466
      -4.436205    -1.432812     3.281384
       4.463421    -2.381208     2.727459
       0.906695    -4.965159     2.727365
       3.660569     3.509845     2.726999
       5.018754    -0.672090     2.727430
      -2.190074     4.565433     2.727430
       2.206886     4.566009     2.726999
      -5.002332    -0.671997     2.727365
      -3.643934     3.509134     2.727458
      -0.890362    -4.965143     2.727356
      -4.446997    -2.381095     2.727355
       0.008157    -5.590447     2.726063
       5.335786    -1.719897     2.726154
       3.301800     4.544535     2.724397
      -3.284565     4.543159     2.726153
      -5.319353    -1.719782     2.726062
       0.008276     0.011392     6.056567
       5.351889    -2.671876     2.171430
       4.474051    -3.328751     2.173994
       3.587909    -3.979611     2.176073
       2.697402    -4.626549     2.176037
       1.804518    -5.268129     2.173896
       0.908494    -5.899971     2.171305
       4.212096     4.265421     2.170289
       4.564628     3.226567     2.174251
       4.909812     2.182519     2.176141
       5.249979     1.135626     2.176072
       5.584299     0.088153     2.173935
       5.908366    -0.959293     2.171368
      -2.738125     5.322754     2.171368
      -1.641802     5.338226     2.173934
      -0.542285     5.343956     2.176071
       0.558486     5.343944     2.176140
       1.658103     5.338282     2.174251
       2.755051     5.324027     2.170289
      -5.891947    -0.959158     2.171305
      -5.567915     0.088261     2.173896
      -5.233652     1.135702     2.176036
      -4.893559     2.182540     2.176072
      -4.548387     3.226438     2.173993
      -4.194928     4.264297     2.171429
      -0.892199    -5.899946     2.171298
      -1.788202    -5.268082     2.173870
      -2.681061    -4.626470     2.175982
      -3.571544    -3.979496     2.175982
      -4.457661    -3.328605     2.173870
      -5.335480    -2.671712     2.171298
       0.008254    -0.924250     6.622241
       0.008236    -1.867441     6.058027
       0.008216    -2.807096     5.498277
       0.008196    -3.746570     4.940069
       0.008177    -4.687498     4.381970
       0.898087    -0.277734     6.622261
       1.795097    -0.569218     6.058066
       2.688736    -0.859626     5.498336
       3.582202    -1.149984     4.940141
       4.477054    -1.440788     4.382049
       0.558236     0.768346     6.622235
       1.112640     1.531417     6.058000
       1.664976     2.291642     5.498197
       2.217215     3.051733     4.939866
       2.770298     3.812986     4.381489
      -0.541665     0.768308     6.622260
      -1.096074     1.531342     6.058066
      -1.648418     2.291502     5.498336
      -2.200660     3.051513     4.940141
      -2.753755     3.812706     4.382049
      -0.881566    -0.277758     6.622241
      -1.778588    -0.569236     6.058027
      -2.672247    -0.859624     5.498277
      -3.565734    -1.149956     4.940069
      -4.460604    -1.440737     4.381969
       0.904841    -1.222688     6.054706
       1.459005     0.482770     6.054712
       0.008284     1.536780     6.054712
      -1.442457     0.482725     6.054706
      -0.888348    -1.222705     6.054689
       1.800179    -1.515677     5.496195
       0.906767    -2.164766     5.496178
       2.014322     1.243792     5.496180
       2.355539     0.193471     5.496223
      -0.543899     2.300037     5.496222
       0.560457     2.300087     5.496179
      -2.339021     0.193439     5.496178
      -1.997780     1.243703     5.496195
      -0.890312    -2.164776     5.496163
      -1.783705    -1.515688     5.496163
       2.694738    -1.807273     4.938450
       1.803587    -2.459799     4.939699
       0.907589    -3.105667     4.938413
       2.568057     2.004516     4.938393
       2.913243     0.955248     4.939745
       3.250611    -0.096532     4.938480
      -1.096300     3.061686     4.938480
       0.008255     3.065847     4.939745
       1.112836     3.061796     4.938393
      -3.234126    -0.096533     4.938412
      -2.896747     0.955195     4.939698
      -2.551538     2.004372     4.938449
      -0.891174    -3.105671     4.938399
      -1.787150    -2.459799     4.939669
      -2.678282    -1.807260     4.938398
       3.589801    -2.098510     4.380942
       2.699810    -2.753069     4.383322
       1.805485    -3.402804     4.383300
       0.907911    -4.046931     4.380881
       3.121599     2.765823     4.380811
       3.469059     1.716993     4.383368
       3.810636     0.665600     4.383368
       4.145876    -0.387125     4.380954
      -1.649322     3.823336     4.380953
      -0.544527     3.829812     4.383367
       0.560961     3.829851     4.383368
       1.665828     3.823503     4.380811
      -4.129421    -0.387093     4.380881
      -3.794184     0.665597     4.383299
      -3.452611     1.716930     4.383322
      -3.105110     2.765630     4.380942
      -0.891535    -4.046929     4.380868
      -1.789088    -3.402792     4.383269
      -2.683391    -2.753042     4.383269
      -3.573361    -2.098467     4.380868
       4.486918    -2.389965     3.822465
       3.596660    -3.045739     3.826620
       2.703182    -3.698104     3.827926
       1.806615    -4.346212     3.826566
       0.907809    -4.990212     3.822377
       3.675978     3.528974     3.822186
       4.024479     2.479478     3.826685
       4.368826     1.428094     3.827986
       4.708185     0.375106     3.826625
       5.042936    -0.678735     3.822444
      -2.203866     4.586378     3.822444
      -1.098160     4.593665     3.826625
       0.008159     4.596306     3.827985
       1.114493     4.593707     3.826685
       2.220317     4.586574     3.822186
      -5.026503    -0.678679     3.822377
      -4.691768     0.375142     3.826566
      -4.352434     1.428105     3.827926
      -4.008098     2.479445     3.826619
      -3.659524     3.528775     3.822464
      -0.891469    -4.990204     3.822366
      -1.790255    -4.346190     3.826537
      -2.686801    -3.698062     3.827871
      -3.580255    -3.045678     3.826536
      -4.470489    -2.389893     3.822366
       4.496134    -3.337832     3.268687
       3.602022    -3.992990     3.271549
       2.705807    -4.644088     3.271514
       1.806390    -5.291931     3.268593
       4.580176     3.244553     3.268860
       4.926967     2.191771     3.271607
       5.269288     1.138227     3.271549
       5.607526     0.082630     3.268635
      -1.654232     5.358610     3.268634
      -0.545779     5.363122     3.271549
       0.561985     5.363119     3.271606
       1.670404     5.358628     3.268860
      -5.591132     0.082686     3.268592
      -5.252930     1.138276     3.271514
      -4.910644     2.191828     3.271549
      -4.563847     3.244634     3.268687
      -1.790063    -5.291901     3.268567
      -2.689460    -4.644034     3.271460
      -3.585652    -3.992911     3.271460
      -4.479739    -3.337736     3.268567
       0.008134    -5.633243    -3.829423
       5.376413    -1.733845    -3.829410
       3.326586     4.578649    -3.828270
      -3.310384     4.577487    -3.829411
      -5.360046    -1.733029    -3.829423
       5.394300    -2.678838    -3.267131
       0.901504    -5.942373    -3.267284
       4.236847     4.293655    -3.274273
       5.946492    -0.979957    -3.267240
      -2.769558     5.352628    -3.267241
       2.774254     5.356292    -3.274273
      -5.930113    -0.978910    -3.267284
      -4.214654     4.302480    -3.267132
      -0.885273    -5.942328    -3.267297
      -5.377927    -2.678222    -3.267297
       0.008099    -6.543838    -2.216150
       0.008102    -6.539842    -1.105525
       0.008110    -6.539092    -0.003781
       0.008122    -6.539866     1.097961
       0.008134    -6.543882     2.208578
       6.242469    -2.014774    -2.216038
       6.238660    -2.013588    -1.105484
       6.237940    -2.013415    -0.003675
       6.238703    -2.013486     1.098065
       6.242535    -2.014594     2.208672
       3.858473     5.310729    -1.128108
       3.858187     5.310335    -0.015205
       3.859120     5.311620     1.090078
       3.861837     5.315359     2.202152
      -3.845190     5.314344    -2.216039
      -3.842885     5.311087    -1.105485
      -3.842498     5.310457    -0.003676
      -3.842801     5.311160     1.098064
      -3.845039     5.314462     2.208671
      -6.226063    -2.014451    -2.216150
      -6.222265    -2.013213    -1.105525
      -6.221554    -2.012974    -0.003782
      -6.222294    -2.013201     1.097960
      -6.226117    -2.014431     2.208578
       0.008161    -5.633331     3.821879
       5.376579    -1.733100     3.821963
       3.326186     4.578100     3.820844
      -3.309728     4.577875     3.821962
      -5.360139    -1.733030     3.821878
       5.394410    -2.678337     3.259871
       0.901575    -5.942400     3.259755
       4.230596     4.302806     3.259228
       5.946580    -0.978914     3.259817
      -2.768594     5.353035     3.259817
       2.784888     5.353174     3.259227
      -5.930161    -0.978850     3.259754
      -4.214212     4.302740     3.259870
      -0.885263    -5.942392     3.259747
      -5.377991    -2.678232     3.259746
       6.259724    -2.976825    -1.658882
       6.258950    -2.974520    -0.554039
       6.258952    -2.974487     0.546758
       6.259743    -2.976658     1.651600
       5.402054    -3.634720    -2.715592
       5.375556    -3.637185    -1.627035
       5.375184    -3.631683    -0.544804
       5.375180    -3.631626     0.537601
       5.375571    -3.636990     1.619842
       5.402136    -3.634329     2.708408
       4.506185    -4.293239    -2.721983
       4.491420    -4.288673    -1.632431
       4.489674    -4.284030    -0.546539
       4.489677    -4.283979     0.539269
       4.491449    -4.288504     1.625168
       4.506280    -4.292921     2.714726
       3.610141    -4.946890    -2.722991
       3.602991    -4.936941    -1.633230
       3.600304    -4.933204    -0.546816
       3.600314    -4.933169     0.539450
       3.603033    -4.936823     1.625869
       3.610245    -4.946670     2.715636
       2.711454    -5.596896    -2.722085
       2.711803    -5.581398    -1.632530
       2.707980    -5.578307    -0.546633
       2.707994    -5.578288     0.539178
       2.711853    -5.581333     1.625079
       2.711562    -5.596769     2.714640
       1.808222    -6.245267    -2.715773
       1.818919    -6.220801    -1.627205
       1.813848    -6.218777    -0.544965
       1.813863    -6.218771     0.537442
       1.818972    -6.220780     1.619684
       1.808338    -6.245208     2.708258
       0.917651    -6.857558    -1.658999
       0.915704    -6.856134    -0.554166
       0.915720    -6.856137     0.546591
       0.917701    -6.857566     1.651423
       4.779172     5.030158    -0.570264
       4.778457     5.033376     0.536992
       4.781464     5.033757     1.643953
       5.148689     4.003551    -2.721246
       5.136910     3.999015    -1.625603
       5.133967     3.984669    -0.540694
       5.131290     3.989355     0.539899
       5.136494     3.988400     1.620964
       5.142324     4.014431     2.709157
       5.493635     2.952920    -2.722589
       5.482327     2.950194    -1.632610
       5.479675     2.942797    -0.546052
       5.478040     2.945670     0.539582
       5.482779     2.946267     1.625355
       5.491647     2.959021     2.714854
       5.837307     1.901583    -2.723177
       5.824531     1.902663    -1.633418
       5.821400     1.897663    -0.546767
       5.820719     1.899273     0.539506
       5.824876     1.901010     1.625909
       5.836496     1.904875     2.715658
       6.177486     0.847338    -2.722160
       6.162268     0.854942    -1.632634
       6.158781     0.850419    -0.546653
       6.158533     0.851290     0.539184
       6.162521     0.854269     1.625095
       6.177108     0.849299     2.714653
       6.514921    -0.211546    -2.715779
       6.494596    -0.192275    -1.627255
       6.491447    -0.197478    -0.544976
       6.491360    -0.196989     0.537450
       6.494796    -0.192537     1.619705
       6.514736    -0.210098     2.708284
       6.821769    -1.246366    -1.658964
       6.819995    -1.248450    -0.554120
       6.819969    -1.248135     0.546634
       6.821918    -1.246500     1.651465
      -3.293404     6.102742    -1.658965
      -3.294838     6.100411    -0.554121
      -3.294529     6.100483     0.546633
      -3.293577     6.102842     1.651464
      -2.214409     6.130688    -2.715779
      -2.189801     6.117313    -1.627256
      -2.193776     6.112710    -0.544977
      -2.193285     6.112779     0.537450
      -2.190113     6.117422     1.619704
      -2.212976     6.130960     2.708284
      -1.103078     6.136980    -2.722161
      -1.091144     6.124857    -1.632635
      -1.094368     6.120144    -0.546654
      -1.093463     6.120177     0.539183
      -1.091862     6.124890     1.625094
      -1.101097     6.137228     2.714652
       0.004690     6.139230    -2.723177
       0.009665     6.127413    -1.633418
       0.005878     6.122890    -0.546768
       0.007618     6.122740     0.539505
       0.007986     6.127231     1.625909
       0.008071     6.139477     2.715657
       1.110771     6.137259    -2.722589
       1.111673     6.125662    -1.632611
       1.105457     6.120854    -0.546052
       1.108695     6.120187     0.539581
       1.107798     6.124879     1.625354
       1.117187     6.137254     2.714854
       2.216575     6.133858    -2.721246
       2.215900     6.121254    -1.625604
       2.203166     6.114022    -0.540695
       2.208450     6.112924     0.539898
       2.205934     6.117578     1.620964
       2.228888     6.131167     2.709156
       3.307123     6.099665    -0.570264
       3.310404     6.099979     0.536992
       3.309837     6.102957     1.643953
      -6.805495    -1.246360    -1.659000
      -6.803540    -1.247772    -0.554167
      -6.803548    -1.247758     0.546590
      -6.805519    -1.246315     1.651422
      -6.498373    -0.210169    -2.715773
      -6.478410    -0.192435    -1.627206
      -6.474918    -0.196632    -0.544966
      -6.474917    -0.196616     0.537441
      -6.478407    -0.192378     1.619683
      -6.498354    -0.210039     2.708257
      -6.160849     0.849213    -2.722086
      -6.146217     0.854335    -1.632531
      -6.142097     0.851654    -0.546634
      -6.142083     0.851673     0.539178
      -6.146172     0.854402     1.625078
      -6.160762     0.849356     2.714639
      -5.820365     1.904778    -2.722991
      -5.808694     1.901052    -1.633231
      -5.804310     1.899653    -0.546817
      -5.804280     1.899673     0.539449
      -5.808595     1.901129     1.625868
      -5.820189     1.904946     2.715636
      -5.475598     2.958956    -2.721984
      -5.466694     2.946324    -1.632432
      -5.461739     2.946099    -0.546540
      -5.461691     2.946118     0.539268
      -5.466542     2.946404     1.625167
      -5.475326     2.959145     2.714726
      -5.126148     4.014472    -2.715592
      -5.120304     3.988508    -1.627036
      -5.114957     3.989855    -0.544805
      -5.114902     3.989869     0.537601
      -5.120123     3.988583     1.619841
      -5.125802     4.014671     2.708407
      -4.765487     5.033465    -1.658883
      -4.763056     5.033441    -0.554040
      -4.763025     5.033453     0.546757
      -4.765334     5.033534     1.651599
      -0.901471    -6.857513    -1.658994
      -0.899510    -6.856094    -0.554160
      -0.899503    -6.856102     0.546599
      -0.901454    -6.857541     1.651431
      -1.792041    -6.245136    -2.715802
      -1.802712    -6.220699    -1.627228
      -1.797627    -6.218688    -0.544983
      -1.797622    -6.218695     0.537426
      -1.802702    -6.220723     1.619669
      -1.792039    -6.245174     2.708241
      -2.695236    -5.596674    -2.722154
      -2.695561    -5.581219    -1.632592
      -2.691729    -5.578155    -0.546688
      -2.691728    -5.578161     0.539127
      -2.695560    -5.581238     1.625030
      -2.695243    -5.596707     2.714591
      -3.593883    -4.946553    -2.723109
      -3.586705    -4.936673    -1.633340
      -3.584020    -4.932977    -0.546917
      -3.584023    -4.932981     0.539354
      -3.586714    -4.936685     1.625777
      -3.593902    -4.946579     2.715545
      -4.489882    -4.292786    -2.722154
      -4.475083    -4.288320    -1.632592
      -4.473353    -4.283728    -0.546689
      -4.473359    -4.283729     0.539127
      -4.475102    -4.288324     1.625030
      -4.489912    -4.292803     2.714591
      -5.385708    -3.634182    -2.715802
      -5.359170    -3.636780    -1.627228
      -5.358828    -3.631322    -0.544984
      -5.358837    -3.631319     0.537425
      -5.359196    -3.636777     1.619669
      -5.385746    -3.634192     2.708241
      -6.243314    -2.976435    -1.658995
      -6.242571    -2.974130    -0.554161
      -6.242581    -2.974127     0.546598
      -6.243346    -2.976426     1.651430