
       0.050677     0.273606    -0.553382
       0.050775     0.273693     0.547812
       0.050490    -0.654093    -0.003198
       0.932662    -0.012908    -0.002826
       0.595988     1.024258    -0.002376
      -0.494140     1.024025    -0.002542
      -0.831234    -0.013329    -0.002979
       0.050415    -0.654188    -1.104218
       0.932721    -0.013031    -1.103809
       0.595906     1.024387    -1.103173
      -0.494472     1.024251    -1.103532
      -0.831505    -0.013249    -1.104028
       0.050604     0.273940    -1.654527
       0.050163    -1.584597    -0.553754
       1.816774    -0.300733    -0.553041
       1.142774     1.777142    -0.551998
      -1.041050     1.776119    -0.552537
      -1.715764    -0.300970    -0.553260
       0.050552    -0.653966     1.097906
       0.050380    -0.654189    -2.204967
       0.932991    -0.012529     1.098120
       0.933229    -0.012727    -2.204623
       0.596241     1.024785     1.098262
       0.596130     1.025323    -2.203973
      -0.494147     1.024460     1.098354
      -0.494980     1.025225    -2.204337
      -0.831401    -0.013089     1.098081
      -0.832159    -0.012773    -2.204804
       0.936679    -0.946619     0.547283
       0.937031    -0.947365    -1.654192
       0.936554    -0.946933    -0.553563
       1.485225     0.740491     0.547643
       1.485630     0.740292    -1.653194
       1.484991     0.740058    -0.552779
       0.051357     1.782514     0.547879
       0.050600     1.783202    -1.652825
       0.051032     1.782239    -0.552461
      -1.383268     0.739264     0.547584
      -1.384386     0.739937    -1.653626
      -1.383360     0.739207    -0.553106
      -0.835888    -0.946908     0.547219
      -0.836447    -0.947378    -1.654287
      -0.835886    -0.947084    -0.553650
       0.050208    -1.584316     0.546754
       0.050150    -1.585201    -1.653927
       1.816931    -0.300370     0.547293
       1.817635    -0.300799    -1.653277
       1.143119     1.777599     0.547561
       1.142904     1.777727    -1.651684
      -1.040850     1.776206     0.547685
      -1.041889     1.777226    -1.652673
      -1.715752    -0.300904     0.547110
      -1.716783    -0.300710    -1.653457
       0.050833     0.274108     1.648870
       0.050580     0.274675    -2.755541
       0.049934    -2.517778    -1.102894
       0.049943    -2.516739    -0.003745
       2.703200    -0.589564    -1.101829
       2.702537    -0.589379    -0.002907
       1.691151     2.532167    -1.100028
       1.691393     2.532390    -0.002514
      -1.589971     2.530043    -1.100997
      -1.589311     2.529185    -0.002324
      -2.602776    -0.588909    -1.101985
      -2.602030    -0.589043    -0.003156
       0.050564    -0.653945     2.198829
       0.050420    -0.654232    -3.305499
       0.050248    -1.584606     1.647271
       0.050200    -1.586159    -2.753627
       0.933606    -0.012089     2.198837
       0.934273    -0.012028    -3.305237
       1.817992    -0.299985     1.647476
       1.819547    -0.300413    -2.753140
       0.596581     1.025803     2.198644
       0.596718     1.027037    -3.304636
       1.143759     1.778858     1.646944
       1.143831     1.779733    -2.751543
      -0.494563     1.025397     2.198943
      -0.495606     1.026975    -3.304885
      -1.041466     1.777331     1.647652
      -1.043091     1.779555    -2.752387
      -0.832009    -0.012689     2.198880
      -0.833211    -0.011997    -3.305323
      -1.716746    -0.300670     1.647338
      -1.718725    -0.300168    -2.753226
       0.937311    -0.946660     1.648015
       0.938165    -0.947841    -2.754366
       1.486180     0.741316     1.647867
       1.487209     0.741452    -2.753361
       0.051360     1.783807     1.647973
       0.050388     1.785513    -2.752940
      -1.384186     0.739966     1.648034
      -1.386180     0.741433    -2.753670
      -0.836443    -0.947037     1.647969
      -0.837534    -0.947774    -2.754457
       1.824257    -1.238028     1.096893
       1.825798    -1.239424    -2.202565
       1.823974    -1.238663    -1.103038
       1.823520    -1.238113    -0.003086
       0.939202    -1.881046     1.096725
       0.939997    -1.883299    -2.202853
       0.938962    -1.881910    -1.103420
       0.938735    -1.881069    -0.003417
       2.037391     1.495958     1.096576
       2.038442     1.495602    -2.200622
       2.036741     1.494717    -1.101521
       2.036457     1.495025    -0.002465
       2.374480     0.454200     1.096838
       2.376482     0.454035    -2.201608
       2.374144     0.453340    -1.102282
       2.373484     0.453486    -0.002693
      -0.495924     2.539854     1.097151
      -0.497385     2.542258    -2.200864
      -0.496560     2.539506    -1.101639
      -0.495951     2.538735    -0.002175
       0.598882     2.541410     1.096844
       0.597595     2.542619    -2.200211
       0.597907     2.540431    -1.101126
       0.598519     2.540157    -0.002095
      -2.273125     0.453082     1.096710
      -2.275673     0.454336    -2.201754
      -2.273175     0.453134    -1.102530
      -2.272259     0.452698    -0.002903
      -1.935209     1.493315     1.096925
      -1.937563     1.495333    -2.201370
      -1.935342     1.493362    -1.102171
      -1.934452     1.492714    -0.002594
      -0.838961    -1.881205     1.096669
      -0.839814    -1.883175    -2.202951
      -0.838845    -1.881857    -1.103505
      -0.838578    -1.881125    -0.003487
      -1.723790    -1.238241     1.096747
      -1.725442    -1.239092    -2.202735
      -1.723668    -1.238461    -1.103225
      -1.723149    -1.238129    -0.003261
       0.049982    -2.516685     1.095623
       0.049977    -2.519557    -2.201537
       2.703429    -0.588988     1.095999
       2.705708    -0.589391    -2.200716
       1.692090     2.533611     1.095142
       1.691606     2.533291    -2.197863
      -1.589719     2.529983     1.096275
      -1.591492     2.532781    -2.199644
      -2.602820    -0.588952     1.095686
      -2.605238    -0.588606    -2.200770
       0.050812     0.274712     2.749766
       0.050611     0.275717    -3.856676
       0.049763    -3.454183    -1.649464
       0.049739    -3.451861    -0.552215
       0.049759    -3.450834     0.545032
       3.592414    -0.879011    -1.647951
       3.590701    -0.879246    -0.551166
       3.590793    -0.879004     0.545293
       2.241363     3.289497    -1.645986
       2.241663     3.289677    -0.551355
       2.242000     3.290494     0.543668
      -2.140512     3.286364    -1.646714
      -2.139528     3.284350    -0.550243
      -2.139449     3.284232     0.545776
      -3.492361    -0.877414    -1.648070
      -3.490764    -0.877739    -0.551402
      -3.490816    -0.877810     0.544915
       0.050525    -0.654272     3.299503
       0.050544    -0.654716    -4.406335
       0.050266    -1.585691     2.747383
       0.050324    -1.587917    -3.853160
       0.050026    -2.518191     2.194937
       0.050083    -2.522406    -3.299727
       0.934548    -0.011769     3.299336
       0.936143    -0.011162    -4.406043
       1.819851    -0.299825     2.747253
       1.822818    -0.299783    -3.852677
       2.705935    -0.588812     2.194842
       2.710225    -0.588937    -3.299118
       0.597073     1.027223     3.298874
       0.597858     1.029655    -4.405432
       1.144710     1.780843     2.746084
       1.145743     1.783279    -3.851270
       1.693330     2.535890     2.192885
       1.693903     2.537218    -3.296672
      -0.495383     1.026757     3.299279
      -0.496516     1.029656    -4.405548
      -1.042858     1.779297     2.747162
      -1.044757     1.783320    -3.851682
      -1.591377     2.532360     2.194783
      -1.593780     2.537522    -3.297721
      -0.833100    -0.012332     3.299398
      -0.834907    -0.011159    -4.406081
      -1.718682    -0.300524     2.747121
      -1.721824    -0.299644    -3.852725
      -2.605286    -0.588994     2.194475
      -2.609536    -0.588385    -3.299150
       0.938392    -0.947292     2.748292
       0.940018    -0.948590    -3.854129
       1.487777     0.742389     2.747708
       1.489927     0.743565    -3.853052
       0.051089     1.785952     2.747674
       0.050518     1.789308    -3.852563
      -1.386046     0.741096     2.747982
      -1.388802     0.743604    -3.853201
      -0.837531    -0.947691     2.748251
      -0.839170    -0.948527    -3.854220
       1.826120    -1.238720     2.196450
       1.829136    -1.240469    -3.301316
       0.940276    -1.882237     2.196456
       0.941859    -1.885376    -3.301507
       2.039361     1.497513     2.195360
       2.041808     1.498438    -3.299287
       2.376889     0.455150     2.196015
       2.380649     0.455791    -3.300118
      -0.496633     2.542501     2.196076
      -0.498096     2.547162    -3.299252
       0.599063     2.543970     2.195445
       0.598356     2.547138    -3.298853
      -2.275649     0.453968     2.195895
      -2.279746     0.456097    -3.300163
      -1.937485     1.494966     2.195994
      -1.941014     1.498631    -3.299725
      -0.839958    -1.882460     2.196408
      -0.841469    -1.885248    -3.301617
      -1.725589    -1.239055     2.196322
      -1.728566    -1.240171    -3.301467
       2.713980    -1.530059     1.644473
       2.717956    -1.531844    -2.748302
       2.713634    -1.530585    -1.650594
       2.711963    -1.529652    -0.552255
       2.712133    -1.529366     0.546148
       1.829885    -2.176512     1.645300
       1.832686    -2.179902    -2.749554
       1.829444    -2.177460    -1.651752
       1.828021    -2.175870    -0.552939
       1.828223    -2.175415     0.546345
       0.941524    -2.817281     1.644422
       0.942868    -2.822249    -2.748708
       0.941111    -2.819089    -1.651259
       0.940261    -2.817102    -0.552939
       0.940429    -2.816298     0.545766
       2.590808     2.253489     1.642773
       2.593045     2.253037    -2.745094
       2.589614     2.250866    -1.647796
       2.588571     2.251236    -0.551057
       2.588958     2.251986     0.545716
       2.931524     1.210720     1.644383
       2.935913     1.211385    -2.747093
       2.931045     1.209102    -1.649614
       2.928765     1.208683    -0.551544
       2.929025     1.209315     0.546406
       3.265530     0.166385     1.644061
       3.270701     0.167074    -2.746958
       3.265393     0.165529    -1.649637
       3.262946     0.164859    -0.551705
       3.263044     0.165250     0.546124
      -1.045503     3.298212     1.644296
      -1.047333     3.304140    -2.745799
      -1.046026     3.298345    -1.648646
      -1.045286     3.295594    -0.550887
      -1.045001     3.295633     0.546677
       0.051007     3.303746     1.644720
       0.049449     3.308502    -2.746318
       0.049688     3.302883    -1.648881
       0.050505     3.300435    -0.550854
       0.051055     3.300887     0.546994
       1.147927     3.302370     1.643160
       1.146183     3.304228    -2.744758
       1.145912     3.299988    -1.647455
       1.146975     3.299019    -0.550661
       1.147550     3.299828     0.546187
      -3.165118     0.166311     1.643629
      -3.170121     0.168059    -2.746923
      -3.165072     0.166662    -1.649679
      -3.162667     0.165611    -0.551871
      -3.162675     0.165541     0.545827
      -2.830509     1.208921     1.644392
      -2.835272     1.212064    -2.747248
      -2.830470     1.209270    -1.649973
      -2.827903     1.207771    -0.551853
      -2.827896     1.207701     0.546333
      -2.488834     2.249063     1.643933
      -2.492746     2.253555    -2.746174
      -2.488789     2.249443    -1.649011
      -2.486669     2.247644    -0.551270
      -2.486645     2.247568     0.546300
      -0.841680    -2.817341     1.644373
      -0.842949    -2.822062    -2.748823
      -0.841356    -2.818912    -1.651361
      -0.840552    -2.816988    -0.553023
      -0.840675    -2.816272     0.545701
      -1.729856    -2.176523     1.645171
      -1.732573    -2.179478    -2.749749
      -1.729514    -2.177029    -1.651948
      -1.728137    -2.175549    -0.553124
      -1.728289    -2.175262     0.546187
      -2.613849    -1.529799     1.644204
      -2.617707    -1.531054    -2.748481
      -2.613605    -1.529702    -1.650816
      -2.611995    -1.528895    -0.552514
      -2.612108    -1.528849     0.545879
       0.049806    -3.451389     1.642393
       0.049844    -3.457974    -2.746441
       3.592561    -0.878573     1.642076
       3.597613    -0.878625    -2.745518
       2.242881     3.292465     1.639473
       2.241771     3.290688    -2.741467
      -2.140505     3.285862     1.642169
      -2.143125     3.291636    -2.743905
      -3.492472    -0.877789     1.641584
      -3.497286    -0.877347    -2.745591
       0.050725     0.275360     3.850802
       0.050715     0.276990    -4.958647
       0.049614    -4.394453    -2.192975
       0.049561    -4.390296    -1.097155
       0.049562    -4.388525    -0.002289
       0.049602    -4.387708     1.091820
       4.484187    -1.168658    -2.190982
       4.482084    -1.169929    -1.096481
       4.481782    -1.170169    -0.002960
       4.482178    -1.169632     1.090575
       2.794012     4.049998    -2.192097
       2.794840     4.050567    -1.100395
       2.794942     4.050745    -0.007486
       2.794780     4.051778     1.086202
      -2.692141     4.045076    -2.189343
      -2.691381     4.042466    -1.095268
      -2.691226     4.041709    -0.002108
      -2.691390     4.042048     1.091004
      -4.384204    -1.166525    -2.191176
      -4.382380    -1.167536    -1.096751
      -4.382197    -1.167926    -0.003346
      -4.382504    -1.167831     1.090061
       0.050463    -0.655365     4.400353
       0.050735    -0.656566    -5.509525
       0.050270    -1.588031     3.847128
       0.050501    -1.591551    -4.954253
       0.050067    -2.521564     3.293724
       0.050241    -2.527516    -4.398925
       0.049863    -3.455241     2.740476
       0.049975    -3.464371    -3.844137
       0.936147    -0.011746     4.400079
       0.939600    -0.010602    -5.509002
       1.822835    -0.300123     3.846730
       1.828265    -0.299602    -4.953390
       2.710201    -0.589170     3.293197
       2.717582    -0.589045    -4.397914
       3.597575    -0.878717     2.739609
       3.606909    -0.878950    -3.843219
       0.597962     1.029184     4.399460
       0.600091     1.033785    -5.508221
       1.146288     1.783739     3.845199
       1.149256     1.789053    -4.951919
       1.695416     2.539486     3.290535
       1.698606     2.544534    -4.395911
       2.245122     3.296358     2.735767
       2.247163     3.298901    -3.841013
      -0.496692     1.028701     4.399872
      -0.498245     1.033800    -5.508311
      -1.045088     1.782284     3.846398
      -1.047561     1.789093    -4.952084
      -1.594306     2.536333     3.292835
      -1.597566     2.544866    -4.396102
      -2.143727     3.290403     2.739345
      -2.147937     3.300598    -3.841076
      -0.834927    -0.012230     4.400100
      -0.838006    -0.010704    -5.509114
      -1.721830    -0.300753     3.846560
      -1.726912    -0.299726    -4.953557
      -2.609571    -0.589490     3.292790
      -2.616529    -0.588950    -4.398087
      -3.497374    -0.878366     2.739058
      -3.506213    -0.878304    -3.843398
       0.940011    -0.948765     3.848047
       0.942758    -0.950241    -4.954546
       1.490207     0.743661     3.847187
       1.494253     0.746533    -4.953038
       0.050693     1.789015     3.847055
       0.050927     1.794926    -4.952483
      -1.388901     0.742553     3.847434
      -1.392678     0.746367    -4.953257
      -0.839215    -0.949139     3.847997
      -0.841556    -0.950249    -4.954653
       1.829214    -1.240468     3.295130
       1.834132    -1.242430    -4.399883
       0.941953    -1.884961     3.295290
       0.944513    -1.888846    -4.400171
       2.042479     1.499729     3.293560
       2.047363     1.503417    -4.397435
       2.380816     0.456139     3.294430
       2.387077     0.458299    -4.398140
      -0.498014     2.546660     3.294301
      -0.498869     2.554487    -4.397140
       0.599314     2.547904     3.293493
       0.600403     2.554453    -4.396983
      -2.279854     0.455075     3.294243
      -2.285748     0.458122    -4.398346
      -1.941238     1.497578     3.294235
      -1.946007     1.503244    -4.397789
      -0.841584    -1.885208     3.295244
      -0.843800    -1.888777    -4.400290
      -1.728662    -1.240854     3.295004
      -1.733214    -1.242304    -4.400049
       2.718129    -1.531847     2.742072
       2.725195    -1.533992    -3.845260
       1.832976    -2.179463     2.743151
       1.837670    -2.183695    -3.846706
       0.943183    -2.820792     2.742329
       0.945372    -2.827224    -3.845770
       2.594248     2.256307     2.739621
       2.599475     2.259836    -3.841913
       2.936134     1.212786     2.741672
       2.943532     1.215999    -3.843494
       3.270630     0.167475     2.741386
       3.279175     0.169080    -3.843295
      -1.047432     3.303265     2.741374
      -1.049366     3.313108    -3.841944
       0.050375     3.308760     2.741743
       0.050418     3.317517    -3.842674
       1.148623     3.306759     2.739706
       1.149778     3.312856    -3.841578
      -3.170250     0.167127     2.740840
      -3.178155     0.169284    -3.843434
      -2.835494     1.211133     2.741578
      -2.842369     1.215903    -3.843759
      -2.493125     2.252533     2.740972
      -2.498719     2.260077    -3.842504
      -0.843237    -2.820913     2.742291
      -0.845179    -2.827083    -3.845892
      -1.732849    -2.179601     2.743043
      -1.737257    -2.183396    -3.846902
      -2.617891    -1.531814     2.741804
      -2.624596    -1.533493    -3.845442
       3.606667    -1.823388     2.188987
       3.615679    -1.825578    -3.291034
       3.606396    -1.823422    -2.195216
       3.602657    -1.821882    -1.098866
       3.602321    -1.821144    -0.003060
       3.602954    -1.821577     1.092731
       2.723420    -2.473046     2.191087
       2.730245    -2.477324    -3.293263
       2.722961    -2.473301    -2.197579
       2.719071    -2.470411    -1.100792
       2.718088    -2.468940    -0.003251
       2.719495    -2.469869     1.094325
       1.835572    -3.117642     2.191130
       1.839659    -3.124194    -3.293580
       1.834912    -3.118769    -2.197802
       1.831949    -3.115195    -1.101117
       1.831056    -3.113363    -0.003542
       1.832445    -3.114002     1.094205
       0.944249    -3.756320     2.189442
       0.945739    -3.765759    -3.291809
       0.943501    -3.759482    -2.196082
       0.941909    -3.755718    -1.099935
       0.941301    -3.753857    -0.003530
       0.942276    -3.753417     1.092775
       3.145998     3.013490     2.185554
       3.150926     3.014623    -3.286752
       3.144115     3.008316    -2.190719
       3.142712     3.009411    -1.097296
       3.142608     3.010078    -0.003614
       3.143274     3.010995     1.090631
       3.490193     1.969315     2.188735
       3.498589     1.973041    -3.288938
       3.489862     1.966599    -2.193718
       3.485003     1.964963    -1.097796
       3.484035     1.965478    -0.002558
       3.485566     1.966612     1.092884
       3.828512     0.924053     2.189377
       3.838409     0.926934    -3.289478
       3.828735     0.922902    -2.194563
       3.822933     0.920746    -1.098577
       3.821251     0.920421    -0.002674
       3.822988     0.921652     1.093337
       4.159965    -0.121859     2.188121
       4.170578    -0.120838    -3.288752
       4.160181    -0.122314    -2.193652
       4.155033    -0.124188    -1.097914
       4.153973    -0.124778    -0.002837
       4.154989    -0.123687     1.092305
      -1.596918     4.059451     2.188302
      -1.600163     4.070961    -3.287194
      -1.596813     4.060458    -2.192312
      -1.595903     4.054790    -1.096778
      -1.595785     4.053427    -0.001970
      -1.595591     4.054475     1.092787
      -0.499653     4.067929     2.189716
      -0.500632     4.078966    -3.288348
      -0.500271     4.068340    -2.193488
      -0.499640     4.062030    -1.097563
      -0.499092     4.060300    -0.001772
      -0.498860     4.062217     1.093957
       0.599226     4.069997     2.189190
       0.599525     4.078989    -3.288270
       0.597054     4.068438    -2.193047
       0.597678     4.063162    -1.097096
       0.598721     4.062491    -0.001810
       0.599159     4.064647     1.093659
       1.698545     4.066469     2.186108
       1.697817     4.070087    -3.286608
       1.694773     4.061298    -2.190613
       1.696808     4.060082    -1.097181
       1.697607     4.060400    -0.003379
       1.697919     4.062168     1.091190
      -4.060140    -0.121098     2.187488
      -4.069955    -0.119780    -3.288923
      -4.060008    -0.120307    -2.193742
      -4.055212    -0.121979    -1.098070
      -4.054318    -0.122850    -0.003128
      -4.055271    -0.122262     1.091818
      -3.728717     0.923906     2.188814
      -3.737521     0.927570    -3.289678
      -3.728504     0.924683    -2.194663
      -3.723069     0.922313    -1.098759
      -3.721449     0.921352    -0.002894
      -3.723142     0.922034     1.092955
      -3.390107     1.967132     2.188927
      -3.397710     1.973669    -3.289337
      -3.389768     1.967936    -2.194354
      -3.384726     1.964640    -1.098469
      -3.383155     1.963640    -0.002648
      -3.384835     1.964359     1.093135
      -3.044682     3.007301     2.187825
      -3.051132     3.016559    -3.287779
      -3.044229     3.008198    -2.192760
      -3.040334     3.004588    -1.097168
      -3.039456     3.003909    -0.002385
      -3.040449     3.004278     1.092346
      -0.844714    -3.756322     2.189400
      -0.846058    -3.765558    -3.291927
      -0.844036    -3.759247    -2.196192
      -0.842556    -3.755498    -1.100030
      -0.841952    -3.753695    -0.003609
      -0.842854    -3.753336     1.092715
      -1.735854    -3.117550     2.191016
      -1.739752    -3.123760    -3.293790
      -1.735245    -3.118248    -2.198010
      -1.732407    -3.114687    -1.101315
      -1.731523    -3.112958    -0.003719
      -1.732840    -3.113749     1.094061
      -2.623563    -2.472702     2.190849
      -2.630140    -2.476580    -3.293498
      -2.623140    -2.472370    -2.197831
      -2.619402    -2.469457    -1.101065
      -2.618435    -2.468119    -0.003526
      -2.619764    -2.469271     1.094066
      -3.506746    -1.822644     2.188558
      -3.515414    -1.824464    -3.291220
      -3.506474    -1.821937    -2.195431
      -3.502937    -1.820286    -1.099157
      -3.502643    -1.819694    -0.003414
      -3.503186    -1.820441     1.092332
       0.049663    -4.388170     2.186701
       4.484189    -1.168536     2.185067
       2.795502     4.055027     2.180622
      -2.692611     4.043979     2.185044
      -4.384349    -1.167362     2.184471
       4.495512    -2.115173    -1.641662
       4.495511    -2.114550    -0.549178
       4.495692    -2.114404     0.543015
       4.495869    -2.115026     1.635456
       3.622050    -2.770923    -2.740118
       3.612841    -2.766410    -1.645606
       3.609764    -2.763264    -0.550502
       3.610031    -2.763052     0.544019
       3.613385    -2.766209     1.639071
       2.733289    -3.419692    -2.741356
       2.726412    -3.413673    -1.646877
       2.723149    -3.409725    -0.551349
       2.723472    -3.409248     0.544424
       2.727193    -3.413015     1.639981
       1.840856    -4.064374    -2.740881
       1.836596    -4.057370    -1.646329
       1.834122    -4.053445    -0.551219
       1.834377    -4.052311     0.543742
       1.837611    -4.055248     1.639138
       0.944120    -4.697442    -1.643423
       0.942763    -4.694629    -0.549397
       0.942812    -4.693516     0.543733
       0.944877    -4.692537     1.636551
       3.700854     3.769916    -1.642542
       3.700848     3.770189    -0.552087
       3.700669     3.770606     0.540185
       3.700570     3.772351     1.632377
       4.052599     2.728104    -2.733974
       4.043589     2.721868    -1.640120
       4.041709     2.722641    -0.548702
       4.041853     2.723505     0.543324
       4.044309     2.725450     1.635847
       4.395948     1.683933    -2.735377
       4.385548     1.678251    -1.641792
       4.381186     1.676783    -0.548834
       4.381093     1.677255     0.543817
       4.385178     1.679935     1.637166
       4.732471     0.636830    -2.735314
       4.721257     0.633365    -1.641826
       4.716872     0.631487    -0.548929
       4.716729     0.631782     0.543596
       4.720811     0.634224     1.636681
       5.050166    -0.412830    -1.640249
       5.048436    -0.415101    -0.548663
       5.048358    -0.414884     0.542990
       5.049901    -0.412332     1.634664
      -2.147248     4.817060    -1.638775
      -2.147836     4.814652    -0.547465
      -2.147658     4.814445     0.543815
      -2.147127     4.816161     1.635073
      -1.052235     4.839415    -2.734013
      -1.050735     4.827649    -1.640593
      -1.050380     4.822881    -0.547804
      -1.050023     4.822797     0.544562
      -1.050180     4.827004     1.637331
       0.047825     4.842958    -2.734327
       0.046701     4.831249    -1.640695
       0.047305     4.826724    -0.547674
       0.047893     4.827017     0.545011
       0.048177     4.831494     1.638084
       1.147095     4.838791    -2.733548
       1.144784     4.828053    -1.639677
       1.146558     4.826508    -0.548260
       1.147325     4.827299     0.543945
       1.148078     4.831407     1.636903
       2.247780     4.825447    -1.642956
       2.248461     4.825406    -0.552724
       2.248887     4.825878     0.539576
       2.249496     4.828749     1.632537
      -4.950257    -0.409837    -1.640546
      -4.948905    -0.412081    -0.549026
      -4.948945    -0.412240     0.542572
      -4.950365    -0.410439     1.634099
      -4.631995     0.638835    -2.735668
      -4.621372     0.636490    -1.642133
      -4.617457     0.634485    -0.549252
      -4.617505     0.634324     0.543228
      -4.621540     0.635887     1.636098
      -4.295238     1.685997    -2.736097
      -4.285744     1.681392    -1.642390
      -4.281736     1.679142    -0.549204
      -4.281811     1.678985     0.543597
      -4.286017     1.680791     1.636744
      -3.952533     2.731228    -2.735130
      -3.943795     2.724094    -1.641604
      -3.940230     2.721705    -0.548772
      -3.940326     2.721552     0.543618
      -3.944166     2.723485     1.636386
      -3.595636     3.763746    -1.639311
      -3.594305     3.762876    -0.547967
      -3.594381     3.762720     0.543356
      -3.596019     3.763094     1.634626
      -0.845088    -4.697173    -1.643520
      -0.843785    -4.694382    -0.549482
      -0.843785    -4.693328     0.543660
      -0.845737    -4.692429     1.636490
      -1.741436    -4.063840    -2.741086
      -1.737351    -4.056780    -1.646528
      -1.734942    -4.052889    -0.551405
      -1.735156    -4.051864     0.543577
      -1.738285    -4.054955     1.639002
      -2.633665    -3.418789    -2.741621
      -2.626993    -3.412657    -1.647155
      -2.623806    -3.408739    -0.551632
      -2.624094    -3.408416     0.544153
      -2.627709    -3.412413     1.639731
      -3.522250    -2.769568    -2.740380
      -3.513293    -2.764848    -1.645916
      -3.510313    -2.761708    -0.550860
      -3.510548    -2.761696     0.543633
      -3.513786    -2.765179     1.638671
      -4.395885    -2.112981    -1.641976
      -4.396020    -2.112317    -0.549587
      -4.396180    -2.112430     0.542529
      -4.396223    -2.113515     1.634907
       0.049717    -4.402017    -3.289727
       4.494763    -1.168884    -3.289246
       2.792756     4.049158    -3.285711
      -2.697652     4.055104    -3.286933
      -4.394425    -1.167449    -3.289488
       0.050910     0.278426    -6.063331
       0.049474    -5.340233    -2.734768
       0.049397    -5.332428    -1.638294
       0.049371    -5.330439    -0.544562
       0.049402    -5.330061     0.547537
       5.377703    -1.457436    -2.733954
       5.377661    -1.461088    -1.641034
       5.377205    -1.463140    -0.549246
       5.377268    -1.462957     0.543285
       3.354034     4.820187    -2.769178
       3.353545     4.819023    -1.661141
       3.353229     4.818088    -0.562102
       3.353340     4.818014     0.533645
      -3.244364     4.805496    -2.731546
      -3.245454     4.804563    -1.639642
      -3.245440     4.803253    -0.548194
      -3.245400     4.803071     0.544223
      -5.277645    -1.455182    -2.734274
      -5.277945    -1.458218    -1.641381
      -5.277729    -1.460214    -0.549691
      -5.277814    -1.460365     0.542779
       0.050959    -0.656044    -6.630277
       0.050706    -1.599502    -6.066948
       0.050430    -2.539191    -5.508173
       0.050143    -3.478384    -4.951108
       0.049858    -4.418368    -4.394582
       0.940927    -0.009408    -6.629329
       1.837875    -0.300992    -6.065346
       2.731419    -0.591602    -5.505936
       3.624733    -0.882495    -4.948090
       4.519357    -1.174252    -4.390271
       0.601186     1.036303    -6.628143
       1.155747     1.798891    -6.063114
       1.708497     2.558968    -5.502454
       2.261657     3.319604    -4.942830
       2.817639     4.084174    -4.382092
      -0.498596     1.036092    -6.628463
      -1.052994     1.798407    -6.063754
      -1.605487     2.557723    -5.503735
      -2.158154     3.316789    -4.945441
      -2.711925     4.077026    -4.387337
      -0.838924    -0.009630    -6.629602
      -1.736112    -0.301323    -6.065740
      -2.629989    -0.591847    -5.506356
      -3.523699    -0.882357    -4.948485
      -4.418726    -1.173471    -4.390661
       0.947379    -0.954663    -6.062881
       1.501870     0.750536    -6.060603
       0.051378     1.803973    -6.060013
      -1.399637     0.750105    -6.061188
      -0.845766    -0.954764    -6.063007
       1.842569    -1.247722    -5.504728
       0.948930    -1.896784    -5.505340
       2.057446     1.511246    -5.501125
       2.398317     0.461128    -5.502229
      -0.500718     2.566492    -5.501132
       0.603813     2.566949    -5.500676
      -2.296408     0.460502    -5.502848
      -1.955017     1.510246    -5.502141
      -0.847836    -1.896805    -5.505457
      -1.741261    -1.247794    -5.504938
       2.736960    -1.539553    -4.947444
       1.845480    -2.191798    -4.949467
       0.949332    -2.837434    -4.948763
       2.611729     2.272150    -4.942211
       2.956298     1.222616    -4.944772
       3.293245     0.170727    -4.944788
      -1.053321     3.327294    -4.943279
       0.051764     3.332060    -4.943929
       1.156851     3.328752    -4.941878
      -3.191758     0.170243    -4.945294
      -2.854268     1.221291    -4.945787
      -2.509066     2.269996    -4.944120
      -0.848795    -2.837378    -4.948882
      -1.744708    -2.191677    -4.949668
      -2.635985    -1.539375    -4.947687
       3.631825    -1.831375    -4.390414
       2.741416    -2.485250    -4.393839
       1.846781    -3.134399    -4.394623
       0.949287    -3.777937    -4.392888
       3.166393     3.034783    -4.382638
       3.512732     1.984690    -4.387315
       3.853496     0.932271    -4.388809
       4.188293    -0.120779    -4.387578
      -1.606946     4.087975    -4.385798
      -0.501364     4.095159    -4.387637
       0.605285     4.096352    -4.386645
       1.711389     4.091456    -4.382452
      -4.087308    -0.120690    -4.387977
      -3.752023     0.931252    -4.389562
      -3.410526     1.982004    -4.389157
      -3.063191     3.030306    -4.386539
      -0.849312    -3.777809    -4.393004
      -1.746564    -3.134117    -4.394832
      -2.640974    -2.484771    -4.394080
      -3.531194    -1.830687    -4.390648
       4.528759    -2.123820    -3.832360
       4.504463    -2.117731    -2.736902
       3.638013    -2.778436    -3.837999
       2.743805    -3.429677    -3.840438
       1.847396    -4.076918    -3.839970
       0.949211    -4.719202    -3.837252
       0.945963    -4.704438    -2.738220
       3.721053     3.808340    -3.819485
       3.699919     3.768463    -2.730688
       4.068890     2.749503    -3.828905
       4.412030     1.694544    -3.832607
       4.750770     0.640275    -3.832443
       5.085087    -0.413784    -3.829233
       5.060971    -0.410320    -2.734133
      -2.162366     4.850048    -3.827313
      -2.149951     4.828122    -2.732470
      -1.055972     4.857934    -3.831081
       0.051811     4.861658    -3.831585
       1.161413     4.861269    -3.828416
       2.276110     4.857595    -3.819537
       2.245909     4.824571    -2.730952
      -4.984599    -0.412850    -3.829653
      -4.960690    -0.408200    -2.734473
      -4.649946     0.640251    -3.833026
      -4.310731     1.692632    -3.833954
      -3.966610     2.743539    -3.832421
      -3.618326     3.792581    -3.828083
      -3.603339     3.771662    -2.733187
      -0.849779    -4.719013    -3.837358
      -0.846770    -4.704191    -2.738326
      -1.747722    -4.076505    -3.840174
      -2.643902    -3.428977    -3.840700
      -3.537888    -2.777395    -3.838250
      -4.428446    -2.122450    -3.832596
      -4.404518    -2.115893    -2.737130
       5.391230    -2.408811    -2.180809
       5.392064    -2.411355    -1.092865
       5.392443    -2.411904    -0.003095
       4.537494    -3.071358    -3.281087
       4.511889    -3.065175    -2.186474
       4.503161    -3.060272    -1.093544
       4.503348    -3.059065    -0.003243
       4.503682    -3.060065     1.087022
       3.641450    -3.724573    -3.285794
       3.625930    -3.715108    -2.188940
       3.617799    -3.708562    -1.095918
       3.616090    -3.705826    -0.003432
       3.618513    -3.708188     1.088951
       2.745340    -4.374341    -3.286705
       2.735405    -4.361490    -2.189536
       2.729737    -4.353588    -1.096433
       2.728154    -4.350409    -0.003661
       2.730697    -4.352553     1.088864
       1.848145    -5.020633    -3.284920
       1.842013    -5.004170    -2.188507
       1.838893    -4.996480    -1.095290
       1.837912    -4.994122    -0.003712
       1.839821    -4.993324     1.087159
       0.945353    -5.643522    -2.184326
       0.945766    -5.639085    -1.091089
       0.946267    -5.638446     0.000037
       4.274680     4.531954    -2.214837
       4.270565     4.533942    -1.109650
       4.270029     4.534210    -0.011985
       4.627089     3.518834    -3.265833
       4.608670     3.478674    -2.177915
       4.606678     3.480177    -1.092791
       4.605174     3.480886    -0.003677
       4.606336     3.482189     1.086664
       4.970624     2.457473    -3.274634
       4.954473     2.438947    -2.180008
       4.946407     2.434578    -1.090714
       4.944340     2.434460    -0.002274
       4.945663     2.435596     1.086426
       5.312217     1.401912    -3.276635
       5.293369     1.393834    -2.181508
       5.284955     1.389981    -1.091536
       5.282677     1.389255    -0.002452
       5.284304     1.390683     1.086741
       5.649985     0.345763    -3.274560
       5.626992     0.347045    -2.179986
       5.618171     0.343847    -1.090804
       5.616332     0.342751    -0.002655
       5.617715     0.344405     1.085557
       5.950798    -0.700475    -2.178180
       5.948444    -0.704352    -1.091730
       5.947161    -0.705684    -0.002875
      -2.699325     5.584836    -2.176374
      -2.700559     5.581816    -1.090310
      -2.701035     5.580109    -0.001694
      -1.613340     5.621939    -3.273109
      -1.603318     5.600609    -2.178616
      -1.602242     5.591377    -1.089531
      -1.602302     5.589264    -0.001474
      -1.601580     5.590846     1.086652
      -0.504180     5.627137    -3.275449
      -0.504682     5.606750    -2.180310
      -0.504594     5.597640    -1.090317
      -0.504191     5.595356    -0.001196
      -0.503455     5.597378     1.088070
       0.605541     5.628458    -3.273613
       0.594115     5.607261    -2.178890
       0.593452     5.598292    -1.089405
       0.594368     5.596601    -0.000624
       0.595290     5.598803     1.088579
       1.721185     5.629607    -3.265643
       1.689821     5.598883    -2.178043
       1.692693     5.597370    -1.093334
       1.693993     5.596072    -0.004609
       1.694942     5.598003     1.085749
       2.795447     5.606157    -2.215864
       2.799195     5.602730    -1.111331
       2.800196     5.601856    -0.014482
      -5.850589    -0.697285    -2.178641
      -5.848685    -0.700700    -1.092247
      -5.847637    -0.702398    -0.003327
      -5.549629     0.346989    -3.275238
      -5.526680     0.350447    -2.180579
      -5.518345     0.347937    -1.091370
      -5.516911     0.346396    -0.003111
      -5.518452     0.347544     1.085152
      -5.211583     1.402173    -3.277750
      -5.192673     1.397907    -2.182380
      -5.185070     1.394760    -1.092247
      -5.183325     1.393422    -0.002927
      -5.185241     1.394365     1.086383
      -4.869514     2.455370    -3.277569
      -4.852901     2.444620    -2.182204
      -4.845976     2.439988    -1.092063
      -4.844237     2.438908    -0.002741
      -4.846218     2.439610     1.086562
      -4.523009     3.507932    -3.274557
      -4.508139     3.488319    -2.179949
      -4.501430     3.482727    -1.090765
      -4.499977     3.482025    -0.002515
      -4.501694     3.482374     1.085702
      -4.155092     4.525866    -2.177063
      -4.153780     4.524783    -1.091004
      -4.152633     4.524504    -0.002198
      -0.846619    -5.643244    -2.184416
      -0.847146    -5.638794    -1.091170
      -0.847639    -5.638191    -0.000036
      -1.748983    -5.020125    -3.285107
      -1.743052    -5.003566    -2.188694
      -1.740052    -4.995846    -1.095469
      -1.739072    -4.993549    -0.003881
      -1.740882    -4.992871     1.087001
      -2.645951    -4.373483    -3.286972
      -2.636237    -4.360483    -2.189807
      -2.630702    -4.352530    -1.096711
      -2.629128    -4.349430    -0.003938
      -2.631581    -4.351757     1.088596
      -3.541834    -3.723311    -3.286089
      -3.526576    -3.713623    -2.189258
      -3.518598    -3.706988    -1.096275
      -3.516903    -3.704344    -0.003819
      -3.519242    -3.706952     1.088549
      -4.437647    -3.069671    -3.281371
      -4.412382    -3.063162    -2.186806
      -4.403830    -3.058118    -1.093957
      -4.404041    -3.057013    -0.003729
      -4.404301    -3.058343     1.086484
      -5.291638    -2.406254    -2.181172
      -5.292649    -2.408591    -1.093328
      -5.293065    -2.409283    -0.003657
       0.050612     0.275961     4.952731
       0.049469    -5.328423     1.638622
       5.377732    -1.460764     1.635086
       3.353532     4.819706     1.626959
      -3.245653     4.803754     1.635593
      -5.278124    -1.458826     1.634482
       5.392414    -2.411099     1.086671
       0.946563    -5.637417     1.089755
       4.271167     4.534746     1.082590
       5.948248    -0.703864     1.086029
      -2.700202     5.581290     1.086952
       2.800919     5.603251     1.079351
      -5.848777    -0.701064     1.085604
      -4.153946     4.524440     1.086561
      -0.847822    -5.637229     1.089684
      -5.292967    -2.408901     1.086028
       0.050415    -0.658093     5.503406
       0.050281    -1.592646     4.948075
       0.050114    -2.527927     4.392921
       0.049926    -3.463313     3.838733
       0.939249    -0.012274     5.503084
       1.827896    -0.301187     4.947483
       2.717200    -0.590532     4.392013
       3.606568    -0.880152     3.837300
       0.599804     1.032321     5.502427
       1.149172     1.788253     4.945913
       1.699147     2.545120     4.389244
       2.249545     3.302926     3.832953
      -0.498878     1.031876     5.502770
      -1.048549     1.787044     4.946980
      -1.598921     2.542687     4.391411
      -2.149472     3.298431     3.836681
      -0.838243    -0.012682     5.503032
      -1.727050    -0.301736     4.947259
      -2.616602    -0.590928     4.391592
      -3.506266    -0.880145     3.836752
       0.942451    -0.951489     4.948308
       1.494008     0.745290     4.947332
       0.050351     1.793432     4.947177
      -1.393096     0.744413     4.947452
      -0.841716    -0.951828     4.948239
       1.833840    -1.243600     4.393507
       0.944327    -1.889701     4.393782
       2.047251     1.502873     4.391784
       2.386763     0.457131     4.392635
      -0.499893     2.552719     4.392460
       0.600081     2.553611     4.391696
      -2.286069     0.456249     4.392353
      -1.946670     1.501289     4.392265
      -0.843913    -1.889953     4.393730
      -1.733285    -1.244000     4.393369
       2.724960    -1.535089     3.838831
       1.837538    -2.184583     3.840059
       0.945340    -2.827460     3.839336
       2.599685     2.260767     3.836217
       2.943148     1.215476     3.838283
       3.278770     0.168073     3.837878
      -1.050777     3.311056     3.837791
       0.049565     3.316115     3.838330
       1.150314     3.313388     3.836125
      -3.178415     0.167559     3.837282
      -2.842886     1.214157     3.838013
      -2.499629     2.258169     3.837261
      -0.845291    -2.827620     3.839298
      -1.737324    -2.184812     3.839961
      -2.624636    -1.535231     3.838565
       3.615572    -1.826427     3.284639
       2.730230    -2.478218     3.286537
       1.839775    -3.124726     3.286700
       0.946025    -3.764683     3.285437
       3.151574     3.018929     3.281015
       3.497926     1.973798     3.284017
       3.837759     0.926626     3.284433
       4.170148    -0.121427     3.283303
      -1.601599     4.068907     3.283361
      -0.501866     4.077047     3.284761
       0.599471     4.078305     3.284274
       1.700837     4.073612     3.280894
      -4.070177    -0.121302     3.282628
      -3.737945     0.926063     3.283769
      -3.398408     1.972086     3.283823
      -3.052162     3.014806     3.282786
      -0.846361    -3.764755     3.285400
      -1.739935    -3.124777     3.286607
      -2.630240    -2.478111     3.286319
      -3.515489    -1.826065     3.284209
       3.622240    -2.771546     2.733450
       2.733644    -3.420328     2.734334
       1.841603    -4.064180     2.733730
       4.051675     2.731533     2.729979
       4.394847     1.684930     2.730902
       4.731739     0.637087     2.730265
      -1.053217     4.837587     2.730828
       0.047458     4.841438     2.731786
       1.149319     4.840246     2.730558
      -4.632336     0.637570     2.729606
      -4.295792     1.684714     2.730391
      -3.953317     2.729881     2.729826
      -1.742143    -4.064060     2.733620
      -2.634020    -3.419984     2.734109
      -3.522476    -2.770888     2.733049
       0.049735    -4.397228     3.285682
       4.494525    -1.169596     3.283300
       2.800024     4.061973     3.276713
      -2.699084     4.053122     3.282747
      -4.394505    -1.169051     3.282716
       4.504549    -2.118164     2.730572
       0.947302    -4.700485     2.731973
       3.702882     3.777645     2.726101
       5.060568    -0.410343     2.728609
      -2.151006     4.826310     2.728869
       2.251889     4.835767     2.726191
      -4.960883    -0.409474     2.728029
      -3.604303     3.770186     2.728417
      -0.848017    -4.700473     2.731929
      -4.404694    -2.117198     2.729988
       0.049556    -5.325779     2.731784
       5.377609    -1.457587     2.727979
       3.355612     4.824856     2.720107
      -3.245421     4.803798     2.727493
      -5.277778    -1.456479     2.727369
       0.050516     0.276495     6.057442
       5.391589    -2.408785     2.174584
       4.512338    -3.065346     2.179888
       3.626593    -3.715338     2.181916
       2.736541    -4.361408     2.181911
       1.844046    -5.002002     2.180404
       0.947010    -5.634309     2.177370
       4.271789     4.538765     2.174954
       4.607798     3.487184     2.176427
       4.952494     2.442107     2.176682
       5.292092     1.395270     2.176996
       5.626215     0.347831     2.174837
       5.950413    -0.699915     2.172526
      -2.699568     5.583299     2.172898
      -1.603500     5.599159     2.175708
      -0.504274     5.605288     2.178130
       0.596414     5.606260     2.178726
       1.697681     5.604528     2.177053
       2.803993     5.607127     2.171950
      -5.850725    -0.698235     2.172002
      -5.526933     0.349444     2.174358
      -5.193085     1.396889     2.176494
      -4.853489     2.443607     2.176658
      -4.508841     3.487318     2.174822
      -4.155749     4.524884     2.172540
      -0.848107    -5.634193     2.177295
      -1.744963    -5.001718     2.180269
      -2.637286    -4.360855     2.181659
      -3.527180    -3.714432     2.181509
      -4.412804    -3.064065     2.179306
      -5.292008    -2.407174     2.173904
       0.050412    -0.658527     6.623947
       0.050328    -1.601761     6.060312
       0.050188    -2.541402     5.501301
       0.050009    -3.480887     4.943992
       0.049814    -4.421930     4.386998
       0.940252    -0.012101     6.623573
       1.837188    -0.303648     6.059570
       2.730750    -0.594185     5.500129
       3.624149    -0.884773     4.942223
       4.518918    -1.175961     4.384332
       0.600406     1.033635     6.622952
       1.154771     1.796323     6.058201
       1.707076     2.556175     5.497841
       2.259257     3.315919     4.938866
       2.812268     4.076877     4.379774
      -0.499554     1.033142     6.623243
      -1.054426     1.795372     6.058984
      -1.607432     2.554630     5.499368
      -2.160431     3.313786     4.941330
      -2.714246     4.074267     4.383370
      -0.839453    -0.012507     6.623418
      -1.736464    -0.304164     6.059305
      -2.630187    -0.594615     5.499724
      -3.523786    -0.884951     4.941718
      -4.418767    -1.175791     4.383805
       0.946830    -0.956955     6.056433
       1.501059     0.747998     6.055386
       0.050200     1.801151     6.055313
      -1.400355     0.747274     6.055389
      -0.846099    -0.957286     6.056332
       1.841988    -1.249979     5.498159
       0.948549    -1.898959     5.498497
       2.056307     1.508582     5.496400
       2.397521     0.458575     5.497116
      -0.502525     2.563437     5.497043
       0.602214     2.563964     5.496502
      -2.296968     0.457795     5.496791
      -1.956086     1.507397     5.496650
      -0.848044    -1.899223     5.498427
      -1.741413    -1.250388     5.498003
       2.736374    -1.541695     4.940851
       1.845010    -2.193995     4.942398
       0.949041    -2.839816     4.941486
       2.609977     2.268783     4.938313
       2.955233     1.219832     4.940304
       3.292548     0.168314     4.939643
      -1.055710     3.324148     4.939620
       0.049214     3.328655     4.940656
       1.154310     3.325172     4.938590
      -3.192184     0.167710     4.939060
      -2.855103     1.218692     4.939992
      -2.510497     2.267190     4.938922
      -0.848856    -2.840016     4.941433
      -1.744703    -2.194294     4.942299
      -2.635985    -1.541948     4.940592
       3.631310    -1.833166     4.383889
       2.740887    -2.487312     4.386775
       1.846261    -3.136962     4.387001
       0.948901    -3.781141     4.384846
       3.163411     3.029257     4.380677
       3.511215     1.980994     4.383748
       3.852654     0.929757     4.384221
       4.187756    -0.122729     4.382267
      -1.609585     4.085017     4.382304
      -0.504640     4.091720     4.384814
       0.601105     4.092075     4.384699
       1.706616     4.086344     4.381268
      -4.087639    -0.122982     4.381607
      -3.752689     0.928936     4.383593
      -3.411623     1.979560     4.383595
      -3.064833     3.027664     4.381586
      -0.849089    -3.781277     4.384795
      -1.746296    -3.137136     4.386912
      -2.640790    -2.487391     4.386578
      -3.531109    -1.833073     4.383487
       4.528391    -2.125045     3.825942
       3.637549    -2.780066     3.831130
       2.743141    -3.432038     3.832938
       1.846447    -4.080567     3.831490
       0.948247    -4.724724     3.827405
       3.717752     3.790452     3.822672
       4.067239     2.742750     3.826740
       4.411096     1.691449     3.828569
       4.750179     0.638555     3.827529
       5.084716    -0.415009     3.823736
      -2.164896     4.847488     3.823881
      -1.059336     4.854965     3.828268
       0.046700     4.857772     3.829997
       1.152787     4.855374     3.829017
       2.259280     4.848983     3.824350
      -4.984882    -0.414857     3.823164
      -4.650484     0.638229     3.826920
      -4.311599     1.690551     3.828195
      -3.967856     2.741337     3.827070
      -3.619957     3.790221     3.823321
      -0.848816    -4.724809     3.827342
      -1.746854    -4.080612     3.831383
      -2.643393    -3.431929     3.832734
      -3.537640    -2.779728     3.830754
      -4.428347    -2.124506     3.825391
       4.537201    -3.072372     3.274435
       3.640892    -3.726233     3.278635
       2.744023    -4.377406     3.278663
       1.844984    -5.027025     3.275004
       4.626259     3.507160     3.267414
       4.969971     2.454048     3.271384
       5.311560     1.400659     3.272065
       5.649465     0.345137     3.269399
      -1.616283     5.619631     3.270298
      -0.508586     5.624333     3.273589
       0.597679     5.624517     3.274421
       1.703359     5.620498     3.273304
      -5.550072     0.345227     3.268997
      -5.212273     1.400394     3.271834
      -4.870491     2.453555     3.271982
      -4.524242     3.506060     3.269385
      -1.745740    -5.026960     3.274869
      -2.644635    -4.377112     3.278427
      -3.541335    -3.725662     3.278238
      -4.437450    -3.071527     3.273855
       0.049588    -5.360279    -3.837128
       5.418595    -1.467812    -3.830455
      -3.268675     4.841362    -3.827238
      -5.318310    -1.466299    -3.830890
       5.436200    -2.412974    -3.269861
       0.949485    -5.662127    -3.280845
       5.988568    -0.715776    -3.266833
      -2.727928     5.615904    -3.264677
      -5.888485    -0.714129    -3.267330
      -4.173671     4.565957    -3.265471
      -0.850557    -5.661893    -3.280939
      -5.336138    -2.410932    -3.270162
       0.049353    -6.307176    -3.275077
       0.049250    -6.284680    -2.178159
       0.049187    -6.280381    -1.084459
       0.049193    -6.280160     0.010146
       0.049245    -6.280532     1.109058
       0.049316    -6.280956     2.217480
       6.283380    -1.757160    -2.216060
       6.280025    -1.758900    -1.105470
       6.279360    -1.758850    -0.003024
       6.280155    -1.758448     1.099447
       6.283465    -1.756597     2.209986
      -3.806254     5.575780    -2.214211
      -3.804353     5.571745    -1.103495
      -3.803950     5.570761    -0.001838
      -3.804209     5.571394     1.099830
      -3.806425     5.574856     2.210406
      -6.183683    -1.753804    -2.216403
      -6.180553    -1.755488    -1.105982
      -6.179972    -1.755758    -0.003584
      -6.180728    -1.755776     1.098845
      -6.183931    -1.754584     2.209339
       0.049627    -5.368135     3.828488
       5.418331    -1.468809     3.824439
       3.369414     4.841178     3.818286
      -3.270793     4.838929     3.823392
      -5.318357    -1.468295     3.823953
       5.435958    -2.413620     3.263559
       0.940777    -5.677669     3.266131
       4.284643     4.555556     3.266353
       5.988330    -0.716214     3.261165
      -2.730278     5.613775     3.261296
       2.813820     5.619339     3.269467
      -5.888750    -0.715895     3.260699
      -4.175076     4.564015     3.260892
      -0.841646    -5.677750     3.266042
      -5.336046    -2.412615     3.262894
       6.295180    -2.720572    -1.661765
       6.295701    -2.716858    -0.554330
       6.295950    -2.716604     0.548120
       6.295691    -2.720083     1.655582
       5.442125    -3.365212    -2.719327
       5.398823    -3.363708    -1.631221
       5.399701    -3.362513    -0.546575
       5.400031    -3.362327     0.540117
       5.399510    -3.363478     1.624756
       5.442082    -3.365628     2.712864
       4.540041    -4.020393    -2.729690
       4.517436    -4.013259    -1.635692
       4.511907    -4.008159    -0.547123
       4.512357    -4.008015     0.540226
       4.518373    -4.013068     1.628734
       4.539927    -4.021167     2.722772
       3.643828    -4.672264    -2.732197
       3.629883    -4.659503    -1.637620
       3.625556    -4.653449    -0.547906
       3.626136    -4.653287     0.540520
       3.631407    -4.659085     1.630002
       3.643184    -4.673714     2.724675
       2.747344    -5.320899    -2.731583
       2.739311    -5.303532    -1.637462
       2.736924    -5.296061    -0.547912
       2.737631    -5.295711     0.539820
       2.742161    -5.302085     1.628517
       2.744986    -5.324216     2.722636
       1.850047    -5.968501    -2.727507
       1.846259    -5.944770    -1.636528
       1.847211    -5.940866    -0.547301
       1.848129    -5.939687     0.540984
       1.851059    -5.937988     1.625843
       1.842342    -5.978816     2.713771
       0.957996    -6.614986    -2.724230
       0.955755    -6.595080    -1.632490
       0.956624    -6.592561    -0.539138
       0.956697    -6.591823     0.557822
       0.961616    -6.591330     1.663113
       5.192124     4.240960    -1.661737
       5.188703     4.241607    -0.557992
       5.189489     4.241568     0.541507
       5.192915     4.243328     1.645654
       5.537192     3.224246    -2.714304
       5.532338     3.195484    -1.625526
       5.526408     3.196795    -0.543070
       5.525910     3.196826     0.539915
       5.529735     3.197219     1.623084
       5.534819     3.225425     2.712485
       5.880263     2.166705    -2.719950
       5.870715     2.153670    -1.630422
       5.865221     2.152713    -0.544851
       5.864818     2.152915     0.540681
       5.868847     2.155302     1.626371
       5.878882     2.167433     2.715702
       6.220036     1.110588    -2.719845
       6.206446     1.109122    -1.630430
       6.201605     1.106029    -0.545030
       6.201275     1.106293     0.540263
       6.205249     1.110450     1.625687
       6.219084     1.111048     2.714991
       6.557042     0.051007    -2.714046
       6.537562     0.063049    -1.625505
       6.533620     0.057874    -0.543653
       6.533396     0.058172     0.538336
       6.536839     0.064161     1.620216
       6.556420     0.051402     2.708724
       6.863313    -0.991338    -1.657780
       6.861042    -0.994049    -0.553252
       6.860941    -0.993717     0.547300
       6.862993    -0.990304     1.651873
      -3.256265     6.364129    -1.656462
      -3.256903     6.361309    -0.551839
      -3.256690     6.361034     0.548676
      -3.255414     6.363353     1.653352
      -2.173214     6.393669    -2.712672
      -2.153369     6.379293    -1.624203
      -2.155996     6.374085    -0.542320
      -2.155755     6.373746     0.539708
      -2.152151     6.378303     1.621655
      -2.175753     6.391934     2.710014
      -1.061257     6.400470    -2.718657
      -1.056495     6.387305    -1.629223
      -1.057054     6.381874    -0.543753
      -1.056757     6.381549     0.541667
      -1.054371     6.386206     1.627292
      -1.064650     6.398579     2.716652
       0.048343     6.403597    -2.718776
       0.040627     6.390549    -1.629188
       0.042181     6.385170    -0.543479
       0.042580     6.385013     0.542351
       0.044526     6.389337     1.628601
       0.042632     6.401316     2.718195
       1.160353     6.403945    -2.713002
       1.136194     6.390310    -1.623996
       1.140020     6.385194    -0.540889
       1.140614     6.385009     0.543562
       1.142793     6.389010     1.629419
       1.147871     6.400197     2.719071
       2.235621     6.389238    -1.664968
       2.238040     6.385883    -0.563023
       2.238209     6.386161     0.532050
       2.240719     6.389700     1.625268
       2.252472     6.398912     2.721125
      -6.763265    -0.987000    -1.658357
      -6.761276    -0.990249    -0.553756
      -6.761338    -0.990401     0.546872
      -6.763441    -0.987590     1.651519
      -6.456891     0.053182    -2.714875
      -6.437104     0.067832    -1.626331
      -6.433690     0.061994    -0.544290
      -6.433739     0.061819     0.537903
      -6.437273     0.067169     1.619962
      -6.457263     0.051613     2.708502
      -6.119604     1.112529    -2.720976
      -6.105376     1.115134    -1.631520
      -6.101442     1.111061    -0.545819
      -6.101514     1.110872     0.539767
      -6.105634     1.114433     1.625467
      -6.120156     1.110953     2.714914
      -5.779306     2.167958    -2.721835
      -5.768205     2.162088    -1.632169
      -5.764128     2.159527    -0.545915
      -5.764234     2.159346     0.540158
      -5.768578     2.161397     1.626398
      -5.780075     2.166381     2.716048
      -5.434748     3.221979    -2.720831
      -5.426588     3.207391    -1.631344
      -5.422039     3.206199    -0.545547
      -5.422161     3.206048     0.540131
      -5.427038     3.206758     1.625898
      -5.435710     3.220424     2.715360
      -5.085531     4.277407    -2.714371
      -5.080665     4.249506    -1.625860
      -5.075790     4.250053    -0.543637
      -5.075886     4.249940     0.538711
      -5.081078     4.248958     1.620869
      -5.086585     4.275879     2.709332
      -4.726522     5.294413    -1.657327
      -4.724461     5.293725    -0.552409
      -4.724439     5.293623     0.548378
      -4.726696     5.293895     1.653201
      -0.859495    -6.614718    -2.724328
      -0.857471    -6.594774    -1.632571
      -0.858391    -6.592264    -0.539209
      -0.858387    -6.591591     0.557758
      -0.863164    -6.591195     1.663066
      -1.751362    -5.967936    -2.727662
      -1.747745    -5.944109    -1.636688
      -1.748757    -5.940213    -0.547456
      -1.749601    -5.939125     0.540835
      -1.752360    -5.937547     1.625681
      -1.743441    -5.978648     2.713599
      -2.648439    -5.319932    -2.731840
      -2.640585    -5.302459    -1.637722
      -2.638266    -5.294995    -0.548178
      -2.638908    -5.294776     0.539553
      -2.643280    -5.301363     1.628249
      -2.645945    -5.323756     2.722374
      -3.544701    -4.670863    -2.732520
      -3.530958    -4.657961    -1.637967
      -3.526709    -4.651903    -0.548284
      -3.527228    -4.651905     0.540118
      -3.532348    -4.657993     1.629585
      -3.543978    -4.672940     2.724253
      -4.440683    -4.018530    -2.730045
      -4.418327    -4.011202    -1.636104
      -4.412881    -4.006087    -0.547602
      -4.413274    -4.006147     0.539685
      -4.419156    -4.011573     1.628153
      -4.440532    -4.020073     2.722163
      -5.342536    -3.362913    -2.719708
      -5.299554    -3.361129    -1.631705
      -5.300513    -3.359916    -0.547155
      -5.300805    -3.359993     0.539450
      -5.300196    -3.361617     1.624047
      -5.342481    -3.364260     2.712117
      -6.195762    -2.717395    -1.662283
      -6.196376    -2.713807    -0.554981
      -6.196598    -2.713873     0.547378
      -6.196236    -2.717777     1.654730
       6.304499    -3.682310    -1.109082
       6.305457    -3.679050    -0.003145
       6.305278    -3.681795     1.102774
       5.445166    -4.323277    -2.172060
       5.416732    -4.329845    -1.084069
       5.418102    -4.325173    -0.003423
       5.417744    -4.329415     1.077224
       5.445609    -4.323371     2.165279
       4.546987    -4.976827    -2.177431
       4.532781    -4.973203    -1.088431
       4.532470    -4.969669    -0.003699
       4.534168    -4.972833     1.081039
       4.547542    -4.977038     2.170184
       3.649856    -5.627765    -2.177829
       3.646763    -5.615517    -1.088897
       3.645147    -5.613305    -0.004051
       3.648718    -5.615247     1.080742
       3.650618    -5.628003     2.169913
       2.749196    -6.278897    -2.175195
       2.760310    -6.255633    -1.086452
       2.757560    -6.255030    -0.004891
       2.762810    -6.255621     1.076312
       2.750640    -6.279275     2.164576
       1.872091    -6.901380    -1.102410
       1.869790    -6.899440     0.003303
       1.872653    -6.899004     1.108671
      -1.774019    -6.900664    -1.102537
      -1.771701    -6.898783     0.003188
      -1.774412    -6.898491     1.108569
      -2.650782    -6.277845    -2.175432
      -2.662029    -6.254515    -1.086696
      -2.659260    -6.253983    -0.005137
      -2.664360    -6.254757     1.076066
      -2.651932    -6.278695     2.164317
      -3.551206    -5.626289    -2.178164
      -3.548280    -5.613941    -1.089255
      -3.546652    -5.611814    -0.004437
      -3.550078    -5.613989     1.080332
      -3.551729    -5.627100     2.169488
      -4.448102    -4.974897    -2.177842
      -4.434101    -4.971132    -1.088890
      -4.433778    -4.967699    -0.004223
      -4.435339    -4.971153     1.080457
      -4.448459    -4.975791     2.169567
      -5.346033    -4.320903    -2.172533
      -5.317849    -4.327283    -1.084624
      -5.319206    -4.322739    -0.004084
      -5.318725    -4.327333     1.076466
      -5.346326    -4.321809     2.164476
      -6.205405    -3.679298    -1.109822
      -6.206359    -3.676226    -0.003977
      -6.206086    -3.679355     1.101859