
       0.000000     0.175643    -0.550718
       0.000000     0.175594     0.550733
      -0.000000    -0.751876    -0.000033
       0.881926    -0.111062    -0.000005
       0.545047     0.925843     0.000041
      -0.545047     0.925843     0.000041
      -0.881926    -0.111062    -0.000005
      -0.000000    -0.751893    -1.101205
       0.882138    -0.110908    -1.101204
       0.545167     0.926211    -1.101172
      -0.545167     0.926211    -1.101172
      -0.882138    -0.110908    -1.101204
       0.000000     0.175950    -1.652025
      -0.000000    -1.681950    -0.550288
       1.766381    -0.398314    -0.550258
       1.091585     1.678283    -0.550144
      -1.091584     1.678283    -0.550144
      -1.766381    -0.398313    -0.550258
      -0.000000    -0.751990     1.101139
      -0.000000    -0.752024    -2.202137
       0.882138    -0.111005     1.101194
       0.882750    -0.110566    -2.202106
       0.545167     0.926114     1.101254
       0.545523     0.927177    -2.202027
      -0.545167     0.926114     1.101254
      -0.545522     0.927177    -2.202027
      -0.882138    -0.111005     1.101194
      -0.882751    -0.110565    -2.202106
       0.886343    -1.044517     0.550417
       0.886904    -1.044776    -1.651269
       0.886343    -1.044469    -0.550509
       1.433994     0.641569     0.550471
       1.434929     0.642314    -1.651062
       1.433994     0.641618    -0.550414
       0.000000     1.683543     0.550492
       0.000000     1.684908    -1.650934
       0.000000     1.683591    -0.550343
      -1.433994     0.641570     0.550471
      -1.434928     0.642315    -1.651062
      -1.433994     0.641618    -0.550414
      -0.886343    -1.044517     0.550417
      -0.886904    -1.044775    -1.651269
      -0.886343    -1.044468    -0.550509
      -0.000000    -1.681999     0.550140
      -0.000000    -1.682521    -1.650625
       1.766381    -0.398363     0.550223
       1.767369    -0.398149    -1.650569
       1.091585     1.678234     0.550292
       1.092189     1.679456    -1.650356
      -1.091584     1.678235     0.550292
      -1.092189     1.679457    -1.650356
      -1.766381    -0.398362     0.550223
      -1.767369    -0.398149    -1.650569
       0.000000     0.175805     1.652040
       0.000000     0.176501    -2.753086
      -0.000001    -2.614395    -1.099056
      -0.000001    -2.613937    -0.000115
       2.653305    -0.686084    -1.098958
       2.652541    -0.686164    -0.000030
       1.639641     2.432853    -1.098623
       1.639153     2.431994     0.000107
      -1.639640     2.432854    -1.098623
      -1.639152     2.431995     0.000107
      -2.653305    -0.686083    -1.098958
      -2.652542    -0.686163    -0.000030
      -0.000000    -0.752218     2.202071
      -0.000000    -0.752383    -3.302804
      -0.000000    -1.682666     1.650477
      -0.000000    -1.683755    -2.750614
       0.882750    -0.110760     2.202096
       0.883801    -0.110154    -3.302687
       1.767369    -0.398295     1.650534
       1.769287    -0.398001    -2.750402
       0.545523     0.926983     2.202108
       0.546150     0.928700    -3.302504
       1.092189     1.679311     1.650504
       1.093358     1.681622    -2.750025
      -0.545522     0.926983     2.202108
      -0.546150     0.928700    -3.302504
      -1.092189     1.679312     1.650504
      -1.093357     1.681622    -2.750025
      -0.882751    -0.110759     2.202096
      -0.883801    -0.110154    -3.302687
      -1.767369    -0.398294     1.650534
      -1.769287    -0.398001    -2.750402
       0.886904    -1.044921     1.651177
       0.887997    -1.045506    -2.751560
       1.434929     0.642169     1.651118
       1.436711     0.643534    -2.751148
       0.000000     1.684762     1.651082
       0.000000     1.687322    -2.750953
      -1.434928     0.642169     1.651118
      -1.436710     0.643535    -2.751148
      -0.886904    -1.044921     1.651177
      -0.887997    -1.045506    -2.751560
       1.774198    -1.335706     1.099942
       1.775994    -1.336545    -2.199618
       1.774198    -1.335609    -1.100060
       1.773609    -1.335349    -0.000059
       0.889334    -1.978913     1.099885
       0.890294    -1.980265    -2.199663
       0.889334    -1.978816    -1.100060
       0.889005    -1.978401    -0.000087
       1.985555     1.395993     1.099792
       1.987774     1.397834    -2.198922
       1.985555     1.396089    -1.099669
       1.984750     1.395451     0.000061
       2.323610     0.355792     1.099789
       2.326124     0.356800    -2.199066
       2.323610     0.355889    -1.099757
       2.322720     0.355492     0.000016
      -0.546830     2.441375     1.099770
      -0.547320     2.444376    -2.198747
      -0.546830     2.441472    -1.099554
      -0.546681     2.440395     0.000108
       0.546832     2.441375     1.099770
       0.547322     2.444375    -2.198747
       0.546832     2.441472    -1.099554
       0.546682     2.440395     0.000108
      -2.323610     0.355793     1.099789
      -2.326124     0.356801    -2.199066
      -2.323610     0.355890    -1.099757
      -2.322720     0.355493     0.000016
      -1.985555     1.395994     1.099792
      -1.987773     1.397835    -2.198922
      -1.985555     1.396090    -1.099669
      -1.984749     1.395452     0.000061
      -0.889335    -1.978912     1.099885
      -0.890295    -1.980265    -2.199663
      -0.889335    -1.978815    -1.100060
      -0.889006    -1.978400    -0.000087
      -1.774199    -1.335706     1.099942
      -1.775994    -1.336544    -2.199618
      -1.774199    -1.335609    -1.100060
      -1.773609    -1.335348    -0.000059
      -0.000001    -2.614492     1.098826
      -0.000001    -2.616188    -2.198072
       2.653305    -0.686181     1.098898
       2.655756    -0.686152    -2.197787
       1.639641     2.432756     1.098837
       1.641166     2.435379    -2.197244
      -1.639640     2.432757     1.098837
      -1.641165     2.435380    -2.197244
      -2.653305    -0.686180     1.098898
      -2.655756    -0.686151    -2.197787
       0.000000     0.176258     2.753102
       0.000000     0.177220    -3.854186
      -0.000001    -3.549376    -1.645284
      -0.000001    -3.548341    -0.548406
      -0.000001    -3.548389     0.548093
       3.542808    -0.974635    -1.644999
       3.541142    -0.974671    -0.548267
       3.541142    -0.974719     0.548181
       2.189312     3.189647    -1.644330
       2.188260     3.187905    -0.547882
       2.188260     3.187856     0.548163
      -2.189310     3.189648    -1.644330
      -2.188259     3.187906    -0.547882
      -2.188259     3.187858     0.548163
      -3.542808    -0.974633    -1.644999
      -3.541142    -0.974669    -0.548267
      -3.541142    -0.974717     0.548181
      -0.000000    -0.752674     3.302737
      -0.000000    -0.753362    -4.403656
      -0.000000    -1.683997     2.750465
      -0.000000    -1.686065    -3.850338
      -0.000001    -2.616382     2.197841
      -0.000001    -2.619625    -3.296785
       0.883801    -0.110445     3.302677
       0.885560    -0.109883    -4.403417
       1.769287    -0.398244     2.750367
       1.772408    -0.398120    -3.849869
       2.655756    -0.686346     2.197727
       2.660051    -0.686603    -3.296103
       0.546150     0.928409     3.302586
       0.547229     0.930921    -4.403102
       1.093358     1.681379     2.750173
       1.095276     1.684923    -3.849285
       1.641166     2.435186     2.197459
       1.643820     2.439603    -3.295320
      -0.546150     0.928409     3.302586
      -0.547228     0.930922    -4.403102
      -1.093357     1.681380     2.750173
      -1.095275     1.684924    -3.849285
      -1.641165     2.435187     2.197459
      -1.643819     2.439604    -3.295320
      -0.883801    -0.110445     3.302677
      -0.885560    -0.109883    -4.403417
      -1.769287    -0.398243     2.750367
      -1.772409    -0.398120    -3.849869
      -2.655756    -0.686344     2.197727
      -2.660051    -0.686602    -3.296103
       0.887997    -1.045748     2.751467
       0.889675    -1.046886    -3.851331
       1.436711     0.643292     2.751205
       1.439432     0.645185    -3.850663
       0.000000     1.687079     2.751101
       0.000000     1.690834    -3.850394
      -1.436710     0.643292     2.751205
      -1.439432     0.645186    -3.850663
      -0.887997    -1.045748     2.751467
      -0.889675    -1.046886    -3.851331
       1.775994    -1.336739     2.199500
       1.779085    -1.338335    -3.298306
       0.890294    -1.980459     2.199489
       0.891880    -1.983022    -3.298479
       1.987774     1.397640     2.199045
       1.991380     1.400635    -3.297268
       2.326124     0.356606     2.199097
       2.330277     0.358013    -3.297486
      -0.547320     2.444182     2.198962
      -0.548222     2.449016    -3.297042
       0.547322     2.444182     2.198962
       0.548223     2.449016    -3.297042
      -2.326124     0.356608     2.199097
      -2.330277     0.358014    -3.297486
      -1.987773     1.397641     2.199045
      -1.991380     1.400636    -3.297269
      -0.890295    -1.980458     2.199489
      -0.891881    -1.983021    -3.298479
      -1.775994    -1.336738     2.199500
      -1.779086    -1.338334    -3.298306
       2.664221    -1.627141     1.647388
       2.668290    -1.629057    -2.745073
       2.664221    -1.626996    -1.647532
       2.662509    -1.625960    -0.549260
       2.662509    -1.626008     0.549117
       1.780439    -2.274195     1.648232
       1.783256    -2.277180    -2.746236
       1.780439    -2.274050    -1.648432
       1.779041    -2.272564    -0.549654
       1.779041    -2.272613     0.549453
       0.891899    -2.915247     1.647368
       0.893300    -2.918771    -2.745425
       0.891899    -2.915102    -1.647625
       0.891023    -2.913668    -0.549293
       0.891023    -2.913716     0.549036
       2.538366     2.152344     1.646754
       2.542566     2.156109    -2.743724
       2.538366     2.152489    -1.646565
       2.536190     2.150903    -0.548762
       2.536190     2.150855     0.548952
       2.880531     1.112019     1.647449
       2.885483     1.114469    -2.744663
       2.880531     1.112164    -1.647351
       2.877907     1.110892    -0.549125
       2.877907     1.110844     0.549223
       3.215386     0.069341     1.646833
       3.220537     0.070326    -2.744096
       3.215386     0.069486    -1.646826
       3.212911     0.068703    -0.548915
       3.212911     0.068655     0.548922
      -1.095103     3.200982     1.646706
      -1.096701     3.206504    -2.743535
      -1.095103     3.201127    -1.646424
      -1.094604     3.198405    -0.548684
      -1.094604     3.198356     0.548966
       0.000001     3.204867     1.647378
       0.000001     3.210666    -2.744314
       0.000001     3.205012    -1.647096
       0.000001     3.201983    -0.548977
       0.000001     3.201935     0.549259
       1.095104     3.200982     1.646706
       1.096702     3.206503    -2.743535
       1.095104     3.201127    -1.646424
       1.094605     3.198404    -0.548684
       1.094605     3.198356     0.548966
      -3.215386     0.069342     1.646833
      -3.220537     0.070328    -2.744096
      -3.215386     0.069487    -1.646826
      -3.212911     0.068705    -0.548915
      -3.212911     0.068656     0.548922
      -2.880530     1.112020     1.647449
      -2.885482     1.114470    -2.744663
      -2.880530     1.112165    -1.647351
      -2.877907     1.110894    -0.549125
      -2.877907     1.110845     0.549223
      -2.538365     2.152345     1.646754
      -2.542565     2.156111    -2.743724
      -2.538365     2.152490    -1.646565
      -2.536189     2.150904    -0.548762
      -2.536189     2.150856     0.548952
      -0.891900    -2.915247     1.647368
      -0.893301    -2.918770    -2.745425
      -0.891900    -2.915102    -1.647625
      -0.891024    -2.913667    -0.549293
      -0.891024    -2.913716     0.549036
      -1.780441    -2.274194     1.648232
      -1.783257    -2.277179    -2.746236
      -1.780441    -2.274049    -1.648432
      -1.779042    -2.272563    -0.549654
      -1.779042    -2.272612     0.549453
      -2.664222    -1.627140     1.647388
      -2.668290    -1.629056    -2.745073
      -2.664222    -1.626995    -1.647532
      -2.662510    -1.625959    -0.549260
      -2.662510    -1.626007     0.549117
      -0.000001    -3.549521     1.644971
      -0.000001    -3.553391    -2.743206
       3.542808    -0.974780     1.644913
       3.547746    -0.975238    -2.742421
       2.189312     3.189502     1.644611
       2.192381     3.194345    -2.741515
      -2.189310     3.189503     1.644611
      -2.192379     3.194346    -2.741515
      -3.542808    -0.974778     1.644913
      -3.547746    -0.975236    -2.742421
       0.000000     0.176881     3.854202
       0.000000     0.178018    -4.956095
      -0.000001    -4.486570    -2.188641
      -0.000001    -4.485816    -1.093784
      -0.000001    -4.486010    -0.000198
      -0.000001    -4.485912     1.093389
       4.434659    -1.263945    -2.188024
       4.432662    -1.264264    -1.093664
       4.432271    -1.264383    -0.000056
       4.432662    -1.264361     1.093553
       2.740446     3.948459    -2.187017
       2.739237     3.946411    -1.092967
       2.739011     3.945918     0.000174
       2.739237     3.946314     1.093315
      -2.740444     3.948461    -2.187017
      -2.739235     3.946412    -1.092967
      -2.739009     3.945919     0.000174
      -2.739235     3.946316     1.093315
      -4.434660    -1.263943    -2.188024
      -4.432663    -1.264262    -1.093664
      -4.432271    -1.264381    -0.000056
      -4.432663    -1.264358     1.093553
      -0.000000    -0.753750     4.403589
      -0.000000    -0.755875    -5.506727
      -0.000000    -1.686404     3.850189
      -0.000000    -1.690508    -4.951345
      -0.000001    -2.619915     3.296554
      -0.000001    -2.625874    -4.396076
      -0.000001    -3.553632     2.742893
      -0.000001    -3.561411    -3.841565
       0.885560    -0.110271     4.403407
       0.888794    -0.110107    -5.506358
       1.772408    -0.398460     3.849834
       1.777585    -0.398923    -4.950590
       2.660051    -0.686894     3.296043
       2.667092    -0.687908    -4.394906
       3.547746    -0.975479     2.742336
       3.556708    -0.976965    -3.840034
       0.547229     0.930533     4.403184
       0.549240     0.934417    -5.505907
       1.095276     1.684584     3.849434
       1.098497     1.690018    -4.949784
       1.643820     2.439313     3.295535
       1.648200     2.446229    -4.393829
       2.192381     3.194103     2.741796
       2.197957     3.202550    -3.838790
      -0.547228     0.930534     4.403184
      -0.549240     0.934418    -5.505907
      -1.095275     1.684584     3.849434
      -1.098496     1.690019    -4.949784
      -1.643819     2.439314     3.295535
      -1.648199     2.446230    -4.393829
      -2.192379     3.194104     2.741796
      -2.197956     3.202551    -3.838790
      -0.885560    -0.110271     4.403407
      -0.888794    -0.110107    -5.506358
      -1.772409    -0.398459     3.849834
      -1.777586    -0.398922    -4.950590
      -2.660051    -0.686893     3.296043
      -2.667093    -0.687906    -4.394906
      -3.547746    -0.975478     2.742336
      -3.556708    -0.976963    -3.840034
       0.889675    -1.047226     3.851239
       0.892160    -1.049395    -4.951621
       1.439432     0.644846     3.850720
       1.443495     0.647285    -4.950689
       0.000000     1.690495     3.850543
       0.000000     1.695773    -4.950355
      -1.439432     0.644847     3.850720
      -1.443495     0.647286    -4.950689
      -0.889675    -1.047225     3.851239
      -0.892161    -1.049395    -4.951621
       1.779085    -1.338626     3.298188
       1.783716    -1.341334    -4.396730
       0.891880    -1.983312     3.298305
       0.894178    -1.987617    -4.397052
       1.991380     1.400345     3.297392
       1.996656     1.404580    -4.395327
       2.330277     0.357722     3.297518
       2.336416     0.359362    -4.395632
      -0.548222     2.448726     3.297258
      -0.549656     2.455619    -4.395064
       0.548223     2.448725     3.297258
       0.549657     2.455619    -4.395064
      -2.330277     0.357724     3.297518
      -2.336416     0.359363    -4.395632
      -1.991380     1.400346     3.297392
      -1.996656     1.404581    -4.395327
      -0.891881    -1.983312     3.298305
      -0.894179    -1.987616    -4.397052
      -1.779086    -1.338625     3.298188
      -1.783717    -1.341333    -4.396730
       2.668290    -1.629299     2.744930
       2.675054    -1.632368    -3.841848
       1.783256    -2.277422     2.746035
       1.787568    -2.282242    -3.843263
       0.893300    -2.919012     2.745168
       0.895255    -2.925367    -3.842527
       2.542566     2.155868     2.743914
       2.548949     2.161945    -3.840062
       2.885483     1.114227     2.744762
       2.892808     1.117654    -3.841175
       3.220537     0.070084     2.744102
       3.228682     0.070862    -3.840567
      -1.096701     3.206262     2.743818
      -1.099654     3.214681    -3.839846
       0.000001     3.210424     2.744597
       0.000001     3.218888    -3.840750
       1.096702     3.206262     2.743818
       1.099656     3.214680    -3.839846
      -3.220537     0.070086     2.744102
      -3.228682     0.070864    -3.840567
      -2.885482     1.114228     2.744762
      -2.892808     1.117655    -3.841175
      -2.542565     2.155869     2.743914
      -2.548948     2.161946    -3.840062
      -0.893301    -2.919012     2.745168
      -0.895256    -2.925366    -3.842527
      -1.783257    -2.277421     2.746035
      -1.787569    -2.282241    -3.843263
      -2.668290    -1.629298     2.744930
      -2.675055    -1.632367    -3.841848
       3.557169    -1.919871     2.191739
       3.565968    -1.923111    -3.287381
       3.557169    -1.919678    -2.191908
       3.553498    -1.917412    -1.095854
       3.552927    -1.916734    -0.000084
       3.553498    -1.917509     1.095685
       2.674384    -2.570327     2.193734
       2.680580    -2.575371    -3.289509
       2.674384    -2.570134    -2.193961
       2.670989    -2.566696    -1.097385
       2.669967    -2.565461    -0.000113
       2.670989    -2.566793     1.097159
       1.786101    -3.215310     2.193979
       1.789742    -3.222244    -3.289962
       1.786101    -3.215117    -2.194262
       1.783570    -3.211159    -1.097502
       1.782561    -3.209920    -0.000141
       1.783570    -3.211256     1.097219
       0.894510    -3.854463     2.192026
       0.895992    -3.862660    -3.288393
       0.894510    -3.854270    -2.192366
       0.892894    -3.851033    -1.095945
       0.892119    -3.850722    -0.000170
       0.892894    -3.851130     1.095606
       3.093269     2.911190     2.190540
       3.100695     2.919045    -3.285293
       3.093269     2.911383    -2.190284
       3.089063     2.908239    -1.094707
       3.088079     2.907744     0.000128
       3.089063     2.908143     1.094963
       3.439395     1.870727     2.191934
       3.447669     1.876008    -3.286767
       3.439395     1.870920    -2.191769
       3.434135     1.868064    -1.095840
       3.432471     1.867240     0.000082
       3.434135     1.867968     1.096005
       3.778540     0.827306     2.191983
       3.787767     0.829728    -3.286950
       3.778540     0.827499    -2.191910
       3.772936     0.825610    -1.095937
       3.771235     0.824851     0.000036
       3.772936     0.825513     1.096010
       4.110303    -0.217815     2.190753
       4.120374    -0.217840    -3.285915
       4.110303    -0.217622    -2.190772
       4.105337    -0.218720    -1.095053
       4.104332    -0.219348    -0.000010
       4.105337    -0.218817     1.095034
      -1.645101     3.963332     2.190483
      -1.649532     3.973194    -3.285111
      -1.645101     3.963525    -2.190134
      -1.643852     3.958362    -1.094609
      -1.643878     3.957176     0.000174
      -1.643852     3.958265     1.094958
      -0.548589     3.970941     2.191851
      -0.550183     3.980766    -3.286441
      -0.548589     3.971135    -2.191501
      -0.548024     3.965098    -1.095656
      -0.547974     3.963184     0.000175
      -0.548024     3.965002     1.096005
       0.548591     3.970941     2.191851
       0.550185     3.980766    -3.286441
       0.548591     3.971134    -2.191501
       0.548026     3.965098    -1.095656
       0.547976     3.963183     0.000175
       0.548026     3.965001     1.096005
       1.645103     3.963331     2.190483
       1.649534     3.973193    -3.285111
       1.645103     3.963524    -2.190134
       1.643854     3.958361    -1.094609
       1.643880     3.957175     0.000174
       1.643854     3.958264     1.094958
      -4.110303    -0.217813     2.190753
      -4.120374    -0.217838    -3.285915
      -4.110303    -0.217620    -2.190772
      -4.105337    -0.218718    -1.095053
      -4.104332    -0.219346    -0.000010
      -4.105337    -0.218815     1.095034
      -3.778539     0.827308     2.191983
      -3.787767     0.829730    -3.286950
      -3.778539     0.827501    -2.191910
      -3.772936     0.825612    -1.095937
      -3.771235     0.824853     0.000036
      -3.772936     0.825515     1.096010
      -3.439394     1.870729     2.191934
      -3.447668     1.876009    -3.286767
      -3.439394     1.870922    -2.191769
      -3.434134     1.868066    -1.095840
      -3.432470     1.867242     0.000082
      -3.434134     1.867969     1.096005
      -3.093268     2.911192     2.190540
      -3.100693     2.919046    -3.285293
      -3.093268     2.911385    -2.190284
      -3.089062     2.908241    -1.094707
      -3.088078     2.907746     0.000128
      -3.089062     2.908144     1.094963
      -0.894512    -3.854462     2.192026
      -0.895994    -3.862659    -3.288393
      -0.894512    -3.854269    -2.192366
      -0.892896    -3.851033    -1.095945
      -0.892121    -3.850722    -0.000170
      -0.892896    -3.851129     1.095606
      -1.786103    -3.215309     2.193979
      -1.789744    -3.222243    -3.289962
      -1.786103    -3.215116    -2.194262
      -1.783572    -3.211158    -1.097502
      -1.782563    -3.209919    -0.000141
      -1.783572    -3.211255     1.097219
      -2.674385    -2.570326     2.193734
      -2.680581    -2.575370    -3.289509
      -2.674385    -2.570132    -2.193961
      -2.670990    -2.566695    -1.097385
      -2.669968    -2.565459    -0.000113
      -2.670990    -2.566792     1.097159
      -3.557170    -1.919870     2.191739
      -3.565969    -1.923110    -3.287381
      -3.557170    -1.919676    -2.191908
      -3.553499    -1.917411    -1.095854
      -3.552928    -1.916732    -0.000084
      -3.553499    -1.917507     1.095685
      -0.000001    -4.486763     2.188246
       4.434659    -1.264138     2.187912
       2.740446     3.948266     2.187365
      -2.740444     3.948268     2.187365
      -4.434660    -1.264136     2.187912
       4.446677    -2.210271    -1.638684
       4.445966    -2.209013    -0.546291
       4.445966    -2.209061     0.546097
       4.446677    -2.210416     1.638489
       3.573365    -2.868230    -2.736017
       3.565772    -2.862736    -1.641856
       3.563073    -2.859475    -0.547312
       3.563073    -2.859523     0.547060
       3.565772    -2.862880     1.641604
       2.683773    -3.517211    -2.737623
       2.678583    -3.509773    -1.643132
       2.675810    -3.505787    -0.547836
       2.675810    -3.505835     0.547527
       2.678583    -3.509918     1.642823
       1.791534    -4.161634    -2.736986
       1.788318    -4.152460    -1.642411
       1.785769    -4.148959    -0.547375
       1.785769    -4.149007     0.547009
       1.788318    -4.152605     1.642045
       0.895337    -4.790516    -1.638937
       0.893629    -4.790918    -0.546358
       0.893629    -4.790966     0.545935
       0.895337    -4.790660     1.638515
       3.643821     3.667570    -1.636846
       3.642156     3.667077    -0.545516
       3.642156     3.667029     0.545839
       3.643821     3.667426     1.637169
       4.001819     2.634198    -2.732499
       3.992669     2.627701    -1.638975
       3.988846     2.625679    -0.546114
       3.988846     2.625631     0.546346
       3.992669     2.627557     1.639207
       4.344968     1.588782    -2.733372
       4.335188     1.584819    -1.639625
       4.330991     1.582974    -0.546375
       4.330991     1.582926     0.546514
       4.335188     1.584674     1.639765
       4.682064     0.541420    -2.732787
       4.671238     0.539799    -1.639203
       4.667171     0.538289    -0.546252
       4.667171     0.538241     0.546300
       4.671238     0.539655     1.639250
       5.000433    -0.506548    -1.637445
       4.998865    -0.508079    -0.545849
       4.998865    -0.508127     0.545804
       5.000433    -0.506693     1.637401
      -2.194387     4.720732    -1.636740
      -2.194767     4.718838    -0.545447
      -2.194767     4.718790     0.545863
      -2.194387     4.720588     1.637156
      -1.100373     4.741992    -2.732247
      -1.097639     4.731151    -1.638778
      -1.097289     4.726786    -0.545984
      -1.097289     4.726738     0.546400
      -1.097639     4.731007     1.639195
       0.000001     4.745191    -2.733010
       0.000001     4.734578    -1.639339
       0.000001     4.729945    -0.546184
       0.000001     4.729897     0.546601
       0.000001     4.734433     1.639756
       1.100376     4.741992    -2.732247
       1.097641     4.731151    -1.638778
       1.097291     4.726786    -0.545984
       1.097291     4.726738     0.546400
       1.097641     4.731006     1.639195
       2.194390     4.720731    -1.636740
       2.194769     4.718837    -0.545447
       2.194769     4.718788     0.545863
       2.194390     4.720587     1.637156
      -5.000433    -0.506546    -1.637445
      -4.998865    -0.508076    -0.545849
      -4.998865    -0.508124     0.545804
      -5.000433    -0.506690     1.637401
      -4.682063     0.541422    -2.732787
      -4.671237     0.539801    -1.639203
      -4.667171     0.538292    -0.546252
      -4.667171     0.538244     0.546300
      -4.671237     0.539657     1.639250
      -4.344968     1.588785    -2.733372
      -4.335187     1.584821    -1.639625
      -4.330990     1.582976    -0.546375
      -4.330990     1.582928     0.546514
      -4.335187     1.584676     1.639765
      -4.001817     2.634200    -2.732499
      -3.992668     2.627703    -1.638975
      -3.988845     2.625681    -0.546114
      -3.988845     2.625633     0.546346
      -3.992668     2.627559     1.639207
      -3.643819     3.667572    -1.636846
      -3.642154     3.667079    -0.545516
      -3.642154     3.667031     0.545839
      -3.643819     3.667428     1.637169
      -0.895340    -4.790515    -1.638937
      -0.893632    -4.790918    -0.546358
      -0.893632    -4.790966     0.545935
      -0.895340    -4.790660     1.638515
      -1.791536    -4.161633    -2.736986
      -1.788321    -4.152459    -1.642411
      -1.785771    -4.148958    -0.547375
      -1.785771    -4.149006     0.547009
      -1.788321    -4.152604     1.642045
      -2.683775    -3.517210    -2.737623
      -2.678585    -3.509772    -1.643132
      -2.675812    -3.505785    -0.547836
      -2.675812    -3.505834     0.547527
      -2.678585    -3.509916     1.642823
      -3.573367    -2.868228    -2.736017
      -3.565774    -2.862734    -1.641856
      -3.563074    -2.859473    -0.547312
      -3.563074    -2.859521     0.547060
      -3.565774    -2.862878     1.641604
      -4.446678    -2.210269    -1.638684
      -4.445967    -2.209011    -0.546291
      -4.445967    -2.209059     0.546097
      -4.446678    -2.210414     1.638489
      -0.000001    -4.495625    -3.287747
       4.444942    -1.265792    -3.285979
       2.746825     3.957716    -3.284654
      -2.746823     3.957717    -3.284654
      -4.444942    -1.265789    -3.285979
       0.000000     0.178817    -6.060750
      -0.000001    -5.424744    -2.732473
      -0.000001    -5.426966    -1.638398
      -0.000001    -5.428399    -0.546433
      -0.000001    -5.428447     0.545955
       5.328389    -1.553257    -2.730714
       5.328372    -1.554826    -1.638263
       5.327714    -1.555440    -0.546414
       5.327714    -1.555488     0.546277
       3.292629     4.708735    -2.729300
       3.292833     4.708553    -1.637413
       3.292478     4.707736    -0.546008
       3.292478     4.707688     0.546423
      -3.292627     4.708736    -2.729300
      -3.292831     4.708555    -1.637413
      -3.292476     4.707738    -0.546008
      -3.292476     4.707690     0.546423
      -5.328390    -1.553254    -2.730714
      -5.328373    -1.554824    -1.638263
      -5.327715    -1.555437    -0.546414
      -5.327715    -1.555485     0.546277
      -0.000000    -0.756089    -6.627286
      -0.000000    -1.699395    -6.063668
      -0.000001    -2.639125    -5.504626
      -0.000001    -3.578729    -4.947121
      -0.000001    -4.519849    -4.389599
       0.889885    -0.109706    -6.626759
       1.786917    -0.401170    -6.062674
       2.680618    -0.691411    -5.503098
       3.574171    -0.981547    -4.945082
       4.469100    -1.272225    -4.387159
       0.549912     0.936031    -6.626205
       1.104311     1.698643    -6.061653
       1.656633     2.458405    -5.501681
       2.208855     3.218063    -4.943345
       2.761939     3.978969    -4.385181
      -0.549912     0.936032    -6.626205
      -1.104310     1.698644    -6.061653
      -1.656631     2.458406    -5.501681
      -2.208854     3.218064    -4.943345
      -2.761937     3.978971    -4.385181
      -0.889885    -0.109706    -6.626759
      -1.786918    -0.401169    -6.062674
      -2.680619    -0.691410    -5.503098
      -3.574172    -0.981545    -4.945082
      -4.469101    -1.272223    -4.387159
       0.896531    -1.054641    -6.059781
       1.450679     0.650343    -6.058604
       0.000000     1.703944    -6.058235
      -1.450679     0.650343    -6.058604
      -0.896532    -1.054640    -6.059781
       1.791822    -1.347512    -5.501482
       0.898320    -1.996665    -5.501884
       2.005981     1.410890    -5.499706
       2.347250     0.361068    -5.500093
      -0.552133     2.466776    -5.499435
       0.552135     2.466776    -5.499435
      -2.347250     0.361069    -5.500093
      -2.005980     1.410891    -5.499706
      -0.898321    -1.996665    -5.501884
      -1.791822    -1.347511    -5.501482
       2.686331    -1.638820    -4.944065
       1.794866    -2.291458    -4.945826
       0.898850    -2.937530    -4.944863
       2.559737     2.171161    -4.941732
       2.904971     1.122363    -4.943201
       3.242403     0.071171    -4.942381
      -1.104486     3.228077    -4.941518
       0.000001     3.232164    -4.942736
       1.104487     3.228077    -4.941518
      -3.242403     0.071172    -4.942381
      -2.904970     1.122364    -4.943201
      -2.559736     2.171162    -4.941732
      -0.898852    -2.937529    -4.944863
      -1.794867    -2.291457    -4.945826
      -2.686332    -1.638819    -4.944065
       3.581351    -1.929709    -4.386949
       2.690749    -2.584239    -4.390161
       1.795974    -3.234321    -4.390548
       0.898774    -3.878886    -4.388056
       3.113315     2.932078    -4.384107
       3.460861     1.883665    -4.386610
       3.802493     0.832755    -4.386839
       4.137782    -0.219357    -4.384923
      -1.657476     3.989456    -4.383928
      -0.552710     3.995865    -4.386261
       0.552712     3.995864    -4.386261
       1.657478     3.989455    -4.383928
      -4.137782    -0.219355    -4.384923
      -3.802492     0.832757    -4.386839
      -3.460860     1.883666    -4.386610
      -3.113313     2.932080    -4.384107
      -0.898776    -3.878885    -4.388056
      -1.795976    -3.234320    -4.390548
      -2.690751    -2.584238    -4.390161
      -3.581352    -1.929708    -4.386949
       4.478444    -2.220991    -3.828900
       4.455454    -2.214383    -2.733073
       3.587238    -2.876293    -3.834452
       2.692509    -3.528777    -3.836705
       1.796087    -4.177899    -3.835002
       0.898238    -4.822479    -3.830154
       0.897375    -4.798685    -2.734330
       3.667727     3.694966    -3.825573
       3.652106     3.674792    -2.730660
       4.016364     2.645820    -3.829812
       4.360791     1.594762    -3.831262
       4.700206     0.542193    -3.830168
       5.034956    -0.511093    -3.826502
       5.011048    -0.505853    -2.731369
      -2.212008     4.752301    -3.825422
      -2.198169     4.731040    -2.730508
      -1.106300     4.759539    -3.829540
       0.000001     4.762163    -3.830858
       1.106302     4.759538    -3.829540
       2.212011     4.752300    -3.825422
       2.198172     4.731039    -2.730508
      -5.034956    -0.511090    -3.826502
      -5.011048    -0.505851    -2.731369
      -4.700205     0.542196    -3.830168
      -4.360791     1.594764    -3.831262
      -4.016363     2.645822    -3.829812
      -3.667725     3.694968    -3.825573
      -3.652104     3.674794    -2.730660
      -0.898240    -4.822479    -3.830154
      -0.897377    -4.798685    -2.734330
      -1.796089    -4.177899    -3.835002
      -2.692511    -3.528775    -3.836705
      -3.587239    -2.876291    -3.834452
      -4.478446    -2.220989    -3.828900
      -4.455455    -2.214381    -2.733073
       5.343680    -2.504981    -2.177084
       5.342653    -2.504042    -1.089752
       5.342225    -2.503574    -0.000110
       4.486335    -3.168046    -3.277947
       4.465866    -3.162214    -2.181992
       4.459196    -3.156704    -1.090445
       4.458409    -3.155371    -0.000139
       4.459196    -3.156800     1.090167
       3.589352    -3.822370    -3.282954
       3.577284    -3.811625    -2.185458
       3.571480    -3.804439    -1.092501
       3.569871    -3.802161    -0.000168
       3.571480    -3.804535     1.092166
       2.693185    -4.474209    -3.282541
       2.686670    -4.458135    -2.185470
       2.682259    -4.448983    -1.092460
       2.680495    -4.446548    -0.000196
       2.682259    -4.449079     1.092068
       1.794694    -5.124375    -3.278277
       1.794176    -5.099482    -2.183453
       1.790833    -5.090286    -1.090501
       1.789466    -5.090100    -0.000224
       1.790833    -5.090382     1.090053
       0.897447    -5.732902    -2.178402
       0.897420    -5.735077    -1.090120
       0.897394    -5.735731    -0.000253
       4.203041     4.429726    -2.174593
       4.201098     4.429177    -1.088571
       4.199749     4.429117     0.000195
       4.572094     3.410760    -3.271843
       4.556664     3.391951    -2.177248
       4.549490     3.386951    -1.088090
       4.547818     3.386489     0.000149
       4.549490     3.386855     1.088388
       4.919007     2.358101    -3.274801
       4.901981     2.348066    -2.179416
       4.894715     2.344061    -1.089257
       4.892797     2.343254     0.000103
       4.894715     2.343965     1.089464
       5.261413     1.304750    -3.274910
       5.242218     1.301183    -2.179506
       5.234387     1.298728    -1.089326
       5.232520     1.297700     0.000057
       5.234387     1.298632     1.089441
       5.599712     0.249411    -3.272272
       5.576614     0.253596    -2.177591
       5.568133     0.251902    -1.088330
       5.566622     0.250697     0.000011
       5.568133     0.251806     1.088352
       5.900929    -0.794206    -2.175528
       5.898820    -0.796638    -1.089102
       5.897728    -0.798047    -0.000035
      -2.746215     5.488239    -2.174489
      -2.746751     5.485983    -1.088474
      -2.747319     5.484581     0.000242
      -1.662355     5.524373    -3.271624
      -1.649895     5.503800    -2.177049
      -1.647922     5.495314    -1.087933
      -1.648233     5.493518     0.000242
      -1.647922     5.495218     1.088417
      -0.553892     5.528894    -3.274511
      -0.550376     5.509577    -2.179155
      -0.549484     5.501375    -1.089047
      -0.549575     5.499258     0.000242
      -0.549484     5.501279     1.089532
       0.553894     5.528894    -3.274511
       0.550379     5.509577    -2.179155
       0.549487     5.501374    -1.089047
       0.549578     5.499258     0.000242
       0.549487     5.501278     1.089532
       1.662358     5.524372    -3.271624
       1.649898     5.503799    -2.177049
       1.647925     5.495313    -1.087933
       1.648236     5.493517     0.000242
       1.647925     5.495217     1.088417
       2.746218     5.488238    -2.174489
       2.746754     5.485982    -1.088474
       2.747322     5.484580     0.000242
      -5.900930    -0.794203    -2.175528
      -5.898820    -0.796635    -1.089102
      -5.897728    -0.798044    -0.000035
      -5.599712     0.249413    -3.272272
      -5.576614     0.253599    -2.177591
      -5.568133     0.251904    -1.088330
      -5.566622     0.250699     0.000011
      -5.568133     0.251809     1.088352
      -5.261413     1.304753    -3.274910
      -5.242218     1.301185    -2.179506
      -5.234387     1.298731    -1.089326
      -5.232520     1.297702     0.000057
      -5.234387     1.298635     1.089441
      -4.919006     2.358104    -3.274801
      -4.901979     2.348068    -2.179416
      -4.894714     2.344064    -1.089257
      -4.892795     2.343256     0.000103
      -4.894714     2.343968     1.089464
      -4.572092     3.410763    -3.271843
      -4.556662     3.391953    -2.177248
      -4.549489     3.386953    -1.088090
      -4.547816     3.386492     0.000149
      -4.549489     3.386857     1.088388
      -4.203038     4.429728    -2.174593
      -4.201096     4.429179    -1.088571
      -4.199747     4.429120     0.000195
      -0.897450    -5.732901    -2.178402
      -0.897423    -5.735077    -1.090120
      -0.897397    -5.735731    -0.000253
      -1.794697    -5.124374    -3.278277
      -1.794179    -5.099481    -2.183453
      -1.790836    -5.090285    -1.090501
      -1.789469    -5.090099    -0.000224
      -1.790836    -5.090381     1.090053
      -2.693187    -4.474208    -3.282541
      -2.686672    -4.458133    -2.185470
      -2.682261    -4.448981    -1.092460
      -2.680497    -4.446546    -0.000196
      -2.682261    -4.449077     1.092068
      -3.589354    -3.822369    -3.282954
      -3.577286    -3.811623    -2.185458
      -3.571482    -3.804437    -1.092501
      -3.569872    -3.802159    -0.000168
      -3.571482    -3.804533     1.092166
      -4.486337    -3.168043    -3.277947
      -4.465868    -3.162212    -2.181992
      -4.459198    -3.156702    -1.090445
      -4.458410    -3.155369    -0.000139
      -4.459198    -3.156798     1.090167
      -5.343681    -2.504979    -2.177084
      -5.342654    -2.504040    -1.089752
      -5.342226    -2.503571    -0.000110
       0.000000     0.177581     4.956111
      -0.000001    -5.427111     1.637920
       5.328372    -1.554971     1.638126
       3.292833     4.708409     1.637828
      -3.292831     4.708411     1.637828
      -5.328373    -1.554968     1.638126
       5.342653    -2.504138     1.089531
       0.897420    -5.735173     1.089615
       4.201098     4.429081     1.088962
       5.898820    -0.796734     1.089032
      -2.746751     5.485887     1.088957
       2.746754     5.485886     1.088957
      -5.898820    -0.796731     1.089032
      -4.201096     4.429083     1.088962
      -0.897423    -5.735173     1.089615
      -5.342654    -2.504136     1.089531
      -0.000000    -0.756360     5.506660
      -0.000000    -1.690944     4.951196
      -0.000001    -2.626261     4.395845
      -0.000001    -3.561750     3.841251
       0.888794    -0.110593     5.506348
       1.777585    -0.399360     4.950555
       2.667092    -0.688295     4.394846
       3.556708    -0.977303     3.839948
       0.549240     0.933932     5.505989
       1.098497     1.689582     4.949933
       1.648200     2.445842     4.394044
       2.197957     3.202212     3.839072
      -0.549240     0.933932     5.505989
      -1.098496     1.689583     4.949933
      -1.648199     2.445843     4.394044
      -2.197956     3.202213     3.839072
      -0.888794    -0.110592     5.506348
      -1.777586    -0.399359     4.950555
      -2.667093    -0.688293     4.394846
      -3.556708    -0.977302     3.839948
       0.892160    -1.049831     4.951529
       1.443495     0.646849     4.950746
       0.000000     1.695337     4.950504
      -1.443495     0.646850     4.950746
      -0.892161    -1.049831     4.951529
       1.783716    -1.341721     4.396611
       0.894178    -1.988004     4.396877
       1.996656     1.404193     4.395451
       2.336416     0.358974     4.395664
      -0.549656     2.455232     4.395280
       0.549657     2.455232     4.395280
      -2.336416     0.358975     4.395664
      -1.996656     1.404194     4.395451
      -0.894179    -1.988004     4.396877
      -1.783717    -1.341721     4.396611
       2.675054    -1.632707     3.841704
       1.787568    -2.282581     3.843062
       0.895255    -2.925705     3.842269
       2.548949     2.161606     3.840252
       2.892808     1.117315     3.841273
       3.228682     0.070524     3.840573
      -1.099654     3.214342     3.840129
       0.000001     3.218550     3.841034
       1.099656     3.214342     3.840129
      -3.228682     0.070525     3.840573
      -2.892808     1.117317     3.841273
      -2.548948     2.161608     3.840252
      -0.895256    -2.925705     3.842269
      -1.787569    -2.282580     3.843062
      -2.675055    -1.632705     3.841704
       3.565968    -1.923401     3.287212
       2.680580    -2.575661     3.289282
       1.789742    -3.222534     3.289678
       0.895992    -3.862949     3.288053
       3.100695     2.918755     3.285550
       3.447669     1.875718     3.286932
       3.787767     0.829439     3.287023
       4.120374    -0.218130     3.285895
      -1.649532     3.972904     3.285462
      -0.550183     3.980477     3.286792
       0.550185     3.980476     3.286792
       1.649534     3.972903     3.285462
      -4.120374    -0.218127     3.285895
      -3.787767     0.829440     3.287023
      -3.447668     1.875720     3.286932
      -3.100693     2.918757     3.285550
      -0.895994    -3.862949     3.288053
      -1.789744    -3.222533     3.289678
      -2.680581    -2.575660     3.289282
      -3.565969    -1.923399     3.287212
       3.573365    -2.868471     2.735765
       2.683773    -3.517452     2.737313
       1.791534    -4.161875     2.736619
       4.001819     2.633957     2.732731
       4.344968     1.588542     2.733512
       4.682064     0.541179     2.732835
      -1.100373     4.741752     2.732665
       0.000001     4.744950     2.733428
       1.100376     4.741751     2.732665
      -4.682063     0.541181     2.732835
      -4.344968     1.588544     2.733512
      -4.001817     2.633959     2.732731
      -1.791536    -4.161874     2.736619
      -2.683775    -3.517451     2.737313
      -3.573367    -2.868469     2.735765
      -0.000001    -4.495914     3.287351
       4.444942    -1.266081     3.285867
       2.746825     3.957427     3.285003
      -2.746823     3.957428     3.285003
      -4.444942    -1.266079     3.285867
       4.455454    -2.214624     2.732878
       0.897375    -4.798926     2.733908
       3.652106     3.674551     2.730984
       5.011048    -0.506094     2.731325
      -2.198169     4.730799     2.730925
       2.198172     4.730798     2.730925
      -5.011048    -0.506091     2.731325
      -3.652104     3.674553     2.730984
      -0.897377    -4.798926     2.733908
      -4.455455    -2.214621     2.732878
      -0.000001    -5.424985     2.731995
       5.328389    -1.553497     2.730577
       3.292629     4.708494     2.729715
      -3.292627     4.708496     2.729715
      -5.328390    -1.553495     2.730577
       0.000000     0.178283     6.060765
       5.343680    -2.505173     2.176863
       4.465866    -3.162406     2.181713
       3.577284    -3.811818     2.185122
       2.686670    -4.458327     2.185077
       1.794176    -5.099675     2.183003
       0.897447    -5.733094     2.177897
       4.203041     4.429535     2.174983
       4.556664     3.391759     2.177546
       4.901981     2.347873     2.179623
       5.242218     1.300991     2.179621
       5.576614     0.253404     2.177613
       5.900929    -0.794398     2.175458
      -2.746215     5.488048     2.174973
      -1.649895     5.503608     2.177534
      -0.550376     5.509385     2.179640
       0.550379     5.509385     2.179640
       1.649898     5.503607     2.177534
       2.746218     5.488046     2.174973
      -5.900930    -0.794395     2.175458
      -5.576614     0.253407     2.177613
      -5.242218     1.300993     2.179621
      -4.901979     2.347876     2.179623
      -4.556662     3.391762     2.177546
      -4.203038     4.429537     2.174983
      -0.897450    -5.733093     2.177897
      -1.794179    -5.099674     2.183003
      -2.686672    -4.458326     2.185077
      -3.577286    -3.811816     2.185122
      -4.465868    -3.162404     2.181713
      -5.343681    -2.505171     2.176863
      -0.000000    -0.756673     6.627220
      -0.000000    -1.699930     6.063518
      -0.000001    -2.639610     5.504393
      -0.000001    -3.579165     4.946806
      -0.000001    -4.520236     4.389201
       0.889885    -0.110290     6.626749
       1.786917    -0.401704     6.062639
       2.680618    -0.691896     5.503037
       3.574171    -0.981983     4.944996
       4.469100    -1.272612     4.387047
       0.549912     0.935448     6.626287
       1.104310     1.698109     6.061802
       1.656633     2.457920     5.501898
       2.208855     3.217627     4.943628
       2.761939     3.978583     4.385531
      -0.549912     0.935448     6.626287
      -1.104310     1.698110     6.061802
      -1.656631     2.457921     5.501898
      -2.208854     3.217628     4.943628
      -2.761937     3.978584     4.385531
      -0.889885    -0.110290     6.626749
      -1.786918    -0.401703     6.062639
      -2.680619    -0.691895     5.503037
      -3.574172    -0.981981     4.944996
      -4.469101    -1.272610     4.387047
       0.896531    -1.055175     6.059688
       1.450679     0.649809     6.058661
       0.000000     1.703410     6.058385
      -1.450679     0.649809     6.058661
      -0.896532    -1.055174     6.059688
       1.791822    -1.347996     5.501363
       0.898320    -1.997150     5.501708
       2.005981     1.410406     5.499830
       2.347250     0.360584     5.500125
      -0.552133     2.466292     5.499653
       0.552135     2.466291     5.499653
      -2.347250     0.360585     5.500125
      -2.005980     1.410407     5.499830
      -0.898321    -1.997150     5.501708
      -1.791822    -1.347996     5.501363
       2.686331    -1.639256     4.943921
       1.794866    -2.291894     4.945624
       0.898850    -2.937965     4.944604
       2.559737     2.170725     4.941923
       2.904971     1.121927     4.943300
       3.242403     0.070735     4.942388
      -1.104486     3.227642     4.941802
       0.000001     3.231728     4.943021
       1.104487     3.227641     4.941802
      -3.242403     0.070737     4.942388
      -2.904970     1.121929     4.943300
      -2.559736     2.170727     4.941923
      -0.898852    -2.937965     4.944604
      -1.794867    -2.291893     4.945624
      -2.686332    -1.639255     4.943921
       3.581351    -1.930096     4.386779
       2.690749    -2.584626     4.389934
       1.795974    -3.234708     4.390263
       0.898774    -3.879272     4.387714
       3.113315     2.931692     4.384365
       3.460861     1.883278     4.386776
       3.802493     0.832369     4.386912
       4.137782    -0.219744     4.384904
      -1.657476     3.989069     4.384279
      -0.552710     3.995478     4.386613
       0.552712     3.995478     4.386613
       1.657478     3.989069     4.384279
      -4.137782    -0.219741     4.384904
      -3.802492     0.832371     4.386912
      -3.460860     1.883280     4.386775
      -3.113313     2.931694     4.384365
      -0.898776    -3.879272     4.387714
      -1.795976    -3.234707     4.390263
      -2.690751    -2.584625     4.389934
      -3.581352    -1.930094     4.386779
       4.478444    -2.221328     3.828704
       3.587238    -2.876631     3.834199
       2.692509    -3.529115     3.836394
       1.796087    -4.178237     3.834634
       0.898238    -4.822817     3.829729
       3.667727     3.694629     3.825899
       4.016364     2.645483     3.830045
       4.360791     1.594424     3.831402
       4.700206     0.541856     3.830215
       5.034955    -0.511430     3.826457
      -2.212008     4.751964     3.825841
      -1.106300     4.759201     3.829960
       0.000001     4.761826     3.831278
       1.106302     4.759201     3.829960
       2.212011     4.751963     3.825841
      -5.034956    -0.511428     3.826457
      -4.700205     0.541858     3.830215
      -4.360791     1.594426     3.831402
      -4.016362     2.645485     3.830045
      -3.667725     3.694631     3.825899
      -0.898240    -4.822816     3.829729
      -1.796089    -4.178236     3.834634
      -2.692511    -3.529114     3.836394
      -3.587239    -2.876629     3.834199
      -4.478446    -2.221326     3.828704
       4.486335    -3.168335     3.277668
       3.589352    -3.822660     3.282618
       2.693185    -4.474499     3.282147
       1.794694    -5.124663     3.277826
       4.572094     3.410472     3.272144
       4.919007     2.357813     3.275009
       5.261413     1.304462     3.275025
       5.599712     0.249122     3.272294
      -1.662355     5.524084     3.272111
      -0.553892     5.528606     3.274998
       0.553894     5.528605     3.274998
       1.662358     5.524083     3.272111
      -5.599712     0.249125     3.272294
      -5.261413     1.304464     3.275025
      -4.919006     2.357815     3.275009
      -4.572092     3.410474     3.272144
      -1.794697    -5.124663     3.277826
      -2.693187    -4.474497     3.282147
      -3.589354    -3.822658     3.282618
      -4.486337    -3.168332     3.277668
      -0.000001    -5.465909    -3.830154
       5.368652    -1.564669    -3.827291
       3.317905     4.743938    -3.825039
      -3.317903     4.743940    -3.825039
      -5.368653    -1.564667    -3.827291
       5.385845    -2.509376    -3.266604
       0.890804    -5.775298    -3.267945
       4.222375     4.468797    -3.262925
       5.938794    -0.811826    -3.264153
      -2.776734     5.518828    -3.262807
       2.776737     5.518827    -3.262807
      -5.938795    -0.811823    -3.264153
      -4.222373     4.468800    -3.262925
      -0.890807    -5.775298    -3.267945
      -5.385847    -2.509374    -3.266604
      -0.000002    -6.379187    -2.213775
      -0.000002    -6.378186    -1.103326
      -0.000002    -6.377938    -0.000281
      -0.000002    -6.378283     1.102764
      -0.000002    -6.379383     2.213213
       6.234430    -1.851160    -2.211785
       6.230828    -1.851876    -1.101589
       6.230053    -1.852487    -0.000082
       6.230828    -1.851973     1.101426
       6.234430    -1.851355     2.211622
       3.853191     5.479884    -2.211893
       3.850888     5.476358    -1.101377
       3.850468     5.475590     0.000241
       3.850888     5.476261     1.101860
       3.853191     5.479689     2.212376
      -3.853188     5.479886    -2.211893
      -3.850885     5.476360    -1.101377
      -3.850465     5.475592     0.000241
      -3.850885     5.476263     1.101860
      -3.853188     5.479691     2.212376
      -6.234430    -1.851157    -2.211785
      -6.230829    -1.851873    -1.101589
      -6.230054    -1.852484    -0.000082
      -6.230829    -1.851970     1.101426
      -6.234430    -1.851352     2.211622
      -0.000001    -5.466246     3.829672
       5.368652    -1.565007     3.827153
       3.317905     4.743601     3.825457
      -3.317903     4.743603     3.825457
      -5.368653    -1.565004     3.827153
       5.385845    -2.509664     3.266383
       0.890804    -5.775586     3.267436
       4.222375     4.468510     3.263318
       5.938794    -0.812114     3.264081
      -2.776734     5.518540     3.263293
       2.776737     5.518539     3.263293
      -5.938795    -0.812111     3.264081
      -4.222373     4.468512     3.263318
      -0.890807    -5.775586     3.267436
      -5.385847    -2.509661     3.266383
       6.249617    -2.816441    -1.655915
       6.248100    -2.816102    -0.550765
       6.248100    -2.816151     0.550517
       6.249617    -2.816587     1.655667
       5.390124    -3.462209    -2.718018
       5.362171    -3.463472    -1.626864
       5.360950    -3.460572    -0.542644
       5.360950    -3.460619     0.542339
       5.362171    -3.463615     1.626559
       5.390124    -3.462449     2.717713
       4.486375    -4.117477    -2.729028
       4.471002    -4.109159    -1.633931
       4.466967    -4.104563    -0.544635
       4.466967    -4.104611     0.544273
       4.471002    -4.109303     1.633569
       4.486375    -4.117717     2.728665
       3.591417    -4.770397    -2.729095
       3.582307    -4.755196    -1.634000
       3.578648    -4.749382    -0.544528
       3.578648    -4.749430     0.544109
       3.582307    -4.755340     1.633581
       3.591417    -4.770637     2.728675
       2.694340    -5.421204    -2.726527
       2.692757    -5.398687    -1.632356
       2.689339    -5.391985    -0.543920
       2.689339    -5.392033     0.543445
       2.692757    -5.398831     1.631880
       2.694340    -5.421444     2.726050
       1.792247    -6.076042    -2.716587
       1.801700    -6.035688    -1.628309
       1.799355    -6.036177    -0.543638
       1.799355    -6.036225     0.543106
       1.801700    -6.035832     1.627777
       1.792247    -6.076281     2.716052
       0.911443    -6.688725    -1.658694
       0.906712    -6.688491    -0.551527
       0.906712    -6.688539     0.550938
       0.911443    -6.688871     1.658105
       4.773520     5.198829    -1.654873
       4.771141     5.198494    -0.550107
       4.771141     5.198445     0.550565
       4.773520     5.198683     1.655331
       5.133994     4.180662    -2.711541
       5.128369     4.153859    -1.623080
       5.123117     4.154824    -0.540955
       5.123117     4.154777     0.541321
       5.128369     4.153716     1.623446
       5.133994     4.180423     2.711909
       5.483645     3.125204    -2.717940
       5.474926     3.111607    -1.628471
       5.470058     3.110897    -0.542697
       5.470058     3.110849     0.542972
       5.474926     3.111464     1.628745
       5.483645     3.124965     2.718215
       5.828632     2.071079    -2.718931
       5.817125     2.066152    -1.629255
       5.812811     2.064137    -0.542968
       5.812811     2.064089     0.543150
       5.817125     2.066008     1.629437
       5.828632     2.070840     2.719114
       6.169300     1.015548    -2.718045
       6.154810     1.019095    -1.628564
       6.150724     1.015630    -0.542790
       6.150724     1.015582     0.542880
       6.154810     1.018951     1.628654
       6.169300     1.015309     2.718135
       6.506923    -0.043815    -2.711914
       6.487005    -0.028220    -1.623324
       6.483454    -0.033422    -0.541162
       6.483454    -0.033470     0.541159
       6.487005    -0.028364     1.623322
       6.506923    -0.044054     2.711910
       6.813445    -1.083097    -1.654743
       6.811228    -1.085671    -0.550225
       6.811228    -1.085720     0.550130
       6.813445    -1.083243     1.654647
      -3.301721     6.268244    -1.654714
      -3.302523     6.265740    -0.550016
      -3.302523     6.265692     0.550568
      -3.301721     6.268098     1.655267
      -2.221104     6.296658    -2.711334
      -2.198220     6.282904    -1.622883
      -2.201199     6.278121    -0.540823
      -2.201199     6.278073     0.541376
      -2.198220     6.282761     1.623437
      -2.221104     6.296419     2.711888
      -1.109208     6.302957    -2.717711
      -1.099918     6.290442    -1.628257
      -1.101244     6.285556    -0.542530
      -1.101244     6.285508     0.543083
      -1.099918     6.290298     1.628811
      -1.109208     6.302718     2.718266
       0.000002     6.305222    -2.718672
       0.000002     6.292820    -1.629008
       0.000002     6.288105    -0.542759
       0.000002     6.288057     0.543313
       0.000002     6.292676     1.629563
       0.000002     6.304982     2.719227
       1.109211     6.302956    -2.717711
       1.099921     6.290441    -1.628257
       1.101247     6.285555    -0.542530
       1.101247     6.285508     0.543083
       1.099921     6.290298     1.628811
       1.109211     6.302717     2.718266
       2.221107     6.296657    -2.711334
       2.198224     6.282903    -1.622883
       2.201202     6.278119    -0.540823
       2.201202     6.278072     0.541376
       2.198224     6.282760     1.623437
       2.221107     6.296418     2.711888
       3.301724     6.268242    -1.654714
       3.302527     6.265738    -0.550016
       3.302527     6.265690     0.550568
       3.301724     6.268097     1.655267
      -6.813446    -1.083093    -1.654743
      -6.811228    -1.085668    -0.550225
      -6.811228    -1.085716     0.550130
      -6.813446    -1.083239     1.654647
      -6.506923    -0.043812    -2.711914
      -6.487005    -0.028217    -1.623324
      -6.483454    -0.033419    -0.541162
      -6.483454    -0.033467     0.541159
      -6.487005    -0.028360     1.623322
      -6.506923    -0.044051     2.711910
      -6.169300     1.015551    -2.718045
      -6.154809     1.019098    -1.628564
      -6.150723     1.015633    -0.542790
      -6.150723     1.015585     0.542880
      -6.154809     1.018954     1.628654
      -6.169300     1.015312     2.718135
      -5.828631     2.071082    -2.718931
      -5.817124     2.066155    -1.629255
      -5.812810     2.064140    -0.542968
      -5.812810     2.064092     0.543150
      -5.817124     2.066011     1.629437
      -5.828631     2.070843     2.719114
      -5.483644     3.125207    -2.717940
      -5.474925     3.111610    -1.628471
      -5.470056     3.110899    -0.542697
      -5.470056     3.110852     0.542972
      -5.474925     3.111466     1.628745
      -5.483644     3.124967     2.718215
      -5.133991     4.180664    -2.711541
      -5.128367     4.153862    -1.623080
      -5.123115     4.154827    -0.540955
      -5.123115     4.154779     0.541321
      -5.128367     4.153719     1.623446
      -5.133991     4.180426     2.711909
      -4.773518     5.198831    -1.654873
      -4.771138     5.198496    -0.550107
      -4.771138     5.198448     0.550565
      -4.773518     5.198685     1.655331
      -0.911446    -6.688725    -1.658694
      -0.906715    -6.688490    -0.551527
      -0.906715    -6.688539     0.550938
      -0.911446    -6.688871     1.658105
      -1.792250    -6.076041    -2.716587
      -1.801703    -6.035687    -1.628309
      -1.799358    -6.036176    -0.543638
      -1.799358    -6.036224     0.543106
      -1.801703    -6.035831     1.627777
      -1.792250    -6.076280     2.716052
      -2.694342    -5.421202    -2.726527
      -2.692759    -5.398685    -1.632356
      -2.689342    -5.391983    -0.543920
      -2.689342    -5.392031     0.543445
      -2.692759    -5.398829     1.631880
      -2.694342    -5.421443     2.726050
      -3.591420    -4.770395    -2.729095
      -3.582310    -4.755194    -1.634000
      -3.578650    -4.749380    -0.544528
      -3.578650    -4.749428     0.544109
      -3.582310    -4.755338     1.633581
      -3.591420    -4.770636     2.728675
      -4.486378    -4.117474    -2.729028
      -4.471005    -4.109157    -1.633931
      -4.466969    -4.104560    -0.544635
      -4.466969    -4.104608     0.544273
      -4.471005    -4.109301     1.633569
      -4.486378    -4.117715     2.728665
      -5.390126    -3.462207    -2.718018
      -5.362172    -3.463469    -1.626864
      -5.360951    -3.460569    -0.542644
      -5.360951    -3.460617     0.542339
      -5.362172    -3.463613     1.626559
      -5.390126    -3.462446     2.717713
      -6.249619    -2.816438    -1.655915
      -6.248101    -2.816099    -0.550765
      -6.248101    -2.816147     0.550517
      -6.249619    -2.816584     1.655667
       5.388644    -4.425231    -2.179974
       5.376760    -4.423947    -1.087444
       5.373972    -4.422351    -0.000195
       5.376760    -4.424042     1.087054
       5.388644    -4.425423     2.179584
       4.493996    -5.075227    -2.175729
       4.487712    -5.067592    -1.085988
       4.484629    -5.066187    -0.000223
       4.487712    -5.067687     1.085542
       4.493996    -5.075419     2.175282
       3.599295    -5.725373    -2.174300
       3.600909    -5.710767    -1.085144
       3.596749    -5.709731    -0.000252
       3.600909    -5.710862     1.084641
       3.599295    -5.725565     2.173796
       2.700432    -6.376574    -2.168741
       2.714446    -6.351817    -1.080797
       2.708859    -6.351797    -0.000280
       2.714446    -6.351912     1.080237
       2.700432    -6.376765     2.168179
       1.823002    -6.995205    -1.105963
       1.818996    -6.995137    -0.000308
       1.823002    -6.995303     1.105347
      -1.823005    -6.995204    -1.105963
      -1.819000    -6.995136    -0.000308
      -1.823005    -6.995302     1.105347
      -2.700436    -6.376573    -2.168741
      -2.714449    -6.351816    -1.080797
      -2.708863    -6.351796    -0.000280
      -2.714449    -6.351911     1.080237
      -2.700436    -6.376764     2.168179
      -3.599298    -5.725372    -2.174300
      -3.600912    -5.710765    -1.085144
      -3.596752    -5.709729    -0.000252
      -3.600912    -5.710860     1.084641
      -3.599298    -5.725563     2.173796
      -4.493999    -5.075225    -2.175729
      -4.487715    -5.067590    -1.085988
      -4.484632    -5.066185    -0.000223
      -4.487715    -5.067685     1.085542
      -4.493999    -5.075416     2.175282
      -5.388646    -4.425228    -2.179974
      -5.376763    -4.423944    -1.087444
      -5.373974    -4.422348    -0.000195
      -5.376763    -4.424040     1.087054
      -5.388646    -4.425420     2.179584