
       0.001202     0.207849    -0.543772
       0.001201     0.207812     0.557667
       0.001206    -0.719795     0.006661
       0.883110    -0.078885     0.006902
       0.546229     0.958116     0.007111
      -0.543834     0.958108     0.007105
      -0.880701    -0.078907     0.006868
       0.001184    -0.719797    -1.094461
       0.883293    -0.078759    -1.094263
       0.546360     0.958525    -1.094070
      -0.543941     0.958544    -1.094073
      -0.880904    -0.078731    -1.094286
       0.001195     0.208283    -1.645022
       0.001189    -1.650120    -0.543874
       1.767520    -0.366173    -0.543332
       1.092770     1.710626    -0.542975
      -1.090354     1.710641    -0.542975
      -1.765118    -0.366171    -0.543376
       0.001212    -0.719734     1.107936
       0.001151    -0.719737    -2.195248
       0.883353    -0.078652     1.108140
       0.883892    -0.078262    -2.195090
       0.546338     0.958460     1.108314
       0.546720     0.959654    -2.194888
      -0.543970     0.958432     1.108306
      -0.544278     0.959703    -2.194889
      -0.880944    -0.078711     1.108097
      -0.881536    -0.078178    -2.195108
       0.887534    -1.012282     0.557221
       0.887965    -1.012814    -1.644483
       0.887463    -1.012494    -0.543787
       1.435182     0.673890     0.557492
       1.436088     0.674640    -1.643963
       1.435169     0.673866    -0.543366
       0.001185     1.715899     0.557591
       0.001233     1.717403    -1.643716
       0.001208     1.715967    -0.543191
      -1.432794     0.673835     0.557466
      -1.433674     0.674738    -1.643972
      -1.432766     0.673880    -0.543382
      -0.885103    -1.012349     0.557151
      -0.885647    -1.012769    -1.644514
      -0.885069    -1.012513    -0.543838
       0.001213    -1.649879     0.556734
       0.001138    -1.650676    -1.644078
       1.767590    -0.366050     0.557159
       1.768468    -0.365971    -1.643598
       1.092760     1.710588     0.557424
       1.093382     1.711899    -1.643145
      -1.090389     1.710557     0.557421
      -1.090916     1.711968    -1.643141
      -1.765164    -0.366141     0.557092
      -1.766114    -0.365846    -1.643626
       0.001194     0.208163     1.659025
       0.001188     0.209065    -2.746020
       0.001131    -2.583201    -1.092956
       0.001187    -2.582149     0.006220
       2.654404    -0.653874    -1.091997
       2.653725    -0.653883     0.006912
       1.640847     2.465282    -1.091365
       1.640347     2.464376     0.007317
      -1.638385     2.465346    -1.091352
      -1.637952     2.464368     0.007326
      -2.652034    -0.653761    -1.092026
      -2.651296    -0.653962     0.006852
       0.001210    -0.719694     2.209066
       0.001123    -0.719790    -3.295778
       0.001222    -1.650145     1.657428
       0.001078    -1.651636    -2.743769
       0.883982    -0.078174     2.209140
       0.884947    -0.077534    -3.295616
       1.768634    -0.365722     1.657546
       1.770391    -0.365529    -2.743394
       0.546688     0.959473     2.209194
       0.547346     0.961442    -3.295339
       1.093354     1.711756     1.657624
       1.094554     1.714271    -2.742778
      -0.544347     0.959432     2.209185
      -0.544880     0.961518    -3.295341
      -1.091023     1.711692     1.657618
      -1.092040     1.714395    -2.742774
      -0.881585    -0.078257     2.209092
      -0.882617    -0.077400    -3.295635
      -1.766207    -0.365877     1.657463
      -1.768093    -0.365272    -2.743422
       0.888137    -1.012340     1.658172
       0.889041    -1.013265    -2.744650
       1.436125     0.674654     1.658156
       1.437855     0.676095    -2.744006
       0.001165     1.717175     1.658163
       0.001257     1.720032    -2.743676
      -1.433754     0.674550     1.658123
      -1.435429     0.676280    -2.744015
      -0.885699    -1.012433     1.658094
      -0.886811    -1.013152    -2.744672
       1.775396    -1.303178     1.106929
       1.776909    -1.304405    -2.192817
       1.775157    -1.303649    -1.093283
       1.774694    -1.303192     0.006770
       0.890377    -1.946339     1.106832
       0.891073    -1.948621    -2.193021
       0.890132    -1.947215    -1.093574
       0.889927    -1.946380     0.006519
       1.986756     1.428415     1.106875
       1.988947     1.430344    -2.191708
       1.986748     1.428439    -1.092506
       1.985954     1.427780     0.007172
       2.324841     0.388239     1.106786
       2.327253     0.389251    -2.191963
       2.324776     0.388155    -1.092705
       2.323926     0.387778     0.007019
      -0.545666     2.473775     1.106913
      -0.546038     2.477065    -2.191401
      -0.545593     2.473984    -1.092283
      -0.545484     2.472813     0.007304
       0.548000     2.473795     1.106910
       0.548572     2.477019    -2.191409
       0.548057     2.473962    -1.092290
       0.547879     2.472815     0.007299
      -2.322447     0.388092     1.106740
      -2.324862     0.389512    -2.191970
      -2.322381     0.388254    -1.092720
      -2.321529     0.387735     0.006988
      -1.984394     1.428315     1.106858
      -1.986481     1.430539    -2.191705
      -1.984320     1.428521    -1.092508
      -1.983562     1.427759     0.007163
      -0.887926    -1.946458     1.106698
      -0.888897    -1.948563    -2.193066
      -0.887809    -1.947247    -1.093662
      -0.887513    -1.946477     0.006392
      -1.772936    -1.303343     1.106795
      -1.774672    -1.304205    -2.192858
      -1.772800    -1.303616    -1.093347
      -1.772259    -1.303284     0.006665
       0.001220    -2.582016     1.105736
       0.001039    -2.584987    -2.191551
       2.654578    -0.653669     1.105871
       2.656837    -0.653720    -2.190822
       1.640817     2.465178     1.106011
       1.642379     2.467956    -2.189940
      -1.638480     2.465113     1.106017
      -1.639849     2.468097    -2.189924
      -2.652127    -0.653881     1.105776
      -2.654555    -0.653371    -2.190848
       0.001184     0.208813     2.760179
       0.001186     0.210088    -3.847088
       0.000971    -3.519650    -1.639370
       0.001099    -3.517261    -0.542201
       0.001203    -3.516028     0.555164
       3.543898    -0.942240    -1.638005
       3.542335    -0.942377    -0.541295
       3.542445    -0.942285     0.555098
       2.190550     3.222169    -1.636990
       2.189483     3.220332    -0.540593
       2.189458     3.220277     0.555406
      -2.188023     3.222303    -1.636959
      -2.187043     3.220371    -0.540566
      -2.187099     3.220232     0.555429
      -3.541604    -0.941884    -1.638025
      -3.539927    -0.942359    -0.541332
      -3.539977    -0.942514     0.555015
       0.001205    -0.719914     3.309930
       0.001119    -0.720368    -4.396604
       0.001227    -1.651147     2.757740
       0.001049    -1.653473    -3.843287
       0.001248    -2.583422     2.205261
       0.000970    -2.587895    -3.289687
       0.885029    -0.077663     3.309833
       0.886724    -0.076837    -4.396363
       1.770567    -0.365440     2.757490
       1.773549    -0.365168    -3.842897
       2.657073    -0.653580     2.204795
       2.661175    -0.653687    -3.289211
       0.547315     0.961049     3.309723
       0.548427     0.963994    -4.395928
       1.094518     1.713945     2.757309
       1.096482     1.717853    -3.842017
       1.642325     2.467697     2.204622
       1.645045     2.472406    -3.287980
      -0.544999     0.961001     3.309715
      -0.545930     0.964092    -4.395932
      -1.092219     1.713860     2.757303
      -1.093923     1.718022    -3.842013
      -1.640034     2.467591     2.204626
      -1.642454     2.472615    -3.287965
      -0.882648    -0.077761     3.309784
      -0.884393    -0.076663    -4.396392
      -1.768150    -0.365636     2.757399
      -1.771280    -0.364797    -3.842948
      -2.654619    -0.653875     2.204676
      -2.658965    -0.653112    -3.289274
       0.889238    -1.012887     2.758661
       0.890749    -1.014121    -3.844383
       1.437909     0.675954     2.758299
       1.440573     0.678093    -3.843503
       0.001148     1.719587     2.758203
       0.001280     1.723828    -3.843081
      -1.435557     0.675817     2.758264
      -1.438130     0.678352    -3.843517
      -0.886803    -1.012995     2.758585
      -0.888562    -1.013951    -3.844416
       1.777239    -1.303873     2.206682
       1.780075    -1.305624    -3.291532
       0.891432    -1.947485     2.206765
       0.892773    -1.950784    -3.291654
       1.988963     1.430206     2.206137
       1.992545     1.433418    -3.290017
       2.327359     0.389258     2.206145
       2.331396     0.390817    -3.290362
      -0.546181     2.476617     2.206089
      -0.546898     2.481949    -3.289640
       0.548467     2.476651     2.206087
       0.549497     2.481880    -3.289648
      -2.324972     0.389042     2.206091
      -2.329007     0.391231    -3.290376
      -1.986627     1.430052     2.206118
      -1.990044     1.433715    -3.290014
      -0.888961    -1.947607     2.206648
      -0.890711    -1.950638    -3.291687
      -1.774776    -1.304082     2.206538
      -1.777932    -1.305249    -3.291597
       2.665430    -1.594336     1.654525
       2.669155    -1.596284    -2.738439
       2.665031    -1.594745    -1.640768
       2.663456    -1.593752    -0.542420
       2.663630    -1.593532     0.556071
       1.781291    -2.241229     1.655508
       1.783824    -2.244871    -2.739702
       1.780749    -2.242268    -1.641907
       1.779419    -2.240602    -0.543040
       1.779647    -2.240120     0.556377
       0.892948    -2.882193     1.654711
       0.893943    -2.887573    -2.738720
       0.892354    -2.884319    -1.641295
       0.891619    -2.882225    -0.542946
       0.891843    -2.881292     0.555881
       2.539563     2.184839     1.653887
       2.543774     2.188782    -2.736412
       2.539585     2.184955    -1.639304
       2.537419     2.183272    -0.541560
       2.537411     2.183247     0.556107
       2.881760     1.144548     1.654505
       2.886649     1.147145    -2.737449
       2.881727     1.144580    -1.640189
       2.879144     1.143203    -0.542023
       2.879155     1.143214     0.556281
       3.216660     0.101923     1.653830
       3.221662     0.103053    -2.737014
       3.216552     0.101869    -1.639763
       3.214153     0.100971    -0.541905
       3.214195     0.101023     0.555893
      -1.093969     3.233394     1.653901
      -1.095367     3.239377    -2.736075
      -1.093828     3.233791    -1.639031
      -1.093389     3.230918    -0.541371
      -1.093437     3.230789     0.556207
       0.001144     3.237311     1.654556
       0.001309     3.243491    -2.736853
       0.001267     3.237659    -1.639709
       0.001221     3.234506    -0.541676
       0.001179     3.234394     0.556484
       1.096258     3.233446     1.653887
       1.097982     3.239268    -2.736100
       1.096359     3.233725    -1.639056
       1.095830     3.230897    -0.541393
       1.095795     3.230809     0.556190
      -3.214241     0.101644     1.653773
      -3.219330     0.103584    -2.737012
      -3.214191     0.102149    -1.639759
      -3.211765     0.101008    -0.541919
      -3.211788     0.100870     0.555855
      -2.879390     1.144342     1.654483
      -2.884210     1.147543    -2.737433
      -2.879308     1.144799    -1.640178
      -2.876745     1.143246    -0.542024
      -2.876773     1.143111     0.556268
      -2.537233     2.184687     1.653884
      -2.541250     2.189081    -2.736394
      -2.537112     2.185127    -1.639290
      -2.535001     2.183314    -0.541551
      -2.535042     2.183178     0.556108
      -0.890442    -2.882332     1.654539
      -0.892030    -2.887528    -2.738764
      -0.890223    -2.884413    -1.641431
      -0.889293    -2.882408    -0.543177
      -0.889410    -2.881469     0.555649
      -1.778797    -2.241453     1.655282
      -1.781777    -2.244538    -2.739789
      -1.778514    -2.242200    -1.642013
      -1.777017    -2.240719    -0.543221
      -1.777175    -2.240317     0.556151
      -2.662935    -1.594661     1.654332
      -2.667040    -1.595704    -2.738532
      -2.662756    -1.594502    -1.640825
      -2.661036    -1.593794    -0.542511
      -2.661147    -1.593756     0.555919
       0.001286    -3.516384     1.652747
       0.000841    -3.523471    -2.736203
       3.544149    -0.942119     1.651865
       3.548847    -0.942389    -2.735541
       2.190480     3.221979     1.651823
       2.193632     3.227041    -2.734131
      -2.188186     3.221868     1.651843
      -2.191027     3.227265    -2.734100
      -3.541661    -0.942497     1.651740
      -3.546680    -0.941673    -2.735599
       0.001173     0.209608     3.861379
       0.001198     0.211249    -4.949018
       0.000548    -4.460132    -2.182546
       0.000806    -4.455914    -1.086970
       0.001157    -4.453719     0.008005
       0.001398    -4.452502     1.102373
       4.435700    -1.231300    -2.181021
       4.433866    -1.232069    -1.086585
       4.433722    -1.232245     0.006857
       4.434084    -1.231968     1.100324
       2.741724     3.981066    -2.179603
       2.740498     3.978893    -1.085601
       2.740243     3.978351     0.007489
       2.740425     3.978772     1.100588
      -2.739113     3.981287    -2.179552
      -2.737987     3.979003    -1.085552
      -2.737841     3.978349     0.007534
      -2.738117     3.978675     1.100629
      -4.433529    -1.230576    -2.181058
      -4.431521    -1.231827    -1.086605
      -4.431259    -1.232409     0.006795
      -4.431571    -1.232383     1.100210
       0.001198    -0.720847     4.410917
       0.001142    -0.722399    -5.499805
       0.001228    -1.653376     3.857652
       0.001071    -1.657250    -4.944393
       0.001266    -2.586711     3.304234
       0.000986    -2.593106    -4.388880
       0.001335    -3.520141     2.751034
       0.000840    -3.529920    -3.833832
       0.886770    -0.077374     4.410655
       0.889991    -0.076609    -5.499392
       1.773668    -0.365520     3.857059
       1.778778    -0.365474    -4.943723
       2.661352    -0.653946     3.303229
       2.668286    -0.654479    -4.388142
       3.549076    -0.942567     2.749434
       3.557870    -0.943582    -3.833341
       0.548394     0.963289     4.410379
       0.550459     0.967848    -5.498742
       1.096438     1.717258     3.856603
       1.099731     1.723258    -4.942507
       1.644973     2.471920     3.302708
       1.649454     2.479295    -4.386469
       2.193528     3.226659     2.748999
       2.199233     3.235466    -3.831376
      -0.546103     0.963236     4.410373
      -0.547924     0.967962    -5.498748
      -1.094168     1.717159     3.856600
      -1.097130     1.723461    -4.942505
      -1.642717     2.471787     3.302713
      -1.646812     2.479557    -4.386455
      -2.191283     3.226504     2.749017
      -2.196565     3.235762    -3.831346
      -0.884409    -0.077480     4.410609
      -0.887624    -0.076404    -5.499436
      -1.771264    -0.365742     3.856968
      -1.776495    -0.365019    -4.943813
      -2.658902    -0.654291     3.303101
      -2.666097    -0.653746    -4.388269
      -3.546581    -0.943026     2.749288
      -3.555773    -0.942604    -3.833478
       0.890907    -1.014218     3.858572
       0.893288    -1.016000    -4.944793
       1.440632     0.677639     3.857883
       1.444659     0.680572    -4.943536
       0.001133     1.723098     3.857693
       0.001303     1.729081    -4.943029
      -1.438300     0.677482     3.857851
      -1.442190     0.680884    -4.943557
      -0.888480    -1.014334     3.858501
      -0.891075    -1.015784    -4.944858
       1.780336    -1.305571     3.305520
       1.784841    -1.307920    -4.390091
       0.893099    -1.950152     3.305773
       0.895242    -1.954418    -4.390305
       1.992565     1.433042     3.304520
       1.997839     1.437678    -4.388055
       2.331508     0.390538     3.304644
       2.337568     0.392568    -4.388519
      -0.547104     2.481220     3.304400
      -0.548301     2.488826    -4.387635
       0.549352     2.481264     3.304399
       0.550957     2.488740    -4.387640
      -2.329131     0.390279     3.304588
      -2.335174     0.393093    -4.388545
      -1.990251     1.432853     3.304501
      -1.995309     1.438053    -4.388052
      -0.890615    -1.950276     3.305679
      -0.893176    -1.954194    -4.390373
      -1.777874    -1.305808     3.305379
      -1.782708    -1.307407    -4.390227
       2.669520    -1.596242     2.752253
       2.676134    -1.598910    -3.835387
       1.784348    -2.244217     2.753523
       1.788605    -2.248917    -3.836839
       0.894587    -2.885685     2.752785
       0.896283    -2.892650    -3.835766
       2.543745     2.188485     2.751050
       2.550167     2.194880    -3.832712
       2.886693     1.146927     2.751850
       2.893983     1.150658    -3.833929
       3.221787     0.102885     2.751178
       3.229838     0.104010    -3.833506
      -1.095592     3.238692     2.750997
      -1.098276     3.247795    -3.832344
       0.001118     3.242888     2.751759
       0.001346     3.251927    -3.833241
       1.097829     3.238766     2.750985
       1.100962     3.247651    -3.832366
      -3.219365     0.102529     2.751111
      -3.227528     0.104738    -3.833524
      -2.884335     1.146654     2.751824
      -2.891529     1.151198    -3.833912
      -2.541444     2.188278     2.751046
      -2.547601     2.195281    -3.832691
      -0.892026    -2.885802     2.752676
      -0.894417    -2.892463    -3.835811
      -1.781834    -2.244461     2.753323
      -1.786625    -2.248333    -3.837010
      -2.667020    -1.596619     2.752048
      -2.674092    -1.598064    -3.835584
       3.558324    -1.886848     2.198955
       3.566874    -1.889643    -3.281053
       3.557870    -1.886897    -2.185270
       3.554335    -1.885021    -1.088981
       3.554091    -1.884214     0.006812
       3.554700    -1.884781     1.102638
       2.675031    -2.537074     2.201284
       2.681414    -2.541901    -3.283343
       2.674349    -2.537509    -2.187674
       2.670629    -2.534377    -1.090886
       2.669736    -2.532808     0.006715
       2.671152    -2.533768     1.104400
       1.787201    -3.182056     2.201473
       1.790770    -3.189204    -3.283610
       1.786197    -3.183571    -2.187828
       1.783409    -3.179800    -1.091118
       1.782645    -3.177802     0.006540
       1.784088    -3.178374     1.104414
       0.895950    -3.820915     2.199909
       0.896742    -3.831097    -3.281625
       0.894654    -3.824767    -2.185922
       0.893276    -3.820835    -1.089797
       0.892874    -3.818692     0.006679
       0.893962    -3.818051     1.103106
       3.094453     2.943743     2.197717
       3.101953     2.951842    -3.277898
       3.094525     2.943963    -2.182935
       3.090321     2.940670    -1.087415
       3.089326     2.940134     0.007366
       3.090280     2.940590     1.102160
       3.440610     1.903324     2.199040
       3.448894     1.908843    -3.279453
       3.440630     1.903486    -2.184507
       3.435395     1.900444    -1.088641
       3.433740     1.899581     0.007227
       3.435380     1.900407     1.103118
       3.779778     0.859958     2.199034
       3.788959     0.862650    -3.279751
       3.779744     0.860071    -2.184752
       3.774197     0.857934    -1.088839
       3.772536     0.857131     0.007085
       3.774215     0.857943     1.103043
       4.111567    -0.185099     2.197762
       4.121517    -0.184770    -3.278898
       4.111447    -0.185023    -2.183726
       4.106597    -0.186461    -1.088037
       4.105702    -0.187147     0.006956
       4.106676    -0.186405     1.101990
      -1.644002     3.995733     2.197734
      -1.648148     4.006225    -3.277557
      -1.643779     3.996339    -2.182631
      -1.642607     3.990991    -1.087180
      -1.642701     3.989672     0.007529
      -1.642723     3.990690     1.102250
      -0.547479     4.003381     2.199079
      -0.548818     4.013743    -3.278879
      -0.547276     4.003929    -2.184000
      -0.546772     3.997739    -1.088235
      -0.546782     3.995714     0.007514
      -0.546880     3.997468     1.103278
       0.549711     4.003411     2.199067
       0.551528     4.013684    -3.278897
       0.549895     4.003888    -2.184019
       0.549285     3.997718    -1.088254
       0.549185     3.995712     0.007497
       0.549186     3.997484     1.103263
       1.646235     3.995826     2.197701
       1.650853     4.006045    -3.277605
       1.646395     3.996212    -2.182681
       1.645118     3.990925    -1.087227
       1.645104     3.989670     0.007486
       1.645030     3.990742     1.102213
      -4.109102    -0.185533     2.197705
      -4.119284    -0.183895    -3.278884
      -4.109160    -0.184457    -2.183694
      -4.104248    -0.186250    -1.088014
      -4.103299    -0.187243     0.006952
      -4.104235    -0.186713     1.101954
      -3.777378     0.859617     2.199019
      -3.786587     0.863323    -3.279703
      -3.777365     0.860515    -2.184708
      -3.771814     0.858117    -1.088807
      -3.770148     0.857078     0.007099
      -3.771821     0.857715     1.103040
      -3.438267     1.903056     2.199040
      -3.446408     1.909363    -3.279411
      -3.438171     1.903836    -2.184472
      -3.432971     1.900598    -1.088615
      -3.431351     1.899553     0.007242
      -3.433019     1.900237     1.103124
      -3.092164     2.943534     2.197728
      -3.099363     2.952246    -3.277866
      -3.091989     2.944239    -2.182906
      -3.087854     2.940799    -1.087389
      -3.086931     2.940122     0.007385
      -3.087945     2.940462     1.102174
      -0.893236    -3.820987     2.199825
      -0.895250    -3.831120    -3.281599
      -0.892994    -3.825052    -2.186064
      -0.891240    -3.821270    -1.090179
      -0.890513    -3.819004     0.006301
      -0.891381    -3.818198     1.102887
      -1.784613    -3.182279     2.201202
      -1.789013    -3.188582    -3.283822
      -1.784251    -3.183424    -2.187996
      -1.781145    -3.180004    -1.091413
      -1.780193    -3.178082     0.006151
      -1.781563    -3.178610     1.104063
      -2.672479    -2.537494     2.200973
      -2.679533    -2.540908    -3.283619
      -2.672277    -2.536995    -2.187822
      -2.668282    -2.534351    -1.091043
      -2.667238    -2.533073     0.006467
      -2.668623    -2.534155     1.104085
      -3.555781    -1.887350     2.198714
      -3.564912    -1.888543    -3.281281
      -3.555740    -1.886227    -2.185381
      -3.551975    -1.884854    -1.089065
      -3.551595    -1.884422     0.006666
      -3.552169    -1.885195     1.102422
       0.001485    -4.452786     2.197435
       4.435981    -1.231357     2.194797
       2.741594     3.980787     2.194612
      -2.739358     3.980621     2.194648
      -4.433447    -1.231899     2.194654
       4.447246    -2.177676    -1.631705
       4.447408    -2.176758    -0.539304
       4.447633    -2.176644     0.552850
       4.447752    -2.177559     1.645280
       3.573459    -2.834643    -2.730108
       3.564482    -2.829695    -1.635636
       3.561557    -2.826304    -0.540555
       3.561885    -2.826065     0.553988
       3.565216    -2.829381     1.649087
       2.684622    -3.484001    -2.731348
       2.677945    -3.477663    -1.636861
       2.674871    -3.473480    -0.541303
       2.675304    -3.472914     0.554535
       2.679041    -3.476747     1.650173
       1.792048    -4.129198    -2.730755
       1.787983    -4.121984    -1.636181
       1.785797    -4.117782    -0.541023
       1.786247    -4.116465     0.554008
       1.789540    -4.119382     1.649484
       0.895226    -4.762675    -1.633041
       0.894391    -4.759443    -0.538982
       0.894798    -4.757989     0.554223
       0.896966    -4.756872     1.647100
       3.645110     3.700071    -1.629467
       3.643435     3.699486    -0.538193
       3.643400     3.699447     0.553114
       3.645015     3.699926     1.644404
       4.003097     2.666893    -2.725150
       3.993959     2.660174    -1.631683
       3.990137     2.658033    -0.538879
       3.990114     2.658012     0.553536
       3.993899     2.660068     1.646366
       4.346230     1.621514    -2.726115
       4.336471     1.617257    -1.632429
       4.332293     1.615250    -0.539237
       4.332279     1.615247     0.553616
       4.336441     1.617190     1.646848
       4.683282     0.574221    -2.725643
       4.672490     0.572186    -1.632113
       4.668478     0.570428    -0.539216
       4.668482     0.570446     0.553318
       4.672504     0.572160     1.646269
       5.001600    -0.474264    -1.630437
       5.000211    -0.476255    -0.538905
       5.000255    -0.476208     0.552738
       5.001711    -0.474240     1.644330
      -2.193096     4.753487    -1.629200
      -2.193571     4.751418    -0.537976
      -2.193641     4.751251     0.553265
      -2.193301     4.752988     1.644502
      -1.099005     4.774919    -2.724646
      -1.096345     4.763912    -1.631244
      -1.096075     4.759402    -0.538525
      -1.096141     4.759250     0.553788
      -1.096537     4.763458     1.646523
       0.001360     4.778076    -2.725430
       0.001303     4.767321    -1.631826
       0.001237     4.762566    -0.538747
       0.001173     4.762431     0.553966
       0.001120     4.766916     1.647063
       1.101725     4.774820    -2.724696
       1.098950     4.763849    -1.631292
       1.098548     4.759378    -0.538572
       1.098487     4.759264     0.553743
       1.098778     4.763504     1.646484
       2.195699     4.753354    -1.629280
       2.196042     4.751371    -0.538055
       2.195985     4.751284     0.553192
       2.195542     4.753088     1.644437
      -4.999332    -0.473783    -1.630364
      -4.997838    -0.476212    -0.538852
      -4.997806    -0.476491     0.552752
      -4.999217    -0.474716     1.644310
      -4.680983     0.574961    -2.725542
      -4.670155     0.572594    -1.632023
      -4.666106     0.570494    -0.539144
      -4.666078     0.570243     0.553365
      -4.670075     0.571777     1.646292
      -4.343820     1.622112    -2.726031
      -4.334068     1.617600    -1.632357
      -4.329903     1.615325    -0.539179
      -4.329900     1.615098     0.553658
      -4.334066     1.616884     1.646877
      -4.000582     2.667377    -2.725096
      -3.991488     2.660460    -1.631637
      -3.987721     2.658108    -0.538843
      -3.987747     2.657902     0.553563
      -3.991570     2.659823     1.646387
      -3.642568     3.700306    -1.629428
      -3.640990     3.699555    -0.538162
      -3.641044     3.699366     0.553139
      -3.642732     3.699730     1.644427
      -0.894113    -4.763818    -1.633559
      -0.892306    -4.760129    -0.539432
      -0.891990    -4.758113     0.554104
      -0.893892    -4.756812     1.647187
      -1.790684    -4.128739    -2.731049
      -1.786147    -4.122348    -1.636610
      -1.783450    -4.118312    -0.541624
      -1.783665    -4.116693     0.553496
      -1.786802    -4.119506     1.649156
      -2.682984    -3.482878    -2.731760
      -2.675867    -3.477416    -1.637160
      -2.672407    -3.473838    -0.541707
      -2.672735    -3.473440     0.554011
      -2.676407    -3.477232     1.649695
      -3.571646    -2.833420    -2.730437
      -3.562292    -2.829208    -1.635843
      -3.559050    -2.826474    -0.540802
      -3.559299    -2.826556     0.553632
      -3.562610    -2.829943     1.648716
      -4.445011    -2.177115    -1.631830
      -4.444930    -2.176808    -0.539456
      -4.445069    -2.177068     0.552618
      -4.445168    -2.178132     1.645020
       0.000513    -4.467670    -3.279026
       4.445992    -1.232477    -3.279319
       2.748124     3.990505    -3.277207
      -2.745431     3.990821    -3.277158
      -4.443963    -1.231353    -3.279440
       0.001221     0.212448    -6.053732
      -0.000416    -5.406347    -2.723597
      -0.000193    -5.398527    -1.627766
       0.000981    -5.395797    -0.533836
       0.001716    -5.394714     0.558638
       5.329149    -1.519988    -2.724008
       5.329386    -1.522745    -1.631135
       5.329185    -1.524471    -0.539449
       5.329319    -1.524387     0.553039
       3.293944     4.741406    -2.721813
       3.294139     4.741089    -1.629973
       3.293759     4.740190    -0.538621
       3.293708     4.740134     0.553762
      -3.291221     4.741730    -2.721742
      -3.291529     4.741294    -1.629901
      -3.291288     4.740256    -0.538553
      -3.291365     4.740074     0.553824
      -5.327122    -1.518854    -2.724072
      -5.327157    -1.522158    -1.631147
      -5.326761    -1.524475    -0.539493
      -5.326796    -1.524781     0.552937
       0.001181    -0.722089    -6.620629
       0.001122    -1.665370    -6.057156
       0.001072    -2.604873    -5.498231
       0.001012    -3.543874    -4.940985
       0.000929    -4.483639    -4.384225
       0.891121    -0.075816    -6.619918
       1.788170    -0.367339    -6.055909
       2.681920    -0.657640    -5.496401
       3.575513    -0.947896    -4.938408
       4.470437    -1.238757    -4.380458
       0.551156     0.969793    -6.619082
       1.105586     1.732186    -6.054389
       1.657931     2.491742    -5.494319
       2.210173     3.251218    -4.935915
       2.763280     4.011972    -4.377705
      -0.548588     0.969937    -6.619080
      -1.102945     1.732417    -6.054386
      -1.655243     2.492043    -5.494306
      -2.207454     3.251567    -4.935887
      -2.760530     4.012357    -4.377659
      -0.888677    -0.075584    -6.619987
      -1.785834    -0.366831    -6.056042
      -2.679706    -0.656823    -5.496591
      -3.573424    -0.946789    -4.938627
      -4.468454    -1.237427    -4.380674
       0.897696    -1.020717    -6.053156
       1.451882     0.683978    -6.051474
       0.001330     1.737558    -6.050923
      -1.449381     0.684322    -6.051497
      -0.895406    -1.020455    -6.053269
       1.793052    -1.313606    -5.494974
       0.899477    -1.962584    -5.495483
       2.007204     1.444296    -5.492425
       2.348460     0.394629    -5.492998
      -0.550752     2.500259    -5.492003
       0.553467     2.500160    -5.492005
      -2.346052     0.395221    -5.493033
      -2.004647     1.444720    -5.492420
      -0.897301    -1.962279    -5.495636
      -1.790854    -1.313008    -5.495195
       2.687666    -1.604993    -4.937622
       1.796220    -2.257338    -4.939601
       0.900115    -2.903003    -4.938781
       2.560986     2.204364    -4.934357
       2.906185     1.155678    -4.935936
       3.243648     0.104657    -4.935339
      -1.103076     3.261439    -4.933999
       0.001379     3.265428    -4.935203
       1.105826     3.261269    -4.934015
      -3.241348     0.105506    -4.935375
      -2.903722     1.156312    -4.935917
      -2.558390     2.204835    -4.934332
      -0.898055    -2.902633    -4.938981
      -1.794146    -2.256589    -4.939925
      -2.685587    -1.604027    -4.937929
       3.582780    -1.896077    -4.380473
       2.692385    -2.550256    -4.383925
       1.797761    -3.199652    -4.384661
       0.900275    -3.843284    -4.382748
       3.114594     2.965110    -4.376676
       3.462102     1.916770    -4.379258
       3.803725     0.865983    -4.379614
       4.139054    -0.185983    -4.377923
      -1.656055     4.022711    -4.376345
      -0.551305     4.029034    -4.378663
       0.554090     4.028962    -4.378680
       1.658830     4.022491    -4.376386
      -4.136860    -0.184911    -4.377940
      -3.801363     0.866816    -4.379566
      -3.459600     1.917410    -4.379208
      -3.111967     2.965606    -4.376637
      -0.898375    -3.842828    -4.383026
      -1.795853    -3.198626    -4.385160
      -2.690472    -2.549033    -4.384381
      -3.580834    -1.894800    -4.380814
       4.479939    -2.187614    -3.822300
       4.455910    -2.180834    -2.726847
       3.589204    -2.842666    -3.827985
       2.694999    -3.494343    -3.830443
       1.798567    -4.141913    -3.829869
       0.900360    -4.784301    -3.826877
       0.896843    -4.769734    -2.727781
       3.669039     3.727864    -3.818107
       3.653400     3.707470    -2.723236
       4.017641     2.678757    -3.822418
       4.362054     1.627774    -3.823960
       4.701462     0.575307    -3.822990
       5.036222    -0.477870    -3.819505
       5.012139    -0.472919    -2.724359
      -2.210581     4.785470    -3.817785
      -2.196787     4.763999    -2.722908
      -1.104883     4.792634    -3.821897
       0.001403     4.795197    -3.823233
       1.107688     4.792509    -3.821944
       2.213387     4.785213    -3.817860
       2.199507     4.763793    -2.722990
      -5.034110    -0.476651    -3.819476
      -5.009964    -0.472003    -2.724292
      -4.699197     0.576291    -3.822889
      -4.359646     1.628560    -3.823866
      -4.015103     2.679387    -3.822354
      -3.666377     3.728377    -3.818059
      -3.650780     3.707863    -2.723198
      -0.898720    -4.783779    -3.827368
      -0.896263    -4.770573    -2.727658
      -1.796950    -4.140353    -3.830758
      -2.693376    -3.492666    -3.831160
      -3.587490    -2.841101    -3.828478
      -4.478121    -2.186139    -3.822636
      -4.453972    -2.179649    -2.727079
       5.342991    -2.471001    -2.170800
       5.343989    -2.473045    -1.082966
       5.344460    -2.473458     0.006708
       4.488848    -3.134750    -3.270979
       4.463547    -3.128007    -2.176416
       4.455025    -3.122698    -1.083571
       4.455320    -3.121325     0.006674
       4.455684    -3.122442     1.096913
       3.592832    -3.788470    -3.275715
       3.577510    -3.778572    -2.178870
       3.569602    -3.771683    -1.085874
       3.568056    -3.768777     0.006605
       3.570542    -3.771178     1.099002
       2.696702    -4.438714    -3.276573
       2.686874    -4.425551    -2.179397
       2.681481    -4.417345    -1.086282
       2.680156    -4.413972     0.006518
       2.682818    -4.416094     1.099078
       1.799481    -5.085350    -3.274571
       1.793297    -5.068779    -2.178181
       1.790566    -5.060804    -1.084952
       1.790001    -5.058192     0.006667
       1.792104    -5.057286     1.097566
       0.896411    -5.708667    -2.173603
       0.897411    -5.703893    -1.080437
       0.898594    -5.702891     0.010791
       4.204356     4.462291    -2.167131
       4.202417     4.461616    -1.081164
       4.201034     4.461516     0.007554
       4.573405     3.443571    -3.264422
       4.557983     3.424527    -2.169871
       4.550807     3.419346    -1.080763
       4.549111     3.418838     0.007426
       4.550742     3.419293     1.095623
       4.920309     2.390945    -3.267464
       4.903296     2.380638    -2.172125
       4.896036     2.376391    -1.082021
       4.894099     2.375525     0.007287
       4.895986     2.376364     1.096606
       5.262709     1.337641    -3.267666
       5.243516     1.333742    -2.172305
       5.235691     1.330950    -1.082184
       5.233810     1.329847     0.007145
       5.235658     1.330957     1.096492
       5.600983     0.282344    -3.265121
       5.577838     0.286128    -2.170473
       5.569367     0.283945    -1.081274
       5.567854     0.282654     0.007001
       5.569372     0.283999     1.095299
       5.901927    -0.761720    -2.168456
       5.899950    -0.764841    -1.082088
       5.898882    -0.766275     0.006839
      -2.744870     5.521123    -2.166841
      -2.745522     5.518662    -1.080883
      -2.746190     5.517095     0.007762
      -1.660933     5.557412    -3.263937
      -1.648545     5.536677    -2.169407
      -1.646675     5.528020    -1.080352
      -1.647078     5.526086     0.007752
      -1.646831     5.527694     1.095859
      -0.552477     5.561885    -3.266849
      -0.549020     5.542433    -2.171540
      -0.548214     5.534088    -1.081494
      -0.548388     5.531854     0.007725
      -0.548365     5.533793     1.096950
       0.555306     5.561830    -3.266883
       0.551743     5.542393    -2.171574
       0.550784     5.534067    -1.081528
       0.550800     5.531851     0.007693
       0.550636     5.533807     1.096920
       1.663767     5.557245    -3.264028
       1.651266     5.536553    -2.169501
       1.649244     5.527956    -1.080446
       1.649488     5.526079     0.007661
       1.649099     5.527739     1.095775
       2.747580     5.520898    -2.166961
       2.748088     5.518549    -1.081012
       2.748597     5.517088     0.007637
      -5.899782    -0.760960    -2.168328
      -5.897640    -0.764596    -1.081949
      -5.896446    -0.766475     0.006933
      -5.598794     0.283390    -3.264941
      -5.575583     0.286824    -2.170294
      -5.567037     0.284204    -1.081107
      -5.565462     0.282531     0.007133
      -5.566930     0.283612     1.095393
      -5.260382     1.338526    -3.267502
      -5.241164     1.334350    -2.172153
      -5.233323     1.331199    -1.082048
      -5.231429     1.329774     0.007259
      -5.233265     1.330647     1.096582
      -4.917848     2.391688    -3.267352
      -4.900846     2.381158    -2.172025
      -4.893619     2.376619    -1.081934
      -4.891714     2.375485     0.007360
      -4.893627     2.376115     1.096666
      -4.570815     3.444202    -3.264359
      -4.555437     3.424966    -2.169818
      -4.548340     3.419551    -1.080722
      -4.546717     3.418817     0.007459
      -4.548412     3.419092     1.095650
      -4.201701     4.462643    -2.167082
      -4.199896     4.461793    -1.081135
      -4.198632     4.461508     0.007575
      -0.898114    -5.712029    -2.173564
      -0.896123    -5.705469    -1.080373
      -0.895251    -5.703028     0.011577
      -1.798440    -5.082643    -3.276505
      -1.792613    -5.069180    -2.178645
      -1.788566    -5.061924    -1.085709
      -1.787278    -5.058478     0.006280
      -1.789030    -5.057114     1.097326
      -2.695660    -4.436229    -3.277863
      -2.685519    -4.424468    -2.180143
      -2.679186    -4.417750    -1.086974
      -2.677505    -4.414857     0.005622
      -2.680030    -4.416696     1.098309
      -3.591571    -3.786428    -3.276455
      -3.575879    -3.777351    -2.179353
      -3.567223    -3.771700    -1.086306
      -3.565384    -3.769438     0.006025
      -3.567830    -3.771832     1.098445
      -4.487354    -3.133023    -3.271463
      -4.461654    -3.126850    -2.176779
      -4.452571    -3.122516    -1.083864
      -4.452672    -3.121778     0.006274
      -4.453018    -3.123050     1.096505
      -5.340921    -2.469932    -2.170978
      -5.341590    -2.472788    -1.083155
      -5.341874    -2.473804     0.006438
       0.001161     0.210421     4.963365
       0.001870    -5.392798     1.649850
       5.329695    -1.522657     1.644776
       3.293994     4.740907     1.645127
      -3.291759     4.740744     1.645184
      -5.327132    -1.523241     1.644642
       5.344442    -2.472849     1.096410
       0.899158    -5.701694     1.100574
       4.202325     4.461538     1.096275
       5.900050    -0.764719     1.095803
      -2.745685     5.518301     1.096409
       2.747951     5.518388     1.096295
      -5.897537    -0.765199     1.095843
      -4.200028     4.461374     1.096295
      -0.895216    -5.701319     1.101342
      -5.341822    -2.473430     1.096124
       0.001184    -0.723409     5.514038
       0.001219    -1.657887     4.958699
       0.001265    -2.593025     4.403544
       0.001344    -3.528202     3.849409
       0.889990    -0.077651     5.513641
       1.778824    -0.366379     4.957835
       2.668359    -0.655284     4.402111
       3.557979    -0.944249     3.847197
       0.550403     0.966761     5.513231
       1.099662     1.722337     4.957138
       1.649356     2.478528     4.401237
       2.199100     3.234842     3.846277
      -0.548140     0.966703     5.513227
      -1.097421     1.722228     4.957137
      -1.647131     2.478378     4.401243
      -2.196892     3.234658     3.846295
      -0.887655    -0.077765     5.513598
      -1.776440    -0.366619     4.957746
      -2.665921    -0.655662     4.401980
      -3.555485    -0.944761     3.847040
       0.893387    -1.016804     4.958914
       1.444702     0.679715     4.957962
       0.001119     1.728020     4.957705
      -1.442393     0.679545     4.957933
      -0.890980    -1.016927     4.958847
       1.784973    -1.308647     4.403993
       0.895460    -1.954853     4.404379
       1.997852     1.436979     4.402616
       2.337658     0.391875     4.402852
      -0.548561     2.487790     4.402456
       0.550777     2.487840     4.402454
      -2.335297     0.391588     4.402799
      -1.995560     1.436767     4.402601
      -0.892984    -1.954981     4.404298
      -1.782523    -1.308906     4.403856
       2.676306    -1.599593     3.849111
       1.788878    -2.249394     3.850551
       0.896705    -2.892386     3.849906
       2.550129     2.194321     3.847402
       2.894027     1.150131     3.848399
       3.229940     0.103453     3.847725
      -1.098571     3.246808     3.847315
       0.001097     3.251051     3.848203
       1.100769     3.246898     3.847304
      -3.227522     0.103047     3.847656
      -2.891682     1.149815     3.848375
      -2.547854     2.194079     3.847400
      -0.894131    -2.892504     3.849831
      -1.786362    -2.249664     3.850370
      -2.673808    -1.600006     3.848904
       3.567126    -1.890186     3.294681
       2.681778    -2.542428     3.296840
       1.791358    -3.189259     3.297152
       0.897678    -3.829355     3.296003
       3.101865     2.951410     3.292721
       3.448875     1.908450     3.294045
       3.789002     0.862267     3.294106
       4.121625    -0.185174     3.292992
      -1.648459     4.005311     3.292696
      -0.549099     4.012917     3.294000
       0.551278     4.012957     3.293989
       1.650641     4.005433     3.292665
      -4.119151    -0.185686     3.292923
      -3.786601     0.861855     3.294087
      -3.446547     1.908121     3.294045
      -3.099608     2.951148     3.292731
      -0.894924    -3.829419     3.295989
      -1.788742    -3.189512     3.296935
      -2.679214    -2.542879     3.296544
      -3.564580    -1.890742     3.294429
       3.573986    -2.834994     2.743522
       2.685439    -3.484247     2.744605
       1.793490    -4.128439     2.744151
       4.003022     2.666615     2.739874
       4.346202     1.621262     2.740590
       4.683312     0.573987     2.739866
      -1.099302     4.774169     2.739951
       0.001083     4.777404     2.740694
       1.101468     4.774239     2.739916
      -4.680863     0.573495     2.739873
      -4.343827     1.620856     2.740611
      -4.000718     2.666281     2.739891
      -1.790687    -4.128601     2.743943
      -2.682765    -3.484738     2.744186
      -3.571366    -2.835602     2.743158
       0.001490    -4.461850     3.296531
       4.446171    -1.232934     3.293083
       2.747952     3.990018     3.292240
      -2.745766     3.989807     3.292274
      -4.443628    -1.233555     3.292919
       4.456296    -2.181122     2.740407
       0.899332    -4.764897     2.742598
       3.653267     3.707157     2.738200
       5.012268    -0.473137     2.738317
      -2.197108     4.763175     2.738233
       2.199274     4.763321     2.738174
      -5.009747    -0.473727     2.738272
      -3.651034     3.706882     2.738219
      -0.896227    -4.764812     2.742780
      -4.453706    -2.181783     2.740132
       0.001752    -5.390069     2.742953
       5.329436    -1.520186     2.737690
       3.293738     4.741056     2.736985
      -3.291576     4.740824     2.737037
      -5.326862    -1.520878     2.737532
       0.001147     0.211178     6.068056
       5.343571    -2.470983     2.184307
       4.464279    -3.128023     2.189764
       3.578587    -3.778535     2.191990
       2.688652    -4.425084     2.192162
       1.796343    -5.066027     2.190849
       0.899592    -5.698454     2.188130
       4.204191     4.462084     2.182249
       4.557869     3.424353     2.184748
       4.903219     2.380494     2.186739
       5.243475     1.333633     2.186652
       5.577860     0.286069     2.184551
       5.902091    -0.761700     2.182248
      -2.745175     5.520407     2.182369
      -1.648842     5.536030     2.184924
      -0.549306     5.541849     2.187008
       0.551466     5.541877     2.186980
       1.651001     5.536119     2.184848
       2.747338     5.520574     2.182272
      -5.899543    -0.762334     2.182249
      -5.575382     0.285522     2.184615
      -5.241068     1.333169     2.186724
      -4.900877     2.380103     2.186789
      -4.555591     3.424024     2.184773
      -4.201984     4.461813     2.182275
      -0.895694    -5.698057     2.188794
      -1.793146    -5.065916     2.190812
      -2.685768    -4.425618     2.191546
      -3.575833    -3.779202     2.191477
      -4.461600    -3.128725     2.189360
      -5.340940    -2.471706     2.184012
       0.001166    -0.723698     6.634583
       0.001200    -1.666923     6.070960
       0.001245    -2.606493     5.511944
       0.001319    -3.545857     4.954653
       0.001449    -4.486767     4.397745
       0.891095    -0.077340     6.634031
       1.788171    -0.368731     6.069905
       2.681916    -0.658918     5.510273
       3.575509    -0.949004     4.952191
       4.470467    -1.239611     4.394185
       0.551063     0.968326     6.633556
       1.105470     1.730929     6.069034
       1.657790     2.490676     5.509109
       2.210002     3.250326     4.950839
       2.763071     4.011242     4.392761
      -0.548823     0.968251     6.633560
      -1.103257     1.730809     6.069038
      -1.655596     2.490512     5.509117
      -2.207827     3.250123     4.950857
      -2.760922     4.011004     4.392791
      -0.888804    -0.077461     6.633986
      -1.785821    -0.368985     6.069816
      -2.679502    -0.659321     5.510138
      -3.573027    -0.949555     4.952024
      -4.467925    -1.240293     4.394005
       0.897762    -1.022187     6.067050
       1.451895     0.682721     6.065899
       0.001101     1.736159     6.065629
      -1.449613     0.682543     6.065875
      -0.895392    -1.022318     6.066981
       1.793119    -1.315002     5.508684
       0.899632    -1.964109     5.509138
       2.007190     1.443256     5.507017
       2.348517     0.393518     5.507336
      -0.551062     2.498914     5.506860
       0.553242     2.498968     5.506858
      -2.346178     0.393212     5.507288
      -2.004924     1.443029     5.507007
      -0.897190    -1.964249     5.509055
      -1.790700    -1.315280     5.508544
       2.687701    -1.606286     4.951195
       1.796316    -2.258884     4.952957
       0.900331    -2.904825     4.952099
       2.560931     2.203511     4.949083
       2.906218     1.154803     4.950447
       3.243712     0.103685     4.949565
      -1.103431     3.260155     4.949002
       0.001078     3.264279     4.950206
       1.105591     3.260255     4.948993
      -3.241306     0.103244     4.949496
      -2.903891     1.154459     4.950428
      -2.558680     2.203246     4.949085
      -0.897792    -2.904967     4.952020
      -1.793827    -2.259183     4.952776
      -2.685225    -1.606727     4.950984
       3.582809    -1.897159     4.394006
       2.692400    -2.551707     4.397157
       1.797785    -3.201657     4.397513
       0.900460    -3.845978     4.395426
       3.114492     2.964424     4.391529
       3.462084     1.916089     4.393893
       3.803769     0.865264     4.394015
       4.139122    -0.186773     4.392030
      -1.656435     4.021501     4.391507
      -0.551650     4.027937     4.393816
       0.553787     4.027983     4.393807
       1.658575     4.021640     4.391482
      -4.136648    -0.187342     4.391956
      -3.801375     0.864803     4.393996
      -3.459772     1.915721     4.393896
      -3.112260     2.964128     4.391542
      -0.897756    -3.846105     4.395389
      -1.795195    -3.201968     4.397302
      -2.689852    -2.552189     4.396866
      -3.580274    -1.897754     4.393745
       4.480019    -2.188374     3.835838
       3.589229    -2.843806     3.841267
       2.694880    -3.496196     3.843272
       1.798246    -4.145049     3.841941
       0.900137    -4.789411     3.837990
       3.668888     3.727329     3.833094
       4.017567     2.678239     3.837176
       4.362041     1.627252     3.838478
       4.701506     0.574768     3.837257
       5.036314    -0.478421     3.833493
      -2.210985     4.784343     3.833127
      -1.105255     4.791604     3.837224
       0.001059     4.794266     3.838522
       1.107372     4.791689     3.837192
       2.213098     4.784515     3.833075
      -5.033780    -0.479093     3.833433
      -4.699047     0.574203     3.837258
      -4.359667     1.626785     3.838498
      -4.015279     2.677852     3.837195
      -3.666685     3.727005     3.833115
      -0.897164    -4.789495     3.838070
      -1.795486    -4.145349     3.841726
      -2.692215    -3.496724     3.842881
      -3.586617    -2.844449     3.840907
      -4.477433    -2.189093     3.835550
       4.488992    -3.135433     3.284328
       3.592808    -3.789728     3.288741
       2.696050    -4.441331     3.288944
       1.797121    -5.091327     3.285436
       4.573277     3.443198     3.279322
       4.920238     2.390583     3.282107
       5.262690     1.337290     3.282049
       5.601032     0.282014     3.279242
      -1.661327     5.556465     3.279465
      -0.552850     5.561025     3.282331
       0.554946     5.561063     3.282305
       1.663418     5.556584     3.279395
      -5.598520     0.281380     3.279286
      -5.260264     1.336739     3.282109
      -4.917900     2.390110     3.282153
      -4.571027     3.442790     3.279347
      -1.794104    -5.091585     3.285288
      -2.693178    -4.441910     3.288402
      -3.590056    -3.790423     3.288258
      -4.486320    -3.136189     3.283929
       0.000865    -5.425209    -3.826495
       5.369938    -1.531364    -3.820543
       3.319277     4.776823    -3.817522
      -3.316483     4.777238    -3.817459
      -5.368020    -1.529895    -3.820747
       5.387488    -2.475965    -3.259743
       0.900944    -5.726802    -3.269975
       4.223715     4.501602    -3.255418
       5.940008    -0.778867    -3.257086
      -2.775304     5.551927    -3.255112
       2.778152     5.551641    -3.255226
      -5.937947    -0.777660    -3.256995
      -4.220992     4.502156    -3.255364
      -0.899626    -5.726513    -3.271432
      -5.385812    -2.474347    -3.260049
       0.002499    -6.371768    -3.265279
       0.000576    -6.350694    -2.166717
       0.001556    -6.345814    -1.072611
       0.002316    -6.344826     0.022428
       0.002475    -6.344865     1.121281
       0.002619    -6.345176     2.229588
       6.235121    -1.818348    -2.205973
       6.231992    -1.819762    -1.095644
       6.231447    -1.819764     0.006692
       6.232264    -1.819540     1.109074
       6.235514    -1.818157     2.219497
       3.854567     5.512466    -2.204414
       3.852231     5.508835    -1.093932
       3.851760     5.508025     0.007643
       3.852106     5.508730     1.109221
       3.854344     5.512219     2.219710
      -3.851868     5.512765    -2.204329
      -3.849670     5.508989    -1.093843
      -3.849356     5.508025     0.007728
      -3.849842     5.508598     1.109300
      -3.852186     5.511986     2.219779
      -6.233013    -1.817632    -2.206018
      -6.229645    -1.819625    -1.095707
      -6.228934    -1.820094     0.006578
      -6.229690    -1.820125     1.108933
      -6.232895    -1.818917     2.219320
       0.001640    -5.432896     3.839394
       5.370037    -1.531903     3.834226
       3.319020     4.776246     3.832712
      -3.316907     4.775975     3.832756
      -5.367451    -1.532682     3.834039
       5.387633    -2.476368     3.273288
       0.893044    -5.742295     3.276784
       4.223512     4.501214     3.270554
       5.940141    -0.779158     3.270945
      -2.775725     5.550897     3.270649
       2.777804     5.551097     3.270564
      -5.937561    -0.779864     3.270914
      -4.221353     4.500854     3.270580
      -0.889759    -5.742285     3.277111
      -5.385013    -2.477171     3.272982
       6.247035    -2.781948    -1.651766
       6.247682    -2.778094    -0.544532
       6.247991    -2.777880     0.557780
       6.247724    -2.781557     1.665095
       5.393610    -3.427892    -2.709198
       5.350707    -3.425803    -1.621225
       5.351716    -3.424270    -0.536671
       5.352124    -3.424072     0.549933
       5.351623    -3.425507     1.634525
       5.393966    -3.428089     2.722578
       4.491586    -4.083517    -2.719548
       4.469272    -4.075929    -1.625610
       4.463956    -4.070527    -0.537109
       4.464525    -4.070331     0.550180
       4.470543    -4.075578     1.638651
       4.491983    -4.084006     2.732662
       3.595387    -4.735899    -2.722023
       3.581679    -4.722762    -1.627477
       3.577646    -4.716432    -0.537793
       3.578416    -4.716188     0.550616
       3.583712    -4.722116     1.640090
       3.595410    -4.737005     2.734762
       2.698869    -5.385018    -2.721282
       2.691053    -5.367344    -1.627195
       2.689069    -5.359612    -0.537654
       2.690066    -5.359155     0.550088
       2.694666    -5.365597     1.638788
       2.697384    -5.387957     2.732914
       1.801576    -6.033082    -2.716900
       1.797994    -6.009143    -1.626010
       1.799488    -6.004945    -0.536776
       1.800815    -6.003619     0.551539
       1.803839    -6.001849     1.636365
       1.794934    -6.043007     2.724252
       0.909695    -6.679937    -2.713106
       0.907706    -6.660056    -1.621365
       0.909301    -6.657182    -0.527883
       0.909850    -6.656232     0.569201
       0.914961    -6.655675     1.674548
       4.774890     5.231310    -1.647414
       4.772479     5.230873    -0.542671
       4.772420     5.230848     0.557972
       4.774728     5.231202     1.662715
       5.135328     4.213381    -2.704087
       5.129713     4.186317    -1.615667
       5.124443     4.187160    -0.533586
       5.124398     4.187146     0.548642
       5.129590     4.186239     1.630727
       5.135155     4.213152     2.719157
       5.484975     3.157931    -2.710572
       5.476269     3.144027    -1.621139
       5.471384     3.143157    -0.535419
       5.471349     3.143155     0.550194
       5.476175     3.143974     1.635924
       5.484854     3.157718     2.725371
       5.829956     2.103811    -2.711641
       5.818460     2.098497    -1.622004
       5.814129     2.096269    -0.535782
       5.814101     2.096285     0.550270
       5.818389     2.098484     1.636507
       5.829878     2.103619     2.726162
       6.170600     1.048261    -2.710822
       6.156104     1.051316    -1.621384
       6.151994     1.047574    -0.535695
       6.151977     1.047619     0.549889
       6.156063     1.051365     1.635601
       6.170572     1.048106     2.725064
       6.508127    -0.011164    -2.704702
       6.488169     0.003832    -1.616189
       6.484639    -0.001685    -0.534160
       6.484648    -0.001602     0.548033
       6.488196     0.003972     1.630104
       6.508185    -0.011265     2.718665
       6.814549    -1.051114    -1.648146
       6.812491    -1.054035    -0.543587
       6.812557    -1.053909     0.557002
       6.814723    -1.050874     1.661621
      -3.300449     6.301023    -1.647019
      -3.301376     6.298320    -0.542372
      -3.301469     6.298131     0.558142
      -3.300718     6.300462     1.662788
      -2.219678     6.329648    -2.703581
      -2.196928     6.315705    -1.615172
      -2.200028     6.310755    -0.533178
      -2.200119     6.310581     0.548942
      -2.197195     6.315191     1.630937
      -2.220098     6.328809     2.719343
      -1.107780     6.335915    -2.710000
      -1.098601     6.323247    -1.620584
      -1.100036     6.318217    -0.534919
      -1.100126     6.318060     0.550623
      -1.098864     6.322778     1.636290
      -1.108193     6.335149     2.725709
       0.001436     6.338139    -2.711005
       0.001347     6.325605    -1.621379
       0.001253     6.320767    -0.535189
       0.001164     6.320627     0.550815
       0.001088     6.325186     1.637007
       0.001030     6.337450     2.726638
       1.110654     6.335819    -2.710086
       1.101295     6.323185    -1.620671
       1.102542     6.318192    -0.535004
       1.102452     6.318071     0.550543
       1.101038     6.322821     1.636214
       1.110251     6.335216     2.725637
       2.222555     6.329450    -2.703736
       2.199621     6.315579    -1.615334
       2.202531     6.310707    -0.533337
       2.202441     6.310608     0.548792
       2.199365     6.315282     1.630798
       2.222152     6.328949     2.719217
       3.303136     6.300837    -1.647225
       3.303877     6.298254    -0.542574
       3.303787     6.298180     0.557951
       3.302886     6.300607     1.662609
      -6.812279    -1.050630    -1.647883
      -6.810076    -1.054088    -0.543387
      -6.810042    -1.054340     0.557117
      -6.812157    -1.051519     1.661680
      -6.505947    -0.010136    -2.704398
      -6.485897     0.004343    -1.615885
      -6.482280    -0.001670    -0.533896
      -6.482211    -0.001953     0.548238
      -6.485708     0.003400     1.630254
      -6.505658    -0.011937     2.718777
      -6.168307     1.049206    -2.710551
      -6.153779     1.051814    -1.621124
      -6.149633     1.047637    -0.535465
      -6.149582     1.047345     0.550080
      -6.153641     1.050871     1.635757
      -6.168126     1.047487     2.725196
      -5.827542     2.104653    -2.711450
      -5.816062     2.098957    -1.621824
      -5.811744     2.096358    -0.535622
      -5.811727     2.096076     0.550406
      -5.816022     2.098065     1.636622
      -5.827513     2.103063     2.726265
      -5.482439     3.158675    -2.710467
      -5.473793     3.144439    -1.621045
      -5.468967     3.143257    -0.535337
      -5.468987     3.142993     0.550262
      -5.473857     3.143618     1.635982
      -5.482569     3.157223     2.725423
      -5.132667     4.214047    -2.704046
      -5.127161     4.186682    -1.615642
      -5.121995     4.187260    -0.533569
      -5.122047     4.187016     0.548654
      -5.127321     4.185932     1.630736
      -5.132954     4.212707     2.719171
      -4.772277     5.231631    -1.647424
      -4.770007     5.230968    -0.542681
      -4.770085     5.230737     0.557962
      -4.772509     5.230935     1.662706
      -0.903177    -6.676566    -2.716302
      -0.903860    -6.661541    -1.618263
      -0.904183    -6.657279    -0.524354
      -0.904988    -6.655752     0.572142
      -0.909731    -6.654927     1.676648
      -1.802009    -6.026379    -2.721703
      -1.797397    -6.011055    -1.625873
      -1.795946    -6.005103    -0.535445
      -1.797063    -6.003237     0.552788
      -1.799776    -6.000954     1.636990
      -1.791509    -6.043278     2.724345
      -2.699116    -5.380997    -2.723921
      -2.689372    -5.366912    -1.628863
      -2.686030    -5.361339    -0.539495
      -2.686950    -5.360045     0.548739
      -2.691378    -5.366166     1.637775
      -2.694137    -5.388583     2.732079
      -3.595010    -4.733054    -2.723243
      -3.579883    -4.722025    -1.628270
      -3.574718    -4.717446    -0.538746
      -3.575519    -4.716999     0.549803
      -3.580718    -4.722846     1.639370
      -3.592409    -4.737746     2.734111
      -4.490723    -4.081413    -2.720256
      -4.467312    -4.075187    -1.626185
      -4.461161    -4.071068    -0.537777
      -4.461731    -4.070985     0.549572
      -4.467707    -4.076315     1.638083
      -4.489142    -4.084799     2.732131
      -5.392348    -3.426045    -2.709655
      -5.348398    -3.425008    -1.621573
      -5.349010    -3.424571    -0.537157
      -5.349397    -3.424630     0.549462
      -5.348888    -3.426241     1.634076
      -5.391227    -3.428924     2.722138
      -6.244809    -2.781622    -1.652104
      -6.245075    -2.778362    -0.544902
      -6.245332    -2.778426     0.557425
      -6.245046    -2.782311     1.664740
       6.256502    -3.743817    -1.099200
       6.257583    -3.740429     0.006611
       6.257463    -3.743289     1.112416
       5.396837    -4.385818    -2.161915
       5.368831    -4.391832    -1.074020
       5.370374    -4.386973     0.006494
       5.370081    -4.391317     1.087020
       5.397758    -4.385687     2.175006
       4.498760    -5.039796    -2.167255
       4.484937    -5.035728    -1.078323
       4.484882    -5.032000     0.006325
       4.486685    -5.035218     1.090992
       4.499904    -5.039753     2.180094
       3.601691    -5.691201    -2.167585
       3.598960    -5.678590    -1.078709
       3.597704    -5.676184     0.006092
       3.601442    -5.678148     1.090856
       3.603203    -5.691175     2.180015
       2.701142    -6.342779    -2.164787
       2.712612    -6.319232    -1.076107
       2.710321    -6.318434     0.005435
       2.715800    -6.319022     1.086643
       2.703472    -6.342908     2.174904
       1.824632    -6.965523    -1.091636
       1.822896    -6.963393     0.014132
       1.826045    -6.962924     1.119568
      -1.814436    -6.979597    -2.167803
      -1.817763    -6.966752    -1.071041
      -1.818037    -6.963507     0.024499
      -1.821353    -6.962960     1.126426
      -2.709220    -6.333047    -2.170682
      -2.706063    -6.322898    -1.081991
      -2.706353    -6.319661     0.002100
      -2.711594    -6.319779     1.084626
      -2.699563    -6.343432     2.173294
      -3.604170    -5.686671    -2.169576
      -3.594434    -5.680487    -1.080478
      -3.594462    -5.677180     0.004850
      -3.597954    -5.679018     1.089869
      -3.599808    -5.691905     2.179113
      -4.499211    -5.037095    -2.168366
      -4.481496    -5.036577    -1.079384
      -4.481916    -5.032671     0.005465
      -4.483582    -5.036023     1.090251
      -4.496810    -5.040555     2.179405
      -5.396490    -4.383742    -2.162675
      -5.365853    -4.392173    -1.074843
      -5.367531    -4.387466     0.005774
      -5.367163    -4.392047     1.086376
      -5.394817    -4.386524     2.174408
      -6.253706    -3.744031    -1.099870
      -6.254810    -3.740881     0.006006
      -6.254641    -3.744002     1.111844