
      -0.205324     0.066698    -0.550697
      -0.205324     0.066698     0.550697
      -0.205030    -0.860630     0.000000
       0.677052    -0.219937    -0.000000
       0.339882     0.816823    -0.000000
      -0.750577     0.816859     0.000000
      -1.087338    -0.219823     0.000000
      -0.205326    -0.860767    -1.101159
       0.676955    -0.219906    -1.101152
       0.339723     0.817107    -1.101159
      -0.750937     0.817105    -1.101158
      -1.087774    -0.219811    -1.101158
      -0.205787     0.066848    -1.651966
      -0.205123    -1.790510    -0.550225
       1.561898    -0.507375    -0.550324
       0.886274     1.569240    -0.550225
      -1.297483     1.569147    -0.550181
      -1.971939    -0.507093    -0.550181
      -0.205326    -0.860767     1.101159
      -0.206133    -0.861172    -2.202041
       0.676955    -0.219906     1.101152
       0.676748    -0.219839    -2.202071
       0.339723     0.817107     1.101159
       0.339308     0.817909    -2.202041
      -0.750937     0.817105     1.101158
      -0.751952     0.817814    -2.201984
      -1.087774    -0.219810     1.101158
      -1.089012    -0.219787    -2.201984
       0.681569    -1.153239     0.550493
       0.681442    -1.153799    -1.651284
       0.681569    -1.153239    -0.550493
       1.229186     0.532540     0.550493
       1.229412     0.533067    -1.651284
       1.229186     0.532540    -0.550493
      -0.205610     1.574473     0.550408
      -0.206138     1.575634    -1.651003
      -0.205610     1.574473    -0.550408
      -1.639793     0.532678     0.550365
      -1.641137     0.533114    -1.650868
      -1.639793     0.532678    -0.550365
      -1.091639    -1.153070     0.550408
      -1.092748    -1.153698    -1.651003
      -1.091639    -1.153070    -0.550408
      -0.205123    -1.790510     0.550225
      -0.205806    -1.791357    -1.650517
       1.561898    -0.507375     0.550324
       1.562141    -0.507454    -1.650756
       0.886275     1.569240     0.550225
       0.886221     1.570327    -1.650517
      -1.297483     1.569147     0.550181
      -1.298520     1.570122    -1.650332
      -1.971939    -0.507093     0.550181
      -1.973352    -0.507273    -1.650332
      -0.205787     0.066848     1.651966
      -0.206614     0.067117    -2.753027
      -0.205665    -2.722885    -1.098905
      -0.205259    -2.722201     0.000000
       2.449038    -0.795557    -1.099574
       2.448598    -0.795414    -0.000000
       1.433771     2.323940    -1.098905
       1.433698     2.323148    -0.000000
      -1.845938     2.323563    -1.098649
      -1.845249     2.322827     0.000000
      -2.859045    -0.795175    -1.098649
      -2.858054    -0.794985     0.000000
      -0.206133    -0.861171     2.202042
      -0.207262    -0.861939    -3.302646
      -0.205805    -1.791357     1.650517
      -0.206976    -1.793051    -2.750375
       0.676748    -0.219838     2.202071
       0.676675    -0.219815    -3.302757
       1.562141    -0.507453     1.650755
       1.562836    -0.507680    -2.750700
       0.339308     0.817909     2.202041
       0.338845     0.819193    -3.302646
       0.886221     1.570327     1.650517
       0.886269     1.572384    -2.750375
      -0.751952     0.817814     2.201984
      -0.753508     0.818983    -3.302466
      -1.298520     1.570122     1.650332
      -1.300441     1.571981    -2.749970
      -1.089012    -0.219787     2.201984
      -1.090958    -0.219819    -3.302466
      -1.973351    -0.507273     1.650333
      -1.975998    -0.507648    -2.749970
       0.681442    -1.153799     1.651284
       0.681330    -1.154951    -2.751586
       1.229413     0.533067     1.651284
       1.229998     0.534065    -2.751585
      -0.206138     1.575634     1.651003
      -0.207052     1.577814    -2.751076
      -1.641137     0.533114     1.650868
      -1.643635     0.533926    -2.750839
      -1.092748    -1.153698     1.651003
      -1.094768    -1.154926    -2.751076
       1.569512    -1.444571     1.100243
       1.570199    -1.445875    -2.199895
       1.569512    -1.444571    -1.100243
       1.569287    -1.444157    -0.000000
       0.684003    -2.087437     1.100086
       0.683907    -2.089340    -2.199712
       0.684003    -2.087437    -1.100086
       0.684041    -2.086831     0.000000
       1.780161     1.286966     1.100086
       1.781202     1.288561    -2.199712
       1.780161     1.286966    -1.100086
       1.779836     1.286453    -0.000000
       2.118826     0.246434     1.100243
       2.120149     0.247084    -2.199895
       2.118826     0.246434    -1.100243
       2.118401     0.246231    -0.000000
      -0.752940     2.332218     1.099648
      -0.754119     2.334927    -2.198846
      -0.752940     2.332218    -1.099648
      -0.752535     2.331244    -0.000000
       0.340888     2.332331     1.099703
       0.340519     2.335099    -2.198980
       0.340888     2.332331    -1.099703
       0.341060     2.331339    -0.000000
      -2.529676     0.246811     1.099545
      -2.532702     0.247281    -2.198647
      -2.529677     0.246811    -1.099545
      -2.528597     0.246616     0.000000
      -2.191798     1.286934     1.099545
      -2.194522     1.288332    -2.198647
      -2.191798     1.286934    -1.099545
      -2.190810     1.286457     0.000000
      -1.094844    -2.087413     1.099703
      -1.096769    -2.089437    -2.198980
      -1.094844    -2.087413    -1.099703
      -1.094122    -2.086712     0.000000
      -1.979790    -1.444506     1.099648
      -1.982336    -1.446006    -2.198846
      -1.979790    -1.444506    -1.099648
      -1.978890    -1.443956     0.000000
      -0.205665    -2.722885     1.098905
      -0.206740    -2.725172    -2.197765
       2.449039    -0.795557     1.099574
       2.450381    -0.795993    -2.198568
       1.433771     2.323940     1.098905
       1.434245     2.326422    -2.197765
      -1.845938     2.323563     1.098649
      -1.848013     2.325841    -2.197210
      -2.859045    -0.795175     1.098650
      -2.862062    -0.795798    -2.197210
      -0.206614     0.067117     2.753027
      -0.207654     0.067454    -3.854169
      -0.206352    -3.657966    -1.644917
      -0.205576    -3.656471    -0.548190
      -0.205576    -3.656471     0.548190
       3.339071    -1.084679    -1.646785
       3.337354    -1.084121    -0.549016
       3.337354    -1.084121     0.549016
       1.982740     3.080915    -1.644918
       1.982489     3.079249    -0.548190
       1.982489     3.079249     0.548190
      -2.395993     3.080208    -1.644350
      -2.394589     3.078652    -0.547980
      -2.394589     3.078652     0.547980
      -3.748755    -1.084119    -1.644350
      -3.746704    -1.083686    -0.547980
      -3.746704    -1.083686     0.547980
      -0.207262    -0.861939     3.302647
      -0.208519    -0.863407    -4.403467
      -0.206975    -1.793051     2.750375
      -0.208368    -1.795947    -3.849943
      -0.206739    -2.725172     2.197765
      -0.208210    -2.729304    -3.296198
       0.676675    -0.219815     3.302757
       0.677164    -0.219974    -4.403710
       1.562837    -0.507679     2.750700
       1.564466    -0.508209    -3.850417
       2.450381    -0.795993     2.198568
       2.452951    -0.796828    -3.296991
       0.338845     0.819194     3.302646
       0.338691     0.821120    -4.403467
       0.886269     1.572385     2.750374
       0.886844     1.575546    -3.849942
       1.434245     2.326422     2.197765
       1.435483     2.330629    -3.296198
      -0.753508     0.818983     3.302466
      -0.755627     0.820809    -4.403095
      -1.300441     1.571981     2.749970
      -1.303269     1.574931    -3.849227
      -1.848013     2.325841     2.197210
      -1.851427     2.329752    -3.295252
      -1.090958    -0.219819     3.302466
      -1.093745    -0.220052    -4.403095
      -1.975998    -0.507648     2.749970
      -1.980019    -0.508373    -3.849227
      -2.862062    -0.795798     2.197210
      -2.867122    -0.796957    -3.295252
       0.681330    -1.154950     2.751586
       0.681516    -1.156835    -3.851441
       1.229998     0.534065     2.751585
       1.231256     0.535480    -3.851441
      -0.207051     1.577814     2.751076
      -0.208153     1.581050    -3.850617
      -1.643634     0.533926     2.750839
      -1.647240     0.535097    -3.850272
      -1.094768    -1.154925     2.751076
      -1.097561    -1.156898    -3.850617
       1.570200    -1.445875     2.199895
       1.571544    -1.448159    -3.298705
       0.683908    -2.089340     2.199713
       0.683942    -2.092734    -3.298522
       1.781202     1.288562     2.199712
       1.783224     1.291287    -3.298522
       2.120149     0.247084     2.199895
       2.122578     0.248142    -3.298705
      -0.754118     2.334927     2.198846
      -0.755963     2.339327    -3.297172
       0.340520     2.335099     2.198979
       0.340253     2.339580    -3.297418
      -2.532702     0.247281     2.198648
      -2.537581     0.247917    -3.296893
      -2.194522     1.288332     2.198647
      -2.198843     1.290684    -3.296893
      -1.096769    -2.089437     2.198980
      -1.099618    -2.092906    -3.297418
      -1.982336    -1.446006     2.198846
      -1.986414    -1.448482    -3.297172
       2.459628    -1.736205     1.648207
       2.461916    -1.738721    -2.745880
       2.459628    -1.736205    -1.648207
       2.458464    -1.734918    -0.549542
       2.458464    -1.734918     0.549542
       1.574698    -2.382775     1.648732
       1.575963    -2.386514    -2.746658
       1.574698    -2.382775    -1.648732
       1.573986    -2.380991    -0.549726
       1.573986    -2.380991     0.549726
       0.685728    -3.023716     1.647649
       0.685746    -3.028144    -2.745375
       0.685727    -3.023716    -1.647649
       0.685554    -3.021862    -0.549245
       0.685554    -3.021862     0.549245
       2.331785     2.043492     1.647648
       2.334401     2.047064    -2.745375
       2.331785     2.043492    -1.647649
       2.330555     2.042094    -0.549246
       2.330555     2.042094     0.549245
       2.674382     1.002483     1.648732
       2.677603     1.004765    -2.746658
       2.674382     1.002483    -1.648733
       2.672758     1.001458    -0.549726
       2.672758     1.001458     0.549726
       3.010403    -0.040705     1.648207
       3.013733    -0.040015    -2.745880
       3.010403    -0.040705    -1.648208
       3.008704    -0.041062    -0.549542
       3.008705    -0.041062     0.549541
      -1.301692     3.091746     1.646531
      -1.304060     3.096925    -2.743634
      -1.301692     3.091746    -1.646531
      -1.300743     3.089163    -0.548811
      -1.300743     3.089163     0.548810
      -0.206524     3.095757     1.647279
      -0.207491     3.101271    -2.744549
      -0.206524     3.095756    -1.647279
      -0.205960     3.092835    -0.549129
      -0.205960     3.092835     0.549128
       0.888597     3.092098     1.646737
       0.888986     3.097394    -2.744014
       0.888597     3.092098    -1.646737
       0.888795     3.089455    -0.548878
       0.888795     3.089456     0.548878
      -3.421672    -0.039901     1.646392
      -3.427395    -0.039719    -2.743422
      -3.421672    -0.039902    -1.646391
      -3.418887    -0.040288    -0.548763
      -3.418887    -0.040288     0.548764
      -3.087057     1.002814     1.647048
      -3.092538     1.004594    -2.744177
      -3.087057     1.002814    -1.647047
      -3.084142     1.001867    -0.549050
      -3.084142     1.001867     0.549051
      -2.745014     2.043117     1.646392
      -2.749752     2.046332    -2.743422
      -2.745014     2.043117    -1.646392
      -2.742533     2.041793    -0.548763
      -2.742533     2.041793     0.548764
      -1.098191    -3.024014     1.646737
      -1.100989    -3.028528    -2.744014
      -1.098191    -3.024014    -1.646737
      -1.096478    -3.021992    -0.548878
      -1.096478    -3.021992     0.548878
      -1.986400    -2.383398     1.647279
      -1.990423    -2.387292    -2.744549
      -1.986400    -2.383398    -1.647279
      -1.984227    -2.381366    -0.549128
      -1.984227    -2.381366     0.549129
      -2.870140    -1.736549     1.646531
      -2.875099    -1.739349    -2.743634
      -2.870140    -1.736549    -1.646531
      -2.867854    -1.735017    -0.548810
      -2.867854    -1.735017     0.548811
      -0.206352    -3.657966     1.644918
      -0.207847    -3.662754    -2.742477
       3.339071    -1.084679     1.646785
       3.342447    -1.085776    -2.744011
       1.982740     3.080915     1.644917
       1.984343     3.085667    -2.742477
      -2.395993     3.080208     1.644350
      -2.399669     3.084630    -2.741480
      -3.748754    -1.084119     1.644350
      -3.754327    -1.085537    -2.741480
      -0.207653     0.067455     3.854169
      -0.208782     0.067821    -4.956163
      -0.207026    -4.595473    -2.187902
      -0.205622    -4.593909    -1.093451
      -0.205275    -4.593744     0.000000
      -0.205621    -4.593909     1.093451
       4.232830    -1.375012    -2.191519
       4.229078    -1.373793    -1.095542
       4.227951    -1.373427    -0.000000
       4.229078    -1.373793     1.095542
       2.533144     3.839845    -2.187902
       2.533361     3.837754    -1.093451
       2.533545     3.837417    -0.000000
       2.533362     3.837754     1.093451
      -2.947495     3.838861    -2.187036
      -2.945819     3.837058    -1.093057
      -2.945408     3.836696     0.000000
      -2.945819     3.837058     1.093057
      -4.640815    -1.373839    -2.187036
      -4.638399    -1.373365    -1.093057
      -4.637854    -1.373313     0.000000
      -4.638399    -1.373365     1.093057
      -0.208519    -0.863406     4.403467
      -0.209731    -0.866440    -5.506548
      -0.208368    -1.795947     3.849943
      -0.209692    -1.801021    -4.950820
      -0.208210    -2.729304     3.296198
      -0.209674    -2.736329    -4.395169
      -0.207847    -3.662754     2.742477
      -0.209536    -3.671731    -3.840299
       0.677164    -0.219973     4.403710
       0.679098    -0.220602    -5.506987
       1.564466    -0.508209     3.850417
       1.568044    -0.509371    -4.951637
       2.452952    -0.796828     3.296990
       2.457858    -0.798422    -4.396333
       3.342447    -1.085776     2.744011
       3.348478    -1.087735    -3.841818
       0.338691     0.821120     4.403467
       0.339493     0.824286    -5.506548
       0.886845     1.575546     3.849942
       0.888755     1.580430    -4.950820
       1.435484     2.330630     3.296198
       1.438428     2.337173    -4.395169
       1.984344     3.085667     2.742477
       1.988252     3.093922    -3.840299
      -0.755626     0.820809     4.403095
      -0.758663     0.823924    -5.505945
      -1.303268     1.574931     3.849227
      -1.307407     1.579689    -4.949741
      -1.851426     2.329752     3.295252
      -1.856614     2.336072    -4.393752
      -2.399669     3.084630     2.741480
      -2.405941     3.092553    -3.838723
      -1.093744    -0.220051     4.403095
      -1.098032    -0.220788    -5.505945
      -1.980019    -0.508373     3.849227
      -1.986164    -0.509791    -4.949741
      -2.867122    -0.796957     3.295252
      -2.875034    -0.799022    -4.393752
      -3.754327    -1.085537     2.741480
      -3.764058    -1.088262    -3.838723
       0.681517    -1.156835     3.851441
       0.682524    -1.159828    -4.951937
       1.231257     0.535480     3.851441
       1.233831     0.537309    -4.951937
      -0.208152     1.581051     3.850617
      -0.209253     1.585714    -4.950690
      -1.647240     0.535097     3.850273
      -1.652221     0.536715    -4.950257
      -1.097561    -1.156897     3.850617
      -1.101193    -1.160024    -4.950690
       1.571544    -1.448159     3.298705
       1.574213    -1.451630    -4.397475
       0.683942    -2.092734     3.298522
       0.684632    -2.097985    -4.397151
       1.783224     1.291287     3.298521
       1.786868     1.295130    -4.397150
       2.122579     0.248142     3.298705
       2.126778     0.249381    -4.397475
      -0.755963     2.339327     3.297172
      -0.758390     2.345697    -4.395233
       0.340253     2.339580     3.297418
       0.340481     2.346021    -4.395616
      -2.537580     0.247917     3.296894
      -2.544528     0.248659    -4.394905
      -2.198843     1.290685     3.296893
      -2.204900     1.294167    -4.394905
      -1.099617    -2.092905     3.297419
      -1.103218    -2.098252    -4.395616
      -1.986413    -1.448482     3.297172
      -1.992120    -1.452209    -4.395233
       2.461917    -1.738721     2.745880
       2.465944    -1.742518    -3.843074
       1.575963    -2.386514     2.746658
       1.578263    -2.392326    -3.843882
       0.685746    -3.028143     2.745375
       0.686037    -3.035615    -3.842362
       2.334402     2.047064     2.745374
       2.339028     2.052938    -3.842362
       2.677603     1.004765     2.746658
       2.682879     1.008115    -3.843882
       3.013733    -0.040014     2.745879
       3.019223    -0.039309    -3.843074
      -1.304059     3.096925     2.743634
      -1.307892     3.104902    -3.839940
      -0.207490     3.101272     2.744549
      -0.208585     3.109364    -3.841049
       0.888986     3.097394     2.744014
       0.890580     3.105511    -3.840541
      -3.427395    -0.039718     2.743422
      -3.436246    -0.039955    -3.839690
      -3.092538     1.004595     2.744177
      -3.100505     1.007183    -3.840566
      -2.749752     2.046332     2.743422
      -2.756775     2.051724    -3.839690
      -1.100989    -3.028527     2.744015
      -1.104469    -3.036032    -3.840541
      -1.990423    -2.387292     2.744550
      -1.996064    -2.393197    -3.841049
      -2.875099    -1.739348     2.743634
      -2.882887    -1.743550    -3.839940
       3.352789    -2.029033     2.193451
       3.358004    -2.032981    -3.289326
       3.352788    -2.029033    -2.193452
       3.349968    -2.026490    -1.096983
       3.349070    -2.025515    -0.000000
       3.349968    -2.026490     1.096983
       2.467910    -2.678842     2.194815
       2.471703    -2.684956    -3.290707
       2.467910    -2.678842    -2.194815
       2.465622    -2.675002    -1.097901
       2.464747    -2.673642    -0.000000
       2.465622    -2.675002     1.097901
       1.579285    -3.323914     2.194568
       1.581178    -3.332031    -3.290279
       1.579285    -3.323914    -2.194567
       1.577729    -3.319344    -1.097699
       1.576954    -3.317899     0.000000
       1.577729    -3.319344     1.097699
       0.687651    -3.963173     2.192161
       0.687416    -3.972629    -3.287962
       0.687651    -3.963173    -2.192161
       0.687121    -3.959157    -1.095835
       0.686664    -3.958555     0.000000
       0.687121    -3.959157     1.095835
       2.885437     2.802474     2.192160
       2.890804     2.810262    -3.287962
       2.885437     2.802473    -2.192161
       2.882648     2.799536    -1.095835
       2.881925     2.799317    -0.000000
       2.882649     2.799536     1.095835
       3.231179     1.761260     2.194567
       3.237480     1.766715    -3.290278
       3.231178     1.761260    -2.194567
       3.227234     1.758477    -1.097699
       3.225758     1.757763    -0.000000
       3.227234     1.758477     1.097698
       3.571069     0.717112     2.194814
       3.577731     0.719830    -3.290707
       3.571069     0.717112    -2.194815
       3.566961     0.715350    -1.097901
       3.565454     0.714764    -0.000000
       3.566961     0.715350     1.097901
       3.905144    -0.328667     2.193451
       3.911684    -0.328538    -3.289326
       3.905144    -0.328667    -2.193451
       3.901367    -0.329067    -1.096983
       3.900068    -0.329328    -0.000000
       3.901367    -0.329067     1.096982
      -1.852144     3.854029     2.190244
      -1.857349     3.863529    -3.285199
      -1.852145     3.854029    -2.190244
      -1.850301     3.849022    -1.094744
      -1.850104     3.847933    -0.000000
      -1.850301     3.849022     1.094744
      -0.755661     3.861786     2.191682
      -0.758222     3.871322    -3.286627
      -0.755661     3.861786    -2.191683
      -0.754351     3.855850    -1.095832
      -0.754024     3.854008    -0.000000
      -0.754351     3.855850     1.095832
       0.341455     3.861989     2.191802
       0.341821     3.871590    -3.286813
       0.341454     3.861989    -2.191803
       0.341826     3.856009    -1.095893
       0.342118     3.854150    -0.000000
       0.341826     3.856009     1.095893
       1.437881     3.854636     2.190676
       1.440724     3.864345    -3.285868
       1.437881     3.854636    -2.190676
       1.437812     3.849501    -1.094978
       1.438246     3.848364    -0.000000
       1.437812     3.849501     1.094977
      -4.316781    -0.327424     2.190095
      -4.327454    -0.328614    -3.285006
      -4.316782    -0.327424    -2.190094
      -4.311427    -0.327864    -1.094669
      -4.310316    -0.328259     0.000000
      -4.311427    -0.327864     1.094669
      -3.985280     0.717794     2.191437
      -3.995017     0.719282    -3.286300
      -3.985280     0.717794    -2.191437
      -3.979322     0.716447    -1.095703
      -3.977500     0.715905     0.000000
      -3.979322     0.716447     1.095703
      -3.646306     1.761287     2.191437
      -3.655059     1.765805    -3.286300
      -3.646306     1.761287    -2.191437
      -3.640695     1.758875    -1.095703
      -3.638901     1.758243     0.000000
      -3.640695     1.758876     1.095703
      -3.300274     2.801785     2.190094
      -3.308209     2.809019    -3.285006
      -3.300274     2.801784    -2.190094
      -3.295683     2.798994    -1.094669
      -3.294551     2.798660     0.000000
      -3.295683     2.798994     1.094669
      -1.101892    -3.963781     2.190677
      -1.105298    -3.973308    -3.285868
      -1.101892    -3.963782    -2.190676
      -1.098931    -3.959586    -1.094977
      -1.097911    -3.958922     0.000000
      -1.098931    -3.959586     1.094978
      -1.993329    -3.325388     2.191803
      -1.998674    -3.333371    -3.286813
      -1.993329    -3.325388    -2.191802
      -1.989514    -3.320767    -1.095893
      -1.988185    -3.319435     0.000000
      -1.989514    -3.320767     1.095894
      -2.880882    -2.680475     2.191683
      -2.888558    -2.686686    -3.286627
      -2.880882    -2.680475    -2.191683
      -2.876334    -2.676442    -1.095832
      -2.874986    -2.675144     0.000000
      -2.876333    -2.676442     1.095832
      -3.763484    -2.029822     2.190245
      -3.773278    -2.034451    -3.285198
      -3.763484    -2.029822    -2.190244
      -3.759050    -2.026854    -1.094743
      -3.758252    -2.026089     0.000000
      -3.759050    -2.026854     1.094744
      -0.207026    -4.595473     2.187903
       4.232830    -1.375012     2.191518
       2.533145     3.839845     2.187902
      -2.947494     3.838861     2.187036
      -4.640814    -1.373839     2.187036
       4.244397    -2.319567    -1.641504
       4.242418    -2.317479    -0.547036
       4.242418    -2.317479     0.547036
       4.244397    -2.319567     1.641504
       3.365152    -2.976721    -2.738064
       3.359804    -2.970560    -1.643295
       3.357230    -2.967064    -0.547753
       3.357230    -2.967064     0.547753
       3.359804    -2.970560     1.643295
       2.476138    -3.626231    -2.738270
       2.472335    -3.617837    -1.643720
       2.469726    -3.613469    -0.548021
       2.469726    -3.613469     0.548021
       2.472336    -3.617837     1.643720
       1.584121    -4.270906    -2.736964
       1.582287    -4.260747    -1.642466
       1.580199    -4.256761    -0.547319
       1.580199    -4.256761     0.547319
       1.582287    -4.260747     1.642467
       0.689490    -4.898844    -1.638531
       0.688718    -4.898586    -0.546094
       0.688718    -4.898586     0.546095
       0.689490    -4.898844     1.638531
       3.436796     3.558442    -1.638531
       3.436020     3.558686    -0.546095
       3.436020     3.558686     0.546094
       3.436796     3.558442     1.638531
       3.791616     2.524626    -2.736964
       3.784162     2.517484    -1.642467
       3.780130     2.515487    -0.547319
       3.780130     2.515487     0.547318
       3.784162     2.517484     1.642466
       4.134483     1.478806    -2.738270
       4.126474     1.474249    -1.643720
       4.121796     1.472249    -0.548021
       4.121796     1.472249     0.548020
       4.126475     1.474249     1.643720
       4.472081     0.430838    -2.738064
       4.464133     0.428996    -1.643295
       4.459996     0.427680    -0.547753
       4.459996     0.427680     0.547753
       4.464133     0.428996     1.643294
       4.797282    -0.617573    -1.641504
       4.794454    -0.618099    -0.547036
       4.794454    -0.618099     0.547036
       4.797282    -0.617572     1.641503
      -2.401170     4.611278    -1.636873
      -2.401127     4.609537    -0.545632
      -2.401127     4.609538     0.545632
      -2.401169     4.611278     1.636873
      -1.307965     4.632586    -2.732406
      -1.304378     4.621815    -1.638957
      -1.303499     4.617526    -0.546185
      -1.303499     4.617526     0.546185
      -1.304377     4.621815     1.638957
      -0.207739     4.636006    -2.733240
      -0.206673     4.625386    -1.639566
      -0.206013     4.620778    -0.546402
      -0.206013     4.620778     0.546401
      -0.206673     4.625387     1.639566
       0.892433     4.633052    -2.732650
       0.891073     4.622118    -1.639123
       0.891562     4.617717    -0.546244
       0.891562     4.617717     0.546243
       0.891073     4.622118     1.639123
       1.987999     4.611862    -1.637338
       1.989524     4.609840    -0.545806
       1.989524     4.609840     0.545806
       1.987999     4.611862     1.637337
      -5.206645    -0.615925    -1.636790
      -5.204943    -0.616899    -0.545599
      -5.204943    -0.616899     0.545600
      -5.206645    -0.615924     1.636791
      -4.888959     0.431180    -2.732192
      -4.877765     0.430407    -1.638815
      -4.873499     0.429377    -0.546132
      -4.873499     0.429377     0.546133
      -4.877765     0.430407     1.638815
      -4.552048     1.478709    -2.732948
      -4.541922     1.475420    -1.639371
      -4.537512     1.473987    -0.546331
      -4.537512     1.473987     0.546332
      -4.541922     1.475420     1.639371
      -4.209033     2.524256    -2.732192
      -4.199522     2.518303    -1.638815
      -4.195466     2.516629    -0.546133
      -4.195466     2.516629     0.546133
      -4.199522     2.518303     1.638815
      -3.850714     3.558161    -1.636790
      -3.848765     3.557949    -0.545600
      -3.848764     3.557949     0.545600
      -3.850714     3.558161     1.636791
      -1.101797    -4.899742    -1.637337
      -1.099375    -4.899002    -0.545806
      -1.099375    -4.899002     0.545806
      -1.101797    -4.899742     1.637338
      -2.000669    -4.273049    -2.732650
      -1.995344    -4.263403    -1.639123
      -1.992362    -4.260129    -0.546243
      -1.992362    -4.260129     0.546244
      -1.995343    -4.263402     1.639124
      -2.892550    -3.628894    -2.733240
      -2.885447    -3.620929    -1.639566
      -2.882205    -3.617588    -0.546401
      -2.882205    -3.617588     0.546402
      -2.885447    -3.620928     1.639567
      -3.780730    -2.979551    -2.732406
      -3.771497    -2.972944    -1.638957
      -3.768266    -2.969990    -0.546184
      -3.768266    -2.969990     0.546185
      -3.771497    -2.972944     1.638957
      -4.652716    -2.319861    -1.636873
      -4.651659    -2.318477    -0.545632
      -4.651659    -2.318477     0.545633
      -4.652716    -2.319861     1.636874
      -0.209135    -4.605666    -3.286212
       4.239887    -1.377304    -3.288206
       2.537428     3.849331    -3.286212
      -2.954482     3.847844    -3.284630
      -4.651747    -1.377001    -3.284630
      -0.209909     0.068187    -6.060915
      -0.208533    -5.534441    -2.730833
      -0.205918    -5.535457    -1.637945
      -0.204083    -5.535718    -0.546242
      -0.204082    -5.535718     0.546243
       5.132080    -1.667128    -2.735051
       5.124669    -1.664721    -1.639130
       5.122739    -1.664094    -0.545989
       5.122739    -1.664094     0.545989
       3.083732     4.600446    -2.730834
       3.086446     4.599731    -1.637945
       3.088085     4.598865    -0.546243
       3.088085     4.598865     0.546242
      -3.500044     4.598939    -2.729313
      -3.499694     4.599072    -1.637496
      -3.498965     4.598493    -0.546173
      -3.498965     4.598493     0.546173
      -5.534560    -1.664095    -2.729312
      -5.534355    -1.664408    -1.637495
      -5.533425    -1.664368    -0.546173
      -5.533425    -1.664368     0.546174
      -0.210791    -0.867287    -6.627094
      -0.210779    -1.810544    -6.063038
      -0.210852    -2.750290    -5.503459
      -0.210875    -3.689865    -4.945389
      -0.210718    -4.630880    -4.387367
       0.678815    -0.220510    -6.627850
       1.575832    -0.511901    -6.064423
       2.469161    -0.802094    -5.505663
       3.361930    -1.092105    -4.948819
       4.255413    -1.382348    -4.392931
       0.339133     0.825594    -6.627094
       0.893472     1.588773    -6.063038
       1.445679     2.349162    -5.503458
       1.997825     3.109381    -4.945389
       2.550964     3.870661    -4.387367
      -0.760285     0.825161    -6.626313
      -1.314088     1.587997    -6.061646
      -1.865831     2.347969    -5.501615
      -2.417534     3.107816    -4.943265
      -2.970200     3.868885    -4.385122
      -1.100072    -0.220835    -6.626313
      -1.996452    -0.512586    -6.061646
      -2.889483    -0.803231    -5.501615
      -3.782408    -1.093798    -4.943265
      -4.676830    -1.384788    -4.385121
       0.685720    -1.165471    -6.060345
       1.239733     0.539996    -6.060345
      -0.210252     1.593631    -6.058653
      -1.660263     0.539327    -6.058184
      -1.106653    -1.165843    -6.058653
       1.580770    -1.458171    -5.502706
       0.687569    -2.107557    -5.502073
       1.794869     1.301148    -5.502073
       2.135928     0.250820    -5.502706
      -0.761793     2.356653    -5.499621
       0.341895     2.357028    -5.500126
      -2.556137     0.249817    -5.499293
      -2.214974     1.300052    -5.499293
      -1.108543    -2.107988    -5.500126
      -2.001312    -1.459074    -5.499622
       2.474728    -1.749336    -4.946131
       1.583992    -2.402172    -4.946684
       0.688297    -3.048475    -4.944621
       2.348413     2.062015    -4.944620
       2.693301     1.012714    -4.946684
       3.030336    -0.038956    -4.946131
      -1.313571     3.118131    -4.941592
      -0.209593     3.122542    -4.943075
       0.894235     3.118870    -4.942403
      -3.450664    -0.040362    -4.941349
      -3.113301     1.011339    -4.942537
      -2.768201     2.060527    -4.941349
      -1.109362    -3.048989    -4.942403
      -2.004624    -2.403267    -4.943075
      -2.895256    -1.750916    -4.941592
       3.368651    -2.040033    -4.390444
       2.479541    -2.694825    -4.391786
       1.585761    -3.345062    -4.390874
       0.688630    -3.989768    -4.387389
       2.901858     2.823416    -4.387389
       3.248846     1.774564    -4.390874
       3.589873     0.723208    -4.391785
       3.924443    -0.329090    -4.390444
      -1.866059     3.879657    -4.383971
      -0.761685     3.886352    -4.386436
       0.343207     3.886694    -4.386691
       1.447296     3.880682    -4.384917
      -4.345511    -0.331115    -4.383785
      -4.010265     0.721576    -4.386079
      -3.668745     1.772910    -4.386079
      -3.321349     2.821654    -4.383785
      -1.109581    -3.990389    -4.384917
      -2.006429    -3.346407    -4.386691
      -2.900193    -2.696812    -4.386436
      -3.789804    -2.042381    -4.383971
       4.263345    -2.330963    -3.835399
       4.250347    -2.323353    -2.736424
       3.375293    -2.986819    -3.837174
       2.482771    -3.639316    -3.837370
       1.586884    -4.288402    -3.834840
       0.688763    -4.933131    -3.829148
       0.689744    -4.908141    -2.733691
       3.456357     3.586609    -3.829148
       3.442465     3.565813    -2.733691
       3.804132     2.537159    -3.834840
       4.147540     1.485495    -3.837370
       4.486220     0.433049    -3.837174
       4.819309    -0.619489    -3.835399
       4.804321    -0.618007    -2.736423
      -2.420218     4.642611    -3.825479
      -2.405654     4.621433    -2.730625
      -1.314758     4.650093    -3.829664
      -0.208810     4.653011    -3.831081
       0.897011     4.650712    -3.830003
       2.002082     4.643773    -3.826429
       1.989939     4.622364    -2.731266
      -5.242279    -0.622874    -3.825337
      -5.217680    -0.616294    -2.730476
      -4.907535     0.430980    -3.829427
      -4.568235     1.483967    -3.830735
      -4.223946     2.535334    -3.829427
      -3.875462     3.584725    -3.825337
      -3.859425     3.564944    -2.730477
      -1.109156    -4.933837    -3.826429
      -1.106399    -4.909380    -2.731266
      -2.007344    -4.290028    -3.830003
      -2.903411    -3.642024    -3.831081
      -3.796515    -2.989724    -3.829664
      -4.686540    -2.334018    -3.825479
      -4.662311    -2.325442    -2.730625
       5.143518    -2.613109    -2.184227
       5.139211    -2.612146    -1.091143
       5.138723    -2.612456    -0.000000
       4.272303    -3.279342    -3.282348
       4.258232    -3.268297    -2.185956
       4.251922    -3.262967    -1.092232
       4.250948    -3.261409    -0.000000
       4.251922    -3.262967     1.092232
       3.380398    -3.932823    -3.283523
       3.370901    -3.919359    -2.186315
       3.365004    -3.911483    -1.093050
       3.362823    -3.908840    -0.000000
       3.365004    -3.911483     1.093050
       2.485276    -4.584150    -3.282506
       2.480606    -4.566438    -2.185653
       2.476632    -4.556602    -1.092599
       2.474677    -4.553914     0.000000
       2.476632    -4.556602     1.092599
       1.586789    -5.234297    -3.277753
       1.588209    -5.208056    -2.183186
       1.585894    -5.198152    -1.090306
       1.584721    -5.197760     0.000000
       1.585894    -5.198152     1.090306
       0.691676    -5.841438    -2.177563
       0.693410    -5.842905    -1.089706
       0.693850    -5.843305     0.000000
       3.992504     4.319806    -2.177564
       3.994769     4.319974    -1.089706
       3.995360     4.320040    -0.000000
       4.359935     3.302535    -3.277754
       4.345663     3.280469    -2.183186
       4.337970     3.273817    -1.090306
       4.336791     3.274188    -0.000000
       4.337970     3.273817     1.090305
       4.704823     2.248485    -3.282506
       4.690635     2.236898    -2.185653
       4.681640     2.231276    -1.092599
       4.678479     2.230251    -0.000000
       4.681640     2.231276     1.092598
       5.046295     1.195457    -3.283523
       5.030699     1.190145    -2.186315
       5.021298     1.187238    -1.093050
       5.017981     1.186382    -0.000000
       5.021299     1.187238     1.093050
       5.383897     0.142578    -3.282348
       5.366022     0.141911    -2.185956
       5.357783     0.141307    -1.092232
       5.356080     0.140618    -0.000000
       5.357784     0.141307     1.092231
       5.697265    -0.908461    -2.184227
       5.693214    -0.906708    -1.091143
       5.693001    -0.906170    -0.000000
      -2.953339     5.378622    -2.174610
      -2.953289     5.376623    -1.088681
      -2.953621     5.375328    -0.000000
      -1.870477     5.414935    -3.271762
      -1.857112     5.394388    -2.177229
      -1.854373     5.385979    -1.088151
      -1.854400     5.384236    -0.000000
      -1.854373     5.385979     1.088151
      -0.762182     5.419706    -3.274665
      -0.757621     5.400334    -2.179343
      -0.755781     5.392112    -1.089266
      -0.755528     5.390015    -0.000000
      -0.755781     5.392112     1.089266
       0.345362     5.419981    -3.274734
       0.343157     5.400502    -2.179386
       0.343451     5.392172    -1.089288
       0.343964     5.390037    -0.000000
       0.343451     5.392172     1.089288
       1.453528     5.415719    -3.272071
       1.442801     5.394839    -2.177428
       1.442321     5.386056    -1.088240
       1.443145     5.384184    -0.000000
       1.442321     5.386056     1.088239
       2.539520     5.379397    -2.175296
       2.541931     5.376452    -1.088913
       2.543043     5.374899    -0.000000
      -6.107127    -0.903635    -2.174535
      -6.105120    -0.904893    -1.088609
      -6.103974    -0.905878     0.000000
      -5.806716     0.138404    -3.271601
      -5.783275     0.143882    -2.177092
      -5.774576     0.143103    -1.088066
      -5.772984     0.142248     0.000000
      -5.774576     0.143103     1.088067
      -5.468560     1.194045    -3.274485
      -5.449095     1.191414    -2.179195
      -5.441008     1.189716    -1.089180
      -5.439045     1.188979     0.000000
      -5.441007     1.189716     1.089180
      -5.126304     2.247642    -3.274485
      -5.109009     2.238332    -2.179196
      -5.101467     2.234953    -1.089180
      -5.099446     2.234396     0.000000
      -5.101467     2.234953     1.089180
      -4.779530     3.300483    -3.271601
      -4.763783     3.282276    -2.177092
      -4.756287     3.277793    -1.088066
      -4.754497     3.277550     0.000000
      -4.756287     3.277793     1.088066
      -4.410210     4.320138    -2.174535
      -4.407846     4.319976    -1.088609
      -4.406341     4.320100     0.000000
      -1.106624    -5.844868    -2.175296
      -1.102943    -5.843901    -1.088913
      -1.101130    -5.843297     0.000000
      -2.006643    -5.236044    -3.272071
      -2.003052    -5.212846    -2.177428
      -1.998278    -5.205458    -1.088239
      -1.996512    -5.204427     0.000000
      -1.998278    -5.205458     1.088240
      -2.905761    -4.588251    -3.274734
      -2.896098    -4.571194    -2.179386
      -2.890965    -4.564626    -1.089288
      -2.889295    -4.563201     0.000000
      -2.890965    -4.564626     1.089289
      -3.801710    -3.937151    -3.274665
      -3.786635    -3.924157    -2.179343
      -3.780315    -3.918586    -1.089266
      -3.778877    -3.917038     0.000000
      -3.780314    -3.918585     1.089267
      -4.695624    -3.281972    -3.271762
      -4.672736    -3.273202    -2.177229
      -4.665577    -3.268007    -1.088151
      -4.664575    -3.266581     0.000000
      -4.665577    -3.268007     1.088151
      -5.550424    -2.616219    -2.174610
      -5.549209    -2.614631    -1.088681
      -5.548716    -2.613388     0.000000
      -0.208782     0.067821     4.956163
      -0.205917    -5.535457     1.637945
       5.124669    -1.664721     1.639130
       3.086447     4.599731     1.637945
      -3.499694     4.599072     1.637496
      -5.534355    -1.664408     1.637496
       5.139211    -2.612146     1.091143
       0.693410    -5.842905     1.089706
       3.994769     4.319974     1.089706
       5.693214    -0.906708     1.091143
      -2.953289     5.376623     1.088681
       2.541931     5.376452     1.088912
      -6.105119    -0.904893     1.088610
      -4.407846     4.319976     1.088610
      -1.102943    -5.843901     1.088913
      -5.549208    -2.614631     1.088681
      -0.209730    -0.866439     5.506548
      -0.209692    -1.801021     4.950821
      -0.209673    -2.736329     4.395169
      -0.209536    -3.671730     3.840300
       0.679098    -0.220602     5.506987
       1.568045    -0.509371     4.951636
       2.457859    -0.798422     4.396333
       3.348478    -1.087735     3.841818
       0.339493     0.824286     5.506548
       0.888756     1.580430     4.950820
       1.438428     2.337173     4.395168
       1.988252     3.093923     3.840299
      -0.758662     0.823925     5.505945
      -1.307406     1.579690     4.949741
      -1.856613     2.336072     4.393752
      -2.405941     3.092553     3.838723
      -1.098032    -0.220788     5.505945
      -1.986164    -0.509791     4.949741
      -2.875033    -0.799022     4.393752
      -3.764058    -1.088261     3.838724
       0.682525    -1.159827     4.951937
       1.233831     0.537309     4.951936
      -0.209253     1.585715     4.950690
      -1.652221     0.536715     4.950257
      -1.101192    -1.160024     4.950690
       1.574213    -1.451629     4.397475
       0.684633    -2.097985     4.397151
       1.786869     1.295130     4.397150
       2.126778     0.249382     4.397475
      -0.758389     2.345697     4.395233
       0.340482     2.346022     4.395616
      -2.544527     0.248659     4.394906
      -2.204899     1.294167     4.394905
      -1.103218    -2.098251     4.395617
      -1.992120    -1.452209     4.395233
       2.465944    -1.742518     3.843074
       1.578263    -2.392325     3.843882
       0.686037    -3.035615     3.842363
       2.339028     2.052938     3.842362
       2.682880     1.008116     3.843881
       3.019223    -0.039309     3.843074
      -1.307892     3.104902     3.839940
      -0.208585     3.109364     3.841049
       0.890581     3.105511     3.840540
      -3.436246    -0.039954     3.839690
      -3.100505     1.007183     3.840566
      -2.756774     2.051725     3.839690
      -1.104468    -3.036032     3.840541
      -1.996064    -2.393196     3.841050
      -2.882887    -1.743550     3.839940
       3.358004    -2.032981     3.289326
       2.471704    -2.684956     3.290707
       1.581179    -3.332031     3.290279
       0.687416    -3.972629     3.287962
       2.890804     2.810263     3.287961
       3.237481     1.766715     3.290278
       3.577732     0.719830     3.290706
       3.911684    -0.328537     3.289326
      -1.857348     3.863530     3.285199
      -0.758222     3.871322     3.286627
       0.341821     3.871590     3.286813
       1.440724     3.864345     3.285868
      -4.327453    -0.328614     3.285006
      -3.995017     0.719283     3.286301
      -3.655059     1.765805     3.286301
      -3.308209     2.809019     3.285006
      -1.105298    -3.973308     3.285869
      -1.998674    -3.333371     3.286813
      -2.888558    -2.686686     3.286628
      -3.773278    -2.034451     3.285199
       3.365152    -2.976721     2.738064
       2.476138    -3.626231     2.738270
       1.584121    -4.270906     2.736964
       3.791616     2.524626     2.736963
       4.134484     1.478806     2.738270
       4.472081     0.430839     2.738063
      -1.307965     4.632586     2.732406
      -0.207739     4.636006     2.733240
       0.892433     4.633052     2.732650
      -4.888958     0.431180     2.732192
      -4.552048     1.478709     2.732948
      -4.209033     2.524256     2.732192
      -2.000668    -4.273049     2.732651
      -2.892550    -3.628894     2.733241
      -3.780730    -2.979551     2.732407
      -0.209134    -4.605666     3.286212
       4.239887    -1.377304     3.288206
       2.537428     3.849331     3.286211
      -2.954481     3.847844     3.284630
      -4.651746    -1.377001     3.284630
       4.250347    -2.323353     2.736423
       0.689745    -4.908141     2.733691
       3.442466     3.565814     2.733691
       4.804321    -0.618007     2.736423
      -2.405653     4.621433     2.730625
       1.989940     4.622365     2.731266
      -5.217680    -0.616294     2.730477
      -3.859425     3.564945     2.730477
      -1.106399    -4.909379     2.731266
      -4.662311    -2.325442     2.730625
      -0.208533    -5.534441     2.730834
       5.132080    -1.667128     2.735051
       3.083733     4.600446     2.730833
      -3.500044     4.598939     2.729313
      -5.534559    -1.664095     2.729313
      -0.209908     0.068188     6.060915
       5.143518    -2.613109     2.184226
       4.258232    -3.268297     2.185956
       3.370901    -3.919359     2.186315
       2.480606    -4.566437     2.185653
       1.588209    -5.208056     2.183186
       0.691677    -5.841438     2.177564
       3.992504     4.319806     2.177563
       4.345663     3.280469     2.183186
       4.690636     2.236899     2.185652
       5.030699     1.190146     2.186314
       5.366022     0.141911     2.185955
       5.697265    -0.908460     2.184226
      -2.953339     5.378623     2.174610
      -1.857112     5.394388     2.177229
      -0.757621     5.400334     2.179343
       0.343158     5.400502     2.179386
       1.442801     5.394839     2.177427
       2.539521     5.379397     2.175295
      -6.107127    -0.903635     2.174535
      -5.783274     0.143882     2.177092
      -5.449095     1.191415     2.179196
      -5.109009     2.238332     2.179196
      -4.763783     3.282276     2.177092
      -4.410210     4.320138     2.174535
      -1.106624    -5.844867     2.175296
      -2.003051    -5.212846     2.177428
      -2.896098    -4.571194     2.179387
      -3.786635    -3.924157     2.179344
      -4.672735    -3.273201     2.177230
      -5.550424    -2.616219     2.174611
      -0.210790    -0.867286     6.627094
      -0.210778    -1.810544     6.063038
      -0.210852    -2.750290     5.503459
      -0.210874    -3.689864     4.945389
      -0.210717    -4.630880     4.387367
       0.678816    -0.220510     6.627850
       1.575833    -0.511901     6.064423
       2.469162    -0.802094     5.505662
       3.361931    -1.092105     4.948819
       4.255414    -1.382348     4.392931
       0.339134     0.825594     6.627094
       0.893473     1.588774     6.063038
       1.445679     2.349162     5.503458
       1.997826     3.109382     4.945388
       2.550965     3.870662     4.387366
      -0.760284     0.825161     6.626313
      -1.314088     1.587998     6.061646
      -1.865831     2.347969     5.501615
      -2.417534     3.107817     4.943265
      -2.970200     3.868886     4.385122
      -1.100071    -0.220835     6.626313
      -1.996452    -0.512586     6.061646
      -2.889482    -0.803230     5.501616
      -3.782407    -1.093798     4.943265
      -4.676829    -1.384788     4.385122
       0.685721    -1.165470     6.060345
       1.239733     0.539997     6.060345
      -0.210251     1.593632     6.058653
      -1.660263     0.539328     6.058184
      -1.106652    -1.165843     6.058653
       1.580771    -1.458171     5.502706
       0.687569    -2.107556     5.502073
       1.794870     1.301149     5.502073
       2.135928     0.250821     5.502705
      -0.761792     2.356653     5.499621
       0.341895     2.357029     5.500126
      -2.556137     0.249818     5.499294
      -2.214973     1.300053     5.499293
      -1.108543    -2.107988     5.500126
      -2.001312    -1.459074     5.499622
       2.474728    -1.749335     4.946131
       1.583993    -2.402171     4.946684
       0.688297    -3.048475     4.944621
       2.348414     2.062015     4.944620
       2.693301     1.012715     4.946683
       3.030337    -0.038955     4.946131
      -1.313570     3.118131     4.941592
      -0.209593     3.122543     4.943075
       0.894236     3.118870     4.942402
      -3.450663    -0.040362     4.941350
      -3.113301     1.011340     4.942537
      -2.768200     2.060527     4.941349
      -1.109362    -3.048988     4.942403
      -2.004624    -2.403266     4.943076
      -2.895256    -1.750916     4.941592
       3.368652    -2.040033     4.390444
       2.479542    -2.694825     4.391786
       1.585761    -3.345061     4.390874
       0.688630    -3.989768     4.387390
       2.901859     2.823416     4.387389
       3.248846     1.774565     4.390874
       3.589873     0.723208     4.391785
       3.924443    -0.329090     4.390443
      -1.866059     3.879658     4.383971
      -0.761684     3.886353     4.386436
       0.343208     3.886695     4.386691
       1.447296     3.880683     4.384917
      -4.345510    -0.331115     4.383785
      -4.010265     0.721577     4.386079
      -3.668744     1.772910     4.386079
      -3.321349     2.821654     4.383785
      -1.109581    -3.990389     4.384917
      -2.006429    -3.346407     4.386692
      -2.900192    -2.696812     4.386436
      -3.789803    -2.042381     4.383971
       4.263345    -2.330962     3.835399
       3.375293    -2.986819     3.837174
       2.482771    -3.639316     3.837370
       1.586884    -4.288402     3.834840
       0.688763    -4.933131     3.829148
       3.456357     3.586610     3.829147
       3.804133     2.537159     3.834840
       4.147540     1.485495     3.837369
       4.486220     0.433049     3.837173
       4.819309    -0.619488     3.835398
      -2.420217     4.642611     3.825479
      -1.314758     4.650093     3.829664
      -0.208810     4.653012     3.831081
       0.897011     4.650713     3.830003
       2.002082     4.643773     3.826429
      -5.242279    -0.622874     3.825337
      -4.907534     0.430980     3.829427
      -4.568235     1.483968     3.830736
      -4.223945     2.535334     3.829427
      -3.875461     3.584725     3.825337
      -1.109156    -4.933837     3.826429
      -2.007343    -4.290028     3.830003
      -2.903410    -3.642024     3.831082
      -3.796514    -2.989724     3.829665
      -4.686540    -2.334018     3.825479
       4.272304    -3.279342     3.282348
       3.380399    -3.932823     3.283523
       2.485276    -4.584150     3.282506
       1.586789    -5.234296     3.277754
       4.359935     3.302535     3.277753
       4.704823     2.248485     3.282505
       5.046295     1.195458     3.283522
       5.383898     0.142578     3.282348
      -1.870476     5.414935     3.271762
      -0.762182     5.419707     3.274665
       0.345363     5.419982     3.274734
       1.453528     5.415719     3.272071
      -5.806715     0.138404     3.271601
      -5.468560     1.194045     3.274485
      -5.126304     2.247642     3.274485
      -4.779530     3.300483     3.271601
      -2.006643    -5.236044     3.272072
      -2.905761    -4.588251     3.274735
      -3.801710    -3.937151     3.274666
      -4.695623    -3.281972     3.271762
       5.150537    -3.563019    -1.634424
       5.147498    -3.563066    -0.544991
       5.147498    -3.563066     0.544991
       5.150537    -3.563019     1.634424
       4.279819    -4.227297    -2.728227
       4.265274    -4.214302    -1.633972
       4.258926    -4.209592    -0.544145
       4.258926    -4.209592     0.544145
       4.265274    -4.214302     1.633971
       4.279820    -4.227296     2.728227
       3.385582    -4.879349    -2.728713
       3.377291    -4.862111    -1.634107
       3.372712    -4.855958    -0.544309
       3.372712    -4.855958     0.544309
       3.377291    -4.862111     1.634107
       3.385582    -4.879348     2.728713
       2.488283    -5.530074    -2.726212
       2.487972    -5.506356    -1.632247
       2.484633    -5.499343    -0.543691
       2.484633    -5.499343     0.543691
       2.487972    -5.506356     1.632247
       2.488283    -5.530074     2.726212
       1.597375    -6.143735    -1.627893
       1.595770    -6.144014    -0.543320
       1.595770    -6.144014     0.543320
       1.597375    -6.143735     1.627894
       4.902955     4.032138    -1.627894
       4.901820     4.033307    -0.543321
       4.901820     4.033307     0.543320
       4.902955     4.032138     1.627893
       5.263153     3.012062    -2.726212
       5.248962     2.993055    -1.632247
       5.242140     2.989343    -0.543692
       5.242140     2.989343     0.543691
       5.248962     2.993055     1.632246
       5.263153     3.012063     2.726212
       5.606739     1.958242    -2.728713
       5.589901     1.949168    -1.634107
       5.582580     1.946881    -0.544310
       5.582580     1.946881     0.544309
       5.589901     1.949168     1.634107
       5.606739     1.958242     2.728713
       5.947069     0.905148    -2.728228
       5.927664     0.903182    -1.633972
       5.919760     0.903102    -0.544145
       5.919760     0.903102     0.544145
       5.927664     0.903182     1.633971
       5.947069     0.905148     2.728227
       6.261184    -0.144016    -1.634424
       6.258753    -0.142192    -0.544992
       6.258753    -0.142192     0.544991
       6.261184    -0.144016     1.634423
      -2.405002     6.173509    -1.623141
      -2.407393     6.168789    -0.541094
      -2.407393     6.168789     0.541093
      -2.405002     6.173509     1.623140
      -1.317234     6.193698    -2.717878
      -1.306638     6.181122    -1.628465
      -1.307270     6.176219    -0.542782
      -1.307270     6.176219     0.542782
      -1.306638     6.181123     1.628465
      -1.317234     6.193698     2.717878
      -0.208108     6.196169    -2.718799
      -0.206542     6.183579    -1.629182
      -0.205695     6.178766    -0.542999
      -0.205695     6.178766     0.542999
      -0.206541     6.183579     1.629181
      -0.208108     6.196169     2.718799
       0.901034     6.194069    -2.717836
       0.893720     6.181194    -1.628415
       0.896092     6.176103    -0.542764
       0.896092     6.176103     0.542764
       0.893720     6.181194     1.628415
       0.901035     6.194069     2.717835
       1.992545     6.173406    -1.623070
       1.996803     6.168284    -0.541070
       1.996803     6.168284     0.541069
       1.992545     6.173406     1.623070
      -6.693666    -0.136974    -1.623004
      -6.690039    -0.141312    -0.541042
      -6.690039    -0.141312     0.541043
      -6.693666    -0.136974     1.623005
      -6.376334     0.905035    -2.717783
      -6.361552     0.909975    -1.628385
      -6.357320     0.907190    -0.542752
      -6.357320     0.907190     0.542753
      -6.361552     0.909975     1.628386
      -6.376334     0.905035     2.717783
      -6.035799     1.960698    -2.718747
      -6.023994     1.956864    -1.629139
      -6.019515     1.955409    -0.542982
      -6.019515     1.955409     0.542983
      -6.023993     1.956864     1.629139
      -6.035798     1.960698     2.718748
      -5.690936     3.014956    -2.717783
      -5.681880     3.002272    -1.628386
      -5.676819     3.002039    -0.542752
      -5.676819     3.002039     0.542753
      -5.681879     3.002272     1.628386
      -5.690936     3.014957     2.717783
      -5.335325     4.044530    -1.623004
      -5.329840     4.045909    -0.541042
      -5.329840     4.045909     0.541042
      -5.335325     4.044530     1.623004
      -2.015800    -6.165853    -1.623070
      -2.009344    -6.164211    -0.541069
      -2.009344    -6.164211     0.541070
      -2.015800    -6.165853     1.623070
      -2.911081    -5.541117    -2.717835
      -2.909433    -5.526401    -1.628415
      -2.904521    -5.523676    -0.542764
      -2.904521    -5.523675     0.542764
      -2.909433    -5.526401     1.628415
      -2.911081    -5.541117     2.717836
      -3.809719    -4.891000    -2.718798
      -3.801053    -4.881734    -1.629181
      -3.797539    -4.878336    -0.542998
      -3.797539    -4.878336     0.542999
      -3.801053    -4.881734     1.629182
      -3.809719    -4.891000     2.718799
      -4.705657    -4.237194    -2.717878
      -4.689694    -4.233246    -1.628465
      -4.687323    -4.228907    -0.542782
      -4.687323    -4.228907     0.542783
      -4.689693    -4.233246     1.628466
      -4.705657    -4.237193     2.717879
      -5.573902    -3.581603    -1.623140
      -5.573063    -3.576378    -0.541093
      -5.573063    -3.576378     0.541094
      -5.573902    -3.581603     1.623141
      -0.210330    -5.576769    -3.827384
       5.150860    -1.673229    -3.836906
       3.107154     4.635749    -3.827385
      -3.525891     4.633972    -3.825010
      -5.576060    -1.677251    -3.825010
       5.159711    -2.622814    -3.280427
       0.682610    -5.885372    -3.266520
       4.010987     4.360682    -3.266521
       5.716070    -0.910125    -3.280427
      -2.984785     5.409184    -3.262876
       2.567549     5.410346    -3.263940
      -6.145740    -0.923180    -3.262781
      -4.429966     4.358643    -3.262782
      -1.102134    -5.886380    -3.263939
      -5.593827    -2.622467    -3.262876
      -0.204632    -6.488246    -2.212703
      -0.202218    -6.485631    -1.102354
      -0.201871    -6.485019     0.000000
      -0.202217    -6.485631     1.102355
      -0.204632    -6.488246     2.212703
       6.030542    -1.958989    -2.181472
       6.026537    -1.957688    -1.090118
       6.026137    -1.957558    -0.000000
       6.026537    -1.957688     1.090117
       6.030542    -1.958989     2.181472
       3.647416     5.369874    -2.212704
       3.647834     5.366340    -1.102355
       3.647755     5.365641    -0.000000
       3.647834     5.366340     1.102354
       3.647417     5.369875     2.212703
      -4.060187     5.370384    -2.212013
      -4.057464     5.367099    -1.101550
      -4.056850     5.366473     0.000000
      -4.057464     5.367099     1.101550
      -4.060187     5.370384     2.212013
      -6.441130    -1.959085    -2.212012
      -6.436996    -1.958027    -1.101549
      -6.436131    -1.957881     0.000000
      -6.436995    -1.958027     1.101550
      -6.441129    -1.959085     2.212013
      -0.210329    -5.576769     3.827384
       5.150861    -1.673229     3.836906
       3.107155     4.635750     3.827384
      -3.525890     4.633972     3.825010
      -5.576060    -1.677251     3.825011
       5.159712    -2.622814     3.280426
       0.682610    -5.885372     3.266521
       4.010987     4.360682     3.266520
       5.716071    -0.910125     3.280426
      -2.984785     5.409184     3.262876
       2.567549     5.410346     3.263939
      -6.145740    -0.923179     3.262782
      -4.429966     4.358643     3.262782
      -1.102134    -5.886380     3.263940
      -5.593826    -2.622467     3.262876
       6.044972    -2.918329    -1.636490
       6.042581    -2.918669    -0.545567
       6.042581    -2.918669     0.545567
       6.044972    -2.918328     1.636490
       5.173267    -3.574202    -2.725383
       5.173268    -3.574202     2.725383
       1.586055    -6.185345    -2.715882
       1.586056    -6.185345     2.715882
       0.708155    -6.797290    -1.658448
       0.704450    -6.796552    -0.551172
       0.704450    -6.796552     0.551173
       0.708156    -6.797290     1.658449
       4.567568     5.083499    -1.658449
       4.564136     5.085080    -0.551173
       4.564136     5.085080     0.551172
       4.567568     5.083499     1.658448
       4.918249     4.072456    -2.715882
       4.918249     4.072457     2.715881
       6.286146    -0.148326    -2.725383
       6.286147    -0.148326     2.725383
       6.605998    -1.191271    -1.636491
       6.604264    -1.189590    -0.545567
       6.604264    -1.189590     0.545567
       6.605998    -1.191271     1.636490
      -3.508484     6.158875    -1.655036
      -3.508788     6.156497    -0.550310
      -3.508788     6.156497     0.550310
      -3.508484     6.158875     1.655036
      -2.429071     6.187193    -2.711536
      -2.429070     6.187193     2.711536
       2.012900     6.187810    -2.711579
       2.012900     6.187811     2.711578
       3.096722     6.157905    -1.654833
       3.098971     6.154932    -0.550277
       3.098971     6.154932     0.550276
       3.096723     6.157905     1.654832
      -7.020584    -1.191066    -1.654872
      -7.018435    -1.192640    -0.550244
      -7.018435    -1.192640     0.550245
      -7.020584    -1.191066     1.654873
      -6.713845    -0.154429    -2.711389
      -6.713845    -0.154429     2.711390
      -5.341394     4.070512    -2.711389
      -5.341394     4.070512     2.711389
      -4.980369     5.089514    -1.654872
      -4.977705     5.089525    -0.550245
      -4.977705     5.089525     0.550245
      -4.980368     5.089514     1.654872
      -1.113304    -6.802209    -1.654832
      -1.109737    -6.801125    -0.550276
      -1.109737    -6.801125     0.550277
      -1.113303    -6.802209     1.654833
      -2.007796    -6.189470    -2.711578
      -2.007796    -6.189470     2.711579
      -5.601417    -3.578531    -2.711536
      -5.601417    -3.578530     2.711537
      -6.458126    -2.921273    -1.655035
      -6.456974    -2.919170    -0.550309
      -6.456974    -2.919170     0.550310
      -6.458125    -2.921273     1.655036
       6.051625    -1.965838     3.277633
       6.051625    -1.965838    -3.277634
       6.063789    -2.925365    -2.727300
       6.063790    -2.925365     2.727300
       6.625358    -1.196637    -2.727300
       6.625359    -1.196637     2.727300
       6.052858    -3.884850    -1.105320
       6.052002    -3.883030    -0.000000
       6.052858    -3.884850     1.105320
       5.190149    -4.525041    -2.171454
       5.163948    -4.528742    -1.082391
       5.163972    -4.525729    -0.000000
       5.163948    -4.528741     1.082391
       5.190150    -4.525041     2.171454
       4.292229    -5.180382    -2.174048
       4.280978    -5.173732    -1.085025
       4.279274    -5.171222    -0.000000
       4.280978    -5.173732     1.085025
       4.292229    -5.180382     2.174048
       3.395541    -5.832321    -2.173731
       3.395957    -5.817707    -1.084736
       3.392671    -5.816005     0.000000
       3.395957    -5.817707     1.084736
       3.395541    -5.832321     2.173731
       2.496086    -6.484377    -2.168468
       2.510552    -6.459386    -1.080549
       2.505729    -6.458958     0.000000
       2.510553    -6.459386     1.080550
       2.496086    -6.484376     2.168468
       1.620052    -7.103413    -1.105827
       1.616789    -7.103087     0.000000
       1.620052    -7.103413     1.105827
       5.485281     4.795284    -1.105828
       5.482450     4.796938    -0.000000
       5.485281     4.795284     1.105827
       5.830286     3.779600    -2.168469
       5.827305     3.750879    -1.080550
       5.823150     3.753367    -0.000000
       5.827305     3.750879     1.080549
       5.830286     3.779600     2.168468
       6.174836     2.723437    -2.173732
       6.166584     2.711368    -1.084736
       6.162925     2.711923    -0.000000
       6.166584     2.711368     1.084735
       6.174836     2.723437     2.173731
       6.517214     1.668993    -2.174048
       6.504204     1.670225    -1.085025
       6.501350     1.669196    -0.000000
       6.504204     1.670225     1.085024
       6.517215     1.668994     2.174048
       6.858591     0.611073    -2.171455
       6.839566     0.629465    -1.082391
       6.837816     0.627014    -0.000000
       6.839566     0.629466     1.082390
       6.858591     0.611073     2.171454
       7.180380    -0.413896    -1.105321
       7.178619    -0.414865    -0.000000
       7.180381    -0.413896     1.105320