
       0.284842     0.092551     0.022791
       0.284971     0.092593     1.122558
       0.285029    -0.834595     0.572700
       1.166939    -0.193851     0.572379
       0.830131     0.842738     0.572379
      -0.259969     0.842738     0.572700
      -0.596903    -0.193945     0.572793
       0.285018    -0.834576    -0.527089
       1.166905    -0.193849    -0.526759
       0.830105     0.842716    -0.526759
      -0.259966     0.842716    -0.527089
      -0.596890    -0.193941    -0.527200
       0.284953     0.092587    -1.077114
       0.284458    -1.764107     0.022926
       2.051694    -0.481397     0.022927
       1.376898     1.595413     0.022927
      -0.806784     1.594393     0.022926
      -1.481133    -0.481249     0.022907
       0.285098    -0.834967     1.672292
       0.285072    -0.834899    -1.626938
       1.167463    -0.193973     1.671491
       1.167359    -0.193961    -1.626128
       0.830484     0.843145     1.671491
       0.830406     0.843074    -1.626128
      -0.260132     0.843079     1.672292
      -0.260113     0.843009    -1.626938
      -0.597127    -0.194018     1.672522
      -0.597075    -0.194001    -1.627188
       1.171714    -1.127637     1.121867
       1.171625    -1.127559    -1.076293
       1.171547    -1.127268     0.022841
       1.719984     0.558856     1.121211
       1.719853     0.558814    -1.075641
       1.719663     0.558752     0.022839
       0.285129     1.600993     1.121867
       0.285102     1.600878    -1.076293
       0.285210     1.600597     0.022841
      -1.149382     0.558367     1.122422
      -1.149294     0.558330    -1.076871
      -1.148970     0.558199     0.022831
      -0.601670    -1.127318     1.122422
      -0.601621    -1.127236    -1.076871
      -0.601436    -1.126940     0.022831
       0.284452    -1.764602     1.122043
       0.284434    -1.764518    -1.076268
       2.052007    -0.481552     1.120790
       2.051890    -0.481535    -1.075013
       1.377061     1.595722     1.120790
       1.376976     1.595640    -1.075013
      -0.807080     1.594790     1.122043
      -0.807045     1.594711    -1.076268
      -1.481536    -0.481380     1.122182
      -1.481460    -0.481355    -1.076447
       0.285342     0.092713     2.222053
       0.285316     0.092705    -2.177081
       0.283155    -2.695977    -0.525782
       0.283162    -2.696025     0.571912
       2.939149    -0.770307    -0.524930
       2.939219    -0.770315     0.571045
       1.925048     2.350779    -0.524930
       1.925099     2.350826     0.571045
      -1.355578     2.347526    -0.525782
      -1.355600     2.347569     0.571912
      -2.367600    -0.769279    -0.525854
      -2.367646    -0.769294     0.571924
       0.285399    -0.835632     2.771465
       0.285374    -0.835473    -2.726732
       0.284571    -1.765922     2.221032
       0.284546    -1.765723    -2.175502
       1.168626    -0.194118     2.770516
       1.168432    -0.194082    -2.725777
       2.053142    -0.481847     2.218978
       2.052890    -0.481802    -2.173448
       0.831339     0.843946     2.770516
       0.831204     0.843802    -2.725777
       1.377805     1.596629     2.218978
       1.377627     1.596444    -2.173448
      -0.260279     0.843794     2.771465
      -0.260206     0.843651    -2.726732
      -0.807759     1.595928     2.221032
      -0.807662     1.595752    -2.175503
      -0.597498    -0.194139     2.771707
      -0.597357    -0.194093    -2.726997
      -1.482601    -0.481726     2.221226
      -1.482415    -0.481665    -2.175741
       1.172395    -1.128584     2.220825
       1.172209    -1.128401    -2.175606
       1.721186     0.559247     2.219786
       1.720901     0.559154    -2.174573
       0.285123     1.602160     2.220825
       0.285080     1.601903    -2.175606
      -1.150417     0.558843     2.221694
      -1.150199     0.558762    -2.176505
      -0.602228    -1.128311     2.221694
      -0.602099    -1.128118    -2.176505
       2.059967    -1.419780     1.669527
       2.059768    -1.419680    -1.623823
       2.059485    -1.418897    -0.525918
       2.059550    -1.418929     0.571750
       1.173689    -2.062372     1.670522
       1.173591    -2.062211    -1.624813
       1.173173    -2.061078    -0.526253
       1.173207    -2.061129     0.572090
       2.271988     1.313813     1.668590
       2.271776     1.313689    -1.622902
       2.271148     1.313460    -0.525601
       2.271219     1.313499     0.571424
       2.610317     0.272543     1.668590
       2.610073     0.272518    -1.622902
       2.609430     0.272335    -0.525601
       2.609510     0.272345     0.571424
      -0.262696     2.358371     1.670522
      -0.262681     2.358183    -1.624813
      -0.262353     2.357021    -0.526253
      -0.262356     2.357083     0.572090
       0.832023     2.359444     1.669527
       0.831922     2.359246    -1.623823
       0.832153     2.358446    -0.525918
       0.832187     2.358511     0.571750
      -2.039408     0.272288     1.671010
      -2.039227     0.272277    -1.625352
      -2.038072     0.272009    -0.526482
      -2.038129     0.272013     0.572277
      -1.701672     1.312350     1.670942
      -1.701528     1.312242    -1.625260
      -1.700475     1.311597    -0.526436
      -1.700520     1.311632     0.572253
      -0.605303    -2.061931     1.670942
      -0.605250    -2.061759    -1.625260
      -0.604776    -2.060618    -0.526436
      -0.604792    -2.060673     0.572253
      -1.489870    -1.419019     1.671010
      -1.489730    -1.418904    -1.625352
      -1.488953    -1.418008    -0.526482
      -1.488996    -1.418045     0.572277
       0.283283    -2.697340     1.669799
       0.283264    -2.697188    -1.623727
       2.939731    -0.770563     1.667236
       2.939518    -0.770533    -1.621180
       1.925368     2.351328     1.667236
       1.925213     2.351178    -1.621180
      -1.356275     2.348704     1.669799
      -1.356201     2.348570    -1.623727
      -2.368744    -0.769651     1.669856
      -2.368596    -0.769603    -1.623850
       0.285930     0.092904     3.321034
       0.285911     0.092898    -3.277094
       0.281720    -3.630565    -1.072352
       0.281602    -3.630079     0.023221
       0.281733    -3.630645     1.118796
       3.829465    -1.060850    -1.071013
       3.829400    -1.060864     0.023194
       3.829601    -1.060855     1.117405
       2.474551     3.109148    -1.071013
       2.474491     3.109121     0.023194
       2.474659     3.109232     1.117405
      -1.906074     3.102780    -1.072352
      -1.905884     3.102318     0.023221
      -1.906111     3.102852     1.118796
      -3.256476    -1.058092    -1.072428
      -3.256111    -1.057974     0.023179
      -3.256560    -1.058120     1.118785
       0.286028    -0.836671     3.869871
       0.286029    -0.836357    -3.826421
       0.285078    -1.768023     3.319572
       0.285067    -1.767648    -3.274487
       0.283772    -2.700147     2.767835
       0.283753    -2.699886    -2.721853
       1.170524    -0.194243     3.868989
       1.170204    -0.194158    -3.825529
       2.055691    -0.482208     3.317453
       2.055278    -0.482115    -3.272379
       2.941525    -0.770780     2.764171
       2.941176    -0.770719    -2.718212
       0.832801     0.845162     3.868989
       0.832592     0.844906    -3.825529
       1.379655     1.598419     3.317453
       1.379376     1.598101    -3.272379
       1.926692     2.352558     2.764171
       1.926445     2.352304    -2.718212
      -0.260381     0.845004     3.869871
      -0.260196     0.844751    -3.826421
      -0.808584     1.597925     3.319572
      -0.808373     1.597616    -3.274487
      -1.357529     2.351262     2.767835
      -1.357391     2.351040    -2.721853
      -0.598093    -0.194332     3.870051
      -0.597786    -0.194232    -3.826632
      -1.484299    -0.482278     3.319729
      -1.483931    -0.482158    -3.274700
      -2.371149    -0.770433     2.767879
      -2.370885    -0.770347    -2.721975
       1.174023    -1.130051     3.319413
       1.173727    -1.129706    -3.274867
       1.723641     0.560044     3.318263
       1.723164     0.559889    -3.273731
       0.285577     1.604304     3.319413
       0.285541     1.603850    -3.274867
      -1.152011     0.559687     3.320292
      -1.151582     0.559547    -3.275789
      -0.603021    -1.129931     3.320292
      -0.602757    -1.129566    -3.275789
       2.061644    -1.421374     2.767540
       2.061327    -1.421211    -2.722073
       1.175027    -2.064791     2.768808
       1.174890    -2.064515    -2.723332
       2.274453     1.314833     2.766292
       2.274120     1.314623    -2.720847
       2.612910     0.273166     2.766292
       2.612517     0.273141    -2.720847
      -0.263036     2.361115     2.768808
      -0.262984     2.360810    -2.723332
       0.832444     2.361719     2.767540
       0.832283     2.361401    -2.722073
      -2.041897     0.272761     2.769374
      -2.041578     0.272755    -2.723966
      -1.703790     1.313923     2.769308
      -1.703539     1.313737    -2.723871
      -0.606092    -2.064448     2.769308
      -0.605997    -2.064150    -2.723871
      -1.491605    -1.420864     2.769374
      -1.491350    -1.420672    -2.723966
       2.949922    -1.712562     2.214751
       2.949682    -1.712527    -2.168682
       2.949284    -1.711254    -1.072635
       2.949305    -1.710926     0.023051
       2.949416    -1.711280     1.118721
       2.064461    -2.359002     2.217136
       2.064324    -2.358913    -2.171222
       2.062953    -2.356548    -1.073892
       2.062752    -2.355903     0.022993
       2.063039    -2.356608     1.119853
       1.174973    -2.999230     2.217195
       1.174934    -2.999088    -2.171105
       1.173550    -2.996579    -1.073823
       1.173209    -2.995973     0.023062
       1.173582    -2.996664     1.119931
       2.824652     2.070644     2.213538
       2.824457     2.070479    -2.167497
       2.823098     2.070282    -1.072088
       2.822888     2.070226     0.023046
       2.823218     2.070368     1.118158
       3.167485     1.029177     2.214428
       3.167264     1.029106    -2.168561
       3.165230     1.028445    -1.072569
       3.164879     1.028331     0.022981
       3.165369     1.028490     1.118498
       3.502285    -0.014899     2.213538
       3.502031    -0.014880    -2.167497
       3.500816    -0.015520    -1.072088
       3.500613    -0.015597     0.023046
       3.500963    -0.015519     1.118158
      -0.812328     3.117060     2.217195
      -0.812277     3.116923    -2.171105
      -0.811921     3.114079    -1.073823
      -0.811841     3.113389     0.023062
      -0.811946     3.114167     1.119931
       0.283599     3.121932     2.217136
       0.283540     3.121780    -2.171222
       0.283822     3.119061    -1.073892
       0.284038     3.118420     0.022993
       0.283855     3.119160     1.119853
       1.379919     3.119411     2.214751
       1.379746     3.119243    -2.168682
       1.380172     3.117978    -1.072635
       1.380383     3.117725     0.023051
       1.380264     3.118078     1.118721
      -2.931292    -0.014567     2.217464
      -2.931125    -0.014526    -2.171460
      -2.928602    -0.014955    -1.074058
      -2.928008    -0.015149     0.023030
      -2.928699    -0.014972     1.120096
      -2.596891     1.028061     2.218182
      -2.596753     1.028012    -2.172322
      -2.594057     1.026906    -1.074608
      -2.593277     1.026590     0.022975
      -2.594143     1.026938     1.120527
      -2.255245     2.068142     2.217425
      -2.255151     2.068010    -2.171364
      -2.253042     2.066453    -1.073974
      -2.252490     2.066142     0.023053
      -2.253102     2.066527     1.120061
      -0.608910    -2.998762     2.217425
      -0.608912    -2.998599    -2.171364
      -0.608120    -2.996100    -1.073974
      -0.607856    -2.995524     0.023053
      -0.608124    -2.996195     1.120061
      -1.496651    -2.358132     2.218182
      -1.496568    -2.358012    -2.172322
      -1.495037    -2.355532    -1.074608
      -1.494592    -2.354818     0.022975
      -1.495087    -2.355608     1.120527
      -2.380028    -1.711184     2.217464
      -2.379868    -1.711119    -2.171460
      -2.378081    -1.709289    -1.074058
      -2.377713    -1.708783     0.023030
      -2.378168    -1.709333     1.120096
       0.282221    -3.632724     2.215062
       0.282202    -3.632583    -2.168591
       3.830125    -1.060775     2.211648
       3.829878    -1.060755    -2.165225
       2.475130     3.109475     2.211648
       2.474942     3.109314    -2.165225
      -1.906938     3.104822     2.215062
      -1.906871     3.104696    -2.168591
      -3.258313    -1.058689     2.215048
      -3.258158    -1.058639    -2.168674
       0.286696     0.093153     4.419293
       0.286701     0.093155    -4.377355
       0.280695    -4.568155    -1.616602
       0.280285    -4.567438    -0.523284
       0.280292    -4.567461     0.570011
       0.280714    -4.568207     1.663373
       4.723659    -1.353220    -1.617490
       4.723017    -1.353600    -0.523819
       4.723077    -1.353592     0.570406
       4.723813    -1.353200     1.664134
       3.026119     3.871273    -1.617490
       3.025376     3.871204    -0.523819
       3.025430     3.871233     0.570406
       3.026256     3.871347     1.664134
      -2.458005     3.860704    -1.616603
      -2.457916     3.859884    -0.523284
      -2.457924     3.859906     0.570011
      -2.458020     3.860757     1.663373
      -4.148037    -1.347778    -1.616709
      -4.147532    -1.347614    -0.523368
      -4.147560    -1.347623     0.569983
      -4.148107    -1.347801     1.663362
       0.286969    -0.838222     4.967190
       0.287024    -0.837881    -4.926355
       0.286053    -1.771185     4.417639
       0.286077    -1.770647    -4.373181
       0.284805    -2.704537     3.865503
       0.284805    -2.704241    -3.819535
       0.283280    -3.637872     3.312245
       0.283263    -3.637779    -3.265651
       1.173251    -0.194386     4.966411
       1.172947    -0.194296    -4.925526
       2.059895    -0.482670     4.415758
       2.059364    -0.482532    -4.371314
       2.946375    -0.771268     3.862248
       2.946016    -0.771200    -3.816328
       3.832108    -1.060240     3.306917
       3.831856    -1.060217    -3.260366
       0.834923     0.846881     4.966411
       0.834730     0.846629    -4.925526
       1.382785     1.601263     4.415758
       1.382436     1.600839    -4.371314
       1.930328     2.355803     3.862248
       1.930079     2.355538    -3.816328
       2.477048     3.110207     3.306917
       2.476858     3.110041    -3.260366
      -0.260531     0.846812     4.967190
      -0.260286     0.846568    -4.926355
      -0.809654     1.601057     4.417639
      -0.809318     1.600636    -4.373181
      -1.359273     2.355421     3.865503
      -1.359100     2.355182    -3.819535
      -1.909108     3.109609     3.312245
      -1.909067     3.109524    -3.265651
      -0.599059    -0.194646     4.967319
      -0.598673    -0.194521    -4.926544
      -1.486899    -0.483122     4.417776
      -1.486335    -0.482939    -4.373401
      -2.374995    -0.771682     3.865559
      -2.374666    -0.771575    -3.819693
      -3.262937    -1.060192     3.312243
      -3.262802    -1.060148    -3.265764
       1.176783    -1.132120     4.417335
       1.176399    -1.131608    -4.373780
       1.727574     0.561323     4.416149
       1.726916     0.561108    -4.372621
       0.286595     1.607600     4.417335
       0.286585     1.606960    -4.373780
      -1.154233     0.560940     4.418122
      -1.153556     0.560745    -4.374649
      -0.604083    -1.132251     4.418122
      -0.603649    -1.131695    -4.374649
       2.065481    -1.423553     3.865340
       2.065155    -1.423417    -3.820070
       1.177622    -2.068337     3.866460
       1.177537    -2.068039    -3.821172
       2.278999     1.317024     3.863895
       2.278681     1.316781    -3.818659
       2.617876     0.274066     3.863895
       2.617477     0.274076    -3.818659
      -0.263021     2.365509     3.866460
      -0.262914     2.365218    -3.821172
       0.834267     2.365738     3.865340
       0.834083     2.365436    -3.820070
      -2.045588     0.273389     3.867020
      -2.045218     0.273428    -3.821834
      -1.706781     1.316453     3.866976
      -1.706511     1.316233    -3.821746
      -0.607024    -2.068254     3.866976
      -0.606935    -2.067917    -3.821746
      -1.494222    -1.423543     3.867021
      -1.493900    -1.423356    -3.821834
       2.953377    -1.714855     3.311663
       2.953177    -1.714904    -3.265504
       2.068044    -2.362875     3.314172
       2.067979    -2.362892    -3.268195
       1.177567    -3.003991     3.314133
       1.177590    -3.003925    -3.267941
       2.829318     2.072541     3.310030
       2.829202     2.072382    -3.263904
       3.172965     1.030958     3.310978
       3.172847     1.030920    -3.265062
       3.507176    -0.013691     3.310030
       3.506988    -0.013631    -3.263904
      -0.813028     3.122437     3.314133
      -0.812971     3.122397    -3.267941
       0.284221     3.127171     3.314172
       0.284158     3.127148    -3.268195
       1.381367     3.123298     3.311663
       1.381177     3.123220    -3.265504
      -2.936107    -0.014390     3.314451
      -2.935997    -0.014309    -3.268374
      -2.601391     1.029964     3.315210
      -2.601346     1.029953    -3.269308
      -2.258823     2.071620     3.314443
      -2.258805     2.071509    -3.268292
      -0.609760    -3.003678     3.314443
      -0.609811    -3.003578    -3.268292
      -1.499173    -2.362317     3.315210
      -1.499143    -2.362282    -3.269308
      -2.383819    -1.714158     3.314451
      -2.383683    -1.714158    -3.268374
       3.841577    -2.006201     2.756855
       3.841451    -2.006315    -2.710251
       3.841374    -2.005046    -1.616937
       3.841413    -2.004733    -0.523602
       3.841467    -2.004723     0.569986
       3.841512    -2.005008     1.663373
       2.957362    -2.656611     2.760800
       2.957346    -2.656778    -2.714383
       2.954019    -2.652715    -1.618776
       2.953581    -2.651295    -0.524123
       2.953616    -2.651292     0.570352
       2.954101    -2.652682     1.665042
       2.069101    -3.301196     2.761912
       2.069157    -3.301336    -2.715478
       2.065451    -3.296289    -1.619766
       2.064177    -3.294330    -0.524409
       2.064190    -3.294340     0.570654
       2.065469    -3.296285     1.666048
       1.177058    -3.939114     2.760826
       1.177109    -3.939182    -2.714183
       1.174252    -3.934461    -1.618663
       1.173172    -3.933253    -0.524002
       1.173175    -3.933272     0.570445
       1.174247    -3.934497     1.665150
       3.378880     2.829082     2.755297
       3.378837     2.828992    -2.708725
       3.376346     2.829441    -1.616191
       3.375568     2.829330    -0.523338
       3.375617     2.829364     0.569707
       3.376454     2.829528     1.662605
       3.726471     1.788062     2.756905
       3.726504     1.788040    -2.710555
       3.722079     1.786707    -1.616819
       3.720915     1.786355    -0.523544
       3.720966     1.786381     0.569734
       3.722177     1.786763     1.663035
       4.065775     0.743790     2.756905
       4.065789     0.743828    -2.710555
       4.061425     0.742305    -1.616819
       4.060277     0.741905    -0.523544
       4.060333     0.741915     0.569734
       4.061537     0.742317     1.663035
       4.396464    -0.302721     2.755297
       4.396376    -0.302674    -2.708725
       4.394625    -0.304502    -1.616191
       4.393930    -0.304869    -0.523338
       4.393990    -0.304867     0.569707
       4.394764    -0.304508     1.662605
      -1.363091     3.878668     2.760826
      -1.363090     3.878753    -2.714183
      -1.362627     3.873254    -1.618663
      -1.362790     3.871642    -0.524002
      -1.362799     3.871660     0.570445
      -1.362652     3.873280     1.665150
      -0.266454     3.886911     2.761912
      -0.266491     3.887057    -2.715478
      -0.266523     3.880795    -1.619766
      -0.266403     3.878462    -0.524409
      -0.266397     3.878477     0.570654
      -0.266506     3.880803     1.666048
       0.831041     3.887537     2.760800
       0.830930     3.887663    -2.714383
       0.830627     3.882421    -1.618776
       0.831107     3.881013    -0.524123
       0.831137     3.881032     0.570352
       0.830713     3.882441     1.665042
       1.928688     3.881072     2.756855
       1.928518     3.881090    -2.710251
       1.929202     3.880018    -1.616937
       1.929418     3.879788    -0.523602
       1.929467     3.879812     0.569986
       1.929336     3.880068     1.663373
      -3.825925    -0.302138     2.761067
      -3.825956    -0.302070    -2.714547
      -3.821097    -0.302536    -1.618912
      -3.819910    -0.303012    -0.524129
      -3.819936    -0.303025     0.570478
      -3.821152    -0.302578     1.665296
      -3.494672     0.742910     2.762570
      -3.494776     0.742971    -2.716232
      -3.489278     0.741458    -1.620352
      -3.487163     0.740693    -0.524645
      -3.487183     0.740691     0.570825
      -3.489302     0.741442     1.666558
      -3.156058     1.786219     2.762585
      -3.156192     1.786232    -2.716211
      -3.151152     1.783528    -1.620321
      -3.149129     1.782590    -0.524623
      -3.149140     1.782606     0.570830
      -3.151152     1.783561     1.666556
      -2.810543     2.826368     2.761121
      -2.810642     2.826344    -2.714505
      -2.806884     2.823151    -1.618836
      -2.805844     2.822520    -0.524070
      -2.805851     2.822547     0.570497
      -2.806884     2.823218     1.665303
      -0.612481    -3.938576     2.761121
      -0.612576    -3.938613    -2.714505
      -0.611412    -3.933822    -1.618836
      -0.610942    -3.932700    -0.524070
      -0.610932    -3.932726     0.570497
      -0.611372    -3.933876     1.665303
      -1.503393    -3.300166     2.762585
      -1.503494    -3.300254    -2.716211
      -1.501006    -3.295104    -1.620321
      -1.499920    -3.293157    -0.524623
      -1.499920    -3.293176     0.570830
      -1.500987    -3.295131     1.666556
      -2.390579    -2.655142     2.762570
      -2.390627    -2.655253    -2.716232
      -2.387068    -2.650797    -1.620352
      -2.385807    -2.648936    -0.524645
      -2.385824    -2.648945     0.570825
      -2.387097    -2.650798     1.666558
      -3.272832    -2.004386     2.761067
      -3.272817    -2.004459    -2.714547
      -3.269159    -2.001226    -1.618912
      -3.268479    -2.000143    -0.524129
      -3.268508    -2.000149     0.570478
      -3.269229    -2.001225     1.665296
       0.281692    -4.570317     2.757711
       4.724509    -1.351722     2.756556
       3.027688     3.870561     2.756556
      -2.458470     3.863039     2.757711
      -4.149889    -1.348380     2.757705
       0.287628     0.093456     5.518225
       0.288098    -0.837868     6.065042
       0.287315    -1.775421     5.517287
       0.286185    -2.711021     4.963969
       0.284745    -3.646601     4.409701
       1.174495    -0.193845     6.064294
       2.065726    -0.483423     5.515387
       2.954538    -0.772449     4.961134
       3.841844    -1.061381     4.406109
       0.836247     0.847175     6.064294
       1.387059     1.605300     5.515387
       1.936239     2.361557     4.961134
       2.484254     3.116854     4.406109
      -0.259410     0.847189     6.065042
      -0.811123     1.605226     5.517287
      -1.361969     2.361478     4.963969
      -1.913053     3.117532     4.409701
      -0.598250    -0.194383     6.065131
      -1.490486    -0.484288     5.517494
      -2.380797    -0.773567     4.964146
      -3.270968    -1.062801     4.409810
       1.180236    -1.134445     5.516254
       1.732488     0.562919     5.514834
       0.288022     1.611511     5.516254
      -1.156655     0.562394     5.517080
      -0.605187    -1.134850     5.517080
       2.071340    -1.426344     4.963378
       1.181228    -2.072851     4.964365
       2.285424     1.320454     4.961607
       2.625090     0.275068     4.961607
      -0.262757     2.371281     4.964365
       0.837366     2.371439     4.963378
      -2.050239     0.274095     4.965077
      -1.710438     1.319766     4.965045
      -0.608035    -2.073083     4.965045
      -1.497570    -1.426847     4.965077
       2.961599    -1.717865     4.408595
       2.074199    -2.367911     4.410690
       1.181266    -3.010916     4.410573
       2.837263     2.077764     4.406485
       3.181662     1.033784     4.407147
       3.516673    -0.013246     4.406485
      -0.814106     3.130213     4.410573
       0.286241     3.134863     4.410690
       1.386249     3.130566     4.408595
      -2.943156    -0.014565     4.411092
      -2.607423     1.032543     4.411922
      -2.263800     2.076991     4.411088
      -0.610630    -3.010949     4.411088
      -1.502537    -2.367949     4.411922
      -2.389625    -1.718159     4.411092
       3.849952    -2.009603     3.853144
       2.965932    -2.662152     3.856267
       2.075280    -3.308687     3.857084
       1.180665    -3.948426     3.856127
       3.388137     2.833996     3.850525
       3.736436     1.792445     3.851748
       4.076413     0.746101     3.851748
       4.406841    -0.301256     3.850525
      -1.365647     3.888322     3.856127
      -0.265859     3.896603     3.857084
       0.834718     3.897057     3.856267
       1.933463     3.888747     3.853144
      -3.835301    -0.303242     3.856518
      -3.503032     0.744500     3.857946
      -3.163314     1.790864     3.857977
      -2.816785     2.833796     3.856597
      -0.613165    -3.948253     3.856597
      -1.506533    -3.308188     3.857977
      -2.396407    -2.661343     3.857946
      -3.281066    -2.009004     3.856518
       4.736625    -2.301877    -1.069666
       4.736428    -2.301549     0.023303
       4.736684    -2.301818     1.116316
       4.736855    -2.301682     2.207386
       3.855148    -2.956403     3.300810
       3.846373    -2.950790    -2.159930
       3.846030    -2.948827    -1.068549
       3.845850    -2.948278     0.023252
       3.846053    -2.948751     1.115093
       3.846350    -2.950582     2.206616
       2.967718    -3.605323     3.302769
       2.959570    -3.597905    -2.162143
       2.956697    -3.594092    -1.069199
       2.956134    -3.593199     0.023231
       2.956686    -3.594017     1.115697
       2.959485    -3.597672     2.208777
       2.075388    -4.248784     3.302681
       2.069493    -4.239547    -2.162042
       2.066536    -4.235660    -1.069116
       2.065913    -4.234778     0.023277
       2.066514    -4.235606     1.115705
       2.069403    -4.239349     2.208765
       1.173979    -4.873589    -1.068378
       1.173540    -4.873088     0.023371
       1.173970    -4.873566     1.115155
       1.176041    -4.874851     2.206927
       3.931483     3.591274    -1.068631
       3.930916     3.590965     0.023289
       3.931544     3.591304     1.115255
       3.933980     3.591417     2.205894
       4.290744     2.550967     3.294470
       4.282660     2.547778    -2.157095
       4.279988     2.547329    -1.067167
       4.279371     2.547083     0.023225
       4.280029     2.547354     1.113662
       4.282607     2.547764     2.203735
       4.634210     1.505745     3.296233
       4.626202     1.503143    -2.158354
       4.623327     1.502209    -1.067789
       4.622631     1.501983     0.023184
       4.623363     1.502220     1.114200
       4.626118     1.503116     2.204906
       4.970706     0.458258     3.294470
       4.962291     0.456086    -2.157095
       4.959866     0.454879    -1.067167
       4.959222     0.454716     0.023225
       4.959914     0.454883     1.113662
       4.962240     0.456066     2.203735
       5.291534    -0.594536    -1.068631
       5.290893    -0.594620     0.023289
       5.291601    -0.594525     1.115255
       5.293638    -0.593184     2.205894
      -1.914852     4.632865    -1.068378
      -1.914913     4.632202     0.023371
      -1.914846     4.632840     1.115155
      -1.913926     4.635098     2.206927
      -0.818346     4.657221     3.302681
      -0.817686     4.646283    -2.162042
      -0.817794     4.641401    -1.069116
      -0.817779     4.640321     0.023277
      -0.817780     4.641344     1.115705
      -0.817642     4.646071     2.208765
       0.281780     4.661148     3.302769
       0.279549     4.650357    -2.162143
       0.279466     4.645584    -1.069199
       0.279535     4.644530     0.023231
       0.279501     4.645518     1.115697
       0.279617     4.650119     2.208777
       1.381153     4.657779     3.300810
       1.377352     4.648079    -2.159930
       1.378229     4.646290    -1.068549
       1.378406     4.645740     0.023252
       1.378292     4.646242     1.115093
       1.377456     4.647898     2.206616
       2.479003     4.646375    -1.069666
       2.479037     4.645994     0.023303
       2.479086     4.646362     1.116316
       2.479304     4.646352     2.207386
      -4.714533    -0.591539    -1.068635
      -4.714080    -0.591716     0.023311
      -4.714528    -0.591561     1.115288
      -4.715919    -0.590616     2.207153
      -4.397670     0.456256     3.303385
      -4.387525     0.455409    -2.162665
      -4.383359     0.454231    -1.069499
      -4.382463     0.453902     0.023229
      -4.383323     0.454206     1.115988
      -4.387356     0.455344     2.209275
      -4.061057     1.503553     3.304289
      -4.052106     1.500100    -2.163423
      -4.047808     1.498370    -1.069916
      -4.046777     1.497932     0.023204
      -4.047752     1.498357     1.116355
      -4.051895     1.500038     2.209986
      -3.718500     2.548841     3.303496
      -3.710329     2.542615    -2.162665
      -3.706595     2.540551    -1.069479
      -3.705776     2.540117     0.023259
      -3.706540     2.540555     1.116029
      -3.710131     2.542572     2.209342
      -3.360882     3.581260    -1.068580
      -3.360544     3.580973     0.023365
      -3.360846     3.581274     1.115344
      -3.362039     3.581882     2.207234
      -0.614001    -4.872777    -1.068580
      -0.613896    -4.872345     0.023365
      -0.613963    -4.872767     1.115344
      -0.614572    -4.873960     2.207234
      -1.510161    -4.247734     3.303496
      -1.507210    -4.237895    -2.162665
      -1.505402    -4.234030    -1.069479
      -1.504995    -4.233198     0.023259
      -1.505355    -4.234001     1.116029
      -1.507075    -4.237744     2.209342
      -2.401700    -3.603428     3.304289
      -2.396488    -3.595373    -2.163423
      -2.394028    -3.591448    -1.069916
      -2.393450    -3.590487     0.023204
      -2.393990    -3.591404     1.116355
      -2.396353    -3.595199     2.209986
      -3.289611    -2.954003     3.303385
      -3.281901    -2.947354    -2.162665
      -3.279224    -2.943953    -1.069499
      -3.278691    -2.943159     0.023229
      -3.279209    -2.943911     1.115988
      -3.281802    -2.947203     2.209275
      -4.161837    -2.292566    -1.068635
      -4.161573    -2.292157     0.023311
      -4.161845    -2.292545     1.115288
      -4.162415    -2.294128     2.207153
       0.281667    -4.570316    -2.710816
       4.724350    -1.351746    -2.709752
       3.027545     3.870487    -2.709752
      -2.458489     3.863025    -2.710816
      -4.149847    -1.348366    -2.710940
       0.287685     0.093475    -5.478519
       0.280212    -5.510035    -2.161186
       0.279389    -5.509063    -1.069526
       0.279209    -5.508497     0.023469
       0.279406    -5.509064     1.116491
       0.280242    -5.509983     2.208250
       5.626200    -1.649063    -2.175592
       5.624829    -1.648475    -1.075109
       5.624411    -1.648048     0.023320
       5.624920    -1.648446     1.121772
       5.626308    -1.649000     2.222329
       3.582399     4.641116    -2.175592
       3.581635     4.639834    -1.075109
       3.581548     4.639243     0.023320
       3.581726     4.639865     1.121772
       3.582524     4.641128     2.222329
      -3.012019     4.622418    -2.161186
      -3.012113     4.621147    -1.069526
      -3.011927     4.620584     0.023469
      -3.012100     4.621158     1.116491
      -3.011964     4.622393     2.208250
      -5.043619    -1.638770    -2.161343
      -5.042906    -1.638538    -1.069670
      -5.042447    -1.638389     0.023400
      -5.042923    -1.638544     1.116496
      -5.043607    -1.638766     2.208259
       0.288251    -0.840878    -6.028510
       0.287384    -1.775700    -5.473077
       0.286211    -2.711299    -4.917574
       0.284743    -3.646953    -4.362694
       0.283184    -4.580638     3.855669
       0.283163    -4.580988    -3.808498
       1.177448    -0.194838    -6.027557
       2.066005    -0.483550    -5.471179
       2.954776    -0.772559    -4.914806
       3.842086    -1.061498    -4.359179
       4.724498    -1.349114     3.850149
       4.724547    -1.349178    -3.802985
       0.838053     0.849713    -6.027557
       1.387211     1.605567    -5.471179
       1.936366     2.361786    -4.914806
       2.484381     3.117090    -4.359179
       3.029212     3.868445     3.850149
       3.029214     3.868525    -3.802985
      -0.261056     0.849714    -6.028510
      -0.811230     1.605492    -5.473077
      -1.362111     2.361718    -4.917574
      -1.913262     3.117815    -4.362694
      -2.463329     3.872267     3.855669
      -2.463551     3.872537    -3.808498
      -0.600838    -0.195224    -6.028778
      -1.490564    -0.484313    -5.473430
      -2.380932    -0.773611    -4.917901
      -3.271205    -1.062878    -4.362951
      -4.159521    -1.351509     3.855738
      -4.159773    -1.351591    -3.808716
       1.180329    -1.134566    -5.473103
       1.732520     0.562929    -5.471748
       0.288025     1.611663    -5.473103
      -1.156588     0.562447    -5.474104
      -0.605102    -1.134854    -5.474104
       2.071600    -1.426746    -4.917665
       1.181522    -2.073244    -4.918624
       2.285783     1.320561    -4.915955
       2.625444     0.275192    -4.915955
      -0.262750     2.371771    -4.918624
       0.837341     2.371917    -4.917665
      -2.050543     0.274264    -4.919504
      -1.710797     1.319899    -4.919392
      -0.608247    -2.073401    -4.919392
      -1.497717    -1.427163    -4.919504
       2.961932    -1.718270    -4.361927
       2.074565    -2.368465    -4.364236
       1.181506    -3.011415    -4.363859
       2.837654     2.077961    -4.359860
       3.182181     1.033952    -4.360775
       3.517105    -0.013177    -4.359860
      -0.814205     3.130758    -4.363859
       0.286211     3.135527    -4.364236
       1.386281     3.131089    -4.361927
      -2.943585    -0.014462    -4.364536
      -2.607970     1.032741    -4.365571
      -2.264246     2.077222    -4.364427
      -0.610855    -3.011398    -4.364427
      -1.502863    -2.368431    -4.365571
      -2.389911    -1.718495    -4.364536
       3.850217    -2.009951    -3.806147
       2.966273    -2.662676    -3.809458
       2.075582    -3.309256    -3.810257
       1.180821    -3.948919    -3.809088
       3.388453     2.834169    -3.803559
       3.736923     1.792628    -3.805008
       4.076914     0.746240    -3.805008
       4.407199    -0.301211    -3.803559
      -1.365810     3.888813    -3.809088
      -0.265949     3.897241    -3.810257
       0.834685     3.897681    -3.809458
       1.933473     3.889184    -3.806147
      -3.835725    -0.303201    -3.809632
      -3.503584     0.744655    -3.811241
      -3.163868     1.791085    -3.811225
      -2.817201     2.834055    -3.809592
      -0.613350    -3.948708    -3.809592
      -1.506851    -3.308693    -3.811225
      -2.396763    -2.661793    -3.811241
      -3.281385    -2.009287    -3.809632
       4.736126    -2.300158     3.296209
       4.736225    -2.300423    -3.249066
       4.736811    -2.301825    -2.160581
       3.855414    -2.956861    -3.253836
       2.968009    -3.605862    -3.255856
       2.075612    -4.249311    -3.255677
       1.180520    -4.884572     3.301192
       1.180623    -4.884995    -3.254026
       1.176083    -4.874966    -2.160023
       3.937686     3.590237     3.293463
       3.937848     3.590320    -3.246351
       3.933954     3.591412    -2.159110
       4.291144     2.551134    -3.247546
       4.634683     1.505899    -3.249408
       4.971128     0.458358    -3.247546
       5.295942    -0.590051     3.293463
       5.296123    -0.590023    -3.246351
       5.293614    -0.593196    -2.159110
      -1.916016     4.645595     3.301192
      -1.916181     4.645998    -3.254026
      -1.913959     4.635216    -2.160023
      -0.818475     4.657779    -3.255677
       0.281699     4.661755    -3.255856
       1.381099     4.658306    -3.253836
       2.479609     4.644690     3.296209
       2.479534     4.644964    -3.249066
       2.479184     4.646442    -2.160581
      -4.726103    -0.590951     3.301581
      -4.726461    -0.590933    -3.254569
      -4.715998    -0.590573    -2.160385
      -4.398164     0.456357    -3.256512
      -4.061601     1.503727    -3.257461
      -3.718992     2.549059    -3.256546
      -3.369343     3.589113     3.301741
      -3.369699     3.589335    -3.254596
      -3.362166     3.581900    -2.160348
      -0.616230    -4.884103     3.301741
      -0.616388    -4.884492    -3.254596
      -0.614664    -4.874050    -2.160348
      -1.510430    -4.248200    -3.256546
      -2.402037    -3.603889    -3.257461
      -3.289951    -2.954375    -3.256512
      -4.170851    -2.299843     3.301581
      -4.171130    -2.300067    -3.254569
      -4.162454    -2.294209    -2.160385
       5.639082    -2.608014    -1.625030
       5.638651    -2.606531    -0.525685
       5.638668    -2.606499     0.572399
       5.639089    -2.607905     1.671804
       4.740841    -3.254814    -2.696850
       4.741083    -3.252745    -1.611304
       4.740508    -3.250750    -0.521913
       4.740501    -3.250696     0.568670
       4.741025    -3.252560     1.658164
       4.740662    -3.254455     2.743921
       3.858576    -3.904267    -2.699766
       3.851987    -3.898223    -1.610064
       3.850815    -3.896061    -0.521172
       3.850796    -3.895999     0.567904
       3.851892    -3.898000     1.656886
       3.858321    -3.903795     2.746766
       2.969116    -4.549031    -2.701469
       2.963289    -4.542216    -1.611079
       2.961597    -4.539872    -0.521497
       2.961575    -4.539812     0.568250
       2.963194    -4.541990     1.657920
       2.968883    -4.548533     2.748482
       2.076550    -5.189384    -2.699485
       2.071644    -5.181746    -1.609835
       2.069928    -5.179873    -0.521044
       2.069914    -5.179825     0.567914
       2.071582    -5.181555     1.656789
       2.076391    -5.188931     2.746614
       1.177528    -5.818903    -1.611204
       1.175874    -5.817563    -0.521758
       1.175873    -5.817533     0.568750
       1.177515    -5.818774     1.658281
       4.502167     4.360604    -1.623651
       4.501513     4.359443    -0.525338
       4.501543     4.359450     0.571978
       4.502216     4.360579     1.670365
       4.861221     3.314461    -2.690487
       4.854588     3.315801    -1.606107
       4.852686     3.315004    -0.520074
       4.852697     3.315006     0.566783
       4.854561     3.315768     1.652959
       4.860999     3.314281     2.737579
       5.207146     2.270547    -2.696414
       5.201191     2.269759    -1.609092
       5.199288     2.269064    -0.520988
       5.199291     2.269065     0.567574
       5.201128     2.269730     1.655818
       5.206812     2.270401     2.743372
       5.547264     1.223770    -2.696414
       5.541984     1.220907    -1.609092
       5.540035     1.220351    -0.520988
       5.540038     1.220352     0.567574
       5.541915     1.220894     1.655818
       5.546908     1.223692     2.743372
       5.881002     0.175896    -2.690487
       5.876423     0.170913    -1.606107
       5.874416     0.170441    -0.520074
       5.874426     0.170444     0.566783
       5.876383     0.170924     1.652959
       5.880716     0.175912     2.737579
       6.205428    -0.881498    -1.623651
       6.204217    -0.880944    -0.525338
       6.204245    -0.880931     0.571978
       6.205452    -0.881449     1.670365
      -2.467623     5.399726    -1.611204
      -2.468173     5.397670    -0.521758
      -2.468157     5.397645     0.568750
      -2.467558     5.399615     1.658281
      -1.370277     5.418866    -2.699485
      -1.369756     5.409803    -1.609835
      -1.370044     5.407280    -0.521044
      -1.370027     5.407232     0.567914
      -1.369694     5.409612     1.656789
      -1.370139     5.418406     2.746614
      -0.271786     5.425446    -2.701469
      -0.272494     5.416508    -1.611079
      -0.272485     5.413616    -0.521497
      -0.272467     5.413555     0.568250
      -0.272438     5.416269     1.657920
      -0.271681     5.424907     2.748482
       0.826786     5.426632    -2.699766
       0.825008     5.417870    -1.610064
       0.825330     5.415432    -0.521172
       0.825351     5.415370     0.567904
       0.825061     5.417633     1.656886
       0.826856     5.426100     2.746766
       1.922291     5.419795    -2.696850
       1.923704     5.418264    -1.611304
       1.924411     5.416312    -0.521913
       1.924437     5.416264     0.568670
       1.923765     5.418080     1.658164
       1.922358     5.419399     2.743921
       3.029163     5.424496    -1.625030
       3.029687     5.423042    -0.525685
       3.029719     5.423026     0.572399
       3.029233     5.424411     1.671804
      -5.614468    -0.879500    -1.611661
      -5.612986    -0.880449    -0.521966
      -5.612968    -0.880453     0.568812
      -5.614374    -0.879507     1.658587
      -5.292687     0.168845    -2.700293
      -5.284331     0.167972    -1.610452
      -5.282353     0.166996    -0.521297
      -5.282316     0.166986     0.568039
      -5.284170     0.167941     1.657274
      -5.292274     0.168787     2.747278
      -4.958850     1.216120    -2.702749
      -4.951119     1.214132    -1.611986
      -4.948671     1.213084    -0.521832
      -4.948620     1.213071     0.568493
      -4.950913     1.214079     1.658730
      -4.958366     1.216001     2.749656
      -4.619249     2.262770    -2.702791
      -4.612221     2.258912    -1.612007
      -4.609814     2.257894    -0.521828
      -4.609760     2.257880     0.568523
      -4.612010     2.258849     1.658786
      -4.618768     2.262598     2.749736
      -4.274619     3.306406    -2.700394
      -4.267919     3.301337    -1.610505
      -4.266017     3.300570    -0.521282
      -4.265973     3.300559     0.568121
      -4.267745     3.301275     1.657426
      -4.274207     3.306214     2.747485
      -3.920299     4.342880    -1.611665
      -3.918868     4.342422    -0.521919
      -3.918838     4.342415     0.568906
      -3.920182     4.342830     1.658736
      -0.618910    -5.817757    -1.611665
      -0.618022    -5.816545    -0.521919
      -0.618002    -5.816523     0.568906
      -0.618846    -5.817648     1.658736
      -1.514785    -5.187496    -2.700394
      -1.512344    -5.179457    -1.610505
      -1.511257    -5.177718    -0.521282
      -1.511227    -5.177684     0.568121
      -1.512240    -5.179304     1.657426
      -1.514565    -5.187098     2.747485
      -2.407030    -4.545745    -2.702791
      -2.403612    -4.538493    -1.612007
      -2.402263    -4.536254    -0.521828
      -2.402228    -4.536211     0.568523
      -2.403479    -4.538317     1.658786
      -2.406742    -4.545323     2.749736
      -3.296978    -3.898599    -2.702749
      -3.291892    -3.892447    -1.611986
      -3.290527    -3.890160    -0.521832
      -3.290494    -3.890119     0.568493
      -3.291757    -3.892283     1.658730
      -3.296657    -3.898219     2.749656
      -4.182630    -3.247560    -2.700293
      -4.176383    -3.241942    -1.610452
      -4.175357    -3.239989    -0.521297
      -4.175333    -3.239960     0.568039
      -4.176271    -3.241823     1.657274
      -4.182330    -3.247270     2.747278
      -5.059158    -2.588569    -1.611661
      -5.058518    -2.586930    -0.521966
      -5.058505    -2.586916     0.568812
      -5.059086    -2.588508     1.658587
      -5.059501    -2.590242     2.745231
       0.281724    -5.509405     3.300481
       0.281690    -5.509634    -3.253206
       5.629583    -1.647741     3.331795
       5.629609    -1.647855    -3.284932
       3.585913     4.642034     3.331795
       3.585866     4.642142    -3.284932
      -3.010426     4.622797     3.300481
      -3.010587     4.622962    -3.253206
      -5.042920    -1.638543     3.300526
      -5.043073    -1.638592    -3.253412
       5.639185    -2.612344    -2.731146
       5.639057    -2.612135     2.778020
       1.180448    -5.820183    -2.697635
       1.180397    -5.819883     2.744898
       4.505749     4.360494    -2.727390
       4.505701     4.360319     2.774209
       6.208261    -0.879304    -2.727390
       6.208119    -0.879191     2.774209
      -2.466013     5.402478    -2.697635
      -2.465878     5.402206     2.744898
       3.026702     5.428059    -2.731146
       3.026721     5.427815     2.778020
      -5.615971    -0.878342    -2.698130
      -5.615729    -0.878348     2.745231
      -3.921397     4.343576    -2.698133
      -3.921137     4.343428     2.745385
      -0.619390    -5.818965    -2.698133
      -0.619266    -5.818693     2.745385
      -5.059694    -2.590389    -2.698130
       0.288353     0.093691     6.655339
       0.288871     0.093860    -6.582527
       0.279637    -6.463432    -2.737193
       0.278777    -6.459311    -1.626723
       0.278443    -6.457957    -0.525999
       0.278454    -6.457949     0.573046
       0.278807    -6.459250     1.673804
       0.279680    -6.463226     2.784340
      -3.572877     5.393394    -2.737193
      -3.571150     5.389555    -1.626723
      -3.570624     5.388263    -0.525999
      -3.570611     5.388263     0.573046
      -3.571090     5.389523     1.673804
      -3.572721     5.393253     2.784340
      -5.950201    -1.933336    -2.737300
      -5.946467    -1.932123    -1.626914
      -5.945324    -1.931751    -0.526120
      -5.945325    -1.931752     0.573007
      -5.946438    -1.932113     1.673831
      -5.950060    -1.933290     2.784277
       0.289547    -0.841497    -7.148085
       0.288569    -1.774610     6.634441
       0.288692    -1.785041    -6.584286
       0.287512    -2.720453     6.073549
       0.287562    -2.725068    -6.024873
       0.286136    -3.662566     5.515020
       0.286150    -3.664936    -5.466879
       0.284604    -4.604785     4.956597
       0.284594    -4.606226    -4.908848
       0.283166    -5.551292     4.396437
       0.283137    -5.552350    -4.348831
       1.180110    -0.194774    -7.146674
       2.067719    -0.483003     6.631596
       2.077286    -0.486166    -6.581639
       2.967224    -0.775332     6.069226
       2.971511    -0.776724    -6.020719
       3.863958    -1.066997     5.508598
       3.866242    -1.067743    -5.460553
       4.763745    -1.359979     4.946762
       4.765267    -1.360486    -4.898964
       0.840244     0.851226    -7.146674
       1.388918     1.606132     6.631596
       1.394799     1.614314    -6.581639
       1.944807     2.371347     6.069226
       1.947457     2.374993    -6.020719
       2.498844     3.134395     5.508598
       2.500254     3.136341    -5.460553
       3.054577     3.900304     4.946762
       3.055510     3.901608    -4.898964
      -0.260370     0.850977    -7.148085
      -0.809632     1.605307     6.634441
      -0.815663     1.613817    -6.584286
      -1.366439     2.369889     6.073549
      -1.369111     2.373651    -6.024873
      -1.921311     3.131266     5.515020
      -1.922694     3.133191    -5.466879
      -2.476373     3.892636     4.956597
      -2.477229     3.893796    -4.908848
      -3.033879     4.657532     4.396437
      -3.034524     4.658370    -4.348831
      -0.600918    -0.195250    -7.148407
      -1.489582    -0.483994     6.634721
      -1.498866    -0.487011    -6.584828
      -2.389480    -0.776389     6.073881
      -2.393524    -0.777703    -6.025448
      -3.285897    -1.067652     5.515316
      -3.287938    -1.068315    -5.467373
      -4.182321    -1.358918     4.956825
      -4.183542    -1.359314    -4.909253
      -5.082675    -1.651460     4.396628
      -5.083561    -1.651748    -4.349201
       1.174252    -1.123546     6.635703
       1.186228    -1.140185    -6.580162
       1.722638     0.559719     6.633416
       1.741403     0.565816    -6.578370
       0.289587     1.599176     6.635703
       0.289495     1.619676    -6.580162
      -1.143580     0.558654     6.636736
      -1.162573     0.565181    -6.581515
      -0.596807    -1.124139     6.636736
      -0.608336    -1.140584    -6.581515
       2.076669    -1.429875     6.070039
       2.081970    -1.433325    -6.020969
       1.185573    -2.076519     6.071456
       1.187298    -2.082691    -6.022293
       2.292478     1.323339     6.067759
       2.297182     1.327142    -6.018856
       2.632493     0.276880     6.067759
       2.638534     0.276568    -6.018856
      -0.261398     2.376801     6.071456
      -0.263630     2.382808    -6.022293
       0.839602     2.377428     6.070039
       0.841863     2.383335    -6.020969
      -2.054280     0.275773     6.072443
      -2.060305     0.275550    -6.023562
      -1.714067     1.321967     6.072447
      -1.718892     1.325955    -6.023393
      -0.609678    -2.076997     6.072447
      -0.611237    -2.083059    -6.023393
      -1.499852    -1.430580     6.072443
      -1.504858    -1.433941    -6.023562
       2.974735    -1.723780     5.510156
       2.977379    -1.725292    -5.461985
       2.082785    -2.375722     5.513133
       2.084523    -2.378057    -5.465296
       1.186191    -3.021056     5.513276
       1.186868    -3.024042    -5.465026
       2.849247     2.086791     5.507686
       2.851394     2.088742    -5.459589
       3.194313     1.037894     5.508861
       3.196899     1.038735    -5.461162
       3.531674    -0.013506     5.507686
       3.534558    -0.013822    -5.459589
      -0.816082     3.141311     5.513276
      -0.817290     3.144125    -5.465026
       0.288596     3.146230     5.513133
       0.288630     3.149140    -5.465296
       1.393400     3.143072     5.510156
       1.394651     3.145850    -5.461985
      -2.953650    -0.014504     5.514095
      -2.956459    -0.014753    -5.466065
      -2.616500     1.036205     5.515103
      -2.619124     1.037102    -5.467385
      -2.271627     2.084288     5.514056
      -2.273838     2.086296    -5.465862
      -0.612672    -3.021453     5.514056
      -0.613281    -3.024377    -5.465862
      -1.507728    -2.376247     5.515103
      -1.509324    -2.378515    -5.467385
      -2.398079    -1.724376     5.514095
      -2.400498    -1.725826    -5.466065
       3.872661    -2.016562     4.949777
       3.874251    -2.017351    -4.902006
       2.980361    -2.670648     4.955330
       2.981626    -2.671875    -4.907820
       2.084078    -3.320087     4.957057
       2.084878    -3.321655    -4.909527
       1.185271    -3.964028     4.955501
       1.185551    -3.965736    -4.907700
       3.404395     2.850843     4.947008
       3.405555     2.852060    -4.899276
       3.751802     1.800804     4.950434
       3.753246     1.801567    -4.903004
       4.093758     0.748371     4.950434
       4.095374     0.748603    -4.903004
       4.429897    -0.305329     4.947008
       4.431550    -0.305632    -4.899276
      -1.371091     3.903652     4.955501
      -1.371868     3.905198    -4.907700
      -0.265442     3.910998     4.957057
      -0.265716     3.912736    -4.909527
       0.841397     3.912411     4.955330
       0.841700     3.914148    -4.907820
       1.947745     3.907725     4.949777
       1.948568     3.909298    -4.902006
      -3.851051    -0.305381     4.956109
      -3.852601    -0.305599    -4.908494
      -3.515981     0.746875     4.958480
      -3.517604     0.747153    -4.911088
      -3.174677     1.797731     4.958502
      -3.176173     1.798516    -4.911051
      -2.827520     2.845904     4.956125
      -2.828721     2.847092    -4.908360
      -0.614733    -3.964359     4.956125
      -0.615007    -3.966026    -4.908360
      -1.511689    -3.320422     4.958502
      -1.512439    -3.321937    -4.911051
      -2.405487    -2.670875     4.958480
      -2.406637    -2.672054    -4.911088
      -3.295066    -2.016531     4.956109
      -3.296447    -2.017266    -4.908494
       4.779639    -2.306080     4.385671
       4.780757    -2.306576    -4.338019
       3.879888    -2.964142     4.396318
       3.880812    -2.964887    -4.348941
       2.982110    -3.616510     4.400520
       2.982793    -3.617496    -4.353242
       2.083469    -4.264507     4.400315
       2.083856    -4.265631    -4.352926
       1.183583    -4.908209     4.396609
       1.183682    -4.909353    -4.349034
       3.958975     3.624952     4.382872
       3.959724     3.625820    -4.335249
       4.307869     2.566240     4.390469
       4.308775     2.566858    -4.343138
       4.653226     1.511924     4.392691
       4.654285     1.512268    -4.345485
       4.993537     0.455967     4.390469
       4.994634     0.456001    -4.343138
       5.333571    -0.605623     4.382872
       5.334687    -0.605885    -4.335249
      -1.927432     4.666518     4.396609
      -1.928024     4.667501    -4.349034
      -0.821050     4.674692     4.400315
      -0.821398     4.675828    -4.352926
       0.286848     4.678658     4.400520
       0.286822     4.679858    -4.353242
       1.396618     4.678582     4.396318
       1.396928     4.679727    -4.348941
       2.511332     4.675058     4.385671
       2.511944     4.676117    -4.338019
      -4.749250    -0.597209     4.397101
      -4.750249    -0.597411    -4.349700
      -4.414844     0.456305     4.401302
      -4.415934     0.456363    -4.354057
      -4.075814     1.508965     4.402734
      -4.076900     1.509327    -4.355547
      -3.731863     2.559979     4.401412
      -3.732817     2.560612    -4.354079
      -3.383632     3.608875     4.397217
      -3.384396     3.609693    -4.349665
      -0.616174    -4.908490     4.397217
      -0.616311    -4.909601    -4.349665
      -1.514424    -4.264600     4.401412
      -1.514825    -4.265673    -4.354079
      -2.410457    -3.616480     4.402734
      -2.411123    -3.617411    -4.355547
      -3.303476    -2.964138     4.401302
      -3.304324    -2.964824    -4.354057
      -4.193256    -2.308385     4.397101
      -4.194183    -2.308809    -4.349700
       4.783881    -3.258345     3.832548
       4.784557    -3.258908    -3.785186
       3.880457    -3.912731     3.841971
       3.881010    -3.913437    -3.794763
       2.981701    -4.563569     3.844170
       2.982095    -4.564394    -3.796955
       2.081206    -5.211046     3.841753
       2.081403    -5.211909    -3.794404
       1.175931    -5.860848     3.833688
       1.175950    -5.861717    -3.786155
       4.869076     3.336125     3.827566
       4.869738     3.336583    -3.780209
       5.217614     2.279234     3.833925
       5.218405     2.279584    -3.786754
       5.560839     1.222895     3.833925
       5.561685     1.223077    -3.786754
       5.900091     0.162986     3.827566
       5.900895     0.163006    -3.780209
      -2.493569     5.432722     3.833688
      -2.494065     5.433436    -3.786155
      -1.379242     5.439128     3.841753
      -1.379590     5.439942    -3.794405
      -0.270149     5.444605     3.844170
      -0.270315     5.445504    -3.796955
       0.839513     5.446341     3.841971
       0.839545     5.447238    -3.794763
       1.955036     5.447950     3.832548
       1.955252     5.448803    -3.785186
      -5.653467    -0.897672     3.834115
      -5.654204    -0.897863    -3.786759
      -5.314893     0.163569     3.842589
      -5.315687     0.163539    -3.795392
      -4.977020     1.218937     3.845704
      -4.977856     1.219103    -3.798598
      -4.635137     2.272274     3.845798
      -4.635932     2.272631    -3.798652
      -4.288790     3.324874     3.842832
      -4.289468     3.325382    -3.795521
      -3.939463     4.382653     3.834291
      -3.940028     4.383277    -3.786771
      -0.611036    -5.861199     3.834291
      -0.611126    -5.862036    -3.786771
      -1.515395    -5.210767     3.842832
      -1.515644    -5.211576    -3.795521
      -2.414298    -4.562773     3.845798
      -2.414731    -4.563529    -3.798652
      -3.310022    -3.911558     3.845704
      -3.310602    -3.912184    -3.798598
      -4.203697    -3.256344     3.842589
      -4.204357    -3.256786    -3.795392
      -5.101390    -2.596790     3.834115
      -5.102099    -2.597069    -3.786759
       5.645652    -3.574530    -2.178808
       5.644883    -3.570495    -1.075012
       5.644036    -3.569798     0.023420
       5.644822    -3.570392     1.121881
       5.645457    -3.574300     2.225735
       4.785052    -4.215977    -3.233612
       4.756472    -4.220763    -2.144217
       4.755899    -4.214573    -1.060803
       4.755045    -4.213341     0.023486
       4.755817    -4.214420     1.107822
       4.756245    -4.220423     2.191347
       4.784629    -4.215394     3.280868
       3.884963    -4.868593    -3.239771
       3.870179    -4.863776    -2.149748
       3.867735    -4.858727    -1.063279
       3.866855    -4.857510     0.023476
       3.867660    -4.858557     1.110275
       3.869973    -4.863376     2.196850
       3.884599    -4.867929     3.286970
       2.985237    -5.517758    -3.239459
       2.980667    -5.505191    -2.149525
       2.976622    -5.501249    -1.063147
       2.975801    -5.499977     0.023506
       2.976571    -5.501082     1.110203
       2.980524    -5.504784     2.196688
       2.984989    -5.517052     3.286722
       2.081427    -6.165508    -3.232951
       2.088567    -6.142906    -2.143779
       2.083100    -6.140262    -1.060546
       2.082316    -6.138984     0.023562
       2.083081    -6.140121     1.107715
       2.088514    -6.142546     2.191058
       2.081307    -6.164825     3.280360
       1.187619    -6.778497    -2.179486
       1.185381    -6.776665    -1.075321
       1.185363    -6.775678     0.023541
       1.185403    -6.776566     1.122426
       1.187656    -6.778222     2.226641
      -3.023494     6.181986    -2.179486
      -3.024227     6.179188    -1.075321
      -3.023662     6.178379     0.023541
      -3.024152     6.179121     1.122426
      -3.023303     6.181785     2.226641
      -1.940082     6.211434    -3.232951
      -1.921020     6.197345    -2.143779
      -1.923889     6.191993    -1.060546
      -1.923772     6.190498     0.023562
      -1.923821     6.191867     1.107715
      -1.920852     6.197023     2.191058
      -1.939778     6.210811     3.280360
      -0.828146     6.218639    -3.239459
      -0.824457     6.205785    -2.149525
      -0.825412     6.200219    -1.063147
      -0.825328     6.198707     0.023506
      -0.825356     6.200054     1.110203
      -0.824333     6.205372     2.196688
      -0.827932     6.217921     3.286722
       0.281317     6.222298    -3.239771
       0.272187     6.209712    -2.149748
       0.273178     6.204191    -1.063279
       0.273182     6.202689     0.023476
       0.273217     6.204008     1.110275
       0.272256     6.209267     2.196850
       0.281413     6.221547     3.286970
       1.393102     6.223379    -3.233612
       1.367167     6.210453    -2.144217
       1.370342     6.205108    -1.060803
       1.370375     6.203609     0.023486
       1.370366     6.204936     1.107822
       1.367184     6.210045     2.191347
       1.393102     6.222659     3.280868
       2.466375     6.210285    -2.178808
       2.468125     6.206569    -1.075012
       2.467850     6.205507     0.023420
       2.468136     6.206450     1.121881
       2.466352     6.209985     2.225735
      -6.529977    -1.165728    -2.180074
      -6.527916    -1.167106    -1.075691
      -6.527137    -1.166739     0.023460
      -6.527850    -1.167084     1.122632
      -6.529772    -1.165662     2.227061
      -6.222839    -0.129681    -3.233972
      -6.203127    -0.112202    -2.144717
      -6.199402    -0.116540    -1.061097
      -6.198128    -0.116831     0.023484
      -6.199288    -0.116539     1.108107
      -6.202823    -0.112187     2.191833
      -6.222229    -0.129631     3.281213
      -5.885617     0.929754    -3.240796
      -5.871290     0.934384    -2.150709
      -5.866983     0.931410    -1.063806
      -5.865709     0.931039     0.023441
      -5.866837     0.931390     1.110731
      -5.870914     0.934334     2.197740
      -5.884939     0.929691     3.287926
      -5.545457     1.985305    -3.241983
      -5.534248     1.980869    -2.151687
      -5.529772     1.978990    -1.064253
      -5.528446     1.978432     0.023435
      -5.529612     1.978948     1.111168
      -5.533853     1.980758     2.198706
      -5.544775     1.985106     3.289098
      -5.201011     3.039464    -3.240967
      -5.192791     3.025884    -2.150842
      -5.187933     3.025041    -1.063861
      -5.186798     3.024381     0.023478
      -5.187788     3.024985     1.110862
      -5.192429     3.025726     2.197950
      -5.200383     3.039145     3.288177
      -4.851829     4.095020    -3.234250
      -4.847035     4.067848    -2.144948
      -4.841944     4.068517    -1.061189
      -4.840880     4.067822     0.023552
      -4.841830     4.068458     1.108338
      -4.846752     4.067670     2.192207
      -4.851297     4.094635     3.281638
      -4.493178     5.112447    -2.180228
      -4.491153     5.111781    -1.075715
      -4.490839     5.110864     0.023547
      -4.491085     5.111728     1.122831
      -4.492995     5.112276     2.227392
      -0.630040    -6.777080    -2.180228
      -0.628793    -6.775351    -1.075715
      -0.629078    -6.774425     0.023547
      -0.628768    -6.775268     1.122831
      -0.629992    -6.776834     2.227392
      -1.518223    -6.164774    -3.234250
      -1.530315    -6.139973    -2.144948
      -1.525803    -6.137522    -1.061189
      -1.525351    -6.136334     0.023552
      -1.525745    -6.137407     1.108338
      -1.530191    -6.139663     2.192207
      -1.518019    -6.164149     3.281638
      -2.421157    -5.516054    -3.240967
      -2.422489    -5.500236    -2.150842
      -2.419054    -5.496699    -1.063861
      -2.418524    -5.495499     0.023478
      -2.418970    -5.496568     1.110862
      -2.422288    -5.499895     2.197950
      -2.420836    -5.515427     3.288177
      -3.319438    -4.865682    -3.241983
      -3.312977    -4.855504    -2.151687
      -3.310460    -4.851353    -1.064253
      -3.309715    -4.850123     0.023435
      -3.310356    -4.851226     1.111168
      -3.312723    -4.855183     2.198706
      -3.319003    -4.865119     3.289098
      -4.215070    -4.211664    -3.240796
      -4.200758    -4.206988    -2.150709
      -4.199022    -4.202051    -1.063806
      -4.198209    -4.201002     0.023441
      -4.198916    -4.201949     1.110731
      -4.200483    -4.206727     2.197740
      -4.214559    -4.211214     3.287926
      -5.110609    -3.552777    -3.233972
      -5.084388    -3.555331    -2.144717
      -5.083924    -3.549632    -1.061097
      -5.083064    -3.548648     0.023484
      -5.083831    -3.549566     1.108107
      -5.084133    -3.555164     2.191833
      -5.110086    -3.552459     3.281213
      -5.968061    -2.895127    -2.180074
      -5.967204    -2.892801    -1.075691
      -5.966358    -2.892640     0.023460
      -5.967138    -2.892780     1.122632
      -5.967857    -2.895061     2.227061