
       0.175436    -0.241467     0.000000
       0.175513    -0.241573     1.100101
       0.175629    -1.168822     0.549686
       1.057343    -0.528220     0.549686
       0.720513     0.508447     0.550012
      -0.369473     0.508536     0.550117
      -0.706213    -0.528130     0.550012
       0.175629    -1.168822    -0.549686
       1.057343    -0.528220    -0.549686
       0.720513     0.508447    -0.550012
      -0.369473     0.508536    -0.550117
      -0.706213    -0.528130    -0.550012
       0.175513    -0.241573    -1.100101
       0.175560    -2.099082    -0.000000
       1.942094    -0.815621    -0.000000
       1.266386     1.260723    -0.000000
      -0.915921     1.260658    -0.000000
      -1.590354    -0.814819    -0.000000
       0.175674    -1.169315     1.649195
       0.175674    -1.169315    -1.649195
       1.057798    -0.528414     1.649195
       1.057798    -0.528414    -1.649195
       0.720763     0.508673     1.650006
       0.720763     0.508673    -1.650006
      -0.369585     0.508690     1.650251
      -0.369585     0.508690    -1.650251
      -0.706505    -0.528297     1.650006
      -0.706505    -0.528297    -1.650006
       1.062274    -1.462096     1.098651
       1.062274    -1.462096    -1.098651
       1.062122    -1.461886    -0.000000
       1.609948     0.224342     1.099306
       1.609948     0.224342    -1.099306
       1.609666     0.224154    -0.000000
       0.175261     1.266301     1.099882
       0.175261     1.266301    -1.099882
       0.175231     1.265923    -0.000000
      -1.258483     0.224626     1.099882
      -1.258483     0.224626    -1.099882
      -1.258113     0.224538    -0.000000
      -0.710863    -1.461826     1.099306
      -0.710863    -1.461826    -1.099306
      -0.710598    -1.461616    -0.000000
       0.175503    -2.099360     1.098073
       0.175503    -2.099360    -1.098073
       1.942376    -0.815652     1.098073
       1.942376    -0.815652    -1.098073
       1.266635     1.261086     1.099335
       1.266635     1.261086    -1.099335
      -0.916137     1.260956     1.099500
      -0.916137     1.260956    -1.099500
      -1.590777    -0.814944     1.099335
      -1.590777    -0.814944    -1.099335
       0.175748    -0.241896     2.200187
       0.175748    -0.241896    -2.200187
       0.175031    -3.032357    -0.548032
       0.175031    -3.032357     0.548032
       2.829855    -1.103516    -0.548032
       2.829855    -1.103516     0.548032
       1.813065     2.015355    -0.548898
       1.813065     2.015355     0.548898
      -1.463765     2.014701    -0.548945
      -1.463765     2.014701     0.548945
      -2.476985    -1.101547    -0.548898
      -2.476985    -1.101547     0.548898
       0.175904    -1.170397     2.748931
       0.175904    -1.170397    -2.748931
       0.175573    -2.100432     2.196593
       0.175573    -2.100432    -2.196593
       1.058756    -0.528967     2.748931
       1.058756    -0.528967    -2.748931
       1.943374    -0.816050     2.196593
       1.943374    -0.816050    -2.196593
       0.721359     0.508951     2.749890
       0.721359     0.508951    -2.749890
       1.267454     1.261998     2.198660
       1.267454     1.261998    -2.198660
      -0.369754     0.508922     2.750153
      -0.369754     0.508922    -2.750153
      -0.916731     1.261773     2.198891
      -0.916731     1.261773    -2.198891
      -0.706953    -0.528779     2.749890
      -0.706954    -0.528779    -2.749890
      -1.591897    -0.815440     2.198660
      -1.591897    -0.815440    -2.198660
       1.062950    -1.463026     2.197687
       1.062950    -1.463026    -2.197687
       1.610949     0.224670     2.198726
       1.610949     0.224670    -2.198726
       0.175400     1.267308     2.199630
       0.175400     1.267308    -2.199630
      -1.259483     0.224805     2.199630
      -1.259483     0.224805    -2.199630
      -0.711485    -1.462677     2.198726
      -0.711485    -1.462677    -2.198726
       1.950731    -1.753742     1.645996
       1.950731    -1.753742    -1.645996
       1.950272    -1.753167    -0.548593
       1.950272    -1.753167     0.548593
       1.065098    -2.397192     1.645996
       1.065098    -2.397192    -1.645996
       1.064692    -2.396577    -0.548593
       1.064692    -2.396577     0.548593
       2.160910     0.979290     1.647925
       2.160910     0.979290    -1.647925
       2.159865     0.978613    -0.549255
       2.159865     0.978613     0.549255
       2.500153    -0.061359     1.646926
       2.500153    -0.061359    -1.646926
       2.499412    -0.061809    -0.548915
       2.499412    -0.061809     0.548915
      -0.371765     2.024250     1.648458
      -0.371765     2.024250    -1.648458
      -0.371659     2.023038    -0.549469
      -0.371659     2.023038     0.549469
       0.721607     2.024445     1.648373
       0.721607     2.024445    -1.648373
       0.721304     2.023214    -0.549432
       0.721304     2.023214     0.549432
      -2.148351    -0.060700     1.648373
      -2.148351    -0.060700    -1.648373
      -2.147086    -0.060793    -0.549432
      -2.147086    -0.060793     0.549432
      -1.810294     0.979098     1.648458
      -1.810294     0.979098    -1.648458
      -1.809174     0.978623    -0.549469
      -1.809174     0.978623     0.549469
      -0.714235    -2.396748     1.646926
      -0.714235    -2.396748    -1.646926
      -0.713579    -2.396182    -0.548915
      -0.713579    -2.396182     0.548915
      -1.599119    -1.752530     1.647925
      -1.599119    -1.752530    -1.647925
      -1.598152    -1.751744    -0.549255
      -1.598152    -1.751744     0.549255
       0.174950    -3.032833     1.644342
       0.174950    -3.032833    -1.644342
       2.830333    -1.103585     1.644342
       2.830333    -1.103585    -1.644342
       1.813891     2.016288     1.646915
       1.813891     2.016288    -1.646915
      -1.464395     2.015568     1.647020
      -1.464395     2.015568    -1.647020
      -2.478127    -1.102044     1.646915
      -2.478127    -1.102044    -1.646915
       0.176127    -0.242418     3.300275
       0.176127    -0.242418    -3.300275
       0.173842    -3.968883    -1.094223
       0.173785    -3.968762     0.000000
       0.173842    -3.968883     1.094223
       3.720911    -1.391788    -1.094223
       3.720813    -1.391696    -0.000000
       3.720911    -1.391788     1.094223
       2.361241     2.772276    -1.095607
       2.360833     2.771929     0.000000
       2.361241     2.772276     1.095607
      -2.013108     2.770806    -1.095650
      -2.012860     2.770466     0.000000
      -2.013108     2.770806     1.095650
      -3.366255    -1.388991    -1.095607
      -3.365799    -1.388711     0.000000
      -3.366255    -1.388991     1.095607
       0.176392    -1.172127     3.848734
       0.176392    -1.172127    -3.848734
       0.176030    -2.102833     3.295574
       0.176030    -2.102833    -3.295574
       0.175306    -3.034514     2.741410
       0.175306    -3.034514    -2.741410
       1.060251    -0.529966     3.848734
       1.060251    -0.529966    -3.848734
       1.945517    -0.817226     3.295574
       1.945517    -0.817226    -3.295574
       2.831822    -1.104443     2.741410
       2.831822    -1.104443    -2.741410
       0.722421     0.509271     3.849635
       0.722421     0.509271    -3.849635
       1.269022     1.263248     3.297702
       1.269022     1.263248    -3.297702
       1.815892     2.018190     2.745089
       1.815892     2.018190    -2.745089
      -0.370012     0.509278     3.849846
      -0.370012     0.509278    -3.849846
      -0.917668     1.263062     3.297911
      -0.917668     1.263062    -3.297911
      -1.465818     2.017526     2.745198
      -1.465818     2.017526    -2.745198
      -0.707586    -0.529690     3.849635
      -0.707586    -0.529690    -3.849635
      -1.593570    -0.816546     3.297702
      -1.593570    -0.816546    -3.297702
      -2.480555    -1.103360     2.745089
      -2.480555    -1.103360    -2.745089
       1.064373    -1.464984     3.296907
       1.064373    -1.464984    -3.296907
       1.612970     0.224821     3.298054
       1.612970     0.224821    -3.298054
       0.175728     1.268870     3.298985
       0.175728     1.268870    -3.298985
      -1.261070     0.224976     3.298985
      -1.261070     0.224976    -3.298985
      -0.712253    -1.464552     3.298054
      -0.712253    -1.464552    -3.298054
       1.952380    -1.755726     2.744003
       1.952380    -1.755726    -2.744003
       1.066475    -2.399374     2.744003
       1.066475    -2.399374    -2.744003
       2.163347     0.980389     2.746514
       2.163347     0.980389    -2.746514
       2.502353    -0.061055     2.745243
       2.502353    -0.061055    -2.745243
      -0.372037     2.026651     2.747150
      -0.372037     2.026651    -2.747150
       0.722420     2.026836     2.747059
       0.722420     2.026836    -2.747059
      -2.150876    -0.060735     2.747059
      -2.150876    -0.060735    -2.747059
      -1.812494     0.980099     2.747150
      -1.812494     0.980099    -2.747150
      -0.715204    -2.398746     2.745243
      -0.715204    -2.398746    -2.745243
      -1.600917    -1.754507     2.746514
      -1.600917    -1.754507    -2.746514
       2.841262    -2.045536     2.190654
       2.841262    -2.045536    -2.190654
       2.840605    -2.044252    -1.095202
       2.840429    -2.044018     0.000000
       2.840605    -2.044252     1.095202
       1.956820    -2.693333     2.191692
       1.956820    -2.693333    -2.191692
       1.955517    -2.691540    -1.095642
       1.955253    -2.691177     0.000000
       1.955517    -2.691540     1.095642
       1.067420    -3.334307     2.190654
       1.067420    -3.334307    -2.190654
       1.066402    -3.333285    -1.095202
       1.066234    -3.333045     0.000000
       1.066402    -3.333285     1.095202
       2.712685     1.736422     2.194308
       2.712685     1.736422    -2.194308
       2.710058     1.735196    -1.096968
       2.709388     1.734887     0.000000
       2.710058     1.735196     1.096968
       3.055909     0.695776     2.194384
       3.055909     0.695776    -2.194384
       3.053367     0.694675    -1.096986
       3.052773     0.694275     0.000000
       3.053367     0.694675     1.096986
       3.392237    -0.347520     2.191857
       3.392237    -0.347520    -2.191857
       3.391118    -0.348289    -1.095759
       3.390884    -0.348539     0.000000
       3.391118    -0.348289     1.095759
      -0.920122     2.783854     2.194651
      -0.920122     2.783854    -2.194651
      -0.919743     2.781295    -1.097183
      -0.919726     2.780631     0.000000
      -0.919743     2.781295     1.097183
       0.174677     2.787998     2.195492
       0.174677     2.787998    -2.195492
       0.174453     2.785062    -1.097698
       0.174390     2.784181     0.000000
       0.174453     2.785062     1.097698
       1.269295     2.784501     2.194569
       1.269295     2.784501    -2.194569
       1.268448     2.781988    -1.097117
       1.268300     2.781331    -0.000000
       1.268448     2.781988     1.097117
      -3.040451    -0.346712     2.194569
      -3.040451    -0.346712    -2.194569
      -3.037800    -0.346683    -1.097117
      -3.037129    -0.346745     0.000000
      -3.037800    -0.346683     1.097117
      -2.705521     0.695412     2.195492
      -2.705521     0.695412    -2.195492
      -2.702660     0.694718    -1.097698
      -2.701803     0.694506    -0.000000
      -2.702660     0.694718     1.097698
      -2.363268     1.735347     2.194651
      -2.363268     1.735347    -2.194651
      -2.360951     1.734196    -1.097183
      -2.360325     1.733975     0.000000
      -2.360951     1.734196     1.097183
      -0.717749    -3.333598     2.191857
      -0.717749    -3.333598    -2.191857
      -0.716672    -3.332772    -1.095759
      -0.716362    -3.332627     0.000000
      -0.716672    -3.332772     1.095759
      -1.606051    -2.691334     2.194384
      -1.606051    -2.691334    -2.194384
      -1.604219    -2.689258    -1.096986
      -1.603655    -2.688817     0.000000
      -1.604219    -2.689258     1.096986
      -2.489702    -2.043332     2.194308
      -2.489702    -2.043332    -2.194308
      -2.487724    -2.041212    -1.096968
      -2.487224    -2.040670     0.000000
      -2.487724    -2.041212     1.096968
       0.174085    -3.969303     2.188445
       0.174085    -3.969303    -2.188445
       3.721236    -1.392148     2.188445
       3.721236    -1.392148    -2.188445
       2.362839     2.773642     2.191872
       2.362839     2.773642    -2.191872
      -2.014162     2.772258     2.191930
      -2.014162     2.772258    -2.191930
      -3.368048    -1.390089     2.191872
      -3.368048    -1.390089    -2.191872
       0.176626    -0.243105     4.400582
       0.176626    -0.243105    -4.400582
       0.172124    -4.909681    -1.640743
       0.171537    -4.909129    -0.547094
       0.171537    -4.909129     0.547094
       0.172124    -4.909681     1.640743
       4.616194    -1.680876    -1.640743
       4.615851    -1.680148    -0.547094
       4.615851    -1.680148     0.547094
       4.616194    -1.680876     1.640743
       2.911516     3.531399    -1.639952
       2.910741     3.531044    -0.546640
       2.910741     3.531044     0.546640
       2.911516     3.531399     1.639952
      -2.564119     3.529209    -1.640016
      -2.563790     3.528756    -0.546673
      -2.563790     3.528756     0.546673
      -2.564119     3.529209     1.640016
      -4.258269    -1.677752    -1.639952
      -4.257692    -1.677125    -0.546640
      -4.257692    -1.677125     0.546640
      -4.258269    -1.677752     1.639952
       0.177120    -1.174798     4.948762
       0.177120    -1.174798    -4.948762
       0.176911    -2.106875     4.394538
       0.176910    -2.106875    -4.394538
       0.176362    -3.039305     3.839549
       0.176362    -3.039305    -3.839549
       0.175229    -3.971064     3.283592
       0.175229    -3.971064    -3.283592
       1.062566    -0.531484     4.948762
       1.062566    -0.531484    -4.948762
       1.949089    -0.819313     4.394538
       1.949089    -0.819313    -4.394538
       2.836051    -1.106928     3.839549
       2.836051    -1.106928    -3.839549
       3.722557    -1.393780     3.283592
       3.722557    -1.393780    -3.283592
       0.724134     0.509908     4.949603
       0.724134     0.509908    -4.949603
       1.271616     1.265076     4.396431
       1.271616     1.265076    -4.396431
       1.819319     2.021099     3.842801
       1.819319     2.021099    -3.842801
       2.366771     2.777232     3.288949
       2.366771     2.777232    -3.288949
      -0.370554     0.510024     4.949793
      -0.370554     0.510024    -4.949793
      -0.919152     1.265105     4.396649
      -0.919152     1.265105    -4.396649
      -1.468159     2.020748     3.842949
      -1.468159     2.020748    -3.842949
      -2.017043     2.776222     3.289041
      -2.017043     2.776222    -3.289041
      -0.708722    -0.531121     4.949603
      -0.708722    -0.531121    -4.949603
      -1.596110    -0.818448     4.396431
      -1.596110    -0.818448    -4.396431
      -2.484380    -1.105720     3.842801
      -2.484380    -1.105720    -3.842801
      -3.372678    -1.392720     3.288949
      -3.372678    -1.392720    -3.288949
       1.066713    -1.468205     4.395833
       1.066713    -1.468205    -4.395833
       1.616271     0.224777     4.397008
       1.616271     0.224777    -4.397008
       0.176265     1.271118     4.397887
       0.176265     1.271118    -4.397887
      -1.263374     0.225160     4.397887
      -1.263374     0.225160    -4.397887
      -0.713232    -1.467705     4.397008
      -0.713232    -1.467705    -4.397008
       1.955874    -1.759435     3.841851
       1.955874    -1.759435    -3.841851
       1.068923    -2.403842     3.841851
       1.068923    -2.403842    -3.841851
       2.167586     0.981680     3.844397
       2.167586     0.981680    -3.844397
       2.506777    -0.061537     3.843282
       2.506777    -0.061537    -3.843282
      -0.372519     2.030332     3.845065
      -0.372519     2.030332    -3.845065
       0.723886     2.030444     3.844980
       0.723886     2.030444    -3.844980
      -2.154760    -0.061014     3.844980
      -2.154760    -0.061014    -3.844980
      -1.815846     0.981695     3.845065
      -1.815846     0.981695    -3.845065
      -0.716113    -2.403102     3.843282
      -0.716113    -2.403102    -3.843282
      -1.603455    -1.758140     3.844397
      -1.603455    -1.758140    -3.844397
       2.844579    -2.049504     3.287087
       2.844579    -2.049504    -3.287087
       1.960307    -2.698132     3.288226
       1.960307    -2.698132    -3.288226
       1.070170    -3.338688     3.287087
       1.070170    -3.338688    -3.287087
       2.717704     1.738777     3.291180
       2.717704     1.738777    -3.291180
       3.061239     0.696838     3.291401
       3.061239     0.696838    -3.291401
       3.396499    -0.347675     3.288711
       3.396499    -0.347675    -3.288711
      -0.921426     2.788575     3.291607
      -0.921426     2.788575    -3.291607
       0.175109     2.792988     3.292527
       0.175109     2.792988    -3.292527
       1.271508     2.789075     3.291537
       1.271508     2.789075    -3.291537
      -3.045485    -0.347403     3.291537
      -3.045485    -0.347403    -3.291537
      -2.710401     0.696543     3.292527
      -2.710401     0.696543    -3.292527
      -2.367355     1.738046     3.291607
      -2.367355     1.738046    -3.291607
      -0.718919    -3.337700     3.288711
      -0.718919    -3.337700    -3.288711
      -1.608708    -2.696076     3.291401
      -1.608708    -2.696076    -3.291401
      -2.493492    -2.047378     3.291180
      -2.493492    -2.047378    -3.291180
       3.733973    -2.338421     2.731914
       3.733973    -2.338421    -2.731914
       3.733584    -2.335866    -1.639378
       3.733184    -2.335108    -0.546521
       3.733184    -2.335108     0.546521
       3.733584    -2.335866     1.639378
       2.851425    -2.990713     2.733707
       2.851425    -2.990713    -2.733707
       2.848742    -2.986858    -1.639955
       2.847995    -2.985797    -0.546653
       2.847995    -2.985797     0.546653
       2.848742    -2.986858     1.639955
       1.963197    -3.636049     2.733707
       1.963197    -3.636049    -2.733707
       1.960359    -3.632305    -1.639955
       1.959581    -3.631267    -0.546653
       1.959581    -3.631267     0.546653
       1.960359    -3.632305     1.639955
       1.070108    -4.273832     2.731914
       1.070108    -4.273832    -2.731914
       1.067798    -4.272672    -1.639378
       1.067201    -4.272057    -0.546521
       1.067201    -4.272057     0.546521
       1.067798    -4.272672     1.639378
       3.267027     2.495679     2.737459
       3.267027     2.495679    -2.737459
       3.261915     2.493531    -1.641920
       3.260305     2.493175    -0.547234
       3.260305     2.493175     0.547234
       3.261915     2.493531     1.641920
       3.613771     1.455343     2.738701
       3.613771     1.455343    -2.738701
       3.607773     1.453440    -1.642958
       3.605558     1.452604    -0.547556
       3.605558     1.452604     0.547556
       3.607773     1.453440     1.642958
       3.953460     0.411852     2.737589
       3.953460     0.411852    -2.737589
       3.948342     0.410536    -1.641953
       3.947112     0.409663    -0.547259
       3.947112     0.409663     0.547259
       3.948342     0.410536     1.641953
       4.286385    -0.634018     2.733470
       4.286385    -0.634018    -2.733470
       4.285537    -0.634971    -1.640146
       4.285338    -0.635213    -0.546797
       4.285338    -0.635213     0.546797
       4.285537    -0.634971     1.640146
      -1.470099     3.546033     2.737802
      -1.470099     3.546033    -2.737802
      -1.469031     3.541243    -1.642141
      -1.469103     3.539939    -0.547322
      -1.469103     3.539939     0.547322
      -1.469031     3.541243     1.642141
      -0.373896     3.553982     2.739452
      -0.373896     3.553982    -2.739452
      -0.373636     3.548257    -1.643533
      -0.373706     3.545978    -0.547768
      -0.373706     3.545978     0.547768
      -0.373636     3.548257     1.643533
       0.722896     3.554353     2.739439
       0.722896     3.554353    -2.739439
       0.721872     3.548697    -1.643512
       0.721595     3.546453    -0.547758
       0.721595     3.546453     0.547758
       0.721872     3.548697     1.643512
       1.818851     3.547139     2.737783
       1.818851     3.547139    -2.737783
       1.816960     3.542558    -1.642093
       1.816660     3.541350    -0.547297
       1.816660     3.541350     0.547297
       1.816960     3.542558     1.642093
      -3.935586    -0.633702     2.737783
      -3.935586    -0.633702    -2.737783
      -3.930644    -0.633319    -1.642093
      -3.929403    -0.633407    -0.547297
      -3.929403    -0.633407     0.547297
      -3.930644    -0.633319     1.642093
      -3.603777     0.410842     2.739439
      -3.603777     0.410842    -2.739439
      -3.598082     0.410068    -1.643512
      -3.595862     0.409638    -0.547758
      -3.595862     0.409638     0.547758
      -3.598082     0.410068     1.643512
      -3.264497     1.453839     2.739452
      -3.264497     1.453839    -2.739452
      -3.259133     1.451822    -1.643533
      -3.256944     1.451185    -0.547768
      -3.256944     1.451185     0.547768
      -3.259133     1.451822     1.643533
      -2.918191     2.493933     2.737802
      -2.918191     2.493933    -2.737802
      -2.913966     2.491437    -1.642141
      -2.912703     2.491102    -0.547322
      -2.912703     2.491102     0.547322
      -2.913966     2.491437     1.642141
      -0.721581    -4.272517     2.733470
      -0.721581    -4.272517    -2.733470
      -0.720412    -4.272004    -1.640146
      -0.720121    -4.271890    -0.546797
      -0.720121    -4.271890     0.546797
      -0.720412    -4.272004     1.640146
      -1.613382    -3.632694     2.737589
      -1.613382    -3.632694    -2.737589
      -1.610549    -3.628234    -1.641953
      -1.609338    -3.627333    -0.547259
      -1.609338    -3.627333     0.547259
      -1.610549    -3.628234     1.641953
      -2.500831    -2.987174     2.738701
      -2.500831    -2.987174    -2.738701
      -2.497168    -2.982058    -1.642958
      -2.495689    -2.980209    -0.547556
      -2.495689    -2.980209     0.547556
      -2.497168    -2.982058     1.642958
      -3.383100    -2.335919     2.737459
      -3.383100    -2.335919    -2.737459
      -3.379478    -2.331721    -1.641920
      -3.378641    -2.330299    -0.547234
      -3.378641    -2.330299     0.547234
      -3.379478    -2.331721     1.641920
       0.173761    -4.909934     2.732990
       4.615929    -1.682511     2.732990
       2.913594     3.532590     2.734161
      -2.565252     3.530768     2.734249
      -4.260043    -1.679360     2.734161
       0.177244    -0.243956     5.501772
       0.178005    -1.179264     6.050810
       0.178007    -2.113532     5.494420
       0.177792    -3.048088     4.938039
       0.177189    -3.981230     4.382411
       1.066540    -0.533706     6.050810
       1.955081    -0.822413     5.494420
       2.843963    -1.111002     4.938039
       3.731620    -1.398786     4.382411
       0.726898     0.511604     6.051778
       1.275656     1.268391     5.496348
       1.824620     2.025984     4.940858
       2.373377     2.783791     4.386003
      -0.371885     0.511857     6.052047
      -0.921764     1.268700     5.496701
      -1.472034     2.026082     4.941177
      -2.022243     2.783380     4.386241
      -0.711188    -0.533226     6.051778
      -1.600512    -0.821266     5.496348
      -2.490665    -1.109252     4.940858
      -3.380957    -1.396975     4.386003
       1.070194    -1.472997     5.494979
       1.621209     0.224850     5.496354
       0.176954     1.274527     5.497368
      -1.266829     0.225558     5.497368
      -0.714827    -1.472378     5.496354
       1.961690    -1.765052     4.939165
       1.072468    -2.411109     4.939165
       2.173891     0.983543     4.941875
       2.513974    -0.062647     4.940900
      -0.373367     2.035664     4.942762
       0.726058     2.035660     4.942653
      -2.160392    -0.061468     4.942653
      -1.820654     0.984148     4.942762
      -0.717281    -2.410290     4.940900
      -1.607176    -1.763561     4.941875
       2.852531    -2.055855     4.383057
       1.966107    -2.706115     4.383955
       1.073752    -3.348213     4.383057
       2.725299     1.742534     4.387120
       3.069872     0.697465     4.387467
       3.405593    -0.350118     4.385154
      -0.923917     2.795760     4.387794
       0.175718     2.800166     4.388818
       1.275272     2.796029     4.387694
      -3.053262    -0.348834     4.387694
      -2.717416     0.698182     4.388818
      -2.373419     1.742636     4.387794
      -0.719406    -3.347103     4.385154
      -1.611973    -2.704092     4.387467
      -2.499413    -2.053439     4.387120
       3.741907    -2.346006     3.826751
       2.859046    -2.999252     3.828168
       1.968963    -3.645935     3.828168
       1.074870    -4.283721     3.826751
       3.275778     2.501379     3.832375
       3.623654     1.457970     3.833498
       3.964181     0.411361     3.832681
       4.295648    -0.636254     3.829374
      -1.474200     3.554995     3.832903
      -0.375017     3.562903     3.834483
       0.725148     3.563175     3.834475
       1.824172     3.555778     3.832882
      -3.945446    -0.636093     3.832882
      -3.612863     0.411427     3.834475
      -3.272635     1.457661     3.834483
      -2.925447     2.500602     3.832903
      -0.722317    -4.282017     3.829374
      -1.616229    -3.643042     3.832681
      -2.506384    -2.995761     3.833498
      -3.391225    -2.342480     3.832375
       4.629653    -2.628413    -1.091869
       4.629142    -2.627929    -0.000000
       4.629653    -2.628413     1.091869
       4.630597    -2.630762     2.182321
       3.751668    -3.291950     3.270703
       3.745810    -3.284869    -2.180260
       3.744505    -3.282412    -1.090350
       3.744038    -3.281858     0.000000
       3.744505    -3.282412     1.090350
       3.745810    -3.284869     2.180260
       2.863774    -3.941649     3.272544
       2.858491    -3.934377    -2.181493
       2.856668    -3.931868    -1.090940
       2.856203    -3.931228    -0.000000
       2.856668    -3.931868     1.090940
       2.858491    -3.934377     2.181493
       1.971499    -4.585318     3.270703
       1.966575    -4.577558    -2.180260
       1.964641    -4.575558    -1.090350
       1.964259    -4.574943     0.000000
       1.964641    -4.575558     1.090350
       1.966575    -4.577558     2.180260
       1.069125    -5.215287    -1.091869
       1.068823    -5.214651     0.000000
       1.069125    -5.215287     1.091869
       1.071068    -5.216910     2.182321
       3.813698     3.253451    -1.091725
       3.813040     3.253301    -0.000000
       3.813698     3.253451     1.091725
       3.816231     3.253334     2.183359
       4.176216     2.218459     3.278950
       4.165502     2.214158    -2.185315
       4.160800     2.212752    -1.092386
       4.159772     2.212409     0.000000
       4.160800     2.212752     1.092386
       4.165502     2.214158     2.185315
       4.519958     1.173384     3.279095
       4.508424     1.171917    -2.185379
       4.503830     1.170531    -1.092429
       4.502842     1.170157    -0.000000
       4.503830     1.170531     1.092429
       4.508424     1.171917     2.185379
       4.856406     0.126751     3.277069
       4.845491     0.127174    -2.183164
       4.844030     0.125810    -1.091786
       4.843547     0.125503    -0.000000
       4.844030     0.125810     1.091786
       4.845491     0.127174     2.183164
       5.184270    -0.921027    -1.092933
       5.183892    -0.921136    -0.000000
       5.184270    -0.921027     1.092933
       5.184425    -0.921212     2.183828
      -2.019961     4.301636    -1.091935
      -2.019976     4.301138     0.000000
      -2.019961     4.301636     1.091935
      -2.019505     4.303350     2.183682
      -0.925631     4.324597     3.279768
      -0.923241     4.314162    -2.185914
      -0.923070     4.309809    -1.092736
      -0.923098     4.308846    -0.000000
      -0.923070     4.309809     1.092736
      -0.923241     4.314162     2.185914
       0.174451     4.328154     3.280706
       0.173932     4.317978    -2.186658
       0.173611     4.313329    -1.093134
       0.173510     4.312208     0.000000
       0.173611     4.313329     1.093134
       0.173932     4.317978     2.186658
       1.274463     4.325342     3.279820
       1.271001     4.315090    -2.185935
       1.270179     4.310878    -1.092740
       1.270005     4.309961    -0.000000
       1.270179     4.310878     1.092740
       1.271001     4.315090     2.185935
       2.366751     4.303705    -1.091925
       2.366565     4.303290    -0.000000
       2.366751     4.303705     1.091925
       2.366980     4.305140     2.183683
      -4.824434    -0.920994    -1.091925
      -4.823981    -0.920945     0.000000
      -4.824434    -0.920994     1.091925
      -4.825869    -0.920768     2.183683
      -4.507476     0.124520     3.279820
      -4.496656     0.124645    -2.185935
      -4.492395     0.124124    -1.092740
      -4.491469     0.124006     0.000000
      -4.492395     0.124124     1.092740
      -4.496656     0.124645     2.185935
      -4.170227     1.171562     3.280706
      -4.160389     1.168912    -2.186658
      -4.155868     1.167780    -1.093134
      -4.154770     1.167530    -0.000000
      -4.155868     1.167780     1.093134
      -4.160389     1.168912     2.186658
      -3.826900     2.216703     3.279768
      -3.817713     2.211206    -2.185914
      -3.813627     2.209698    -1.092736
      -3.812702     2.209427    -0.000000
      -3.813627     2.209698     1.092736
      -3.817713     2.211206     2.185914
      -3.466896     3.250377    -1.091935
      -3.466417     3.250238     0.000000
      -3.466896     3.250377     1.091935
      -3.468666     3.250473     2.183682
      -0.726082    -5.215146    -1.092933
      -0.725861    -5.214821    -0.000000
      -0.726082    -5.215146     1.092933
      -0.725954    -5.215351     2.183828
      -1.621262    -4.579548     3.277069
      -1.618291    -4.569037    -2.183164
      -1.616542    -4.568068    -1.091786
      -1.616101    -4.567704    -0.000000
      -1.616542    -4.568068     1.091786
      -1.618291    -4.569037     2.183164
      -2.512700    -3.936138     3.279095
      -2.507741    -3.925623    -2.185379
      -2.505003    -3.921681    -1.092429
      -2.504342    -3.920858    -0.000000
      -2.505003    -3.921681     1.092429
      -2.507741    -3.925623     2.185379
      -3.400403    -3.286275     3.278950
      -3.393002    -3.277414    -2.185315
      -3.390212    -3.273376    -1.092386
      -3.389567    -3.272505    -0.000000
      -3.390212    -3.273376     1.092386
      -3.393002    -3.277414     2.185315
      -4.272715    -2.621669    -1.091725
      -4.272368    -2.621090     0.000000
      -4.272715    -2.621669     1.091725
      -4.273386    -2.624114     2.183359
       0.173761    -4.909934    -2.732990
       4.615929    -1.682511    -2.732990
       2.913594     3.532590    -2.734161
      -2.565252     3.530768    -2.734249
      -4.260043    -1.679360    -2.734161
       0.177244    -0.243956    -5.501772
       0.169681    -5.859503    -2.198847
       0.169795    -5.857963    -1.098387
       0.170046    -5.857382    -0.000000
       0.169795    -5.857963     1.098387
       0.169681    -5.859503     2.198847
       5.520283    -1.972065    -2.198847
       5.518784    -1.971698    -1.098387
       5.518153    -1.971756    -0.000000
       5.518784    -1.971698     1.098387
       5.520283    -1.972065     2.198847
       3.464757     4.293683    -2.184587
       3.463501     4.293372    -1.092955
       3.463007     4.293014    -0.000000
       3.463501     4.293372     1.092955
       3.464757     4.293683     2.184587
      -3.117623     4.291042    -2.184692
      -3.117170     4.290418    -1.093040
      -3.116874     4.290011     0.000000
      -3.117170     4.290418     1.093040
      -3.117623     4.291042     2.184692
      -5.154205    -1.968356    -2.184587
      -5.153521    -1.967258    -1.092955
      -5.153028    -1.966898    -0.000000
      -5.153521    -1.967258     1.092955
      -5.154205    -1.968356     2.184587
       0.178005    -1.179264    -6.050810
       0.178007    -2.113532    -5.494420
       0.177792    -3.048088    -4.938039
       0.177189    -3.981230    -4.382411
       0.176281    -4.909367     3.826214
       0.176281    -4.909367    -3.826214
       1.066540    -0.533706    -6.050810
       1.955081    -0.822413    -5.494420
       2.843963    -1.111002    -4.938039
       3.731620    -1.398786    -4.382411
       4.614610    -1.684733     3.826214
       4.614610    -1.684733    -3.826214
       0.726898     0.511604    -6.051778
       1.275656     1.268391    -5.496348
       1.824620     2.025984    -4.940858
       2.373377     2.783791    -4.386003
       2.921094     3.540354     3.831842
       2.921094     3.540354    -3.831842
      -0.371885     0.511857    -6.052047
      -0.921764     1.268700    -5.496701
      -1.472034     2.026082    -4.941177
      -2.022243     2.783380    -4.386241
      -2.571397     3.539226     3.832030
      -2.571397     3.539226    -3.832030
      -0.711188    -0.533226    -6.051778
      -1.600512    -0.821266    -5.496348
      -2.490665    -1.109252    -4.940858
      -3.380957    -1.396975    -4.386003
      -4.269745    -1.684094     3.831842
      -4.269745    -1.684094    -3.831842
       1.070195    -1.472997    -5.494979
       1.621209     0.224850    -5.496354
       0.176954     1.274527    -5.497368
      -1.266829     0.225558    -5.497368
      -0.714827    -1.472378    -5.496354
       1.961690    -1.765052    -4.939165
       1.072468    -2.411109    -4.939165
       2.173891     0.983543    -4.941875
       2.513975    -0.062647    -4.940900
      -0.373367     2.035664    -4.942762
       0.726058     2.035660    -4.942653
      -2.160392    -0.061468    -4.942653
      -1.820654     0.984148    -4.942762
      -0.717281    -2.410290    -4.940900
      -1.607176    -1.763561    -4.941875
       2.852531    -2.055855    -4.383057
       1.966107    -2.706115    -4.383955
       1.073752    -3.348213    -4.383057
       2.725299     1.742534    -4.387120
       3.069872     0.697465    -4.387467
       3.405593    -0.350118    -4.385154
      -0.923917     2.795760    -4.387794
       0.175718     2.800166    -4.388818
       1.275272     2.796029    -4.387694
      -3.053262    -0.348834    -4.387694
      -2.717416     0.698182    -4.388818
      -2.373419     1.742636    -4.387794
      -0.719406    -3.347103    -4.385154
      -1.611973    -2.704092    -4.387467
      -2.499413    -2.053439    -4.387120
       3.741907    -2.346006    -3.826751
       2.859046    -2.999252    -3.828168
       1.968963    -3.645935    -3.828168
       1.074870    -4.283721    -3.826751
       3.275778     2.501379    -3.832375
       3.623654     1.457970    -3.833498
       3.964181     0.411361    -3.832681
       4.295648    -0.636254    -3.829374
      -1.474200     3.554995    -3.832903
      -0.375017     3.562903    -3.834483
       0.725148     3.563175    -3.834475
       1.824172     3.555778    -3.832882
      -3.945446    -0.636093    -3.832882
      -3.612863     0.411427    -3.834475
      -3.272635     1.457661    -3.834483
      -2.925447     2.500602    -3.832903
      -0.722317    -4.282017    -3.829374
      -1.616229    -3.643042    -3.832681
      -2.506384    -2.995761    -3.833498
      -3.391225    -2.342480    -3.832375
       4.630796    -2.634836     3.269543
       4.630796    -2.634836    -3.269543
       4.630597    -2.630762    -2.182321
       3.751668    -3.291950    -3.270703
       2.863774    -3.941649    -3.272544
       1.971499    -4.585318    -3.270703
       1.074881    -5.218359     3.269543
       1.074881    -5.218359    -3.269543
       1.071068    -5.216910    -2.182321
       3.825819     3.258783     3.277355
       3.825819     3.258783    -3.277355
       3.816231     3.253334    -2.183359
       4.176216     2.218459    -3.278950
       4.519958     1.173384    -3.279095
       4.856406     0.126751    -3.277069
       5.183155    -0.922027     3.272300
       5.183155    -0.922027    -3.272300
       5.184425    -0.921212    -2.183828
      -2.023089     4.313209     3.277866
      -2.023089     4.313209    -3.277866
      -2.019505     4.303350    -2.183682
      -0.925631     4.324597    -3.279768
       0.174451     4.328154    -3.280706
       1.274463     4.325342    -3.279820
       2.371738     4.314617     3.277927
       2.371738     4.314617    -3.277927
       2.366980     4.305140    -2.183683
      -4.836353    -0.922365     3.277927
      -4.836353    -0.922365    -3.277927
      -4.825869    -0.920768    -2.183683
      -4.507476     0.124520    -3.279820
      -4.170227     1.171562    -3.280706
      -3.826900     2.216703    -3.279768
      -3.476936     3.256928     3.277866
      -3.476936     3.256928    -3.277866
      -3.468666     3.250473    -2.183682
      -0.724785    -5.214395     3.272300
      -0.724785    -5.214395    -3.272300
      -0.725954    -5.215351    -2.183828
      -1.621262    -4.579548    -3.277069
      -2.512700    -3.936138    -3.279095
      -3.400403    -3.286275    -3.278950
      -4.281531    -2.631548     3.277355
      -4.281531    -2.631548    -3.277355
      -4.273386    -2.624114    -2.183359
       5.537717    -2.933478    -1.646888
       5.536368    -2.933181    -0.548619
       5.536368    -2.933181     0.548619
       5.537717    -2.933478     1.646888
       4.653779    -3.598239    -2.713658
       4.652956    -3.591480    -1.629314
       4.651568    -3.589883    -0.543358
       4.651568    -3.589883     0.543358
       4.652956    -3.591480     1.629314
       4.653779    -3.598239     2.713658
       3.767874    -4.249800    -2.719539
       3.765240    -4.244329    -1.632247
       3.763954    -4.242692    -0.544214
       3.763954    -4.242692     0.544214
       3.765240    -4.244329     1.632247
       3.767874    -4.249800     2.719539
       2.877460    -4.896723    -2.719539
       2.873072    -4.892528    -1.632247
       2.871912    -4.890798    -0.544214
       2.871912    -4.890798     0.544214
       2.873072    -4.892528     1.632247
       2.877460    -4.896723     2.719539
       1.984030    -5.537925    -2.713658
       1.977855    -5.535053    -1.629314
       1.976765    -5.533239    -0.543358
       1.976765    -5.533239     0.543358
       1.977855    -5.535053     1.629314
       1.984030    -5.537925     2.713658
       1.078652    -6.173177    -1.646888
       1.078787    -6.171802    -0.548619
       1.078787    -6.171802     0.548619
       1.078652    -6.173177     1.646888
       4.372236     4.016149    -1.634615
       4.370102     4.016038    -0.545215
       4.370102     4.016038     0.545215
       4.372236     4.016149     1.634615
       4.729540     2.978438    -2.722816
       4.721062     2.975144    -1.633189
       4.718566     2.974643    -0.544441
       4.718566     2.974643     0.544441
       4.721062     2.975144     1.633189
       4.729540     2.978438     2.722816
       5.075236     1.935767    -2.724752
       5.066493     1.933685    -1.634382
       5.063740     1.932797    -0.544837
       5.063740     1.932797     0.544837
       5.066493     1.933685     1.634382
       5.075236     1.935767     2.724752
       5.415830     0.891356    -2.723031
       5.406923     0.890353    -1.633351
       5.404698     0.889317    -0.544500
       5.404698     0.889317     0.544500
       5.406923     0.890353     1.633351
       5.415830     0.891356     2.723031
       5.747848    -0.152622    -2.720108
       5.746813    -0.154418    -1.634591
       5.745165    -0.155662    -0.545248
       5.745165    -0.155662     0.545248
       5.746813    -0.154418     1.634591
       5.747848    -0.152622     2.720108
       6.094349    -1.203827    -1.648314
       6.093101    -1.204741    -0.549008
       6.093101    -1.204741     0.549008
       6.094349    -1.203827     1.648314
      -2.571926     5.068566    -1.635016
      -2.572361     5.066854    -0.545357
      -2.572361     5.066854     0.545357
      -2.571926     5.068566     1.635016
      -1.475480     5.086493    -2.723587
      -1.473723     5.078255    -1.633762
      -1.474035     5.076062    -0.544637
      -1.474035     5.076062     0.544637
      -1.473723     5.078255     1.633762
      -1.475480     5.086493     2.723587
      -0.376329     5.092612    -2.726014
      -0.375832     5.084621    -1.635262
      -0.376072     5.081961    -0.545134
      -0.376072     5.081961     0.545134
      -0.375832     5.084621     1.635262
      -0.376329     5.092612     2.726014
       0.724004     5.093064    -2.726068
       0.722499     5.085165    -1.635296
       0.722265     5.082555    -0.545145
       0.722265     5.082555     0.545145
       0.722499     5.085165     1.635296
       0.724004     5.093064     2.726068
       1.823029     5.087809    -2.723722
       1.820265     5.079854    -1.633852
       1.820109     5.077804    -0.544667
       1.820109     5.077804     0.544667
       1.820265     5.079854     1.633852
       1.823029     5.087809     2.723722
       2.918231     5.071120    -1.635077
       2.918222     5.069618    -0.545375
       2.918222     5.069618     0.545375
       2.918231     5.071120     1.635077
      -5.724706    -1.208338    -1.635077
      -5.723274    -1.208794    -0.545375
      -5.723274    -1.208794     0.545375
      -5.724706    -1.208338     1.635077
      -5.402141    -0.161581    -2.723722
      -5.393721    -0.161411    -1.633852
      -5.391723    -0.161896    -0.544667
      -5.391723    -0.161896     0.544667
      -5.393721    -0.161411     1.633852
      -5.402141    -0.161581     2.723722
      -5.067521     0.885277    -2.726068
      -5.059543     0.884268    -1.635296
      -5.056989     0.883683    -0.545145
      -5.056989     0.883683     0.545145
      -5.059543     0.884268     1.635296
      -5.067521     0.885277     2.726068
      -4.727069     1.931616    -2.726014
      -4.719622     1.928674    -1.635262
      -4.717019     1.928081    -0.545134
      -4.717019     1.928081     0.545134
      -4.719622     1.928674     1.635262
      -4.727069     1.931616     2.726014
      -4.381592     2.975079    -2.723587
      -4.374301     2.970863    -1.633762
      -4.372119     2.970482    -0.544637
      -4.372119     2.970482     0.544637
      -4.374301     2.970863     1.633762
      -4.381592     2.975079     2.723587
      -4.025722     4.012321    -1.635016
      -4.023959     4.012207    -0.545357
      -4.023959     4.012207     0.545357
      -4.025722     4.012321     1.635016
      -0.738352    -6.168073    -1.648314
      -0.737098    -6.167169    -0.549008
      -0.737098    -6.167169     0.549008
      -0.738352    -6.168073     1.648314
      -1.631033    -5.513691    -2.720108
      -1.629005    -5.513261    -1.634591
      -1.627312    -5.512078    -0.545248
      -1.627312    -5.512078     0.545248
      -1.629005    -5.513261     1.634591
      -1.631033    -5.513691     2.720108
      -2.521315    -4.875316    -2.723031
      -2.517610    -4.867154    -1.633351
      -2.515936    -4.865358    -0.544500
      -2.515936    -4.865358     0.544500
      -2.517610    -4.867154     1.633351
      -2.521315    -4.875316     2.723031
      -3.409360    -4.228650    -2.724752
      -3.404679    -4.220978    -1.634382
      -3.402983    -4.218634    -0.544837
      -3.402983    -4.218634     0.544837
      -3.404679    -4.220978     1.634382
      -3.409360    -4.228650     2.724752
      -4.294172    -3.577670    -2.722816
      -4.288420    -3.570624    -1.633189
      -4.287173    -3.568406    -0.544441
      -4.287173    -3.568406     0.544441
      -4.288420    -3.570624     1.633189
      -4.294172    -3.577670     2.722816
      -5.170681    -2.917183    -1.634615
      -5.169917    -2.915188    -0.545215
      -5.169917    -2.915188     0.545215
      -5.170681    -2.917183     1.634615
      -5.170994    -2.920367     2.721015
       0.171901    -5.862418     3.308180
       0.171901    -5.862418    -3.308180
       5.522370    -1.975076     3.308180
       5.522370    -1.975076    -3.308180
       3.465731     4.292494     3.276587
       3.465731     4.292494    -3.276587
      -3.117294     4.290590     3.276748
      -3.117294     4.290590    -3.276748
      -5.153375    -1.969650     3.276587
      -5.153375    -1.969650    -3.276587
       5.538763    -2.936948    -2.750609
       5.538763    -2.936948     2.750609
       1.081629    -6.175244    -2.750609
       1.081629    -6.175244     2.750609
       4.375361     4.015463    -2.721015
       4.375361     4.015463     2.721015
       6.097005    -1.200415    -2.754411
       6.097005    -1.200415     2.754411
      -2.571294     5.070362    -2.721462
      -2.571294     5.070362     2.721462
       2.918565     5.072379    -2.721513
       2.918565     5.072379     2.721513
      -5.726006    -1.208266    -2.721513
      -5.726006    -1.208266     2.721513
      -4.027625     4.012275    -2.721462
      -4.027625     4.012275     2.721462
      -0.742419    -6.169544    -2.754411
      -0.742419    -6.169544     2.754411
      -5.170994    -2.920367    -2.721015
       0.177986    -0.244977     6.605793
       0.177986    -0.244977    -6.605793
       4.024695     5.065349    -2.760637
       4.021562     5.062516    -1.650186
       4.020479     5.061611    -0.549496
       4.020479     5.061611     0.549496
       4.021562     5.062516     1.650186
       4.024695     5.065349     2.760637
      -3.677931     5.062240    -2.760680
      -3.675613     5.059050    -1.650308
      -3.674895     5.058062    -0.549541
      -3.674895     5.058062     0.549541
      -3.675613     5.059050     1.650308
      -3.677931     5.062240     2.760680
      -6.061133    -2.262431    -2.760637
      -6.057471    -2.260327    -1.650186
      -6.056276    -2.259576    -0.549496
      -6.056276    -2.259576     0.549496
      -6.057471    -2.260327     1.650186
      -6.061133    -2.262431     2.760637
       0.178898    -1.181793     7.169935
       0.178898    -1.181793    -7.169935
       0.179015    -2.125091     6.604888
       0.179015    -2.125091    -6.604888
       0.179013    -3.065322     6.043958
       0.179013    -3.065322    -6.043958
       0.178729    -4.006174     5.483784
       0.178729    -4.006174    -5.483784
       0.178126    -4.951643     4.922190
       0.178126    -4.951643    -4.922190
       1.068669    -0.535337     7.169935
       1.068669    -0.535337    -7.169935
       1.965763    -0.826943     6.604888
       1.965763    -0.826943    -6.604888
       2.859976    -1.117490     6.043958
       2.859976    -1.117490    -6.043958
       3.754867    -1.407959     5.483784
       3.754867    -1.407959    -5.483784
       4.654248    -1.699552     4.922190
       4.654248    -1.699552    -4.922190
       0.728318     0.511331     7.171365
       0.728318     0.511331    -7.171365
       1.282215     1.275175     6.607569
       1.282215     1.275175    -6.607569
       1.833819     2.036331     6.048166
       1.833819     2.036331    -6.048166
       2.385102     2.797520     5.490192
       2.385102     2.797520    -5.490192
       2.937105     3.559946     4.932188
       2.937105     3.559946    -4.932188
       3.492037     4.326229     4.372202
       3.492037     4.326229    -4.372202
      -0.371931     0.511919     7.171687
      -0.371931     0.511919    -7.171687
      -0.926893     1.275760     6.608111
      -0.926893     1.275760    -6.608111
      -1.479819     2.036797     6.048735
      -1.479819     2.036797    -6.048735
      -2.032592     2.797624     5.490670
      -2.032592     2.797624    -5.490670
      -2.586099     3.559462     4.932565
      -2.586099     3.559462    -4.932565
      -3.142338     4.325059     4.372532
      -3.142338     4.325059    -4.372532
      -0.711367    -0.534662     7.171365
      -0.711367    -0.534662    -7.171365
      -1.608990    -0.825407     6.607569
      -1.608990    -0.825407    -6.607569
      -2.503347    -1.114804     6.048166
      -2.503347    -1.114804    -6.048166
      -3.397637    -1.403884     5.490192
      -3.397637    -1.403884    -5.490192
      -4.293326    -1.693267     4.932188
      -4.293326    -1.693267    -4.932188
      -5.193588    -1.984244     4.372202
      -5.193588    -1.984244    -4.372202
       1.075700    -1.480575     6.601610
       1.075700    -1.480575    -6.601610
       1.629299     0.225919     6.603425
       1.629299     0.225919    -6.603425
       0.177713     1.281063     6.604792
       0.177713     1.281063    -6.604792
      -1.273280     0.226856     6.604792
      -1.273280     0.226856    -6.604792
      -0.718344    -1.479743     6.603425
      -0.718344    -1.479743    -6.603425
       1.971494    -1.773887     6.042074
       1.971494    -1.773887    -6.042074
       1.077841    -2.423164     6.042074
       1.077841    -2.423164    -6.042074
       2.184137     0.987787     6.045558
       2.184137     0.987787    -6.045558
       2.526255    -0.063431     6.044217
       2.526255    -0.063431    -6.044217
      -0.375156     2.045352     6.046836
      -0.375156     2.045352    -6.046836
       0.729326     2.045237     6.046668
       0.729326     2.045237    -6.046668
      -2.170510    -0.061616     6.046668
      -2.170510    -0.061616    -6.046668
      -1.829315     0.988844     6.046836
      -1.829315     0.988844    -6.046836
      -0.720330    -2.422212     6.044217
      -0.720330    -2.422212    -6.044217
      -1.614377    -1.771994     6.045558
      -1.614377    -1.771994    -6.045558
       2.867059    -2.065623     5.482790
       2.867059    -2.065623    -5.482790
       1.975229    -2.718670     5.484350
       1.975229    -2.718670    -5.484350
       1.078553    -3.365049     5.482790
       1.078553    -3.365049    -5.482790
       2.737081     1.749598     5.488298
       2.737081     1.749598    -5.488298
       3.083594     0.699364     5.488540
       3.083594     0.699364    -5.488540
       3.422248    -0.353532     5.485221
       3.422248    -0.353532    -5.485221
      -0.928172     2.807927     5.489337
      -0.928172     2.807927    -5.489337
       0.176425     2.812137     5.490648
       0.176425     2.812137    -5.490648
       1.280948     2.807967     5.489142
       1.280948     2.807967    -5.489142
      -3.066371    -0.350543     5.489142
      -3.066371    -0.350543    -5.489142
      -2.729019     0.701209     5.490648
      -2.729019     0.701209    -5.490648
      -2.383676     1.750443     5.489337
      -2.383676     1.750443    -5.489337
      -0.721306    -3.363999     5.485221
      -0.721306    -3.363999    -5.485221
      -1.618019    -2.716556     5.488540
      -1.618019    -2.716556    -5.488540
      -2.509772    -2.062462     5.488298
      -2.509772    -2.062462    -5.488298
       3.764245    -2.356778     4.922465
       3.764245    -2.356778    -4.922465
       2.872624    -3.012053     4.926167
       2.872624    -3.012053    -4.926167
       1.976942    -3.662804     4.926167
       1.976942    -3.662804    -4.926167
       1.078212    -4.308295     4.922465
       1.078212    -4.308295    -4.922465
       3.289511     2.512207     4.930991
       3.289511     2.512207    -4.930991
       3.638489     1.462531     4.932776
       3.638489     1.462531    -4.932776
       3.982041     0.409766     4.931050
       3.982041     0.409766    -4.931050
       4.319480    -0.644416     4.925235
       4.319480    -0.644416    -4.925235
      -1.481699     3.570322     4.931772
      -1.481699     3.570322    -4.931772
      -0.376971     3.577028     4.934343
      -0.376971     3.577028    -4.934343
       0.728418     3.577193     4.934312
       0.728418     3.577193    -4.934312
       1.833023     3.570779     4.931655
       1.833023     3.570779    -4.931655
      -3.962449    -0.639875     4.931655
      -3.962449    -0.639875    -4.931655
      -3.627207     0.412648     4.934312
      -3.627207     0.412648    -4.934312
      -3.285464     1.463885     4.934343
      -3.285464     1.463885    -4.934343
      -2.937707     2.512471     4.931772
      -2.937707     2.512471    -4.931772
      -0.721919    -4.307205     4.925235
      -0.721919    -4.307205    -4.925235
      -1.620231    -3.660521     4.931050
      -1.620231    -3.660521    -4.931050
      -2.515306    -3.008461     4.932776
      -2.515306    -3.008461    -4.932776
      -3.405767    -2.352195     4.930991
      -3.405767    -2.352195    -4.930991
       4.671374    -2.644705     4.358432
       4.671374    -2.644705    -4.358432
       3.772109    -3.303897     4.366288
       3.772109    -3.303897    -4.366288
       2.875921    -3.958367     4.368617
       2.875921    -3.958367    -4.368617
       1.976545    -4.608450     4.366288
       1.976545    -4.608450    -4.366288
       1.071727    -5.260000     4.358432
       1.071727    -5.260000    -4.358432
       3.842631     3.276701     4.372357
       3.842631     3.276701    -4.372357
       4.192501     2.226813     4.376198
       4.192501     2.226813    -4.376198
       4.538783     1.174094     4.376481
       4.538783     1.174094    -4.376481
       4.881705     0.118295     4.372171
       4.881705     0.118295    -4.372171
       5.222846    -0.943253     4.361245
       5.222846    -0.943253    -4.361245
      -2.036610     4.333854     4.372995
      -2.036610     4.333854    -4.372995
      -0.931118     4.341519     4.377316
      -0.931118     4.341519    -4.377316
       0.175052     4.344455     4.378796
       0.175052     4.344455    -4.378796
       1.281186     4.342079     4.377355
       1.281186     4.342079    -4.377355
       2.386576     4.334905     4.372989
       2.386576     4.334905    -4.372989
      -4.860233    -0.930207     4.372989
      -4.860233    -0.930207    -4.372989
      -4.525471     0.123298     4.377355
      -4.525471     0.123298    -4.377355
      -4.185916     1.176028     4.378796
      -4.185916     1.176028    -4.378796
      -3.841298     2.227151     4.377316
      -3.841298     2.227151    -4.377316
      -3.492391     3.276167     4.372995
      -3.492391     3.276167    -4.372995
      -0.716863    -5.258703     4.361245
      -0.716863    -5.258703    -4.361245
      -1.621038    -4.606222     4.372171
      -1.621038    -4.606222    -4.372171
      -2.519193    -3.953823     4.376481
      -2.519193    -3.953823    -4.376481
      -3.413381    -3.299180     4.376198
      -3.413381    -3.299180    -4.376198
      -4.303767    -2.642001     4.372357
      -4.303767    -2.642001    -4.372357
       4.677501    -3.599534     3.803363
       4.677501    -3.599534    -3.803363
       3.779989    -4.257758     3.809870
       3.779989    -4.257758    -3.809870
       2.881285    -4.910704     3.809870
       2.881285    -4.910704    -3.809870
       1.977930    -5.560886     3.803363
       1.977930    -5.560886    -3.803363
       4.396158     4.051727     3.809518
       4.396158     4.051727    -3.809518
       4.746720     2.993806     3.817719
       4.746720     2.993806    -3.817719
       5.094782     1.940553     3.820223
       5.094782     1.940553    -3.820223
       5.439392     0.885566     3.818013
       5.439392     0.885566    -3.818013
       5.785662    -0.175040     3.808427
       5.785662    -0.175040    -3.808427
      -2.601694     5.100718     3.810079
      -2.601694     5.100718    -3.810079
      -1.487640     5.106745     3.818675
      -1.487640     5.106745    -3.818675
      -0.379366     5.111625     3.821854
      -0.379366     5.111625    -3.821854
       0.728233     5.111992     3.821919
       0.728233     5.111992    -3.821919
       1.836501     5.107809     3.818835
       1.836501     5.107809    -3.818835
       2.950598     5.102393     3.810134
       2.950598     5.102393    -3.810134
      -5.764449    -1.229457     3.810134
      -5.764449    -1.229457    -3.810134
      -5.425325    -0.168214     3.818835
      -5.425325    -0.168214    -3.818835
      -5.086829     0.887104     3.821919
      -5.086829     0.887104    -3.821919
      -4.744213     1.940379     3.821854
      -4.744213     1.940379    -3.821854
      -4.397095     2.992903     3.818675
      -4.397095     2.992903    -3.818675
      -4.047101     4.050569     3.810079
      -4.047101     4.050569    -3.810079
      -1.621398    -5.556581     3.808427
      -1.621398    -5.556581    -3.808427
      -2.523090    -4.899513     3.818013
      -2.523090    -4.899513    -3.818013
      -3.419952    -4.245760     3.820223
      -3.419952    -4.245760    -3.820223
      -4.314097    -3.589260     3.817719
      -4.314097    -3.589260    -3.817719
      -5.211910    -2.928940     3.809518
      -5.211910    -2.928940    -3.809518
       4.944458     4.786554    -2.202940
       4.941561     4.786390    -1.098805
       4.940968     4.785622     0.000000
       4.941561     4.786390     1.098805
       4.944458     4.786554     2.202940
       5.307259     3.765279    -3.256327
       5.299737     3.742792    -2.167185
       5.293756     3.743872    -1.084009
       5.292391     3.743326    -0.000000
       5.293756     3.743872     1.084009
       5.299737     3.742792     2.167185
       5.307259     3.765279     3.256327
       5.657710     2.709999    -3.262783
       5.646611     2.702525    -2.172874
       5.641016     2.701723    -1.086553
       5.639635     2.701208    -0.000000
       5.641016     2.701723     1.086553
       5.646611     2.702525     2.172874
       5.657710     2.709999     3.262783
       6.004025     1.655980    -3.263062
       5.989215     1.660792    -2.173065
       5.984264     1.658161    -1.086654
       5.982874     1.657728    -0.000000
       5.984264     1.658161     1.086654
       5.989215     1.660792     2.173065
       6.004025     1.655980     3.263062
       6.348611     0.598954    -3.256896
       6.328278     0.619656    -2.167533
       6.324170     0.615010    -1.084181
       6.322791     0.614550    -0.000000
       6.324170     0.615010     1.084181
       6.328278     0.619656     2.167533
       6.348611     0.598954     3.256896
       6.667796    -0.425789    -2.202121
       6.664791    -0.428575    -1.098361
       6.663714    -0.428614    -0.000000
       6.664791    -0.428575     1.098361
       6.667796    -0.425789     2.202121
      -3.127057     5.850842    -2.203463
      -3.127722     5.848448    -1.099103
      -3.127135     5.847826    -0.000000
      -3.127722     5.848448     1.099103
      -3.127057     5.850842     2.203463
      -2.046836     5.878895    -3.257299
      -2.024103     5.865532    -2.168067
      -2.027070     5.860642    -1.084495
      -2.026956     5.859363    -0.000000
      -2.027070     5.860642     1.084495
      -2.024103     5.865532     2.168067
      -2.046836     5.878895     3.257299
      -0.935058     5.885554    -3.264083
      -0.926221     5.873341    -2.174017
      -0.927717     5.868318    -1.087160
      -0.927680     5.867023    -0.000000
      -0.927717     5.868318     1.087160
      -0.926221     5.873341     2.174017
      -0.935058     5.885554     3.264083
       0.173926     5.888222    -3.265262
       0.173164     5.876173    -2.174984
       0.172754     5.871328    -1.087599
       0.172629     5.869932    -0.000000
       0.172754     5.871328     1.087599
       0.173164     5.876173     2.174984
       0.173926     5.888222     3.265262
       1.282910     5.886389    -3.264281
       1.272515     5.874360    -2.174177
       1.273202     5.869475    -1.087247
       1.272920     5.868227    -0.000000
       1.273202     5.869475     1.087247
       1.272515     5.874360     2.174177
       1.282910     5.886389     3.264281
       2.394695     5.880487    -3.257625
       2.370304     5.867519    -2.168352
       2.372495     5.862884    -1.084646
       2.372156     5.861688     0.000000
       2.372495     5.862884     1.084646
       2.370304     5.867519     2.168352
       2.394695     5.880487     3.257625
       3.473111     5.853796    -2.203690
       3.473086     5.851664    -1.099206
       3.472306     5.851099     0.000000
       3.473086     5.851664     1.099206
       3.473111     5.853796     2.203690
      -6.640541    -1.494200    -2.203690
      -6.638507    -1.494834    -1.099206
      -6.637728    -1.494267    -0.000000
      -6.638507    -1.494834     1.099206
      -6.640541    -1.494200     2.203690
      -6.332678    -0.460317    -3.257625
      -6.312807    -0.441127    -2.168352
      -6.309076    -0.444643    -1.084646
      -6.307833    -0.444690    -0.000000
      -6.309076    -0.444643     1.084646
      -6.312807    -0.441127     2.168352
      -6.332678    -0.460317     3.257625
      -5.994730     0.598877    -3.264281
      -5.980077     0.605046    -2.174177
      -5.975643     0.602883    -1.087247
      -5.974369     0.602766    -0.000000
      -5.975643     0.602883     1.087247
      -5.980077     0.605046     2.174177
      -5.994730     0.598877     3.264281
      -5.653777     1.654150    -3.265262
      -5.642082     1.651151    -2.174984
      -5.637348     1.650043    -1.087599
      -5.635981     1.649732     0.000000
      -5.637348     1.650043     1.087599
      -5.642082     1.651151     2.174984
      -5.653777     1.654150     3.265262
      -5.308544     2.708031    -3.264083
      -5.299660     2.695853    -2.174017
      -5.294420     2.695724    -1.087160
      -5.293200     2.695289    -0.000000
      -5.294420     2.695724     1.087160
      -5.299660     2.695853     2.174017
      -5.308544     2.708031     3.264083
      -4.958653     3.763338    -3.257299
      -4.952969     3.737588    -2.168067
      -4.947401     3.738898    -1.084495
      -4.946220     3.738395    -0.000000
      -4.947401     3.738898     1.084495
      -4.952969     3.737588     2.168067
      -4.958653     3.763338     3.257299
      -4.598165     4.782019    -2.203463
      -4.595683     4.781912    -1.099103
      -4.595273     4.781162     0.000000
      -4.595683     4.781912     1.099103
      -4.598165     4.782019     2.203463
      -1.655516    -6.473026    -2.202121
      -1.651938    -6.471029    -1.098361
      -1.651568    -6.470017    -0.000000
      -1.651938    -6.471029     1.098361
      -1.655516    -6.473026     2.202121
      -2.531470    -5.852800    -3.256896
      -2.544875    -5.827064    -2.167533
      -2.539188    -5.824594    -1.084181
      -2.538324    -5.823424    -0.000000
      -2.539188    -5.824594     1.084181
      -2.544875    -5.827064     2.167533
      -2.531470    -5.852800     3.256896
      -3.430278    -5.198440    -3.263062
      -3.430278    -5.182867    -2.173065
      -3.426247    -5.178972    -1.086654
      -3.425405    -5.177783     0.000000
      -3.426247    -5.178972     1.086654
      -3.430278    -5.182867     2.173065
      -3.430278    -5.198440     3.263062
      -4.325693    -4.543364    -3.262783
      -4.315154    -4.535118    -2.172874
      -4.312663    -4.530044    -1.086553
      -4.311747    -4.528890     0.000000
      -4.312663    -4.530044     1.086553
      -4.315154    -4.535118     2.172874
      -4.325693    -4.543364     3.262783
      -5.221028    -3.883965    -3.256327
      -5.197317    -3.883760    -2.167185
      -5.196496    -3.877738    -1.084009
      -5.195555    -3.876609     0.000000
      -5.196496    -3.877738     1.084009
      -5.197317    -3.883760     2.167185
      -5.221028    -3.883965     3.256327
      -6.080206    -3.223330    -2.202940
      -6.079155    -3.220626    -1.098805
      -6.078242    -3.220299    -0.000000
      -6.079155    -3.220626     1.098805
      -6.080206    -3.223330     2.202940