
       0.041128     0.192986     0.022317
       0.041085     0.193064     1.122438
       0.041044    -0.734237     0.572369
       0.922683    -0.093415     0.572112
       0.585974     0.943492     0.571941
      -0.503754     0.943459     0.572163
      -0.840564    -0.093493     0.572485
       0.041253    -0.734240    -0.527818
       0.922966    -0.093445    -0.527755
       0.586209     0.943407    -0.527392
      -0.503645     0.943431    -0.527253
      -0.840471    -0.093497    -0.527556
       0.041347     0.193009    -1.077733
       0.041084    -1.664036     0.022217
       1.806596    -0.381265     0.022240
       1.133197     1.695976     0.022234
      -1.050730     1.695956     0.022536
      -1.724243    -0.381424     0.022562
       0.041049    -0.734583     1.672536
       0.041532    -0.734583    -1.627865
       0.922976    -0.093583     1.672110
       0.923643    -0.093678    -1.627561
       0.586265     0.943798     1.671553
       0.586783     0.943566    -1.626851
      -0.503930     0.943691     1.671789
      -0.503711     0.943618    -1.626801
      -0.840797    -0.093701     1.672540
      -0.840605    -0.093702    -1.627535
       0.926866    -1.027279     1.121912
       0.927533    -1.027261    -1.077524
       0.926920    -1.026909     0.022166
       1.475159     0.659293     1.121386
       1.475905     0.659083    -1.076875
       1.475156     0.659274     0.022243
       0.041145     1.702000     1.121170
       0.041434     1.701871    -1.076378
       0.041226     1.701840     0.022372
      -1.393022     0.659071     1.121951
      -1.392968     0.659072    -1.076871
      -1.392720     0.659168     0.022514
      -0.844921    -1.027316     1.122272
      -0.844715    -1.027297    -1.077444
      -0.844642    -1.026945     0.022387
       0.040958    -1.664512     1.121694
       0.041349    -1.664446    -1.077198
       1.806567    -0.381475     1.121238
       1.807472    -0.381534    -1.076751
       1.133203     1.696174     1.120338
       1.133739     1.695907    -1.075832
      -1.050948     1.696030     1.120782
      -1.050836     1.695972    -1.075678
      -1.724631    -0.381666     1.121950
      -1.724555    -0.381637    -1.076791
       0.041309     0.193217     2.222636
       0.041625     0.193144    -2.177759
       0.041104    -2.596214    -0.526743
       0.040904    -2.596278     0.571078
       2.692856    -0.670580    -0.525935
       2.692221    -0.670529     0.571331
       1.682832     2.450431    -0.525901
       1.682559     2.450615     0.570242
      -1.600089     2.450453    -0.525556
      -1.600126     2.450477     0.570780
      -2.609984    -0.670783    -0.526258
      -2.609993    -0.670801     0.571584
       0.041407    -0.735182     2.772543
       0.041815    -0.735155    -2.727673
       0.041159    -1.665764     2.221124
       0.041642    -1.665631    -2.176473
       0.923976    -0.093781     2.772190
       0.924622    -0.093891    -2.727291
       1.807621    -0.381898     2.220466
       1.809084    -0.382061    -2.175795
       0.587107     0.944411     2.771502
       0.587560     0.944147    -2.726581
       1.133997     1.696815     2.219097
       1.134663     1.696380    -2.174408
      -0.504057     0.944293     2.771702
      -0.503958     0.944208    -2.726602
      -1.051340     1.696576     2.219562
      -1.051273     1.696484    -2.174376
      -0.841103    -0.093923     2.772516
      -0.841020    -0.093882    -2.727403
      -1.725615    -0.382173     2.221357
      -1.725591    -0.382093    -2.176115
       0.927604    -1.028240     2.221669
       0.928593    -1.028200    -2.177070
       1.476260     0.659432     2.220877
       1.477299     0.659044    -2.176155
       0.041350     1.702757     2.220491
       0.041676     1.702546    -2.175565
      -1.393815     0.659087     2.221556
      -1.393826     0.659103    -2.176349
      -0.845408    -1.028285     2.222076
      -0.845192    -1.028217    -2.177118
       1.814050    -1.319733     1.670115
       1.815493    -1.319661    -1.625710
       1.814050    -1.318717    -0.527093
       1.813547    -1.318751     0.571451
       0.929751    -1.962351     1.670398
       0.930592    -1.962148    -1.626067
       0.929581    -1.961026    -0.527285
       0.929234    -1.961093     0.571487
       2.027585     1.413666     1.668980
       2.028686     1.413175    -1.624416
       2.027419     1.413485    -0.526505
       2.027000     1.413670     0.571150
       2.364269     0.372229     1.669711
       2.365835     0.371881    -1.625053
       2.364097     0.372136    -0.526661
       2.363551     0.372268     0.571474
      -0.506483     2.459607     1.669010
      -0.506264     2.459465    -1.624017
      -0.506420     2.459190    -0.526293
      -0.506527     2.459245     0.571210
       0.588922     2.459699     1.668770
       0.589376     2.459435    -1.624088
       0.589102     2.459193    -0.526430
       0.588906     2.459300     0.571009
      -2.282301     0.371801     1.670774
      -2.282384     0.371852    -1.625444
      -2.281200     0.371949    -0.526696
      -2.281186     0.371934     0.571937
      -1.945307     1.413200     1.669862
      -1.945366     1.413221    -1.624566
      -1.944567     1.413395    -0.526406
      -1.944564     1.413389     0.571612
      -0.847843    -1.962269     1.670782
      -0.847612    -1.962202    -1.626009
      -0.847201    -1.961063    -0.527110
      -0.847318    -1.961079     0.571778
      -1.732330    -1.319783     1.670914
      -1.732249    -1.319734    -1.625822
      -1.731430    -1.318810    -0.526924
      -1.731484    -1.318820     0.571932
       0.040975    -2.597543     1.669144
       0.041396    -2.597356    -1.624704
       2.692724    -0.670958     1.668711
       2.694597    -0.671073    -1.623559
       1.682786     2.450820     1.666657
       1.683507     2.450334    -1.622301
      -1.600390     2.450497     1.667401
      -1.600347     2.450436    -1.622122
      -2.611084    -0.671227     1.669676
      -2.611111    -0.671160    -1.624294
       0.041791     0.193431     3.322875
       0.041901     0.193391    -3.277816
       0.041160    -3.530947    -1.073440
       0.040889    -3.530555     0.022104
       0.040811    -3.531123     1.117697
       3.581847    -0.961050    -1.071245
       3.580621    -0.960840     0.023965
       3.580309    -0.960902     1.118923
       2.234659     3.207326    -1.072384
       2.234285     3.207521     0.021951
       2.234211     3.207722     1.116352
      -2.151781     3.207348    -1.071891
      -2.151764     3.207415     0.022673
      -2.151810     3.207368     1.117265
      -3.498316    -0.961087    -1.072891
      -3.497803    -0.961005     0.022755
      -3.498266    -0.961125     1.118427
       0.042133    -0.736070     3.872322
       0.042069    -0.735972    -3.827294
       0.041839    -1.667699     3.320184
       0.041910    -1.667499    -3.275384
       0.041529    -2.600238     2.767327
       0.041680    -2.599948    -2.722760
       0.925727    -0.093906     3.872143
       0.925967    -0.093955    -3.826939
       1.810190    -0.382343     3.319796
       1.811442    -0.382510    -3.274646
       2.694928    -0.671388     2.766494
       2.697744    -0.671740    -2.721473
       0.588454     0.945437     3.871539
       0.588471     0.945288    -3.826448
       1.135718     1.698367     3.318394
       1.136013     1.698009    -3.273524
       1.683940     2.451899     2.764100
       1.684492     2.451336    -2.719570
      -0.504120     0.945398     3.871714
      -0.504388     0.945348    -3.826519
      -1.051957     1.698215     3.318857
      -1.052163     1.698124    -3.273577
      -1.600778     2.451552     2.764880
      -1.600907     2.451477    -2.719518
      -0.841589    -0.094051     3.872355
      -0.841852    -0.093915    -3.827145
      -1.727199    -0.382642     3.320490
      -1.727423    -0.382474    -3.275151
      -2.613528    -0.671867     2.767941
      -2.613728    -0.671724    -2.722471
       0.929426    -1.029663     3.321134
       0.930085    -1.029578    -3.276264
       1.478624     0.659994     3.320413
       1.479360     0.659644    -3.275418
       0.041890     1.704503     3.320075
       0.041907     1.704291    -3.275003
      -1.395140     0.659691     3.321089
      -1.395397     0.659750    -3.275735
      -0.846072    -1.029734     3.321508
      -0.846149    -1.029567    -3.276407
       1.816250    -1.321498     2.768777
       1.817936    -1.321355    -2.724131
       0.931418    -1.964766     2.769085
       0.932122    -1.964444    -2.724562
       2.030009     1.414324     2.767438
       2.030994     1.413726    -2.722723
       2.367101     0.372548     2.768314
       2.368848     0.372018    -2.723474
      -0.506254     2.461531     2.767563
      -0.506200     2.461348    -2.722450
       0.589460     2.461622     2.767324
       0.589749     2.461299    -2.722471
      -2.284645     0.371999     2.769554
      -2.284908     0.372102    -2.724086
      -1.946988     1.413814     2.768463
      -1.947228     1.413857    -2.723028
      -0.848597    -1.964645     2.769532
      -0.848569    -1.964483    -2.724602
      -1.734036    -1.321516     2.769674
      -1.734130    -1.321381    -2.724455
       2.703211    -1.612966     2.215869
       2.705762    -1.612842    -2.171284
       2.703106    -1.611134    -1.074193
       2.701926    -1.610654     0.022452
       2.701783    -1.611252     1.119055
       1.820461    -2.259448     2.217015
       1.821866    -2.258991    -2.172875
       1.819514    -2.256637    -1.075388
       1.818413    -2.255999     0.021980
       1.818528    -2.256862     1.119384
       0.932821    -2.899599     2.216438
       0.933476    -2.899127    -2.172243
       0.931913    -2.896756    -1.074984
       0.931152    -2.896264     0.022002
       0.931323    -2.897013     1.119050
       2.581508     2.169500     2.213849
       2.582654     2.168690    -2.169464
       2.580967     2.169197    -1.073324
       2.580299     2.169597     0.022395
       2.580353     2.169684     1.118009
       2.921887     1.127663     2.215888
       2.923704     1.127027    -2.171397
       2.920598     1.126897    -1.074106
       2.919432     1.127243     0.022633
       2.919624     1.127396     1.119132
       3.255125     0.083824     2.215622
       3.257760     0.083374    -2.170730
       3.254435     0.083215    -1.073648
       3.253081     0.083422     0.022884
       3.253154     0.083583     1.119212
      -1.055886     3.218239     2.214387
      -1.055794     3.218116    -2.169205
      -1.056309     3.217397    -1.073232
      -1.056435     3.217385     0.022529
      -1.056440     3.217471     1.118326
       0.041352     3.221774     2.215513
       0.041633     3.221549    -2.170632
       0.041423     3.220065    -1.073904
       0.041232     3.219982     0.022359
       0.041161     3.220206     1.118670
       1.138546     3.218436     2.213859
       1.139065     3.218068    -2.169338
       1.139166     3.217404    -1.073471
       1.138908     3.217460     0.022164
       1.138755     3.217640     1.117852
      -3.173515     0.083305     2.217338
      -3.173770     0.083404    -2.171755
      -3.170949     0.083037    -1.074349
      -3.170212     0.082948     0.022721
      -3.170850     0.082994     1.119830
      -2.839667     1.126966     2.217541
      -2.839930     1.127058    -2.171988
      -2.837239     1.126724    -1.074458
      -2.836501     1.126780     0.022697
      -2.837135     1.126678     1.119897
      -2.498912     2.168723     2.215167
      -2.499109     2.168778    -2.169662
      -2.497788     2.169149    -1.073334
      -2.497444     2.169342     0.022680
      -2.497726     2.169117     1.118734
      -0.850538    -2.899328     2.216935
      -0.850432    -2.899202    -2.172196
      -0.849469    -2.896810    -1.074831
      -0.849274    -2.896237     0.022272
      -0.849655    -2.896854     1.119431
      -1.738527    -2.259159     2.217992
      -1.738542    -2.259085    -2.172928
      -1.736817    -2.256726    -1.075206
      -1.736365    -2.256006     0.022445
      -1.736898    -2.256738     1.120145
      -2.621921    -1.612967     2.217273
      -2.622027    -1.612891    -2.171926
      -2.619995    -1.611230    -1.074502
      -2.619554    -1.610739     0.022607
      -2.620001    -1.611248     1.119754
       0.041157    -3.533138     2.213954
       0.041447    -3.532816    -2.169596
       3.581428    -0.961290     2.214206
       3.584435    -0.961459    -2.167299
       2.234326     3.207837     2.210745
       2.235061     3.207126    -2.166725
      -2.151720     3.207263     2.211878
      -2.151777     3.207229    -2.166434
      -3.500162    -0.961482     2.214775
      -3.500342    -0.961385    -2.169174
       0.042478     0.193706     4.423300
       0.042147     0.193757    -4.378134
       0.041251    -4.468497    -1.617793
       0.040947    -4.467949    -0.524569
       0.040710    -4.468060     0.568682
       0.040807    -4.468809     1.661978
       4.473827    -1.252192    -1.613544
       4.472368    -1.252251    -0.520005
       4.471383    -1.252290     0.573290
       4.471033    -1.252141     1.666582
       2.788976     3.967634    -1.619288
       2.788514     3.967401    -0.525622
       2.788052     3.967619     0.568545
       2.788207     3.968289     1.662601
      -2.706077     3.967570    -1.618537
      -2.706098     3.967186    -0.524523
      -2.706120     3.967177     0.569979
      -2.706081     3.967551     1.664046
      -4.389670    -1.251907    -1.617163
      -4.388861    -1.251985    -0.523816
      -4.388822    -1.251997     0.569517
      -4.389520    -1.251959     1.662901
       0.043120    -0.737543     4.972236
       0.042285    -0.737315    -4.927207
       0.042925    -1.670640     4.418851
       0.042136    -1.670351    -4.374045
       0.042588    -2.604521     3.864999
       0.041917    -2.604166    -3.820412
       0.042055    -3.538261     3.311008
       0.041688    -3.537862    -3.266606
       0.928458    -0.094023     4.972123
       0.927985    -0.093919    -4.926864
       1.814541    -0.382819     4.418713
       1.814916    -0.382850    -4.373267
       2.700512    -0.672041     3.864678
       2.702564    -0.672406    -3.819039
       3.584949    -0.961269     3.309894
       3.590099    -0.962314    -3.264255
       0.590386     0.947205     4.971699
       0.589687     0.947288    -4.926594
       1.138395     1.701195     4.417602
       1.137907     1.701145    -4.372684
       1.686868     2.455383     3.862628
       1.686632     2.455151    -3.817994
       2.235218     3.209002     3.306467
       2.235374     3.208462    -3.262235
      -0.504365     0.947304     4.971933
      -0.505186     0.947346    -4.926694
      -1.052977     1.701302     4.418139
      -1.053651     1.701263    -4.372793
      -1.602153     2.455360     3.863458
      -1.602652     2.455311    -3.818020
      -2.151385     3.208654     3.307608
      -2.151704     3.208627    -3.262087
      -0.842632    -0.094134     4.972389
      -0.843425    -0.093856    -4.927128
      -1.729789    -0.383051     4.419297
      -1.730442    -0.382763    -4.373880
      -2.617560    -0.672560     3.865736
      -2.618090    -0.672313    -3.820180
      -3.505117    -0.962351     3.311936
      -3.505548    -0.962165    -3.266257
       0.932403    -1.031635     4.420015
       0.932096    -1.031436    -4.375066
       1.482390     0.661182     4.419475
       1.482285     0.661122    -4.374369
       0.042697     1.707635     4.419362
       0.042115     1.707511    -4.374204
      -1.397231     0.661117     4.420222
      -1.397899     0.661256    -4.374753
      -0.847062    -1.031713     4.420463
      -0.847703    -1.031400    -4.375272
       1.820877    -1.323925     3.866743
       1.821542    -1.323699    -3.821877
       0.934448    -1.968356     3.866899
       0.934165    -1.967962    -3.822332
       2.034430     1.416436     3.865649
       2.034580     1.416179    -3.820820
       2.372458     0.373339     3.866382
       2.373357     0.373040    -3.821273
      -0.506166     2.465714     3.865993
      -0.506579     2.465551    -3.820772
       0.590861     2.465739     3.865748
       0.590538     2.465493    -3.820761
      -2.288429     0.373017     3.867608
      -2.289000     0.373196    -3.822005
      -1.949856     1.416276     3.866777
      -1.950419     1.416358    -3.821209
      -0.849599    -1.968276     3.867490
      -0.850127    -1.967977    -3.822440
      -1.736761    -1.323948     3.867673
      -1.737259    -1.323681    -3.822336
       2.708297    -1.615800     3.312692
       2.710597    -1.615466    -3.268010
       1.824919    -2.263614     3.313945
       1.825483    -2.262960    -3.269682
       0.935648    -2.904451     3.313273
       0.935485    -2.903870    -3.269034
       2.585772     2.171307     3.310910
       2.586288     2.170724    -3.266448
       2.927789     1.129272     3.313034
       2.928977     1.128815    -3.268392
       3.261186     0.084730     3.312446
       3.263570     0.084032    -3.267462
      -1.055493     3.222529     3.311637
      -1.055716     3.222403    -3.266353
       0.041952     3.226922     3.313050
       0.041836     3.226692    -3.268028
       1.139376     3.222659     3.311122
       1.139388     3.222317    -3.266418
      -3.178675     0.084019     3.314371
      -3.179170     0.084189    -3.268664
      -2.844329     1.128830     3.314796
      -2.844836     1.128970    -3.269106
      -2.501945     2.170822     3.312380
      -2.502393     2.170901    -3.266748
      -0.851560    -2.904187     3.313932
      -0.851927    -2.903937    -3.269057
      -1.741260    -2.263227     3.315099
      -1.741631    -2.263031    -3.269895
      -2.625966    -1.615649     3.314322
      -2.626359    -1.615466    -3.268861
       3.595288    -1.907132     2.758081
       3.599099    -1.907045    -2.713515
       3.594413    -1.904297    -1.618065
       3.592773    -1.903421    -0.523642
       3.591762    -1.903597     0.570306
       3.592174    -1.904767     1.664307
       2.714382    -2.557782     2.760099
       2.716140    -2.556885    -2.716433
       2.711556    -2.552803    -1.620835
       2.709398    -2.551150    -0.525543
       2.708653    -2.551392     0.569423
       2.709639    -2.553342     1.664565
       1.827635    -3.202120     2.760633
       1.828243    -3.201212    -2.716915
       1.824728    -3.196360    -1.621257
       1.822830    -3.194599    -0.525822
       1.822308    -3.194828     0.569398
       1.823587    -3.196988     1.664917
       0.936358    -3.839795     2.759382
       0.936559    -3.839110    -2.715387
       0.934322    -3.834558    -1.619898
       0.933121    -3.833593    -0.525286
       0.932778    -3.833783     0.569170
       0.933637    -3.835081     1.663857
       3.136861     2.926917     2.755453
       3.137829     2.925698    -2.711402
       3.136234     2.926714    -1.617947
       3.135583     2.927283    -0.524560
       3.135352     2.927566     0.569008
       3.135691     2.927641     1.662368
       3.481503     1.884699     2.758699
       3.483242     1.883984    -2.714678
       3.478014     1.882606    -1.618969
       3.476225     1.883103    -0.524301
       3.476029     1.883517     0.570036
       3.477246     1.883678     1.664137
       3.819298     0.840624     2.759163
       3.821831     0.840168    -2.715117
       3.815483     0.838675    -1.619450
       3.812783     0.838583    -0.524267
       3.812382     0.839092     0.570368
       3.814022     0.839565     1.664695
       4.149289    -0.204963     2.757903
       4.152977    -0.205415    -2.712909
       4.147118    -0.206320    -1.617523
       4.144977    -0.206578    -0.523141
       4.144128    -0.206124     0.570687
       4.145275    -0.205731     1.664533
      -1.606053     3.979026     2.756504
      -1.606105     3.978946    -2.711144
      -1.607777     3.977893    -1.617910
      -1.608040     3.977594    -0.524328
      -1.608109     3.977614     0.569538
      -1.607893     3.977952     1.663180
      -0.507618     3.985895     2.759049
      -0.507556     3.985732    -2.713974
      -0.508016     3.981807    -1.619099
      -0.508368     3.980996    -0.524792
      -0.508494     3.981047     0.569689
      -0.508268     3.981946     1.664069
       0.590714     3.985988     2.758780
       0.590927     3.985717    -2.714054
       0.590978     3.981829    -1.619219
       0.590910     3.981058    -0.524961
       0.590704     3.981148     0.569466
       0.590547     3.982071     1.663813
       1.689061     3.979287     2.755620
       1.689458     3.978892    -2.711374
       1.690730     3.977951    -1.618275
       1.690555     3.977753    -0.524850
       1.690236     3.977877     0.568840
       1.690059     3.978317     1.662348
      -4.068093    -0.205329     2.760626
      -4.068515    -0.205192    -2.714817
      -4.063114    -0.206269    -1.619226
      -4.061580    -0.206823    -0.524461
      -4.061514    -0.206843     0.570117
      -4.062895    -0.206339     1.664941
      -3.737223     0.840091     2.762005
      -3.737677     0.840238    -2.716211
      -3.731665     0.838506    -1.620370
      -3.729331     0.838014    -0.524831
      -3.729255     0.837985     0.570451
      -3.731421     0.838418     1.666056
      -3.398929     1.883919     2.761068
      -3.399353     1.884057    -2.715317
      -3.394388     1.882481    -1.619503
      -3.392823     1.882654    -0.524595
      -3.392758     1.882621     0.570168
      -3.394171     1.882388     1.665145
      -3.053904     2.925710     2.757177
      -3.054228     2.925812    -2.711492
      -3.052941     2.926679    -1.617860
      -3.052580     2.927049    -0.524197
      -3.052546     2.927020     0.569712
      -3.052805     2.926602     1.663441
      -0.853341    -3.839390     2.760051
      -0.853457    -3.839193    -2.715366
      -0.851736    -3.834609    -1.619799
      -0.851142    -3.833558    -0.525071
      -0.851265    -3.833578     0.569520
      -0.851936    -3.834693     1.664345
      -1.744727    -3.201441     2.761940
      -1.744945    -3.201337    -2.716899
      -1.741991    -3.196449    -1.621054
      -1.740764    -3.194578    -0.525350
      -1.740818    -3.194569     0.570162
      -1.742041    -3.196457     1.665956
      -2.632187    -2.557073     2.762122
      -2.632459    -2.556987    -2.716792
      -2.628468    -2.552892    -1.620909
      -2.627044    -2.551158    -0.525187
      -2.627056    -2.551149     0.570327
      -2.628428    -2.552895     1.666123
      -3.514549    -1.907096     2.760642
      -3.514857    -1.906995    -2.715064
      -3.510750    -1.904267    -1.619388
      -3.509870    -1.903382    -0.524592
      -3.509853    -1.903382     0.570027
      -3.510650    -1.904292     1.664879
       0.041435    -4.470912     2.756171
       4.473489    -1.251894     2.760591
       2.787964     3.968348     2.755384
      -2.704815     3.967631     2.756833
      -4.391651    -1.251921     2.757192
       0.043310     0.194097     5.524512
       0.044169    -0.740396     6.074315
       0.044093    -1.675547     5.518689
       0.043811    -2.611429     4.963017
       0.043242    -3.547297     4.408050
       0.932853    -0.094423     6.073980
       1.821410    -0.383777     5.518231
       2.710184    -0.673485     4.962483
       3.597537    -0.963016     4.407331
       0.593318     0.950540     6.073666
       1.142534     1.706282     5.517475
       1.692053     2.462192     4.961237
       2.240892     3.216929     4.405617
      -0.505450     0.950754     6.074079
      -1.055234     1.706645     5.518240
      -1.605375     2.462611     4.962297
      -2.154933     3.217264     4.406960
      -0.845079    -0.094455     6.074583
      -1.734333    -0.383831     5.519256
      -2.624163    -0.673780     4.963850
      -3.513870    -0.964085     4.409056
       0.936438    -1.034559     5.519175
       1.487838     0.663187     5.518583
       0.043615     1.712754     5.518725
      -1.400630     0.663411     5.519671
      -0.848750    -1.034575     5.519952
       1.827909    -1.327360     4.964024
       0.938537    -1.973531     4.964257
       2.041131     1.420497     4.963149
       2.380647     0.374589     4.963585
      -0.506647     2.472870     4.963732
       0.593211     2.472804     4.963432
      -2.294130     0.374769     4.965194
      -1.954501     1.420884     4.964593
      -0.851108    -1.973501     4.965170
      -1.740866    -1.327311     4.965403
       2.718550    -1.619519     4.408456
       1.831963    -2.269266     4.409810
       0.939491    -2.911889     4.409170
       2.593333     2.177273     4.407448
       2.937144     1.132623     4.409081
       3.272216     0.085249     4.408144
      -1.057107     3.231474     4.408330
       0.042866     3.236100     4.409510
       1.142911     3.231440     4.407780
      -3.186654     0.085081     4.410426
      -2.851322     1.132978     4.411042
      -2.507424     2.177638     4.409116
      -0.852828    -2.911785     4.410097
      -1.745235    -2.269024     4.411442
      -2.632523    -1.619400     4.410554
       3.607505    -1.911678     3.852424
       2.724353    -2.563907     3.854760
       1.834099    -3.210069     3.855360
       0.939756    -3.849490     3.854293
       3.144685     2.932481     3.851569
       3.491598     1.889842     3.854255
       3.831174     0.843397     3.854283
       4.162420    -0.204004     3.852066
      -1.606757     3.988551     3.852639
      -0.507798     3.996901     3.854937
       0.592591     3.996921     3.854680
       1.691659     3.988580     3.851808
      -4.078245    -0.205095     3.855660
      -3.746526     0.843429     3.856967
      -3.407069     1.890202     3.856403
      -3.059735     2.932432     3.853481
      -0.854426    -3.849299     3.855154
      -1.748358    -3.209596     3.857021
      -2.638620    -2.563167     3.857228
      -3.523470    -1.911230     3.855816
       4.486409    -2.197158    -1.066135
       4.485062    -2.197220     0.025641
       4.483703    -2.198366     1.116951
       4.486243    -2.200735     2.207825
       3.615094    -2.858026     3.298411
       3.606609    -2.850219    -2.162593
       3.602919    -2.847287    -1.069835
       3.601364    -2.846928     0.022169
       3.601046    -2.848379     1.113925
       3.603649    -2.851586     2.205492
       2.727478    -3.506723     3.300637
       2.720365    -3.497328    -2.164238
       2.716909    -3.493793    -1.071129
       2.715416    -3.493201     0.021440
       2.715449    -3.494592     1.114024
       2.718766    -3.498681     2.207042
       1.835192    -4.150006     3.300699
       1.830360    -4.139144    -2.163631
       1.827587    -4.135585    -1.070705
       1.826460    -4.135060     0.021708
       1.826618    -4.136245     1.114149
       1.829418    -4.140206     2.207085
       0.935349    -4.773687    -1.069832
       0.934641    -4.773471     0.021902
       0.934677    -4.774165     1.113659
       0.936405    -4.775537     2.205285
       3.694710     3.686711    -1.071175
       3.693826     3.687125     0.021541
       3.693768     3.687629     1.114291
       3.694779     3.688024     2.205768
       4.044377     2.645278     3.298312
       4.037342     2.638934    -2.160318
       4.035143     2.639754    -1.068837
       4.034416     2.640324     0.022981
       4.035056     2.641004     1.114729
       4.037268     2.641113     2.205773
       4.387038     1.600325     3.299489
       4.378872     1.595630    -2.161818
       4.374140     1.594630    -1.068831
       4.373031     1.595100     0.023494
       4.374256     1.596093     1.115560
       4.378371     1.597011     2.207098
       4.723254     0.553041     3.297585
       4.714063     0.550688    -2.161103
       4.709022     0.549546    -1.068349
       4.707556     0.549900     0.023575
       4.708491     0.550921     1.115113
       4.712759     0.551701     2.205989
       5.039942    -0.496918    -1.065698
       5.038503    -0.496787     0.025796
       5.037771    -0.495790     1.116692
       5.042218    -0.495115     2.207822
      -2.160618     4.741667    -1.070134
      -2.160543     4.741261     0.022661
      -2.160747     4.741672     1.115484
      -2.160273     4.743104     2.207027
      -1.057881     4.755234     3.298921
      -1.057639     4.746688    -2.160873
      -1.058487     4.744640    -1.069573
      -1.058609     4.743982     0.022525
      -1.058704     4.744700     1.114654
      -1.057842     4.746796     2.206039
       0.041854     4.758920     3.299900
       0.041515     4.749823    -2.162052
       0.041303     4.746470    -1.070127
       0.041077     4.745545     0.022339
       0.040967     4.746603     1.114845
       0.041155     4.750045     2.206881
       1.141522     4.755385     3.298385
       1.140665     4.746744    -2.161146
       1.141082     4.744800    -1.069922
       1.140729     4.744251     0.022092
       1.140554     4.745052     1.114151
       1.140057     4.747147     2.205516
       2.243153     4.741987    -1.070885
       2.242490     4.741797     0.021710
       2.242210     4.742378     1.114369
       2.242018     4.743852     2.205831
      -4.956152    -0.496714    -1.068894
      -4.955477    -0.496933     0.022919
      -4.955995    -0.496750     1.114755
      -4.957814    -0.495370     2.206508
      -4.640649     0.553119     3.302330
      -4.629990     0.550719    -2.162635
      -4.625284     0.549261    -1.069608
      -4.624167     0.548980     0.022909
      -4.625100     0.549202     1.115452
      -4.629604     0.550598     2.208545
      -4.304630     1.600578     3.302629
      -4.294932     1.595478    -2.162833
      -4.290298     1.594104    -1.069727
      -4.289187     1.593883     0.022890
      -4.290119     1.594027     1.115534
      -4.294554     1.595335     2.208709
      -3.961857     2.645025     3.300830
      -3.953702     2.638866    -2.160810
      -3.951608     2.639374    -1.069189
      -3.950949     2.639433     0.022857
      -3.951468     2.639289     1.114931
      -3.953387     2.638719     2.206624
      -3.611781     3.686424    -1.070411
      -3.611333     3.686481     0.022811
      -3.611711     3.686340     1.116064
      -3.611658     3.686210     2.207393
      -0.853164    -4.773661    -1.069715
      -0.853093    -4.773270     0.022153
      -0.853443    -4.773715     1.114071
      -0.854473    -4.774948     2.205847
      -1.751061    -4.149316     3.302244
      -1.747507    -4.139227    -2.163472
      -1.745298    -4.135536    -1.070352
      -1.744859    -4.134729     0.022352
      -1.745414    -4.135507     1.115100
      -1.747494    -4.139243     2.208330
      -2.643063    -3.505566     3.303382
      -2.637333    -3.497424    -2.164083
      -2.634509    -3.493758    -1.070593
      -2.633862    -3.492852     0.022528
      -2.634528    -3.493715     1.115685
      -2.637203    -3.497411     2.209267
      -3.531312    -2.856745     3.302662
      -3.523136    -2.850253    -2.163246
      -3.520122    -2.847221    -1.070063
      -3.519496    -2.846526     0.022681
      -3.520084    -2.847195     1.115453
      -3.522943    -2.850258     2.208709
      -4.402977    -2.196874    -1.069133
      -4.402601    -2.196597     0.022815
      -4.402901    -2.196872     1.114785
      -4.403698    -2.198060     2.206612
       0.041497    -4.470481    -2.711924
       4.476697    -1.252126    -2.707968
       2.788299     3.967579    -2.711715
      -2.704976     3.967649    -2.711239
      -4.391994    -1.251797    -2.711393
       0.042358     0.194297    -5.479368
       0.041351    -5.410242    -2.162486
       0.041053    -5.409484    -1.070937
       0.040709    -5.409066     0.021996
       0.040519    -5.409736     1.114964
       0.040857    -5.410683     2.206594
       5.369917    -1.544092    -2.155739
       5.368039    -1.544515    -1.062940
       5.366606    -1.544765     0.031563
       5.365286    -1.545520     1.126816
       5.362742    -1.544832     2.226040
       3.349285     4.734134    -2.177945
       3.348053     4.733148    -1.077116
       3.346580     4.733560     0.020673
       3.345948     4.734042     1.118448
       3.346601     4.735582     2.220063
      -3.266328     4.733912    -2.176902
      -3.265654     4.732725    -1.075652
      -3.265066     4.732769     0.022754
      -3.265701     4.732666     1.121190
      -3.266309     4.733816     2.222516
      -5.285290    -1.543524    -2.161740
      -5.284128    -1.543866    -1.070073
      -5.283506    -1.543816     0.022930
      -5.284021    -1.543882     1.115949
      -5.285026    -1.543590     2.207660
       0.042468    -0.739995    -6.029467
       0.042320    -1.675139    -5.474061
       0.042106    -2.611026    -4.918577
       0.041877    -3.546898    -4.363734
       0.042496    -4.481478     3.853856
       0.041687    -4.481056    -3.809634
       0.931449    -0.094093    -6.029028
       1.820385    -0.383524    -5.473138
       2.709996    -0.673546    -4.917046
       3.599588    -0.963975    -4.361294
       4.480146    -1.251144     3.851303
       4.487634    -1.254166    -3.805731
       0.591782     0.950889    -6.028744
       1.141087     1.706604    -5.472728
       1.690703     2.462474    -4.916734
       2.239713     3.217093    -4.361460
       2.787076     3.967767     3.849327
       2.785964     3.967693    -3.805586
      -0.506916     0.950946    -6.028861
      -1.056470     1.706723    -5.472873
      -1.606360     2.462642    -4.916815
      -2.155663     3.217290    -4.361387
      -2.701772     3.967884     3.850982
      -2.702246     3.967910    -3.805310
      -0.846506    -0.094018    -6.029322
      -1.735522    -0.383415    -5.473801
      -2.625135    -0.673418    -4.918236
      -3.514657    -0.963795    -4.363313
      -4.401925    -1.254058     3.854943
      -4.402558    -1.253841    -3.809088
       0.934860    -1.034151    -5.474509
       1.486559     0.663521    -5.473729
       0.042301     1.712788    -5.473576
      -1.401807     0.663663    -5.474146
      -0.850086    -1.034100    -5.474749
       1.826590    -1.326937    -4.919465
       0.936816    -1.973055    -4.919948
       2.039993     1.420842    -4.918504
       2.379813     0.374860    -4.918715
      -0.507694     2.472802    -4.918452
       0.592031     2.472740    -4.918419
      -2.295102     0.375043    -4.919501
      -1.955483     1.421037    -4.918937
      -0.852384    -1.973053    -4.920091
      -1.741916    -1.326893    -4.919993
       2.717979    -1.619105    -4.364050
       1.830432    -2.268622    -4.365835
       0.937905    -2.911346    -4.365113
       2.592446     2.177542    -4.363030
       2.936614     1.132968    -4.364467
       3.272202     0.085127    -4.363344
      -1.057861     3.231402    -4.362963
       0.042033     3.235955    -4.364384
       1.141925     3.231297    -4.362984
      -3.187467     0.085337    -4.364620
      -2.852146     1.133178    -4.365241
      -2.508216     2.177757    -4.363386
      -0.853939    -2.911400    -4.365171
      -1.746163    -2.268670    -4.366138
      -2.633346    -1.619080    -4.365000
       3.608760    -1.911064    -3.808495
       2.723440    -2.562844    -3.811267
       1.832836    -3.209210    -3.811776
       0.938718    -3.848883    -3.810371
       3.144267     2.932347    -3.807516
       3.491931     1.890202    -3.809856
       3.831696     0.843449    -3.809895
       4.163723    -0.205162    -3.807768
      -1.607224     3.988506    -3.807200
      -0.508275     3.996784    -3.809748
       0.592065     3.996743    -3.809803
       1.690994     3.988387    -3.807362
      -4.078929    -0.204880    -3.809760
      -3.747236     0.843635    -3.811070
      -3.407755     1.890380    -3.810545
      -3.060342     2.932554    -3.807697
      -0.855208    -3.848975    -3.810388
      -1.749093    -3.209340    -3.811867
      -2.639301    -2.562940    -3.811788
      -3.524114    -1.911010    -3.810150
       4.495581    -2.202029     3.294110
       4.497950    -2.203226    -3.252261
       4.488128    -2.198271    -2.158008
       3.615818    -2.856551    -3.256215
       2.727076    -3.505292    -3.258010
       1.834794    -4.149010    -3.257302
       0.940428    -4.785574     3.299307
       0.940135    -4.784863    -3.255477
       0.937028    -4.774754    -2.161417
       3.694983     3.686685     3.294411
       3.693979     3.685508    -3.250688
       3.695098     3.686430    -2.162043
       4.046268     2.645113    -3.254395
       4.389385     1.600724    -3.255607
       4.725661     0.553106    -3.254681
       5.052247    -0.495633     3.294040
       5.054020    -0.494697    -3.251472
       5.042621    -0.495647    -2.157438
      -2.156923     4.743982     3.295885
      -2.157105     4.743946    -3.250355
      -2.160185     4.743090    -2.161599
      -1.058041     4.755153    -3.253667
       0.041748     4.758762    -3.254959
       1.141518     4.755122    -3.253879
       2.240194     4.744233     3.294571
       2.240509     4.743841    -3.250723
       2.243200     4.743227    -2.162167
      -4.968568    -0.494414     3.300624
      -4.969134    -0.494248    -3.254629
      -4.958155    -0.495278    -2.160587
      -4.641258     0.553303    -3.256340
      -4.305233     1.600773    -3.256670
      -3.962396     2.645212    -3.254929
      -3.610023     3.685491     3.296397
      -3.610435     3.685647    -3.250565
      -3.611859     3.686350    -2.161659
      -0.856629    -4.785235     3.300076
      -0.856969    -4.784957    -3.255486
      -0.854284    -4.774803    -2.161373
      -1.751508    -4.149159    -3.257266
      -2.643557    -3.505453    -3.258090
      -3.531813    -2.856631    -3.257110
      -4.412736    -2.203162     3.300919
      -4.413231    -2.203029    -3.255144
      -4.403924    -2.198020    -2.160904
       5.383867    -2.494156    -1.606320
       5.382273    -2.493108    -0.515579
       5.380433    -2.494549     0.576481
       5.378410    -2.497635     1.668891
       4.507630    -3.151118    -2.699272
       4.500253    -3.146245    -1.609621
       4.498369    -3.144914    -0.520965
       4.496836    -3.146264     0.567279
       4.497671    -3.150567     1.654707
       4.504999    -3.153693     2.740011
       3.621129    -3.801190    -2.703442
       3.614920    -3.795707    -1.613153
       3.612614    -3.793962    -0.523776
       3.611281    -3.794864     0.565374
       3.612256    -3.798045     1.654352
       3.619999    -3.803952     2.744004
       2.730527    -4.447540    -2.703706
       2.725967    -4.440846    -1.613226
       2.723762    -4.439072    -0.523488
       2.722863    -4.439715     0.566264
       2.724192    -4.442486     1.655943
       2.729832    -4.449309     2.746287
       1.837608    -5.088621    -2.701324
       1.833937    -5.080981    -1.611670
       1.832019    -5.079598    -0.522783
       1.831407    -5.080073     0.566189
       1.832706    -5.082161     1.655056
       1.837104    -5.089841     2.744682
       0.939714    -5.718613    -1.612863
       0.938001    -5.717633    -0.523358
       0.937535    -5.717951     0.567163
       0.938752    -5.719413     1.656655
       4.264659     4.450439    -1.627292
       4.262635     4.451047    -0.528408
       4.261310     4.451951     0.568642
       4.260036     4.453942     1.666752
       4.602744     3.395435    -2.697617
       4.600614     3.396952    -1.612098
       4.598334     3.397589    -0.522743
       4.598025     3.398543     0.567679
       4.599780     3.400537     1.657039
       4.605990     3.399862     2.743893
       4.948121     2.355801    -2.699485
       4.940112     2.351949    -1.609608
       4.937745     2.352192    -0.520465
       4.937961     2.353490     0.568835
       4.941185     2.355596     1.657816
       4.950536     2.357779     2.746899
       5.286508     1.310538    -2.700745
       5.277943     1.307533    -1.610427
       5.275146     1.307197    -0.521018
       5.275263     1.308483     0.568284
       5.279339     1.309871     1.657164
       5.289772     1.311633     2.746109
       5.619782     0.263591    -2.697630
       5.610496     0.261616    -1.608086
       5.607813     0.260908    -0.519678
       5.607357     0.262231     0.568291
       5.611624     0.263630     1.655346
       5.622675     0.263576     2.740934
       5.940294    -0.785988    -1.605797
       5.937717    -0.787145    -0.515527
       5.936376    -0.786310     0.575739
       5.934954    -0.785251     1.666430
      -2.715788     5.515554    -1.623224
      -2.714276     5.515527    -0.525579
      -2.714389     5.515508     0.570982
      -2.716016     5.515501     1.668678
      -1.605045     5.521076    -2.698909
      -1.608179     5.514925    -1.612110
      -1.607517     5.512502    -0.522694
      -1.607661     5.512515     0.567904
      -1.608479     5.514959     1.657362
      -1.605198     5.521138     2.744245
      -0.507832     5.527986    -2.701618
      -0.508490     5.518399    -1.612141
      -0.508271     5.515146    -0.522614
      -0.508468     5.515196     0.567476
      -0.508914     5.518525     1.657063
      -0.508092     5.528161     2.746663
       0.590874     5.528003    -2.701777
       0.591175     5.518480    -1.612333
       0.590398     5.515293    -0.522835
       0.590120     5.515405     0.567232
       0.590564     5.518755     1.656817
       0.590438     5.528359     2.746444
       1.688075     5.521135    -2.699416
       1.690839     5.515181    -1.612733
       1.689593     5.512973    -0.523427
       1.689194     5.513198     0.567087
       1.689953     5.515740     1.656532
       1.687364     5.521837     2.743507
       2.798396     5.516031    -1.624326
       2.796211     5.516346    -0.526936
       2.795589     5.516751     0.569340
       2.797033     5.516955     1.666979
      -5.856325    -0.785522    -1.611737
      -5.854494    -0.786573    -0.522262
      -5.854415    -0.786582     0.568269
      -5.856074    -0.785562     1.657779
      -5.535546     0.263788    -2.700042
      -5.526664     0.261682    -1.610346
      -5.524262     0.260730    -0.521497
      -5.524166     0.260707     0.567512
      -5.526370     0.261607     1.656393
      -5.535040     0.263648     2.746140
      -5.202456     1.310500    -2.702075
      -5.194026     1.307279    -1.611602
      -5.191161     1.306491    -0.521922
      -5.191063     1.306453     0.567914
      -5.193724     1.307168     1.657627
      -5.201941     1.310324     2.748150
      -4.864207     2.355645    -2.700522
      -4.856258     2.351490    -1.610683
      -4.853729     2.351143    -0.521639
      -4.853643     2.351094     0.567575
      -4.855988     2.351350     1.656654
      -4.863732     2.355445     2.746548
      -4.519273     3.395455    -2.697864
      -4.517214     3.396613    -1.612082
      -4.515081     3.396799    -0.522465
      -4.515021     3.396743     0.568294
      -4.517015     3.396462     1.657956
      -4.518899     3.395255     2.743809
      -4.181713     4.450081    -1.625924
      -4.180359     4.450254    -0.526284
      -4.180336     4.450198     0.571982
      -4.181609     4.449929     1.671671
      -0.857317    -5.718612    -1.612871
      -0.856268    -5.717486    -0.523283
      -0.856516    -5.717520     0.567406
      -0.857813    -5.718722     1.657099
      -1.754635    -5.088723    -2.701220
      -1.751450    -5.080964    -1.611444
      -1.750145    -5.079316    -0.522349
      -1.750275    -5.079288     0.566935
      -1.751672    -5.080921     1.656110
      -1.754568    -5.088778     2.745996
      -2.647435    -4.447630    -2.703501
      -2.643349    -4.440778    -1.612774
      -2.641767    -4.438685    -0.522654
      -2.641822    -4.438642     0.567635
      -2.643396    -4.440695     1.657814
      -2.647204    -4.447629     2.748628
      -3.537853    -3.801241    -2.703421
      -3.532168    -3.795621    -1.612659
      -3.530576    -3.793556    -0.522504
      -3.530584    -3.793521     0.567812
      -3.532110    -3.795554     1.658011
      -3.537535    -3.801245     2.748842
      -4.423866    -3.151007    -2.700962
      -4.417092    -3.146065    -1.611087
      -4.415855    -3.144406    -0.521889
      -4.415836    -3.144385     0.567473
      -4.416976    -3.146033     1.656705
      -4.423515    -3.151039     2.746635
      -5.300183    -2.493630    -1.612209
      -5.299346    -2.492317    -0.522483
      -5.299308    -2.492308     0.568301
      -5.300030    -2.493628     1.658054
      -5.300769    -2.494676     2.744575
       0.041746    -5.410201     3.298603
       0.041562    -5.409714    -3.254450
       5.385529    -1.550439     3.332722
       5.370748    -1.542791    -3.248579
       3.347949     4.737962     3.330693
       3.349411     4.736530    -3.287575
      -3.265859     4.736341     3.332482
      -3.266084     4.736465    -3.286786
      -5.284838    -1.542313     3.299743
      -5.285325    -1.542160    -3.253769
       5.385899    -2.495322    -2.693747
       5.403143    -2.504495     2.766583
       0.941534    -5.719649    -2.699195
       0.941062    -5.720592     2.743027
       4.269162     4.448452    -2.733231
       4.265054     4.452916     2.773777
       5.943597    -0.783830    -2.693122
       5.960754    -0.794363     2.764157
      -2.712547     5.520525    -2.729795
      -2.712636     5.520448     2.775317
       2.795580     5.520792    -2.730768
       2.794307     5.521914     2.773846
      -5.858457    -0.783327    -2.698177
      -5.858010    -0.783432     2.744274
      -4.185887     4.448348    -2.732285
      -4.185639     4.448137     2.778098
      -0.858618    -5.719679    -2.699216
      -0.858822    -5.719893     2.743576
      -5.301116    -2.494608    -2.698676
       0.044222     0.194688     6.628449
       0.042544     0.195080    -6.583431
       0.041418    -6.363547    -2.738572
       0.041161    -6.359601    -1.628264
       0.040798    -6.358436    -0.527579
       0.040389    -6.358580     0.571422
       0.040272    -6.359982     1.672189
       0.040682    -6.364058     2.782631
      -6.191860    -1.838732    -2.737754
      -6.187690    -1.838131    -1.627263
      -6.186299    -1.837921    -0.526528
      -6.186246    -1.837918     0.572523
      -6.187503    -1.838140     1.673281
      -6.191482    -1.838790     2.783809
       0.045086    -0.740941     7.193735
       0.042636    -0.740329    -7.149200
       0.045034    -1.684721     6.629840
       0.042478    -1.684168    -6.585489
       0.044799    -2.625004     6.070315
       0.042261    -2.624544    -6.026108
       0.044270    -3.565096     5.512262
       0.042027    -3.564726    -5.468114
       0.043512    -4.506565     4.954245
       0.041825    -4.506244    -4.910110
       0.042704    -5.452814     4.394305
       0.041692    -5.452499    -4.350173
       0.935196    -0.094054     7.192864
       0.932758    -0.093471    -7.148573
       1.832560    -0.386112     6.628340
       1.829921    -0.385517    -6.584346
       2.727064    -0.677340     6.067868
       2.723728    -0.676793    -6.024390
       3.622206    -0.968796     5.507969
       3.617300    -0.968383    -5.465638
       4.521682    -1.261533     4.946345
       4.512066    -1.260657    -4.906476
       0.595017     0.952470     7.192425
       0.592674     0.953009    -7.147881
       1.149569     1.715644     6.627494
       1.147207     1.716201    -6.583149
       1.702406     2.476283     6.066568
       1.699947     2.476910    -6.022517
       2.255681     3.237389     5.506220
       2.253084     3.238126    -5.462574
       2.811685     4.002139     4.944110
       2.808939     4.003078    -4.901092
      -0.505397     0.952742     7.193100
      -0.507485     0.953098    -7.147991
      -1.060455     1.716086     6.628655
      -1.062251     1.716330    -6.583322
      -1.613756     2.476903     6.068150
      -1.615252     2.477076    -6.022662
      -2.167449     3.238146     5.508219
      -2.168646     3.238295    -5.462611
      -2.723795     4.003024     4.946694
      -2.724717     4.003190    -4.900975
      -0.845378    -0.093987     7.194073
      -0.847439    -0.093394    -7.148885
      -1.742951    -0.385959     6.630458
      -1.744706    -0.385418    -6.585017
      -2.637076    -0.677154     6.071175
      -2.638544    -0.676682    -6.025547
      -3.530901    -0.968633     5.513288
      -3.532112    -0.968241    -5.467510
      -4.425948    -1.260756     4.955353
      -4.426946    -1.260450    -4.909450
      -5.325532    -1.554348     4.395444
      -5.326363    -1.554125    -4.349419
       0.942095    -1.040021     6.626105
       0.939467    -1.039351    -6.581944
       1.496417     0.666497     6.625001
       1.493941     0.667056    -6.580783
       0.044493     1.721585     6.625239
       0.042483     1.721808    -6.580173
      -1.407155     0.666800     6.626731
      -1.408857     0.667184    -6.581213
      -0.852359    -1.039937     6.627347
      -0.854364    -1.039305    -6.582197
       1.838152    -1.333818     6.067198
       1.835016    -1.333061    -6.023468
       0.944013    -1.982862     6.067900
       0.941204    -1.982237    -6.023996
       2.052257     1.427726     6.065760
       2.049675     1.428371    -6.021817
       2.393725     0.376507     6.066129
       2.390807     0.377128    -6.022376
      -0.508518     2.485497     6.066472
      -0.510189     2.485592    -6.021180
       0.596898     2.485365     6.066072
       0.594894     2.485527    -6.021125
      -2.304371     0.376915     6.068908
      -2.305782     0.377295    -6.023177
      -1.963408     1.428300     6.067971
      -1.964840     1.428553    -6.022283
      -0.854440    -1.982827     6.069181
      -0.856450    -1.982235    -6.024149
      -1.748382    -1.333585     6.069449
      -1.750019    -1.333024    -6.024012
       2.733978    -1.626442     5.508448
       2.729741    -1.625641    -5.465497
       1.841610    -2.278802     5.510925
       1.838192    -2.278113    -5.467607
       0.944472    -2.924426     5.510372
       0.941763    -2.923910    -5.466602
       2.606892     2.189024     5.506687
       2.604125     2.189830    -5.463116
       2.952264     1.138418     5.508811
       2.949063     1.139184    -5.465533
       3.290078     0.085498     5.507269
       3.286094     0.086067    -5.464527
      -1.062122     3.248086     5.507691
      -1.063448     3.248138    -5.462268
       0.043807     3.252055     5.509311
       0.042224     3.252080    -5.464132
       1.149906     3.247897     5.507008
       1.147894     3.248030    -5.462239
      -3.199904     0.085917     5.511661
      -3.201079     0.086266    -5.465796
      -2.863115     1.139118     5.512208
      -2.864293     1.139392    -5.466341
      -2.518382     2.189843     5.509321
      -2.519562     2.190036    -5.463534
      -0.855584    -2.924469     5.511555
      -0.857471    -2.923960    -5.466665
      -1.752040    -2.278676     5.513292
      -1.753591    -2.278162    -5.467943
      -2.643481    -1.626092     5.512056
      -2.644801    -1.625631    -5.466446
       3.631350    -1.918950     4.948488
       3.624848    -1.918117    -4.907346
       2.739144    -2.573125     4.953371
       2.734505    -2.572404    -4.911020
       1.842854    -3.222472     4.954750
       1.839725    -3.221928    -4.911547
       0.944007    -3.866253     4.952947
       0.941804    -3.865838    -4.909174
       3.161989     2.951701     4.946511
       3.158983     2.952780    -4.903444
       3.509377     1.900668     4.950902
       3.505713     1.901688    -4.908262
       3.851336     0.847690     4.950933
       3.846642     0.848183    -4.909174
       4.187561    -0.206535     4.946950
       4.181373    -0.206042    -4.906470
      -1.617039     4.011326     4.947644
      -1.618040     4.011388    -4.902130
      -0.510252     4.017308     4.951619
      -0.511408     4.017310    -4.906337
       0.597057     4.017253     4.951357
       0.595609     4.017260    -4.906367
       1.704196     4.011150     4.946730
       1.702254     4.011277    -4.902208
      -4.095385    -0.206086     4.954348
      -4.096369    -0.205791    -4.908383
      -3.760912     0.848126     4.956347
      -3.761905     0.848396    -4.910378
      -3.420255     1.901652     4.954933
      -3.421235     1.901883    -4.909000
      -3.073745     2.952771     4.949593
      -3.074686     2.952959    -4.903737
      -0.856433    -3.866362     4.953952
      -0.857982    -3.865936    -4.909192
      -1.754273    -3.222486     4.956892
      -1.755638    -3.222062    -4.911680
      -2.648837    -2.572907     4.957116
      -2.650024    -2.572515    -4.911602
      -3.538899    -1.918464     4.954658
      -3.539958    -1.918111    -4.908925
       4.538267    -2.208186     4.384068
       4.521775    -2.210919    -4.347602
       3.638808    -2.866376     4.394203
       3.631305    -2.866210    -4.353655
       2.741206    -3.518619     4.398291
       2.737347    -3.518183    -4.355960
       1.842661    -4.166434     4.398045
       1.840451    -4.165983    -4.354749
       0.942886    -4.809975     4.394335
       0.941453    -4.809601    -4.350532
       3.717707     3.723984     4.382231
       3.714039     3.725744    -4.339760
       4.066392     2.664960     4.391106
       4.062134     2.666489    -4.349577
       4.411473     1.610733     4.392890
       4.405355     1.610860    -4.353043
       4.751504     0.555000     4.390616
       4.744066     0.555659    -4.351940
       5.091113    -0.506434     4.382187
       5.078161    -0.499353    -4.346745
      -2.181314     4.777957     4.383652
      -2.182052     4.778048    -4.338040
      -1.066473     4.782870     4.391746
      -1.067256     4.782887    -4.346398
       0.042901     4.785654     4.393344
       0.041997     4.785650    -4.348274
       1.152360     4.782793     4.391238
       1.151256     4.782822    -4.346554
       2.267442     4.777819     4.382308
       2.266093     4.777987    -4.338282
      -4.992440    -0.499274     4.395705
      -4.993270    -0.499043    -4.349647
      -4.658539     0.555649     4.399676
      -4.659388     0.555889    -4.353623
      -4.320105     1.610753     4.400158
      -4.320946     1.610993    -4.354134
      -3.977132     2.666380     4.396169
      -3.977926     2.666615    -4.350195
      -3.629244     3.725626     4.385779
      -3.629962     3.725850    -4.339857
      -0.856956    -4.810099     4.395175
      -0.857997    -4.809730    -4.350543
      -1.755805    -4.166494     4.399809
      -1.756843    -4.166167    -4.354762
      -2.652477    -3.518673     4.401517
      -2.653461    -3.518385    -4.356147
      -3.546034    -2.866602     4.400256
      -3.546945    -2.866334    -4.354632
      -4.436179    -2.211100     4.396059
      -4.437034    -2.210848    -4.350220
       4.542958    -3.160085     3.829860
       4.530522    -3.159380    -3.794328
       3.639937    -3.814515     3.839506
       3.635896    -3.813987    -3.799037
       2.741305    -4.465287     3.841950
       2.739391    -4.464667    -3.799386
       1.840877    -5.112696     3.839662
       1.839800    -5.112139    -3.796301
       0.935620    -5.762489     3.831580
       0.934932    -5.762114    -3.787730
       4.628889     3.433693     3.827064
       4.620800     3.435416    -3.785969
       4.976384     2.377073     3.831243
       4.964157     2.373901    -3.794606
       5.319025     1.321124     3.830592
       5.305509     1.317798    -3.796218
       5.658102     0.261892     3.824994
       5.643094     0.261030    -3.792564
      -1.625283     5.554589     3.827417
      -1.625780     5.554630    -3.781994
      -0.512771     5.559228     3.831171
      -0.513291     5.559231    -3.786022
       0.597728     5.559245     3.830978
       0.597173     5.559225    -3.786158
       1.710243     5.554676     3.826738
       1.709662     5.554621    -3.782399
      -5.895948    -0.800853     3.832875
      -5.896648    -0.800685    -3.786715
      -5.557847     0.261026     3.841133
      -5.558572     0.261223    -3.794988
      -5.220494     1.317639     3.843739
      -5.221223     1.317863    -3.797619
      -4.879348     2.373630     3.841709
      -4.880038     2.373873    -3.795635
      -4.536186     3.435140     3.832435
      -4.536804     3.435398    -3.786412
      -0.851144    -5.762618     3.832235
      -0.851657    -5.762274    -3.787756
      -1.755880    -5.112576     3.841125
      -1.756506    -5.112330    -3.796264
      -2.655283    -4.465048     3.844516
      -2.655982    -4.464869    -3.799315
      -3.551527    -3.814318     3.844745
      -3.552245    -3.814157    -3.799258
      -4.445673    -3.159552     3.841805
      -4.446378    -3.159381    -3.796075
      -5.343802    -2.500371     3.833280
      -5.344504    -2.500195    -3.787320
       5.408305    -3.460507    -2.141669
       5.407012    -3.455396    -1.057573
       5.405318    -3.455296     0.027860
       5.401987    -3.460590     1.114737
       5.413422    -3.461719     2.210984
       4.539542    -4.114820    -3.241392
       4.524001    -4.111095    -2.151809
       4.521369    -4.106853    -1.065954
       4.519692    -4.106786     0.019394
       4.517682    -4.111121     1.103655
       4.521643    -4.116050     2.187219
       4.544326    -4.116149     3.277293
       3.643367    -4.767926    -3.242980
       3.635570    -4.758642    -2.152944
       3.632104    -4.755136    -1.066015
       3.630573    -4.754689     0.020914
       3.629582    -4.757618     1.107677
       3.633303    -4.761957     2.194322
       3.644571    -4.769105     3.284455
       2.744561    -5.417496    -3.241884
       2.744386    -5.402471    -2.151956
       2.739932    -5.399457    -1.065359
       2.738688    -5.398862     0.021438
       2.738268    -5.401068     1.108176
       2.742686    -5.404680     2.194688
       2.745044    -5.418467     3.284673
       1.841169    -6.065544    -3.235055
       1.851512    -6.041406    -2.145922
       1.845936    -6.039343    -1.062526
       1.844818    -6.038620     0.021723
       1.844718    -6.040467     1.105941
       1.850143    -6.042956     2.189287
       1.841355    -6.066292     3.278469
       0.950514    -6.677778    -2.181302
       0.948240    -6.676333    -1.077021
       0.947878    -6.675761     0.021951
       0.947151    -6.677125     1.120896
       0.949185    -6.678856     2.225129
      -6.772117    -1.072539    -2.180044
      -6.769642    -1.073921    -1.075846
      -6.768655    -1.073572     0.023059
      -6.769483    -1.073918     1.121978
      -6.771772    -1.072565     2.226205
      -6.465460    -0.033428    -3.233477
      -6.446054    -0.019328    -2.144294
      -6.441760    -0.023529    -1.061034
      -6.440243    -0.023830     0.023091
      -6.441569    -0.023555     1.107229
      -6.445662    -0.019400     2.190520
      -6.464856    -0.033578     3.279737
      -6.128807     1.026304    -3.239970
      -6.115274     1.026135    -2.150006
      -6.110146     1.023676    -1.063589
      -6.108618     1.023319     0.023091
      -6.109945     1.023616     1.109781
      -6.114864     1.026009     2.196225
      -6.128184     1.026115     3.286212
      -5.789528     2.082582    -3.240353
      -5.780181     2.070298    -2.150276
      -5.774479     2.069693    -1.063740
      -5.772994     2.069241     0.023071
      -5.774291     2.069599     1.109894
      -5.779793     2.070120     2.196455
      -5.788928     2.082353     3.286556
      -5.447036     3.140279    -3.234397
      -5.442557     3.111923    -2.144899
      -5.436366     3.113445    -1.061373
      -5.434910     3.112997     0.023028
      -5.436212     3.113326     1.107443
      -5.442230     3.111707     2.191002
      -5.446497     3.140029     3.280537
      -5.102748     4.157302    -2.179575
      -5.098668     4.157995    -1.075680
      -5.097838     4.157386     0.022932
      -5.098563     4.157868     1.121561
      -5.102505     4.157076     2.225489
      -0.867892    -6.677841    -2.181532
      -0.866271    -6.676279    -1.077219
      -0.866766    -6.675449     0.021858
      -0.866886    -6.676363     1.121020
      -0.868641    -6.678021     2.225497
      -1.758015    -6.065714    -3.235050
      -1.768826    -6.041446    -2.145866
      -1.763850    -6.039172    -1.062322
      -1.763475    -6.038016     0.022183
      -1.764238    -6.039106     1.106747
      -1.769230    -6.041403     2.190418
      -1.757815    -6.065891     3.279710
      -2.661387    -5.417626    -3.241678
      -2.661608    -5.402442    -2.151623
      -2.657691    -5.399161    -1.064767
      -2.657154    -5.398011     0.022423
      -2.657895    -5.399055     1.109647
      -2.661741    -5.402331     2.196582
      -2.661026    -5.417705     3.286702
      -3.560127    -4.767942    -3.242693
      -3.552655    -4.758517    -2.152417
      -3.549678    -4.754726    -1.065021
      -3.548883    -4.753588     0.022612
      -3.549753    -4.754632     1.110268
      -3.552606    -4.758418     2.197716
      -3.559654    -4.767999     3.288039
      -4.456212    -4.114620    -3.241569
      -4.440936    -4.110856    -2.151461
      -4.438785    -4.106378    -1.064517
      -4.437904    -4.105459     0.022762
      -4.438778    -4.106314     1.110057
      -4.440779    -4.110797     2.197040
      -4.455686    -4.114696     3.287185
      -5.352180    -3.456372    -3.234795
      -5.325003    -3.460050    -2.145505
      -5.324183    -3.454879    -1.061785
      -5.323255    -3.454039     0.022887
      -5.324131    -3.454840     1.107571
      -5.324794    -3.460029     2.191321
      -5.351641    -3.456472     3.280651
      -6.209095    -2.800709    -2.180728
      -6.207920    -2.798854    -1.076235
      -6.206985    -2.798781     0.022984
      -6.207844    -2.798829     1.122210
      -6.208855    -2.800705     2.226717
       5.411142    -1.554413    -4.344885
       5.428785    -2.500522    -3.783029
       5.981169    -0.800899    -3.782273
       5.435654    -3.456933    -3.231270
       6.276493    -1.839300    -2.728456
       6.271508    -1.838714    -1.616868
       6.269390    -1.838692    -0.513947
       6.267847    -1.838915     0.589342
       6.268279    -1.840023     1.701853
       6.292681    -2.801010    -2.170739
       6.290817    -2.799013    -1.064880
       6.288919    -2.798857     0.037384
       6.286081    -2.800809     1.143638
       5.186141     4.157682    -2.180873
       5.181724     4.158823    -1.077556
       5.180194     4.159217     0.019780
       5.179277     4.162356     1.115917
       5.179318     4.171122     2.215061
       5.530885     3.140492    -3.233248
       5.526224     3.112362    -2.143625
       5.520010     3.114304    -1.059636
       5.518570     3.114907     0.025974
       5.519576     3.117979     1.113310
       5.524985     3.122898     2.204982
       5.873537     2.082754    -3.239149
       5.864054     2.070568    -2.149135
       5.858386     2.070227    -1.062631
       5.857177     2.070591     0.024388
       5.858606     2.073633     1.112305
       5.865965     2.074450     2.204189
       6.212929     1.026455    -3.238208
       6.199223     1.026193    -2.148428
       6.194037     1.023762    -1.062313
       6.192718     1.023909     0.024047
       6.194384     1.027612     1.110988
       6.204349     1.023057     2.202274
       6.549653    -0.033235    -3.229755
       6.529951    -0.019455    -2.140424
       6.525206    -0.023969    -1.057196
       6.523315    -0.024266     0.026801
       6.523656    -0.019894     1.111278
       6.536670    -0.036324     2.203003
       6.855863    -1.073081    -2.169578
       6.852562    -1.074818    -1.063899
       6.850432    -1.074991     0.038282
       6.848764    -1.073287     1.144601
      -2.163530     6.303435    -2.171068
      -2.155508     6.300185    -1.072419
      -2.154225     6.299523     0.022679
      -2.155846     6.300184     1.117787
      -2.163919     6.303422     2.216455
      -1.059988     6.309866    -2.158534
      -1.056887     6.303043    -1.066325
      -1.056488     6.301365     0.022508
      -1.057295     6.303111     1.111357
      -1.060477     6.309965     2.203597
       0.041434     6.311506    -2.158734
       0.041102     6.304556    -1.066571
       0.040755     6.302944     0.022289
       0.040565     6.304720     1.111177
       0.040760     6.311745     2.203390
       1.142844     6.310004    -2.159027
       1.139072     6.303326    -1.066845
       1.137959     6.301797     0.021964
       1.138363     6.303649     1.110819
       1.141913     6.310489     2.203086
       2.246341     6.303792    -2.172219
       2.237648     6.300817    -1.073672
       2.235611     6.300486     0.021330
       2.236793     6.301371     1.116446
       2.245185     6.304642     2.215185