
       0.203051     0.065975     0.000000
       0.203125     0.065999     1.100159
       0.203152    -0.861145     0.550029
       1.085098    -0.220456     0.549736
       0.748282     0.816157     0.549736
      -0.341815     0.816091     0.550029
      -0.678710    -0.220526     0.550126
       0.203152    -0.861145    -0.550029
       1.085098    -0.220456    -0.549736
       0.748282     0.816157    -0.549736
      -0.341815     0.816091    -0.550029
      -0.678710    -0.220526    -0.550126
       0.203125     0.065999    -1.100159
       0.202536    -1.790651     0.000000
       1.969741    -0.508273     0.000000
       1.294799     1.568986    -0.000000
      -0.888663     1.567715    -0.000000
      -1.562931    -0.507827     0.000000
       0.203118    -0.861511     1.650062
       0.203118    -0.861511    -1.650062
       1.085456    -0.220624     1.649364
       1.085456    -0.220624    -1.649364
       0.748473     0.816503     1.649364
       0.748473     0.816503    -1.649364
      -0.342057     0.816367     1.650062
      -0.342057     0.816367    -1.650062
      -0.678984    -0.220615     1.650280
      -0.678984    -0.220615    -1.650280
       1.089646    -1.154214     1.099373
       1.089646    -1.154214    -1.099373
       1.089593    -1.153871     0.000000
       1.637911     0.532189     1.098865
       1.637911     0.532189    -1.098865
       1.637781     0.532147    -0.000000
       0.203113     1.574257     1.099373
       0.203113     1.574257    -1.099373
       0.203272     1.573948    -0.000000
      -1.231157     0.531688     1.099876
      -1.231157     0.531688    -1.099876
      -1.230763     0.531556    -0.000000
      -0.683509    -1.153800     1.099876
      -0.683509    -1.153800    -1.099876
      -0.683267    -1.153462     0.000000
       0.202473    -1.791109     1.099348
       0.202473    -1.791109    -1.099348
       1.969909    -0.508455     1.098256
       1.969909    -0.508455    -1.098256
       1.294828     1.569231     1.098256
       1.294828     1.569231    -1.098256
      -0.888983     1.568049     1.099348
      -0.888983     1.568049    -1.099348
      -1.563322    -0.507954     1.099490
      -1.563322    -0.507954    -1.099490
       0.203351     0.066073     2.200310
       0.203351     0.066073    -2.200310
       0.201184    -2.722536    -0.548897
       0.201184    -2.722536     0.548897
       2.857019    -0.797712    -0.548146
       2.857019    -0.797712     0.548146
       1.842495     2.324675    -0.548146
       1.842495     2.324675     0.548146
      -1.437504     2.320831    -0.548897
      -1.437504     2.320831     0.548897
      -2.449425    -0.795866    -0.548930
      -2.449425    -0.795866     0.548930
       0.203251    -0.862154     2.749995
       0.203251    -0.862154    -2.749995
       0.202465    -1.792379     2.198697
       0.202465    -1.792379    -2.198697
       1.086314    -0.220837     2.749237
       1.086314    -0.220837    -2.749237
       1.970749    -0.508803     2.196996
       1.970749    -0.508803    -2.196996
       0.749043     0.817180     2.749237
       0.749043     0.817180    -2.749237
       1.295303     1.570007     2.196996
       1.295303     1.570007    -2.196996
      -0.342328     0.816966     2.749995
      -0.342328     0.816966    -2.749995
      -0.889735     1.569071     2.198697
      -0.889735     1.569071    -2.198697
      -0.679429    -0.220760     2.750207
      -0.679429    -0.220760    -2.750207
      -1.564398    -0.508303     2.198874
      -1.564398    -0.508303    -2.198874
       1.090093    -1.155136     2.198879
       1.090093    -1.155136    -2.198879
       1.638727     0.532454     2.198162
       1.638727     0.532454    -2.198162
       0.202932     1.575265     2.198879
       0.202932     1.575265    -2.198879
      -1.232193     0.532091     2.199626
      -1.232193     0.532091    -2.199626
      -0.684110    -1.154735     2.199626
      -0.684110    -1.154735    -2.199626
       1.977642    -1.446620     1.647100
       1.977642    -1.446620    -1.647100
       1.977460    -1.445778    -0.548964
       1.977460    -1.445778     0.548964
       1.091516    -2.088914     1.647989
       1.091516    -2.088914    -1.647989
       1.091188    -2.087708    -0.549273
       1.091188    -2.087708     0.549273
       2.189150     1.287216     1.646610
       2.189150     1.287216    -1.646610
       2.188708     1.287081    -0.548801
       2.188709     1.287081     0.548801
       2.527666     0.245370     1.646610
       2.527666     0.245370    -1.646610
       2.527230     0.245219    -0.548801
       2.527230     0.245219     0.548801
      -0.344777     2.331544     1.647989
      -0.344777     2.331544    -1.647989
      -0.344334     2.330375    -0.549273
      -0.344334     2.330375     0.549273
       0.749645     2.332769     1.647100
       0.749645     2.332769    -1.647100
       0.749993     2.331980    -0.548964
       0.749993     2.331980     0.548964
      -2.121138     0.245622     1.648415
      -2.121138     0.245622    -1.648415
      -2.119884     0.245373    -0.549453
      -2.119884     0.245373     0.549453
      -1.783479     1.285549     1.648345
      -1.783479     1.285549    -1.648345
      -1.782327     1.284908    -0.549421
      -1.782327     1.284908     0.549421
      -0.687239    -2.088334     1.648345
      -0.687239    -2.088334    -1.648345
      -0.686684    -2.087138    -0.549421
      -0.686684    -2.087138     0.549421
      -1.571665    -1.445485     1.648415
      -1.571665    -1.445485    -1.648415
      -1.570797    -1.444547    -0.549453
      -1.570797    -1.444547     0.549453
       0.201215    -2.723809     1.646917
       0.201215    -2.723809    -1.646917
       2.857296    -0.797947     1.644713
       2.857296    -0.797947    -1.644713
       1.842580     2.325028     1.644713
       1.842580     2.325028    -1.644713
      -1.438228     2.321879     1.646917
      -1.438228     2.321879    -1.646917
      -2.450511    -0.796219     1.646979
      -2.450511    -0.796219    -1.646979
       0.203724     0.066194     3.300475
       0.203724     0.066194    -3.300475
       0.199689    -3.657147    -1.095597
       0.199609    -3.656610     0.000000
       0.199689    -3.657147     1.095597
       3.747347    -1.088509    -1.094334
       3.747394    -1.088560     0.000000
       3.747347    -1.088509     1.094334
       2.391859     3.083257    -1.094334
       2.391867     3.083325    -0.000000
       2.391859     3.083257     1.094334
      -1.988064     3.076069    -1.095597
      -1.987813     3.075587     0.000000
      -1.988064     3.076069     1.095597
      -3.338346    -1.084694    -1.095612
      -3.337918    -1.084554     0.000000
      -3.338346    -1.084694     1.095612
       0.203692    -0.863125     3.849796
       0.203692    -0.863125    -3.849796
       0.202822    -1.794385     3.297771
       0.202822    -1.794385    -3.297771
       0.201574    -2.726582     2.745102
       0.201574    -2.726582    -2.745102
       1.087801    -0.221017     3.849187
       1.087801    -0.221017    -3.849187
       1.972865    -0.509197     3.296199
       1.972865    -0.509197    -3.296199
       2.858752    -0.798148     2.742109
       2.858752    -0.798148    -2.742109
       0.750139     0.818199     3.849187
       0.750139     0.818199    -3.849187
       1.296783     1.571569     3.296199
       1.296783     1.571569    -3.296199
       1.843640     2.326047     2.742109
       1.843640     2.326047    -2.742109
      -0.342541     0.818010     3.849796
      -0.342541     0.818010    -3.849796
      -0.890625     1.570904     3.297771
      -0.890625     1.570904    -3.297771
      -1.439567     2.324334     2.745102
      -1.439567     2.324334    -2.745102
      -0.680073    -0.220969     3.849936
      -0.680073    -0.220969    -3.849936
      -1.566084    -0.508851     3.297899
      -1.566084    -0.508851    -3.297899
      -2.452935    -0.797006     2.745139
      -2.452935    -0.797006    -2.745139
       1.091410    -1.156539     3.298304
       1.091410    -1.156539    -3.298304
       1.640652     0.533080     3.297643
       1.640652     0.533080    -3.297643
       0.203173     1.577175     3.298304
       0.203173     1.577175    -3.298304
      -1.233753     0.532829     3.298998
      -1.233753     0.532829    -3.298998
      -0.684939    -1.156250     3.298998
      -0.684939    -1.156250    -3.298998
       1.979015    -1.448230     2.745568
       1.979015    -1.448230    -2.745568
       1.092660    -2.091309     2.746636
       1.092660    -2.091309    -2.746636
       2.191215     1.287997     2.745045
       2.191215     1.287997    -2.745045
       2.529796     0.245951     2.745045
       2.529796     0.245951    -2.745045
      -0.345259     2.334155     2.746636
      -0.345259     2.334155    -2.746636
       0.749809     2.334878     2.745568
       0.749809     2.334878    -2.745568
      -2.123629     0.246062     2.747091
      -2.123629     0.246062    -2.747091
      -1.785632     1.287018     2.747026
      -1.785632     1.287018    -2.747026
      -0.688118    -2.090788     2.747026
      -0.688118    -2.090788    -2.747026
      -1.573421    -1.447305     2.747091
      -1.573421    -1.447305    -2.747091
       2.867407    -1.739782     2.192221
       2.867407    -1.739782    -2.192221
       2.867240    -1.738442    -1.095920
       2.867340    -1.738083    -0.000000
       2.867240    -1.738442     1.095920
       1.982120    -2.385846     2.194553
       1.982120    -2.385846    -2.194553
       1.980910    -2.383389    -1.097065
       1.980755    -2.382687    -0.000000
       1.980910    -2.383389     1.097065
       1.092775    -3.025832     2.194358
       1.092775    -3.025832    -2.194358
       1.091515    -3.023233    -1.096990
       1.091215    -3.022565    -0.000000
       1.091515    -3.023233     1.096990
       2.740971     2.044145     2.191765
       2.740971     2.044145    -2.191765
       2.739796     2.044269    -1.095749
       2.739553     2.044400    -0.000000
       2.739796     2.044269     1.095749
       3.083487     1.001885     2.193249
       3.083487     1.001885    -2.193249
       3.081630     1.001282    -1.096524
       3.081229     1.001151     0.000000
       3.081630     1.001282     1.096524
       3.419010    -0.042648     2.191765
       3.419010    -0.042648    -2.191765
       3.418133    -0.043438    -1.095749
       3.418013    -0.043687    -0.000000
       3.418133    -0.043438     1.095749
      -0.894464     3.090267     2.194358
      -0.894464     3.090267    -2.194358
      -0.893956     3.087424    -1.096990
      -0.893806     3.086707     0.000000
      -0.893956     3.087424     1.096990
       0.201205     3.095251     2.194553
       0.201205     3.095251    -2.194553
       0.201670     3.092552    -1.097065
       0.201958     3.091893     0.000000
       0.201670     3.092552     1.097065
       1.297164     3.092932     2.192221
       1.297164     3.092932    -2.192221
       1.297816     3.091750    -1.095920
       1.298109     3.091518    -0.000000
       1.297816     3.091750     1.095920
      -3.013096    -0.041195     2.194570
      -3.013096    -0.041195    -2.194570
      -3.010465    -0.041595    -1.097139
      -3.009801    -0.041773     0.000000
      -3.010465    -0.041595     1.097139
      -2.678746     1.001304     2.195420
      -2.678746     1.001304    -2.195420
      -2.675940     1.000219    -1.097658
      -2.675091     0.999899     0.000000
      -2.675940     1.000219     1.097658
      -2.337193     2.041279     2.194519
      -2.337193     2.041279    -2.194519
      -2.334971     2.039734    -1.097087
      -2.334356     2.039404     0.000000
      -2.334971     2.039734     1.097087
      -0.690996    -3.025197     2.194519
      -0.690996    -3.025197    -2.194519
      -0.690107    -3.022640    -1.097087
      -0.689803    -3.022012    -0.000000
      -0.690107    -3.022640     1.097087
      -1.578600    -2.384599     2.195420
      -1.578600    -2.384599    -2.195420
      -1.576968    -2.382071    -1.097658
      -1.576470    -2.381314     0.000000
      -1.576968    -2.382071     1.097658
      -2.461860    -1.737725     2.194570
      -2.461860    -1.737725    -2.194570
      -2.459967    -1.735855    -1.097139
      -2.459534    -1.735320     0.000000
      -2.459967    -1.735855     1.097139
       0.200067    -3.659236     2.191858
       0.200067    -3.659236    -2.191858
       3.747468    -1.088466     2.188908
       3.747468    -1.088466    -2.188908
       2.391983     3.083293     2.188908
       2.391983     3.083293    -2.188908
      -1.988986     3.077981     2.191858
      -1.988986     3.077981    -2.191858
      -3.340132    -1.085274     2.191858
      -3.340132    -1.085274    -2.191858
       0.204248     0.066364     4.400865
       0.204248     0.066364    -4.400865
       0.198590    -4.594769    -1.639928
       0.198256    -4.593996    -0.546631
       0.198256    -4.593996     0.546631
       0.198590    -4.594769     1.639928
       4.641376    -1.380936    -1.640606
       4.641721    -1.380673    -0.546961
       4.641721    -1.380673     0.546961
       4.641376    -1.380936     1.640606
       2.943260     3.845332    -1.640606
       2.943694     3.845322    -0.546961
       2.943694     3.845322     0.546961
       2.943260     3.845332     1.640606
      -2.540074     3.833976    -1.639928
      -2.539889     3.833154    -0.546631
      -2.539889     3.833154     0.546631
      -2.540074     3.833976     1.639928
      -4.229964    -1.374397    -1.639951
      -4.229385    -1.374209    -0.546651
      -4.229385    -1.374209     0.546651
      -4.229964    -1.374397     1.639951
       0.204471    -0.864738     4.949815
       0.204471    -0.864738    -4.949815
       0.203662    -1.797470     4.396533
       0.203662    -1.797470    -4.396533
       0.202483    -2.731020     3.842829
       0.202483    -2.731020    -3.842829
       0.201001    -3.664511     3.288937
       0.201001    -3.664511    -3.288937
       1.090263    -0.221242     4.949334
       1.090263    -0.221242    -4.949334
       1.976664    -0.509656     4.395338
       1.976664    -0.509656    -4.395338
       2.863301    -0.798577     3.840523
       2.863301    -0.798577    -3.840523
       3.749130    -1.087934     3.284629
       3.749130    -1.087934    -3.284629
       0.751998     0.819829     4.949334
       0.751998     0.819829    -4.949334
       1.299588     1.574174     4.395338
       1.299588     1.574174    -4.395338
       1.847068     2.329067     3.840523
       1.847068     2.329067    -3.840523
       2.393639     3.083839     3.284629
       2.393639     3.083839    -3.284629
      -0.342859     0.819773     4.949815
      -0.342859     0.819773    -4.949815
      -0.891760     1.573894     4.396533
      -0.891760     1.573894    -4.396533
      -1.441440     2.328458     3.842829
      -1.441440     2.328458    -3.842829
      -1.991331     3.082798     3.288937
      -1.991331     3.082798    -3.288937
      -0.681193    -0.221333     4.949929
      -0.681193    -0.221333    -4.949929
      -1.568686    -0.509697     4.396655
      -1.568686    -0.509697    -4.396655
      -2.456880    -0.798288     3.842884
      -2.456880    -0.798288    -3.842884
      -3.344912    -1.086827     3.288947
      -3.344912    -1.086827    -3.288947
       1.093881    -1.158539     4.397341
       1.093881    -1.158539    -4.397341
       1.644087     0.534196     4.396767
       1.644087     0.534196    -4.396767
       0.203997     1.580245     4.397341
       0.203997     1.580245    -4.397341
      -1.235929     0.533976     4.397931
      -1.235929     0.533976    -4.397931
      -0.686025    -1.158456     4.397931
      -0.686025    -1.158456    -4.397931
       1.982660    -1.450513     3.843736
       1.982660    -1.450513    -3.843736
       1.095151    -2.094929     3.844573
       1.095151    -2.094929    -3.844573
       2.195527     1.289978     3.843197
       2.195527     1.289978    -3.843197
       2.534449     0.246883     3.843197
       2.534449     0.246883    -3.843197
      -0.345371     2.338547     3.844573
      -0.345371     2.338547    -3.844573
       0.751416     2.338867     3.843736
       0.751416     2.338867    -3.843736
      -2.127437     0.246689     3.845007
      -2.127437     0.246689    -3.845007
      -1.788772     1.289480     3.844958
      -1.788772     1.289480    -3.844958
      -0.689210    -2.094625     3.844958
      -0.689210    -2.094625    -3.844958
      -1.576134    -1.450051     3.845007
      -1.576134    -1.450051    -3.845007
       2.870702    -1.742220     3.289263
       2.870702    -1.742220    -3.289263
       1.985616    -2.389919     3.291649
       1.985616    -2.389919    -3.291649
       1.095291    -3.030763     3.291259
       1.095291    -3.030763    -3.291259
       2.745568     2.045751     3.288751
       2.745568     2.045751    -3.288751
       3.089048     1.003692     3.290260
       3.089048     1.003692    -3.290260
       3.423673    -0.041245     3.288751
       3.423673    -0.041245    -3.288751
      -0.895328     3.095735     3.291259
      -0.895328     3.095735    -3.291259
       0.201639     3.100601     3.291649
       0.201639     3.100601    -3.291649
       1.298396     3.096841     3.289263
       1.298396     3.096841    -3.289263
      -3.018106    -0.041018     3.291503
      -3.018106    -0.041018    -3.291503
      -2.683477     1.003213     3.292437
      -2.683477     1.003213    -3.292437
      -2.340987     2.044756     3.291480
      -2.340987     2.044756    -3.291480
      -0.692023    -3.030239     3.291480
      -0.692023    -3.030239    -3.291480
      -1.581306    -2.388924     3.292437
      -1.581306    -2.388924    -3.292437
      -2.465810    -1.740812     3.291503
      -2.465810    -1.740812    -3.291503
       3.759017    -2.033845     2.734049
       3.759017    -2.033845    -2.734049
       3.759261    -2.032368    -1.640462
       3.759716    -2.031824    -0.546903
       3.759716    -2.031824     0.546903
       3.759261    -2.032368     1.640462
       2.875032    -2.683956     2.737905
       2.875032    -2.683956    -2.737905
       2.871907    -2.679757    -1.642155
       2.871651    -2.678208    -0.547329
       2.871651    -2.678208     0.547329
       2.871907    -2.679757     1.642155
       1.986892    -3.328275     2.738831
       1.986892    -3.328275    -2.738831
       1.983339    -3.323113    -1.643040
       1.982180    -3.321061    -0.547583
       1.982180    -3.321061     0.547583
       1.983339    -3.323113     1.643040
       1.094874    -3.965965     2.737484
       1.094874    -3.965965    -2.737484
       1.092148    -3.961149    -1.641933
       1.091159    -3.959864    -0.547238
       1.091159    -3.959864     0.547238
       1.092148    -3.961149     1.641933
       3.294397     2.802467     2.733637
       3.294397     2.802467    -2.733637
       3.292551     2.803286    -1.640056
       3.292098     2.803939    -0.546674
       3.292098     2.803939     0.546674
       3.292551     2.803286     1.640056
       3.641381     1.760580     2.736226
       3.641381     1.760580    -2.736226
       3.636643     1.759242    -1.641848
       3.634888     1.759034    -0.547271
       3.634888     1.759034     0.547271
       3.636643     1.759242     1.641848
       3.980782     0.716009     2.736226
       3.980782     0.716009    -2.736226
       3.976163     0.714307    -1.641848
       3.974621     0.713444    -0.547271
       3.974621     0.713444     0.547271
       3.976163     0.714307     1.641848
       4.312471    -0.330847     2.733637
       4.312471    -0.330847    -2.733637
       4.311460    -0.332595    -1.640056
       4.311477    -0.333390    -0.546674
       4.311477    -0.333390     0.546674
       4.311460    -0.332595     1.640056
      -1.445362     3.852085     2.737484
      -1.445362     3.852085    -2.737484
      -1.444737     3.846586    -1.641933
      -1.444782     3.844966    -0.547238
      -1.444782     3.844966     0.547238
      -1.444737     3.846586     1.641933
      -0.348880     3.860497     2.738831
      -0.348880     3.860497    -2.738831
      -0.348720     3.854233    -1.643040
      -0.348451     3.851891    -0.547583
      -0.348451     3.851891     0.547583
      -0.348720     3.854233     1.643040
       0.748362     3.861267     2.737905
       0.748362     3.861267    -2.737905
       0.748302     3.856033    -1.642155
       0.749006     3.854630    -0.547329
       0.749006     3.854630     0.547329
       0.748302     3.856033     1.642155
       1.845646     3.854909     2.734049
       1.845646     3.854909    -2.734049
       1.846712     3.853858    -1.640462
       1.847400     3.853685    -0.546903
       1.847400     3.853685     0.546903
       1.846712     3.853858     1.640462
      -3.907991    -0.328752     2.737688
      -3.907991    -0.328752    -2.737688
      -3.903023    -0.329184    -1.642066
      -3.901759    -0.329637    -0.547296
      -3.901759    -0.329637     0.547296
      -3.903023    -0.329184     1.642066
      -3.576824     0.716254     2.739340
      -3.576824     0.716253    -2.739340
      -3.571215     0.714770    -1.643461
      -3.569022     0.714021    -0.547743
      -3.569022     0.714021     0.547743
      -3.571215     0.714770     1.643461
      -3.238271     1.759482     2.739344
      -3.238271     1.759482    -2.739344
      -3.233118     1.756803    -1.643448
      -3.231017     1.755871    -0.547735
      -3.231017     1.755871     0.547735
      -3.233118     1.756803     1.643448
      -2.892774     2.799583     2.737713
      -2.892774     2.799583    -2.737713
      -2.888896     2.796410    -1.642044
      -2.887776     2.795779    -0.547280
      -2.887776     2.795779     0.547280
      -2.888896     2.796410     1.642044
      -0.694752    -3.965240     2.737713
      -0.694752    -3.965240    -2.737713
      -0.693480    -3.960394    -1.642044
      -0.692944    -3.959224    -0.547280
      -0.692944    -3.959224     0.547280
      -0.693480    -3.960394     1.642044
      -1.585620    -3.326859     2.739344
      -1.585620    -3.326859    -2.739344
      -1.583026    -3.321662    -1.643448
      -1.581874    -3.319673    -0.547735
      -1.581874    -3.319673     0.547735
      -1.583026    -3.321662     1.643448
      -2.472710    -2.681865     2.739340
      -2.472710    -2.681865    -2.739340
      -2.469044    -2.677368    -1.643461
      -2.467710    -2.675473    -0.547743
      -2.467710    -2.675473     0.547743
      -2.469044    -2.677368     1.643461
      -3.354867    -2.031092     2.737688
      -3.354867    -2.031092    -2.737688
      -3.351103    -2.027823    -1.642066
      -3.350346    -2.026713    -0.547296
      -3.350346    -2.026713     0.547296
      -3.351103    -2.027823     1.642066
       0.199444    -4.597003     2.734128
       4.641297    -1.379906     2.733729
       2.943801     3.844452     2.733729
      -2.540695     3.836285     2.734128
      -4.231879    -1.375020     2.734148
       0.204969     0.066598     5.502123
       0.205494    -0.867823     6.052022
       0.204797    -1.802609     5.496474
       0.203743    -2.738159     4.940901
       0.202352    -3.673762     4.385995
       1.094542    -0.221850     6.051424
       1.983123    -0.510684     5.495267
       2.871940    -0.799811     4.939062
       3.759365    -1.088852     4.383496
       0.755103     0.822836     6.051424
       1.304209     1.578802     5.495267
       1.853332     2.335143     4.939062
       2.401380     3.090598     4.383496
      -0.343845     0.822870     6.052022
      -0.893862     1.578718     5.496474
      -1.444617     2.334975     4.940901
      -1.995676     3.091076     4.385995
      -0.683587    -0.222111     6.052228
      -1.573125    -0.511139     5.496735
      -2.463330    -0.800384     4.941118
      -3.353471    -1.089608     4.386135
       1.097642    -1.161580     5.496731
       1.649502     0.535955     5.495968
       0.205252     1.584916     5.496731
      -1.239170     0.535625     5.497448
      -0.687678    -1.161695     5.497448
       1.988989    -1.453886     4.941420
       1.098996    -2.100216     4.942083
       2.202569     1.293653     4.940560
       2.542306     0.248049     4.940560
      -0.345368     2.345085     4.942083
       0.754554     2.345316     4.941420
      -2.132949     0.247474     4.942718
      -1.793237     1.293111     4.942650
      -0.690689    -2.100187     4.942650
      -1.580131    -1.453926     4.942718
       2.879413    -1.745547     4.385801
       1.992097    -2.395548     4.387769
       1.099080    -3.038334     4.387220
       2.754224     2.051122     4.384805
       3.098591     1.006792     4.386026
       3.433833    -0.040502     4.384805
      -0.896712     3.104088     4.387220
       0.203574     3.108964     4.387769
       1.303488     3.104653     4.385801
      -3.025852    -0.041218     4.387680
      -2.690258     1.005963     4.388725
      -2.346582     2.050445     4.387640
      -0.693205    -3.038131     4.387640
      -1.585175    -2.395135     4.388725
      -2.472194    -1.745204     4.387680
       3.767821    -2.037347     3.830102
       2.883867    -2.689879     3.833078
       1.993193    -3.336273     3.833665
       1.098458    -3.975788     3.832411
       3.304663     2.807494     3.828699
       3.652569     1.765364     3.830880
       3.992646     0.718715     3.830880
       4.323732    -0.328880     3.828699
      -1.448237     3.862138     3.832411
      -0.348483     3.870671     3.833665
       0.752028     3.871252     3.833078
       1.850710     3.862917     3.830102
      -3.917892    -0.329925     3.832761
      -3.585763     0.717900     3.834346
      -3.246078     1.764306     3.834360
      -2.899469     2.807274     3.832801
      -0.695647    -3.975397     3.832801
      -1.589101    -3.335350     3.834360
      -2.478973    -2.688451     3.834346
      -3.363567    -2.035963     3.832761
       4.655051    -2.328533    -1.093044
       4.655073    -2.327996     0.000000
       4.655051    -2.328533     1.093044
       4.654686    -2.328958     2.184222
       3.773129    -2.984096     3.277544
       3.764218    -2.977913    -2.183495
       3.764127    -2.975662    -1.091947
       3.764061    -2.974994     0.000000
       3.764127    -2.975662     1.091947
       3.764218    -2.977913     2.183495
       2.885681    -3.632958     3.279330
       2.877388    -3.624887    -2.185544
       2.874693    -3.620905    -1.092513
       2.874209    -3.619946    -0.000000
       2.874693    -3.620905     1.092513
       2.877388    -3.624887     2.185544
       1.993287    -4.276259     3.279033
       1.987312    -4.266388    -2.185372
       1.984497    -4.262384    -1.092416
       1.983937    -4.261455    -0.000000
       1.984497    -4.262384     1.092416
       1.987312    -4.266388     2.185372
       1.091917    -4.900233    -1.091723
       1.091529    -4.899696     0.000000
       1.091917    -4.900233     1.091723
       1.093900    -4.901692     2.183354
       3.848186     3.565204    -1.092105
       3.848892     3.565357     0.000000
       3.848186     3.565204     1.092105
       3.847284     3.564595     2.183666
       4.204742     2.523703     3.273841
       4.194962     2.518911    -2.183415
       4.191385     2.517779    -1.091565
       4.190584     2.518217    -0.000000
       4.191385     2.517779     1.091565
       4.194962     2.518911     2.183415
       4.547891     1.477698     3.275838
       4.538166     1.474538    -2.184389
       4.532796     1.472793    -1.092572
       4.530806     1.472147     0.000000
       4.532796     1.472793     1.092572
       4.538166     1.474538     2.184389
       4.885103     0.429764     3.273841
       4.874375     0.427893    -2.183415
       4.870815     0.426706    -1.091565
       4.870424     0.425881    -0.000000
       4.870815     0.426706     1.091565
       4.874375     0.427893     2.183415
       5.208822    -0.622406    -1.092105
       5.209483    -0.622115     0.000000
       5.208822    -0.622406     1.092105
       5.207735    -0.622444     2.183666
      -1.996903     4.606185    -1.091723
      -1.996902     4.605523    -0.000000
      -1.996903     4.606185     1.091723
      -1.996156     4.608531     2.183354
      -0.900917     4.631191     3.279033
      -0.899948     4.619694    -2.185372
      -0.899873     4.614799    -1.092416
      -0.899780     4.613719    -0.000000
      -0.899873     4.614799     1.092416
      -0.899948     4.619694     2.185372
       0.199168     4.635286     3.279330
       0.197203     4.623881    -2.185544
       0.197363     4.619076    -1.092513
       0.197535     4.618016    -0.000000
       0.197363     4.619076     1.092513
       0.197203     4.623881     2.185544
       1.298520     4.631973     3.277544
       1.294945     4.621733    -2.183495
       1.296195     4.619859    -1.091947
       1.296534     4.619279     0.000000
       1.296195     4.619859     1.091947
       1.294945     4.621733     2.183495
       2.397340     4.619992    -1.093044
       2.397673     4.619570     0.000000
       2.397340     4.619992     1.093044
       2.396795     4.620122     2.184222
      -4.796448    -0.618173    -1.091880
      -4.795959    -0.618333     0.000000
      -4.796448    -0.618173     1.091880
      -4.797991    -0.617231     2.183577
      -4.480275     0.429631     3.279625
      -4.469531     0.428719    -2.185811
      -4.465280     0.427564    -1.092681
      -4.464351     0.427251     0.000000
      -4.465280     0.427564     1.092681
      -4.469531     0.428719     2.185811
      -4.143733     1.476967     3.280572
      -4.134131     1.473373    -2.186561
      -4.129746     1.471665    -1.093082
      -4.128687     1.471235     0.000000
      -4.129746     1.471665     1.093082
      -4.134131     1.473373     2.186561
      -3.801163     2.522274     3.279704
      -3.792388     2.515860    -2.185850
      -3.788562     2.513815    -1.092694
      -3.787716     2.513382     0.000000
      -3.788562     2.513815     1.092694
      -3.792388     2.515860     2.185850
      -3.442887     3.554515    -1.091886
      -3.442515     3.554226    -0.000000
      -3.442887     3.554515     1.091886
      -3.444273     3.555135     2.183614
      -0.696065    -4.899342    -1.091886
      -0.695933    -4.898888    -0.000000
      -0.696065    -4.899341     1.091886
      -0.696821    -4.900657     2.183614
      -1.592652    -4.274829     3.279704
      -1.589323    -4.264482    -2.185850
      -1.587430    -4.260580    -1.092694
      -1.587000    -4.259732     0.000000
      -1.587430    -4.260580     1.092694
      -1.589323    -4.264482     2.185850
      -2.484212    -3.630516     3.280572
      -2.478557    -3.621964    -2.186561
      -2.476013    -3.618004    -1.093082
      -2.475409    -3.617035     0.000000
      -2.476013    -3.618004     1.093082
      -2.478557    -3.621964     2.186561
      -3.372089    -2.981017     3.279625
      -3.363933    -2.973963    -2.185811
      -3.361173    -2.970531    -1.092681
      -3.360605    -2.969731     0.000000
      -3.361173    -2.970531     1.092681
      -3.363933    -2.973963     2.185811
      -4.243762    -2.319167    -1.091880
      -4.243460    -2.318750    -0.000000
      -4.243762    -2.319167     1.091880
      -4.244457    -2.320836     2.183577
       0.199444    -4.597003    -2.734128
       4.641297    -1.379906    -2.733729
       2.943801     3.844452    -2.733729
      -2.540695     3.836285    -2.734128
      -4.231879    -1.375020    -2.734148
       0.204969     0.066598    -5.502123
       0.198016    -5.536688    -2.184546
       0.197305    -5.535658    -1.092933
       0.197163    -5.535061     0.000000
       0.197305    -5.535658     1.092933
       0.198016    -5.536688     2.184546
       5.544007    -1.675671    -2.199028
       5.543850    -1.674371    -1.098545
       5.543860    -1.673820    -0.000000
       5.543850    -1.674371     1.098545
       5.544007    -1.675671     2.199028
       3.500263     4.614331    -2.199028
       3.500901     4.613186    -1.098545
       3.501232     4.612747    -0.000000
       3.500901     4.613186     1.098545
       3.500263     4.614331     2.199028
      -3.094183     4.595667    -2.184546
      -3.094153     4.594415    -1.092933
      -3.093917     4.593849     0.000000
      -3.094153     4.594415     1.092933
      -3.094183     4.595667     2.184546
      -5.125606    -1.665409    -2.184597
      -5.124817    -1.665153    -1.092992
      -5.124317    -1.664990     0.000000
      -5.124817    -1.665153     1.092992
      -5.125606    -1.665409     2.184597
       0.205494    -0.867823    -6.052022
       0.204797    -1.802609    -5.496474
       0.203743    -2.738159    -4.940901
       0.202352    -3.673762    -4.385995
       0.200816    -4.607750     3.831808
       0.200816    -4.607750    -3.831808
       1.094542    -0.221850    -6.051424
       1.983123    -0.510684    -5.495267
       2.871940    -0.799811    -4.939062
       3.759365    -1.088852    -4.383496
       4.642148    -1.376742     3.827261
       4.642148    -1.376742    -3.827261
       0.755103     0.822836    -6.051424
       1.304209     1.578802    -5.495267
       1.853332     2.335143    -4.939062
       2.401380     3.090598    -4.383496
       2.946350     3.842393     3.827261
       2.946350     3.842393    -3.827261
      -0.343845     0.822870    -6.052022
      -0.893862     1.578718    -5.496474
      -1.444617     2.334975    -4.940901
      -1.995676     3.091076    -4.385995
      -2.545902     3.845786     3.831808
      -2.545902     3.845786    -3.831808
      -0.683587    -0.222111    -6.052228
      -1.573125    -0.511139    -5.496735
      -2.463330    -0.800384    -4.941118
      -3.353471    -1.089608    -4.386135
      -4.241938    -1.378288     3.831906
      -4.241938    -1.378288    -3.831906
       1.097642    -1.161580    -5.496731
       1.649502     0.535955    -5.495968
       0.205252     1.584916    -5.496731
      -1.239170     0.535625    -5.497448
      -0.687678    -1.161695    -5.497448
       1.988989    -1.453886    -4.941420
       1.098996    -2.100216    -4.942083
       2.202569     1.293653    -4.940560
       2.542306     0.248049    -4.940560
      -0.345368     2.345085    -4.942083
       0.754554     2.345316    -4.941420
      -2.132949     0.247474    -4.942718
      -1.793237     1.293111    -4.942650
      -0.690689    -2.100187    -4.942650
      -1.580131    -1.453926    -4.942718
       2.879413    -1.745547    -4.385801
       1.992097    -2.395548    -4.387769
       1.099080    -3.038334    -4.387220
       2.754224     2.051122    -4.384805
       3.098591     1.006792    -4.386026
       3.433833    -0.040502    -4.384805
      -0.896712     3.104088    -4.387220
       0.203574     3.108964    -4.387769
       1.303488     3.104653    -4.385801
      -3.025852    -0.041218    -4.387680
      -2.690258     1.005963    -4.388725
      -2.346582     2.050445    -4.387640
      -0.693205    -3.038131    -4.387640
      -1.585175    -2.395135    -4.388725
      -2.472194    -1.745204    -4.387680
       3.767821    -2.037347    -3.830102
       2.883867    -2.689879    -3.833078
       1.993193    -3.336273    -3.833665
       1.098458    -3.975788    -3.832411
       3.304663     2.807494    -3.828699
       3.652569     1.765364    -3.830880
       3.992646     0.718715    -3.830880
       4.323732    -0.328880    -3.828699
      -1.448237     3.862138    -3.832411
      -0.348483     3.870671    -3.833665
       0.752028     3.871252    -3.833078
       1.850710     3.862917    -3.830102
      -3.917892    -0.329925    -3.832761
      -3.585763     0.717900    -3.834346
      -3.246078     1.764306    -3.834360
      -2.899469     2.807274    -3.832801
      -0.695647    -3.975397    -3.832801
      -1.589101    -3.335350    -3.834360
      -2.478973    -2.688451    -3.834346
      -3.363567    -2.035963    -3.832761
       4.654142    -2.327751     3.273109
       4.654142    -2.327751    -3.273109
       4.654686    -2.328958    -2.184222
       3.773129    -2.984096    -3.277544
       2.885681    -3.632958    -3.279330
       1.993287    -4.276259    -3.279033
       1.098304    -4.911813     3.277357
       1.098304    -4.911813    -3.277357
       1.093900    -4.901692    -2.183354
       3.853258     3.564148     3.271168
       3.853258     3.564148    -3.271168
       3.847284     3.564595    -2.183666
       4.204742     2.523703    -3.273841
       4.547891     1.477698    -3.275838
       4.885103     0.429764    -3.273841
       5.212305    -0.618570     3.271168
       5.212305    -0.618570    -3.271168
       5.207735    -0.622444    -2.183666
      -1.998543     4.619308     3.277357
      -1.998543     4.619308    -3.277357
      -1.996156     4.608531    -2.183354
      -0.900917     4.631191    -3.279033
       0.199168     4.635286    -3.279330
       1.298520     4.631973    -3.277544
       2.397064     4.618825     3.273109
       2.397064     4.618825    -3.273109
       2.396795     4.620122    -2.184222
      -4.808559    -0.617626     3.277723
      -4.808559    -0.617626    -3.277723
      -4.797991    -0.617231    -2.183577
      -4.480275     0.429631    -3.279625
      -4.143733     1.476967    -3.280572
      -3.801163     2.522274    -3.279704
      -3.451928     3.562542     3.277836
      -3.451928     3.562542    -3.277836
      -3.444273     3.555135    -2.183614
      -0.698661    -4.911149     3.277836
      -0.698661    -4.911149    -3.277836
      -0.696821    -4.900657    -2.183614
      -1.592652    -4.274829    -3.279704
      -2.484212    -3.630516    -3.280572
      -3.372089    -2.981017    -3.279625
      -4.253238    -2.326728     3.277723
      -4.253238    -2.326728    -3.277723
      -4.244457    -2.320836    -2.183577
       5.557264    -2.634132    -1.648376
       5.557273    -2.632229    -0.549042
       5.557273    -2.632229     0.549042
       5.557264    -2.634132     1.648376
       4.658723    -3.281801    -2.720546
       4.659120    -3.279338    -1.634799
       4.658775    -3.277030    -0.545306
       4.658775    -3.277030     0.545306
       4.659120    -3.279338     1.634799
       4.658723    -3.281801     2.720546
       3.776350    -3.931291    -2.723279
       3.769960    -3.925014    -1.633491
       3.768965    -3.922652    -0.544545
       3.768965    -3.922652     0.544545
       3.769960    -3.925014     1.633491
       3.776350    -3.931291     2.723279
       2.886861    -4.576007    -2.724865
       2.881219    -4.569025    -1.634449
       2.879669    -4.566553    -0.544860
       2.879669    -4.566553     0.544860
       2.881219    -4.569025     1.634449
       2.886861    -4.576007     2.724865
       1.994280    -5.216262    -2.722847
       1.989537    -5.208499    -1.633209
       1.987937    -5.206538    -0.544448
       1.987937    -5.206538     0.544448
       1.989537    -5.208499     1.633209
       1.994280    -5.216262     2.722847
       1.095390    -5.845592    -1.634606
       1.093835    -5.844192    -0.545213
       1.093835    -5.844192     0.545213
       1.095390    -5.845592     1.634606
       4.417570     4.329251    -1.648495
       4.417113     4.329868    -0.549133
       4.417113     4.329868     0.549133
       4.417570     4.329251     1.648495
       4.767265     3.286655    -2.716360
       4.754029     3.277635    -1.633112
       4.753659     3.277501    -0.544938
       4.753659     3.277501     0.544938
       4.754029     3.277635     1.633112
       4.767265     3.286655     2.716360
       5.110109     2.239785    -2.722317
       5.098559     2.234312    -1.633695
       5.093410     2.231854    -0.544327
       5.093410     2.231854     0.544327
       5.098559     2.234312     1.633695
       5.110109     2.239785     2.722317
       5.450678     1.191620    -2.722317
       5.438117     1.189258    -1.633695
       5.432507     1.188221    -0.544327
       5.432507     1.188221     0.544327
       5.438117     1.189258     1.633695
       5.450678     1.191620     2.722317
       5.788646     0.143166    -2.716360
       5.772636     0.142683    -1.633112
       5.772258     0.142574    -0.544938
       5.772258     0.142574     0.544938
       5.772636     0.142683     1.633112
       5.788646     0.143166     2.716360
       6.118559    -0.905858    -1.648495
       6.118552    -0.906626    -0.549133
       6.118552    -0.906626     0.549133
       6.118559    -0.905858     1.648495
      -2.549761     5.373039    -1.634606
      -2.550196     5.370992    -0.545213
      -2.550196     5.370992     0.545213
      -2.549761     5.373039     1.634606
      -1.452633     5.392253    -2.722847
      -1.451907     5.383186    -1.633209
      -1.452049     5.380658    -0.544448
      -1.452049     5.380658     0.544448
      -1.451907     5.383186     1.633209
      -1.452633     5.392253     2.722847
      -0.354187     5.398922    -2.724865
      -0.354647     5.389957    -1.634449
      -0.354449     5.387046    -0.544860
      -0.354449     5.387046     0.544860
      -0.354647     5.389957     1.634449
      -0.354187     5.398922     2.724865
       0.744379     5.400164    -2.723279
       0.742898     5.391330    -1.633491
       0.743482     5.388834    -0.544545
       0.743482     5.388834     0.544545
       0.742898     5.391330     1.633491
       0.744379     5.400164     2.723279
       1.839995     5.393361    -2.720546
       1.841763     5.391601    -1.634799
       1.842841     5.389531    -0.545306
       1.842841     5.389531     0.545306
       1.841763     5.391601     1.634799
       1.839995     5.393361     2.720546
       2.947619     5.397534    -1.648376
       2.948745     5.396000    -0.549042
       2.948745     5.396000     0.549042
       2.947619     5.397534     1.648376
      -5.696453    -0.906145    -1.634931
      -5.694924    -0.907073    -0.545328
      -5.694924    -0.907073     0.545328
      -5.696453    -0.906145     1.634931
      -5.374766     0.142149    -2.723457
      -5.366323     0.141306    -1.633677
      -5.364296     0.140352    -0.544607
      -5.364296     0.140352     0.544607
      -5.366323     0.141306     1.633677
      -5.374766     0.142149     2.723457
      -5.040947     1.189391    -2.725888
      -5.033124     1.187435    -1.635180
      -5.030627     1.186409    -0.545105
      -5.030627     1.186409     0.545105
      -5.033124     1.187435     1.635180
      -5.040947     1.189391     2.725888
      -4.701373     2.236008    -2.725949
      -4.694248     2.232183    -1.635217
      -4.691791     2.231184    -0.545117
      -4.691791     2.231184     0.545117
      -4.694248     2.232183     1.635217
      -4.701373     2.236008     2.725949
      -4.356780     3.279621    -2.723612
      -4.349977     3.274586    -1.633778
      -4.348020     3.273837    -0.544640
      -4.348020     3.273837     0.544640
      -4.349977     3.274586     1.633778
      -4.356780     3.279621     2.723612
      -4.002392     4.316127    -1.635010
      -4.000894     4.315688    -0.545351
      -4.000894     4.315688     0.545351
      -4.002392     4.316127     1.635010
      -0.701051    -5.844367    -1.635010
      -0.700096    -5.843131    -0.545351
      -0.700096    -5.843131     0.545351
      -0.701051    -5.844367     1.635010
      -1.596999    -5.214120    -2.723612
      -1.594454    -5.206047    -1.633778
      -1.593311    -5.204291    -0.544640
      -1.593311    -5.204291     0.544640
      -1.594454    -5.206047     1.633778
      -1.596999    -5.214120     2.723612
      -2.489200    -4.572365    -2.725949
      -2.485684    -4.565082    -1.635217
      -2.484284    -4.562830    -0.545117
      -2.484284    -4.562830     0.545117
      -2.485684    -4.565082     1.635217
      -2.489200    -4.572365     2.725949
      -3.379107    -3.925231    -2.725888
      -3.373928    -3.919050    -1.635180
      -3.372511    -3.916752    -0.545105
      -3.372511    -3.916752     0.545105
      -3.373928    -3.919050     1.635180
      -3.379107    -3.925231     2.725888
      -4.264725    -3.274207    -2.723457
      -4.258390    -3.268563    -1.633677
      -4.257311    -3.266599    -0.544607
      -4.257311    -3.266599     0.544607
      -4.258390    -3.268563     1.633677
      -4.264725    -3.274207     2.723457
      -5.141148    -2.615202    -1.634931
      -5.140456    -2.613552    -0.545328
      -5.140456    -2.613552     0.545328
      -5.141148    -2.615202     1.634931
      -5.141745    -2.617035     2.721325
       0.199364    -5.536343     3.276534
       0.199364    -5.536343    -3.276534
       5.547706    -1.674184     3.307701
       5.547706    -1.674184    -3.307701
       3.504130     4.615302     3.307701
       3.504130     4.615302    -3.307701
      -3.092890     4.596180     3.276534
      -3.092890     4.596180    -3.276534
      -5.125149    -1.665261     3.276612
      -5.125149    -1.665261    -3.276612
       5.557050    -2.638912    -2.754522
       5.557050    -2.638912     2.754522
       1.098158    -5.846937    -2.720991
       1.098158    -5.846937     2.720991
       4.424778     4.332071    -2.749177
       4.424778     4.332071     2.749177
       6.126047    -0.903903    -2.749177
       6.126047    -0.903903     2.749177
      -2.548312     5.375754    -2.720991
      -2.548312     5.375754     2.720991
       2.944636     5.401275    -2.754522
       2.944636     5.401275     2.754522
      -5.698015    -0.905013    -2.721325
      -5.698015    -0.905013     2.721325
      -4.003598     4.316782    -2.721419
      -4.003598     4.316782     2.721419
      -0.701641    -5.845605    -2.721419
      -0.701641    -5.845605     2.721419
      -5.141745    -2.617035    -2.721325
       0.205921     0.066908     6.606176
       0.205921     0.066908    -6.606176
       0.197361    -6.490136    -2.760592
       0.196619    -6.485955    -1.650150
       0.196369    -6.484554    -0.549482
       0.196369    -6.484554     0.549482
       0.196619    -6.485955     1.650150
       0.197361    -6.490136     2.760592
      -3.655135     5.366638    -2.760592
      -3.653278     5.362819    -1.650150
      -3.652657     5.361539    -0.549482
      -3.652657     5.361539     0.549482
      -3.653278     5.362819     1.650150
      -3.655135     5.366638     2.760592
      -6.032260    -1.959999    -2.760585
      -6.028444    -1.958759    -1.650243
      -6.027241    -1.958368    -0.549518
      -6.027241    -1.958368     0.549518
      -6.028444    -1.958759     1.650243
      -6.032260    -1.959999     2.760585
       0.206575    -0.868557     7.171612
       0.206575    -0.868557    -7.171612
       0.205906    -1.812045     6.607708
       0.205906    -1.812045    -6.607708
       0.204926    -2.752016     6.048222
       0.204926    -2.752016    -6.048222
       0.203619    -3.691830     5.490190
       0.203619    -3.691830    -5.490190
       0.202126    -4.633076     4.932153
       0.202126    -4.633076    -4.932153
       0.200697    -5.579171     4.372148
       0.200697    -5.579171    -4.372148
       1.097005    -0.221840     7.170521
       1.097005    -0.221840    -7.170521
       1.994281    -0.513322     6.605667
       1.994281    -0.513322    -6.605667
       2.888648    -0.803899     6.044854
       2.888648    -0.803899    -6.044854
       3.783570    -1.094763     5.484667
       3.783570    -1.094763    -5.484667
       4.682780    -1.387172     4.922908
       4.682780    -1.387172    -4.922908
       0.757102     0.824276     7.170521
       0.757102     0.824276    -7.170521
       1.311685     1.587494     6.605667
       1.311685     1.587494    -6.605667
       1.864446     2.348271     6.044854
       1.864446     2.348271    -6.044854
       2.417488     3.109608     5.484667
       2.417488     3.109608    -5.484667
       2.973091     3.874713     4.922908
       2.973091     3.874713    -4.922908
      -0.343402     0.824099     7.171612
      -0.343402     0.824099    -7.171612
      -0.898511     1.587004     6.607708
      -0.898511     1.587004    -6.607708
      -1.451805     2.346881     6.048222
      -1.451805     2.346881    -6.048222
      -2.005271     3.106438     5.490190
      -2.005271     3.106438    -5.490190
      -2.559728     3.867045     4.932153
      -2.559728     3.867045    -4.932153
      -3.116985     4.631612     4.372148
      -3.116985     4.631612    -4.372148
      -0.683852    -0.222197     7.171929
      -0.683852    -0.222197    -7.171929
      -1.581634    -0.513904     6.608183
      -1.581634    -0.513904    -6.608183
      -2.476120    -0.804540     6.048690
      -2.476120    -0.804540    -6.048690
      -3.370385    -1.095104     5.490559
      -3.370385    -1.095104    -5.490559
      -4.265874    -1.386066     4.932421
      -4.265874    -1.386066    -4.932421
      -5.165822    -1.678476     4.372367
      -5.165822    -1.678476    -4.372367
       1.103360    -1.167277     6.603810
       1.103360    -1.167277    -6.603810
       1.658287     0.538810     6.602510
       1.658287     0.538810    -6.602510
       0.206530     1.592886     6.603810
       0.206530     1.592886    -6.603810
      -1.245375     0.538298     6.604905
      -1.245375     0.538298    -6.604905
      -0.691127    -1.167505     6.604905
      -0.691127    -1.167505    -6.604905
       1.999221    -1.460508     6.044756
       1.999221    -1.460508    -6.044756
       1.104605    -2.109746     6.045783
       1.104605    -2.109746    -6.045783
       2.214075     1.300225     6.043249
       2.214075     1.300225    -6.043249
       2.555478     0.249495     6.043249
       2.555478     0.249495    -6.043249
      -0.346432     2.356091     6.045783
      -0.346432     2.356091    -6.045783
       0.758940     2.356688     6.044756
       0.758940     2.356688    -6.044756
      -2.142914     0.248704     6.046810
      -2.142914     0.248704    -6.046810
      -1.801531     1.299124     6.046683
      -1.801531     1.299124    -6.046683
      -0.693865    -2.109926     6.046683
      -0.693865    -2.109926    -6.046683
      -1.587470    -1.460778     6.046810
      -1.587470    -1.460778    -6.046810
       2.894782    -1.752526     5.485914
       2.894782    -1.752526    -5.485914
       2.001922    -2.405192     5.488876
       2.001922    -2.405192    -5.488876
       1.104298    -3.051043     5.488410
       1.104298    -3.051043    -5.488410
       2.768463     2.061844     5.484112
       2.768463     2.061844    -5.484112
       3.113902     1.011767     5.485875
       3.113902     1.011767    -5.485875
       3.451655    -0.040807     5.484112
       3.451655    -0.040807    -5.484112
      -0.899961     3.117436     5.488410
      -0.899961     3.117436    -5.488410
       0.205854     3.122542     5.488876
       0.205854     3.122542    -5.488876
       1.311820     3.119332     5.485914
       1.311820     3.119332    -5.485914
      -3.038904    -0.041559     5.489221
      -3.038904    -0.041559    -5.489221
      -2.701588     1.010283     5.490558
      -2.701588     1.010283    -5.490558
      -2.356344     2.059489     5.489093
      -2.356344     2.059489    -5.489093
      -0.695786    -3.051185     5.489093
      -0.695786    -3.051185    -5.489093
      -1.591802    -2.405289     5.490558
      -1.591802    -2.405289    -5.490558
      -2.482953    -1.752599     5.489221
      -2.482953    -1.752599    -5.489221
       3.791800    -2.044567     4.926073
       3.791800    -2.044567    -4.926073
       2.899113    -2.699079     4.931513
       2.899113    -2.699079    -4.931513
       2.002362    -3.348733     4.932968
       2.002362    -3.348733    -4.932968
       1.103061    -3.992687     4.931030
       1.103061    -3.992687    -4.931030
       3.323031     2.825003     4.923739
       3.323031     2.825003    -4.923739
       3.670660     1.774582     4.927777
       3.670660     1.774582    -4.927777
       4.012699     0.721891     4.927777
       4.012699     0.721891    -4.927777
       4.348884    -0.332249     4.923739
       4.348884    -0.332249    -4.923739
      -1.454446     3.878515     4.931030
      -1.454446     3.878515    -4.931030
      -0.348389     3.886141     4.932968
      -0.348389     3.886141    -4.932968
       0.758954     3.887656     4.931513
       0.758954     3.887656    -4.931513
       1.865866     3.882852     4.926073
       1.865866     3.882852    -4.926073
      -3.934920    -0.332370     4.931611
      -3.934920    -0.332370    -4.931611
      -3.599928     0.720358     4.934192
      -3.599928     0.720358    -4.934192
      -3.258528     1.771704     4.934188
      -3.258528     1.771704    -4.934188
      -2.911134     2.820290     4.931570
      -2.911134     2.820290    -4.931570
      -0.697434    -3.992784     4.931570
      -0.697434    -3.992784    -4.931570
      -1.594825    -3.348653     4.934188
      -1.594825    -3.348653    -4.934188
      -2.488988    -2.698765     4.934192
      -2.488988    -2.698765    -4.934192
      -3.378780    -2.043993     4.931611
      -3.378780    -2.043993    -4.931611
       4.698269    -2.333912     4.362278
       4.698269    -2.333912    -4.362278
       3.798334    -2.992171     4.372758
       3.798334    -2.992171    -4.372758
       2.900320    -3.644665     4.376764
       2.900320    -3.644665    -4.376764
       2.001396    -4.292661     4.376294
       2.001396    -4.292661    -4.376294
       1.101235    -4.936268     4.372353
       1.101235    -4.936268    -4.372353
       3.877697     3.598266     4.359319
       3.877697     3.598266    -4.359319
       4.226901     2.539555     4.367469
       4.226901     2.539555    -4.367469
       4.572444     1.485676     4.369618
       4.572444     1.485676    -4.369618
       4.912348     0.429964     4.367469
       4.912348     0.429964    -4.367469
       5.252130    -0.631807     4.359319
       5.252130    -0.631807    -4.359319
      -2.010545     4.640816     4.372353
      -2.010545     4.640816    -4.372353
      -0.903998     4.649227     4.376294
      -0.903998     4.649227    -4.376294
       0.204130     4.653361     4.376764
       0.204130     4.653361    -4.376764
       1.314165     4.653321     4.372758
       1.314165     4.653321    -4.372758
       2.429143     4.649747     4.362278
       2.429143     4.649747    -4.362278
      -4.832483    -0.624156     4.372820
      -4.832483    -0.624156    -4.372820
      -4.498161     0.429595     4.377145
      -4.498161     0.429595    -4.377145
      -4.159145     1.482531     4.378638
      -4.159145     1.482531    -4.378638
      -3.815105     2.533797     4.377219
      -3.815105     2.533797    -4.377219
      -3.466753     3.582888     4.372887
      -3.466753     3.582888    -4.372887
      -0.698695    -4.936323     4.372887
      -0.698695    -4.936323    -4.372887
      -1.597158    -4.292347     4.377219
      -1.597158    -4.292347    -4.377219
      -2.493411    -3.644075     4.378638
      -2.493411    -3.644075    -4.378638
      -3.386580    -2.991501     4.377145
      -3.386580    -2.991501    -4.377145
      -4.276432    -2.335508     4.372820
      -4.276432    -2.335508    -4.372820
       4.702124    -3.286189     3.809048
       4.702124    -3.286189    -3.809048
       3.798588    -3.940652     3.818349
       3.798588    -3.940652    -3.818349
       2.899671    -4.591501     3.820372
       2.899671    -4.591501    -3.820372
       1.998971    -5.238901     3.817757
       1.998971    -5.238901    -3.817757
       1.093495    -5.888622     3.809485
       1.093495    -5.888622    -3.809485
       4.787797     3.308521     3.802715
       4.787797     3.308521    -3.802715
       5.136752     2.252544     3.807490
       5.136752     2.252544    -3.807490
       5.479732     1.196958     3.807490
       5.479732     1.196958    -3.807490
       5.818109     0.137544     3.802715
       5.818109     0.137544    -3.802715
      -2.576587     5.406737     3.809485
      -2.576587     5.406737    -3.809485
      -1.462145     5.413326     3.817757
      -1.462145     5.413326    -3.817757
      -0.352931     5.418986     3.820372
      -0.352931     5.418986    -3.820372
       0.756868     5.420808     3.818349
       0.756868     5.420808    -3.818349
       1.872528     5.422421     3.809048
       1.872528     5.422421    -3.809048
      -5.736392    -0.924600     3.809900
      -5.736392    -0.924600    -3.809900
      -5.397861     0.136793     3.818509
      -5.397861     0.136793    -3.818509
      -5.060039     1.192332     3.821695
      -5.060039     1.192332    -3.821695
      -4.718144     2.245831     3.821769
      -4.718144     2.245831    -3.821769
      -4.371730     3.298566     3.818699
      -4.371730     3.298566    -3.818699
      -4.022362     4.356470     3.810022
      -4.022362     4.356470    -3.810022
      -0.693493    -5.888743     3.810022
      -0.693493    -5.888743    -3.810022
      -1.597958    -5.238233     3.818699
      -1.597958    -5.238233    -3.818699
      -2.496994    -4.590170     3.821769
      -2.496994    -4.590170    -3.821769
      -3.392825    -3.938832     3.821695
      -3.392825    -3.938832    -3.821695
      -4.286557    -3.283449     3.818509
      -4.286557    -3.283449    -3.818509
      -5.184306    -2.623747     3.809900
      -5.184306    -2.623747    -3.809900
       5.563563    -3.600900    -2.202052
       5.563034    -3.596440    -1.098310
       5.562333    -3.595556     0.000000
       5.563034    -3.596440     1.098310
       5.563563    -3.600900     2.202052
       4.702670    -4.243085    -3.257145
       4.674410    -4.247451    -2.167687
       4.674079    -4.240927    -1.084250
       4.673365    -4.239576     0.000000
       4.674079    -4.240927     1.084250
       4.674410    -4.247451     2.167687
       4.702670    -4.243085     3.257145
       3.802582    -4.895698    -3.263202
       3.788074    -4.890609    -2.173161
       3.785846    -4.885332    -1.086697
       3.785084    -4.884044     0.000000
       3.785846    -4.885332     1.086697
       3.788074    -4.890609     2.173161
       3.802582    -4.895698     3.263202
       2.902835    -5.544809    -3.262845
       2.898504    -5.532043    -2.172919
       2.894642    -5.527939    -1.086573
       2.893916    -5.526630    -0.000000
       2.894642    -5.527939     1.086573
       2.898504    -5.532043     2.172919
       2.902835    -5.544809     3.262845
       1.998987    -6.192477    -3.256336
       2.006356    -6.169711    -2.167197
       2.001050    -6.166949    -1.084014
       2.000342    -6.165649     0.000000
       2.001050    -6.166949     1.084014
       2.006356    -6.169711     2.167197
       1.998987    -6.192477     3.256336
       1.105384    -6.805252    -2.202944
       1.103290    -6.803328    -1.098806
       1.103330    -6.802317    -0.000000
       1.103290    -6.803328     1.098806
       1.105384    -6.805252     2.202944
       5.336740     4.039087    -1.107261
       5.335303     4.039507    -0.000000
       5.336740     4.039087     1.107261
       5.680364     3.013484    -2.175567
       5.676154     2.994035    -1.084139
       5.673615     2.995501     0.000000
       5.676154     2.994035     1.084139
       5.680364     3.013484     2.175567
       6.023957     1.957301    -2.178979
       6.015244     1.954470    -1.087254
       6.012997     1.953740     0.000000
       6.015244     1.954470     1.087254
       6.023957     1.957301     2.178979
       6.366793     0.900872    -2.175567
       6.351955     0.914132    -1.084139
       6.350763     0.911453     0.000000
       6.351955     0.914132     1.084139
       6.366793     0.900872     2.175567
       6.691628    -0.130836    -1.107261
       6.690713    -0.132020    -0.000000
       6.691628    -0.130836     1.107261
      -3.105750     6.155294    -2.202944
      -3.106313     6.152507    -1.098806
      -3.105686     6.151713    -0.000000
      -3.106313     6.152507     1.098806
      -3.105750     6.155294     2.202944
      -2.022629     6.184796    -3.256336
      -2.003287     6.170708    -2.167197
      -2.005955     6.165355    -1.084014
      -2.005764     6.163887     0.000000
      -2.005955     6.165355     1.084014
      -2.003287     6.170708     2.167197
      -2.022629     6.184796     3.256336
      -0.910712     6.192089    -3.262845
      -0.906712     6.179215    -2.172919
      -0.907424     6.173625    -1.086573
      -0.907241     6.172139     0.000000
      -0.907424     6.173625     1.086573
      -0.906712     6.179215     2.172919
      -0.910712     6.192089     3.262845
       0.198737     6.195805    -3.263202
       0.189991     6.183160    -2.173161
       0.191291     6.177581    -1.086697
       0.191431     6.176091     0.000000
       0.191291     6.177581     1.086697
       0.189991     6.183160     2.173161
       0.198737     6.195805     3.263202
       1.310520     6.196887    -3.257145
       1.285091     6.183808    -2.167687
       1.288658     6.178336    -1.084250
       1.288874     6.176824    -0.000000
       1.288658     6.178336     1.084250
       1.285091     6.183808     2.167687
       1.310520     6.196887     3.257145
       2.384463     6.183369    -2.202052
       2.386657     6.179450    -1.098310
       2.386610     6.178322    -0.000000
       2.386657     6.179450     1.098310
       2.384463     6.183369     2.202052
      -6.612032    -1.192392    -2.203379
      -6.609910    -1.193741    -1.099053
      -6.609117    -1.193366    -0.000000
      -6.609910    -1.193741     1.099053
      -6.612032    -1.192392     2.203379
      -6.304997    -0.156419    -3.257143
      -6.285187    -0.138878    -2.167950
      -6.281404    -0.143182    -1.084430
      -6.280134    -0.143458     0.000000
      -6.281404    -0.143182     1.084430
      -6.285187    -0.138878     2.167950
      -6.304997    -0.156419     3.257143
      -5.967786     0.903004    -3.263938
      -5.953367     0.907688    -2.173902
      -5.948998     0.904746    -1.087096
      -5.947736     0.904394    -0.000000
      -5.948998     0.904746     1.087096
      -5.953367     0.907688     2.173902
      -5.967786     0.903004     3.263938
      -5.627645     1.958531    -3.265120
      -5.616344     1.954142    -2.174872
      -5.611804     1.952297    -1.087536
      -5.610493     1.951761     0.000000
      -5.611804     1.952297     1.087536
      -5.616344     1.954142     2.174872
      -5.627645     1.958531     3.265120
      -5.283232     3.012668    -3.264141
      -5.274915     2.999129    -2.174066
      -5.269987     2.998321    -1.087185
      -5.268862     2.997686    -0.000000
      -5.269987     2.998321     1.087185
      -5.274915     2.999129     2.174066
      -5.283232     3.012668     3.264141
      -4.934093     4.068216    -3.257485
      -4.929186     4.041077    -2.168239
      -4.924020     4.041782    -1.084582
      -4.922956     4.041112    -0.000000
      -4.924020     4.041782     1.084582
      -4.929186     4.041077     2.168239
      -4.934093     4.068216     3.257485
      -4.575369     5.085677    -2.203596
      -4.573250     5.085045    -1.099148
      -4.572912     5.084150     0.000000
      -4.573250     5.085045     1.099148
      -4.575369     5.085677     2.203596
      -0.712269    -6.803733    -2.203596
      -0.710925    -6.801976    -1.099148
      -0.711178    -6.801053    -0.000000
      -0.710925    -6.801976     1.099148
      -0.712269    -6.803733     2.203596
      -1.600530    -6.191442    -3.257485
      -1.612513    -6.166602    -2.168239
      -1.607919    -6.164136    -1.084582
      -1.607452    -6.162968    -0.000000
      -1.607919    -6.164136     1.084582
      -1.612513    -6.166602     2.168239
      -1.600530    -6.191442     3.257485
      -2.503425    -5.542704    -3.264141
      -2.504654    -5.526862    -2.174066
      -2.501143    -5.523312    -1.087185
      -2.500606    -5.522138     0.000000
      -2.501143    -5.523312     1.087185
      -2.504654    -5.526862     2.174066
      -2.503425    -5.542704     3.264141
      -3.401667    -4.892330    -3.265120
      -3.395104    -4.882137    -2.174872
      -3.392515    -4.877975    -1.087536
      -3.391769    -4.876771     0.000000
      -3.392515    -4.877975     1.087536
      -3.395104    -4.882137     2.174872
      -3.401667    -4.892330     3.265120
      -4.297270    -4.238320    -3.263938
      -4.282852    -4.233634    -2.173902
      -4.281046    -4.228687    -1.087096
      -4.280232    -4.227659     0.000000
      -4.281046    -4.228687     1.087096
      -4.282852    -4.233634     2.173902
      -4.297270    -4.238320     3.263938
      -5.192792    -3.579436    -3.257143
      -5.166455    -3.581983    -2.167950
      -5.165925    -3.576278    -1.084430
      -5.165059    -3.575308    -0.000000
      -5.165925    -3.576278     1.084430
      -5.166455    -3.581983     2.167950
      -5.192792    -3.579436     3.257143
      -6.050118    -2.921787    -2.203379
      -6.049195    -2.919448    -1.099053
      -6.048332    -2.919285    -0.000000
      -6.049195    -2.919448     1.099053
      -6.050118    -2.921787     2.203379