
      -0.039117     0.053840    -0.000000
      -0.039113     0.053835     1.100164
      -0.039551    -0.873288     0.550031
       0.842768    -0.232246     0.550031
       0.506291     0.804154     0.549856
      -0.583981     0.803781     0.549948
      -0.921248    -0.233014     0.549856
      -0.039551    -0.873288    -0.550031
       0.842768    -0.232246    -0.550031
       0.506291     0.804154    -0.549856
      -0.583981     0.803781    -0.549948
      -0.921248    -0.233014    -0.549856
      -0.039113     0.053835    -1.100164
      -0.039432    -1.802790    -0.000000
       1.726740    -0.519591    -0.000000
       1.053582     1.556914     0.000000
      -1.130145     1.555512    -0.000000
      -1.806288    -0.520902     0.000000
      -0.039409    -0.873702     1.650064
      -0.039409    -0.873702    -1.650064
       0.843118    -0.232509     1.650064
       0.843118    -0.232509    -1.650064
       0.506446     0.804342     1.649626
       0.506446     0.804342    -1.649626
      -0.584216     0.804105     1.649877
      -0.584216     0.804105    -1.649877
      -0.921475    -0.233103     1.649626
      -0.921475    -0.233103    -1.649626
       0.847011    -1.165811     1.099779
       0.847011    -1.165811    -1.099779
       0.846723    -1.165414     0.000000
       1.395677     0.520483     1.099473
       1.395677     0.520483    -1.099473
       1.395369     0.520578    -0.000000
      -0.038234     1.562049     1.099422
      -0.038234     1.562049    -1.099422
      -0.038079     1.561759     0.000000
      -1.473782     0.519063     1.099422
      -1.473782     0.519063    -1.099422
      -1.473554     0.518826     0.000000
      -0.926297    -1.166529     1.099473
      -0.926297    -1.166529    -1.099473
      -0.926293    -1.166207     0.000000
      -0.039314    -1.803269     1.099346
      -0.039314    -1.803269    -1.099346
       1.727159    -0.519852     1.099346
       1.727159    -0.519852    -1.099346
       1.053659     1.557027     1.098519
       1.053659     1.557027    -1.098519
      -1.130432     1.555907     1.099249
      -1.130432     1.555907    -1.099249
      -1.806420    -0.520941     1.098519
      -1.806420    -0.520941    -1.098519
      -0.039114     0.053835     2.200330
      -0.039114     0.053835    -2.200330
      -0.038453    -2.734683    -0.548893
      -0.038453    -2.734683     0.548893
       2.612720    -0.808494    -0.548893
       2.612720    -0.808494     0.548893
       1.602598     2.312145    -0.548293
       1.602598     2.312145     0.548293
      -1.677706     2.309165    -0.548888
      -1.677706     2.309165     0.548888
      -2.694211    -0.809668    -0.548293
      -2.694211    -0.809668     0.548293
      -0.039265    -0.874431     2.750003
      -0.039265    -0.874431    -2.750003
      -0.039091    -1.804604     2.198686
      -0.039091    -1.804604    -2.198686
       0.843767    -0.232871     2.750003
       0.843767    -0.232871    -2.750003
       1.728360    -0.520477     2.198686
       1.728360    -0.520477    -2.198686
       0.506797     0.804842     2.749519
       0.506797     0.804842    -2.749519
       1.054001     1.557542     2.197329
       1.054001     1.557542    -2.197329
      -0.584651     0.804703     2.749827
      -0.584651     0.804703    -2.749827
      -1.131239     1.557018     2.198579
      -1.131239     1.557018    -2.198579
      -0.922059    -0.233283     2.749519
      -0.922059    -0.233283    -2.749519
      -1.807015    -0.521106     2.197329
      -1.807015    -0.521106    -2.197329
       0.847790    -1.166883     2.199469
       0.847790    -1.166883    -2.199469
       1.396618     0.520415     2.199027
       1.396618     0.520415    -2.199027
      -0.038554     1.562993     2.198952
      -0.038554     1.562993    -2.198952
      -1.474580     0.519659     2.198952
      -1.474580     0.519659    -2.198952
      -0.926523    -1.167445     2.199027
      -0.926523    -1.167445    -2.199027
       1.734989    -1.457860     1.648215
       1.734989    -1.457860    -1.648215
       1.734001    -1.456818    -0.549376
       1.734001    -1.456818     0.549376
       0.850365    -2.100577     1.648215
       0.850365    -2.100577    -1.648215
       0.849679    -2.099315    -0.549376
       0.849679    -2.099315     0.549376
       1.948011     1.275025     1.647350
       1.948011     1.275025    -1.647350
       1.947245     1.275213    -0.549073
       1.947245     1.275213     0.549073
       2.285145     0.233790     1.648088
       2.285145     0.233790    -1.648088
       2.283925     0.233975    -0.549313
       2.283925     0.233975     0.549313
      -0.585319     2.319446     1.647993
      -0.585319     2.319446    -1.647993
      -0.584786     2.318265    -0.549273
      -0.584786     2.318265     0.549273
       0.509236     2.320364     1.647304
       0.509236     2.320364    -1.647304
       0.509668     2.319645    -0.549056
       0.509668     2.319645     0.549056
      -2.364160     0.232721     1.647304
      -2.364160     0.232721    -1.647304
      -2.363609     0.232088    -0.549056
      -2.363609     0.232088     0.549056
      -2.025049     1.273421     1.647993
      -2.025049     1.273421    -1.647993
      -2.024092     1.272549    -0.549273
      -2.024092     1.272549     0.549273
      -0.928498    -2.101057     1.648088
      -0.928498    -2.101057    -1.648088
      -0.928296    -2.099839    -0.549313
      -0.928296    -2.099839     0.549313
      -1.814590    -1.458663     1.647350
      -1.814590    -1.458663    -1.647350
      -1.814532    -1.457876    -0.549073
      -1.814532    -1.457876     0.549073
      -0.038351    -2.735997     1.646900
      -0.038351    -2.735997    -1.646901
       2.613938    -0.808997     1.646901
       2.613938    -0.808997    -1.646901
       1.602636     2.312248     1.645078
       1.602636     2.312248    -1.645078
      -1.678524     2.310291     1.646911
      -1.678524     2.310291    -1.646911
      -2.694320    -0.809672     1.645078
      -2.694320    -0.809672    -1.645078
      -0.039129     0.053856     3.300523
      -0.039129     0.053856    -3.300523
      -0.037271    -3.669316    -1.095579
      -0.037259    -3.668761     0.000000
      -0.037271    -3.669316     1.095579
       3.501244    -1.098436    -1.095579
       3.500712    -1.098276     0.000000
       3.501244    -1.098436     1.095579
       2.153440     3.069963    -1.094743
       2.153549     3.070077    -0.000000
       2.153440     3.069963     1.094743
      -2.226987     3.065187    -1.095614
      -2.226622     3.064685    -0.000000
      -2.226987     3.065187     1.095614
      -3.585158    -1.099370    -1.094743
      -3.585300    -1.099439     0.000000
      -3.585158    -1.099370     1.094743
      -0.039222    -0.875516     3.849825
      -0.039222    -0.875516    -3.849825
      -0.039010    -1.806716     3.297757
      -0.039010    -1.806716    -3.297757
      -0.038378    -2.738858     2.745069
      -0.038378    -2.738858    -2.745069
       0.844785    -0.233247     3.849825
       0.844785    -0.233247    -3.849825
       1.730343    -0.521206     3.297757
       1.730343    -0.521206    -3.297757
       2.616668    -0.809855     2.745069
       2.616668    -0.809855    -2.745069
       0.507373     0.805749     3.849441
       0.507373     0.805749    -3.849441
       1.054951     1.558983     3.296512
       1.054951     1.558982    -3.296512
       1.603148     2.313078     2.742451
       1.603148     2.313078    -2.742451
      -0.585334     0.805644     3.849730
      -0.585334     0.805644    -3.849730
      -1.132529     1.558794     3.297715
      -1.132529     1.558794    -3.297715
      -1.680284     2.312713     2.745135
      -1.680284     2.312713    -2.745135
      -0.923100    -0.233549     3.849441
      -0.923100    -0.233549    -3.849441
      -1.808678    -0.521565     3.296512
      -1.808678    -0.521565    -3.296512
      -2.695268    -0.809902     2.742451
      -2.695268    -0.809902    -2.742451
       0.848988    -1.168533     3.298823
       0.848988    -1.168533    -3.298823
       1.398291     0.520766     3.298474
       1.398291     0.520766    -3.298474
      -0.038800     1.564797     3.298398
      -0.038800     1.564797    -3.298398
      -1.476221     0.520450     3.298398
      -1.476221     0.520450    -3.298398
      -0.927375    -1.168928     3.298474
      -0.927375    -1.168928    -3.298474
       1.737041    -1.459780     2.746831
       1.737041    -1.459780    -2.746831
       0.851557    -2.103121     2.746831
       0.851557    -2.103121    -2.746831
       1.949898     1.275416     2.745853
       1.949898     1.275416    -2.745853
       2.287743     0.233767     2.746764
       2.287743     0.233767    -2.746764
      -0.586216     2.322011     2.746661
      -0.586216     2.322011    -2.746661
       0.508932     2.322370     2.745786
       0.508932     2.322370    -2.745786
      -2.365974     0.233630     2.745786
      -2.365974     0.233630    -2.745786
      -2.027212     1.275067     2.746661
      -2.027212     1.275067    -2.746661
      -0.929278    -2.103534     2.746764
      -0.929278    -2.103534    -2.746764
      -1.815545    -1.460337     2.745853
      -1.815545    -1.460337    -2.745853
       2.625059    -1.750772     2.194345
       2.625059    -1.750772    -2.194345
       2.622929    -1.748906    -1.097000
       2.622426    -1.748350    -0.000000
       2.622929    -1.748906     1.097000
       1.741691    -2.397234     2.195166
       1.741691    -2.397234    -2.195166
       1.739834    -2.394678    -1.097516
       1.739268    -2.393899     0.000000
       1.739834    -2.394678     1.097516
       0.853894    -3.037599     2.194345
       0.853894    -3.037599    -2.194345
       0.852777    -3.034996    -1.097000
       0.852404    -3.034346     0.000000
       0.852777    -3.034996     1.097000
       2.501279     2.031075     2.192585
       2.501279     2.031075    -2.192585
       2.499972     2.031590    -1.096189
       2.499683     2.031811    -0.000000
       2.499972     2.031590     1.096189
       2.842503     0.989252     2.194782
       2.842503     0.989252    -2.194782
       2.839788     0.989105    -1.097215
       2.839077     0.989210     0.000000
       2.839788     0.989105     1.097215
       3.176583    -0.054332     2.194445
       3.176583    -0.054332    -2.194445
       3.173720    -0.054489    -1.097043
       3.172995    -0.054513    -0.000000
       3.173720    -0.054489     1.097043
      -1.134242     3.078572     2.194380
      -1.134242     3.078572    -2.194380
      -1.133384     3.075758    -1.096988
      -1.133161     3.075036     0.000000
      -1.133384     3.075758     1.096988
      -0.038643     3.082929     2.194686
      -0.038643     3.082929    -2.194686
      -0.037849     3.080245    -1.097155
      -0.037511     3.079578    -0.000000
      -0.037849     3.080245     1.097155
       1.057671     3.080062     2.192534
       1.057671     3.080062    -2.192534
       1.058660     3.078911    -1.096162
       1.058985     3.078681     0.000000
       1.058660     3.078911     1.096162
      -3.256151    -0.054112     2.192534
      -3.256151    -0.054112    -2.192534
      -3.255363    -0.055408    -1.096162
      -3.255244    -0.055788    -0.000000
      -3.255363    -0.055408     1.096162
      -2.920098     0.989431     2.194686
      -2.920098     0.989431    -2.194686
      -2.917790     0.987846    -1.097155
      -2.917260     0.987318     0.000000
      -2.917790     0.987846     1.097155
      -2.577395     2.030061     2.194380
      -2.577395     2.030061    -2.194380
      -2.574984     2.028375    -1.096988
      -2.574366     2.027939     0.000000
      -2.574984     2.028375     1.096988
      -0.929947    -3.037899     2.194445
      -0.929947    -3.037899    -2.194445
      -0.928913    -3.035225    -1.097043
      -0.928666    -3.034543     0.000000
      -0.928913    -3.035225     1.097043
      -1.819218    -2.397685     2.194782
      -1.819218    -2.397685    -2.194782
      -1.818239    -2.395148    -1.097215
      -1.818119    -2.394439     0.000000
      -1.818239    -2.395148     1.097215
      -2.704606    -1.751219     2.192585
      -2.704606    -1.751219    -2.192585
      -2.704692    -1.749817    -1.096189
      -2.704813    -1.749474     0.000000
      -2.704692    -1.749817     1.096189
      -0.037420    -3.671466     2.191815
      -0.037420    -3.671466    -2.191815
       3.503334    -1.098958     2.191815
       3.503334    -1.098958    -2.191815
       2.153204     3.069752     2.189423
       2.153204     3.069752    -2.189423
      -2.228344     3.067054     2.191905
      -2.228344     3.067054    -2.191905
      -3.584885    -1.099211     2.189423
      -3.584885    -1.099211    -2.189423
      -0.039165     0.053907     4.400960
      -0.039165     0.053907    -4.400960
      -0.036455    -4.606971    -1.639881
      -0.036289    -4.606163    -0.546617
      -0.036289    -4.606163     0.546617
      -0.036455    -4.606971     1.639881
       4.392754    -1.388964    -1.639881
       4.391935    -1.388872    -0.546617
       4.391935    -1.388872     0.546617
       4.392754    -1.388964     1.639881
       2.706645     3.831088    -1.641510
       2.706723     3.831098    -0.547432
       2.706723     3.831098     0.547432
       2.706645     3.831088     1.641510
      -2.778162     3.823813    -1.639920
      -2.777608     3.823051    -0.546620
      -2.777608     3.823051     0.546620
      -2.778162     3.823813     1.639920
      -4.479981    -1.390299    -1.641510
      -4.480015    -1.390370    -0.547432
      -4.480015    -1.390370     0.547432
      -4.479981    -1.390299     1.641510
      -0.039317    -0.877265     4.949890
      -0.039317    -0.877265    -4.949890
      -0.039199    -1.809938     4.396536
      -0.039199    -1.809938    -4.396536
      -0.038739    -2.743426     3.842789
      -0.038739    -2.743426    -3.842789
      -0.037927    -3.676853     3.288872
      -0.037927    -3.676853    -3.288872
       0.846478    -0.233697     4.949890
       0.846478    -0.233697    -4.949890
       1.733466    -0.522022     4.396536
       1.733466    -0.522022    -4.396536
       2.621123    -0.810924     3.842789
       2.621123    -0.810924    -3.842789
       3.508615    -1.100142     3.288872
       3.508615    -1.100142    -3.288872
       0.508348     0.807330     4.949640
       0.508348     0.807330    -4.949640
       1.056715     1.561650     4.395722
       1.056715     1.561650    -4.395722
       1.605329     2.316300     3.840912
       1.605329     2.316300    -3.840912
       2.153581     3.070467     3.284988
       2.153581     3.070467    -3.284988
      -0.586474     0.807213     4.949843
      -0.586474     0.807213    -4.949843
      -1.134522     1.561537     4.396523
      -1.134522     1.561537    -4.396523
      -1.683069     2.316547     3.842860
      -1.683069     2.316547    -3.842860
      -2.231616     3.071557     3.288981
      -2.231616     3.071557    -3.288981
      -0.924904    -0.233989     4.949640
      -0.924904    -0.233989    -4.949640
      -1.811761    -0.522418     4.395722
      -1.811761    -0.522418    -4.395722
      -2.699007    -0.810981     3.840912
      -2.699007    -0.810981    -3.840912
      -3.585681    -1.099349     3.284988
      -3.585681    -1.099349    -3.284988
       0.850654    -1.170825     4.397762
       0.850654    -1.170825    -4.397762
       1.400919     0.521757     4.397561
       1.400919     0.521757    -4.397561
      -0.038888     1.567736     4.397489
      -0.038888     1.567736    -4.397489
      -1.478988     0.521443     4.397489
      -1.478988     0.521443    -4.397489
      -0.929128    -1.171121     4.397561
      -0.929128    -1.171121    -4.397561
       1.740259    -1.462517     3.844727
       1.740259    -1.462517    -3.844727
       0.853166    -2.107028     3.844727
       0.853166    -2.107028    -3.844727
       1.953250     1.277342     3.844051
       1.953250     1.277342    -3.844051
       2.291941     0.234344     3.844726
       2.291941     0.234344    -3.844726
      -0.587225     2.326261     3.844636
      -0.587225     2.326261    -3.844636
       0.509512     2.326278     3.843974
       0.509512     2.326278    -3.843974
      -2.369869     0.234286     3.843974
      -2.369869     0.234286    -3.843974
      -2.030943     1.277339     3.844636
      -2.030943     1.277339    -3.844636
      -0.931125    -2.107348     3.844726
      -0.931125    -2.107348    -3.844726
      -1.818413    -1.462930     3.844051
      -1.818413    -1.462930    -3.844051
       2.629451    -1.753714     3.291239
       2.629451    -1.753714    -3.291239
       1.744813    -2.401531     3.292114
       1.744813    -2.401531    -3.292114
       0.855335    -3.042684     3.291239
       0.855335    -3.042684    -3.291239
       2.504776     2.032599     3.289629
       2.504776     2.032599    -3.289629
       2.847538     0.990669     3.291905
       2.847538     0.990669    -3.291905
       3.182077    -0.053981     3.291361
       3.182077    -0.053981    -3.291361
      -1.135937     3.083898     3.291317
      -1.135937     3.083898    -3.291317
      -0.039089     3.088216     3.291797
      -0.039089     3.088216    -3.291797
       1.057840     3.083956     3.289559
       1.057840     3.083956    -3.289559
      -3.259907    -0.053069     3.289559
      -3.259907    -0.053069    -3.289559
      -2.924988     0.991489     3.291797
      -2.924988     0.991489    -3.291797
      -2.581936     2.033318     3.291317
      -2.581936     2.033318    -3.291317
      -0.931978    -3.043016     3.291361
      -0.931978    -3.043016    -3.291361
      -1.822121    -2.402035     3.291905
      -1.822121    -2.402035    -3.291905
      -2.707135    -1.754074     3.289629
      -2.707135    -1.754074    -3.289629
       3.518073    -2.044700     2.737499
       3.518073    -2.044700    -2.737499
       3.513944    -2.041679    -1.641917
       3.513027    -2.040650    -0.547238
       3.513027    -2.040650     0.547238
       3.513944    -2.041679     1.641917
       2.635816    -2.694979     2.739053
       2.635816    -2.694979    -2.739053
       2.631823    -2.690617    -1.643259
       2.630341    -2.688763    -0.547669
       2.630341    -2.688763     0.547669
       2.631823    -2.690617     1.643259
       1.748563    -3.339606     2.739053
       1.748563    -3.339606    -2.739053
       1.745649    -3.334459    -1.643259
       1.744343    -3.332477    -0.547669
       1.744343    -3.332477     0.547669
       1.745649    -3.334459     1.643259
       0.857479    -3.977733     2.737499
       0.857479    -3.977733    -2.737499
       0.855881    -3.972873    -1.641917
       0.855187    -3.971683    -0.547238
       0.855187    -3.971683     0.547238
       0.855881    -3.972873     1.641917
       3.055940     2.788413     2.734492
       3.055940     2.788413    -2.734492
       3.054338     2.789799    -1.640877
       3.053949     2.790304    -0.547059
       3.053949     2.790304     0.547059
       3.054338     2.789799     1.640877
       3.401579     1.746467     2.738201
       3.401579     1.746467    -2.738201
       3.396430     1.745306    -1.642401
       3.394828     1.745600    -0.547423
       3.394828     1.745600     0.547423
       3.396430     1.745306     1.642401
       3.740300     0.702613     2.739000
       3.740300     0.702613    -2.739000
       3.734179     0.701253    -1.643173
       3.731834     0.700904    -0.547634
       3.731834     0.700904     0.547634
       3.734179     0.701253     1.643173
       4.071419    -0.342727     2.737532
       4.071419    -0.342727    -2.737532
       4.065950    -0.343456    -1.641968
       4.064417    -0.343853    -0.547253
       4.064417    -0.343853     0.547253
       4.065950    -0.343456     1.641968
      -1.684656     3.840854     2.737551
      -1.684656     3.840854    -2.737551
      -1.683296     3.835515    -1.641949
      -1.683063     3.833959    -0.547238
      -1.683063     3.833959     0.547238
      -1.683296     3.835515     1.641949
      -0.588360     3.848497     2.738931
      -0.588360     3.848497    -2.738931
      -0.587499     3.842274    -1.643107
      -0.587005     3.839938    -0.547606
      -0.587005     3.839938     0.547606
      -0.587499     3.842274     1.643107
       0.509000     3.848531     2.738114
       0.509000     3.848531    -2.738114
       0.509694     3.843238    -1.642339
       0.510554     3.841776    -0.547399
       0.510554     3.841776     0.547399
       0.509694     3.843238     1.642339
       1.606793     3.841479     2.734447
       1.606793     3.841479    -2.734447
       1.608786     3.840298    -1.640847
       1.609471     3.840034    -0.547048
       1.609471     3.840034     0.547048
       1.608786     3.840298     1.640847
      -4.149990    -0.341066     2.734447
      -4.149990    -0.341066    -2.734447
      -4.149483    -0.343327    -1.640847
      -4.149443    -0.344060    -0.547048
      -4.149443    -0.344060     0.547048
      -4.149483    -0.343327     1.640847
      -3.817460     0.705176     2.738114
      -3.817460     0.705176    -2.738114
      -3.812640     0.702880    -1.642339
      -3.811516     0.701610    -0.547399
      -3.811516     0.701610     0.547399
      -3.812640     0.702880     1.642339
      -3.478324     1.748816     2.738931
      -3.478324     1.748816    -2.738931
      -3.472671     1.746075    -1.643107
      -3.470603     1.744883    -0.547606
      -3.470603     1.744883     0.547606
      -3.472671     1.746075     1.643107
      -3.132280     2.789093     2.737551
      -3.132280     2.789094    -2.737551
      -3.127623     2.786151    -1.641949
      -3.126215     2.785448    -0.547238
      -3.126215     2.785448     0.547238
      -3.127623     2.786151     1.641949
      -0.932187    -3.978058     2.737532
      -0.932187    -3.978058    -2.737532
      -0.929804    -3.973082    -1.641968
      -0.928952    -3.971746    -0.547253
      -0.928952    -3.971746     0.547253
      -0.929804    -3.973082     1.641968
      -1.824043    -3.340116     2.739000
      -1.824043    -3.340116    -2.739000
      -1.820857    -3.334715    -1.643173
      -1.819801    -3.332593    -0.547634
      -1.819801    -3.332593     0.547634
      -1.820857    -3.334715     1.643173
      -2.712136    -2.695405     2.738201
      -2.712136    -2.695405    -2.738201
      -2.709441    -2.690866    -1.642401
      -2.709225    -2.689252    -0.547423
      -2.709225    -2.689252     0.547423
      -2.709441    -2.690866     1.642401
      -3.596277    -2.044703     2.734492
      -3.596277    -2.044703    -2.734492
      -3.597100    -2.042751    -1.640877
      -3.597460    -2.042225    -0.547059
      -3.597460    -2.042225     0.547059
      -3.597100    -2.042751     1.640877
      -0.036968    -4.609286     2.734047
       4.395115    -1.389192     2.734047
       2.705916     3.830272     2.734125
      -2.779627     3.825831     2.734121
      -4.478980    -1.389858     2.734125
      -0.039239     0.054008     5.502291
      -0.039531    -0.880502     6.052166
      -0.039568    -1.815235     5.496519
      -0.039313    -2.750725     4.940874
      -0.038699    -3.686257     4.385922
       0.849622    -0.234494     6.052166
       1.738617    -0.523308     5.496519
       2.628242    -0.812633     4.940874
       3.517797    -1.102313     4.385922
       0.510262     0.810301     6.051956
       1.059911     1.566371     5.495983
       1.609746     2.322671     4.939905
       2.158744     3.077838     4.384483
      -0.588565     0.810090     6.052060
      -1.137798     1.566045     5.496402
      -1.687490     2.322632     4.940814
      -2.237243     3.079303     4.385929
      -0.928322    -0.234891     6.051956
      -1.817239    -0.523999     5.495983
      -2.706431    -0.813213     4.939905
      -3.594287    -1.101981     4.384483
       0.853036    -1.174104     5.497298
       1.404971     0.523484     5.497049
      -0.038846     1.572280     5.496974
      -1.483323     0.522807     5.496974
      -0.932024    -1.174441     5.497049
       1.744918    -1.466283     4.942420
       0.855307    -2.112623     4.942420
       1.958586     1.281202     4.941850
       2.298184     0.235506     4.942276
      -0.588467     2.332613     4.942180
       0.511207     2.332689     4.941774
      -2.376490     0.234655     4.941774
      -2.036600     1.280483     4.942180
      -0.934159    -2.112927     4.942276
      -1.823733    -1.466812     4.941850
       2.636437    -1.757821     4.387371
       1.749251    -2.407639     4.388367
       0.857082    -3.050598     4.387371
       2.511072     2.038408     4.386271
       2.855091     0.994089     4.388050
       3.190515    -0.053465     4.387327
      -1.138564     3.092015     4.387278
      -0.038543     3.096506     4.387944
       1.061121     3.091859     4.386197
      -3.268437    -0.053748     4.386197
      -2.933041     0.993531     4.387944
      -2.588845     2.038326     4.387278
      -0.935077    -3.050881     4.387327
      -1.827708    -2.408162     4.388050
      -2.714606    -1.758268     4.386271
       3.527316    -2.049135     3.832532
       2.642571    -2.701322     3.834004
       1.752509    -3.347990     3.834004
       0.858841    -3.987895     3.832532
       3.062756     2.793932     3.830580
       3.410373     1.751925     3.833376
       3.750084     0.705353     3.833836
       4.081965    -0.342962     3.832455
      -1.688722     3.850637     3.832491
      -0.589205     3.858598     3.833772
       0.511140     3.858611     3.833278
       1.609652     3.849761     3.830518
      -4.158750    -0.341226     3.830518
      -3.827708     0.706255     3.833278
      -3.487669     1.752742     3.833772
      -3.140329     2.795984     3.832491
      -0.935222    -3.988160     3.832455
      -1.829672    -3.348575     3.833836
      -2.720045    -2.702082     3.833376
      -3.603632    -2.049479     3.830580
       4.406357    -2.333833    -1.091799
       4.405988    -2.333480     0.000000
       4.406357    -2.333833     1.091799
       4.407299    -2.335224     2.183446
       3.535276    -2.994486     3.279394
       3.526698    -2.987783    -2.185627
       3.523700    -2.984547    -1.092576
       3.523064    -2.983800    -0.000000
       3.523700    -2.984547     1.092576
       3.526698    -2.987783     2.185627
       2.647224    -3.643594     3.280265
       2.641173    -3.635265    -2.186331
       2.638383    -3.631425    -1.092956
       2.637702    -3.630488     0.000000
       2.638383    -3.631425     1.092956
       2.641173    -3.635265     2.186331
       1.755463    -4.287595     3.279394
       1.751738    -4.277365    -2.185627
       1.749587    -4.273515    -1.092576
       1.749074    -4.272679     0.000000
       1.749587    -4.273515     1.092576
       1.751738    -4.277365     2.185627
       0.857965    -4.911889    -1.091799
       0.857744    -4.911429     0.000000
       0.857965    -4.911889     1.091799
       0.858997    -4.913215     2.183446
       3.611954     3.550545    -1.093385
       3.611489     3.550554     0.000000
       3.611954     3.550545     1.093385
       3.612360     3.550158     2.184704
       3.964385     2.507674     3.277790
       3.955140     2.502109    -2.183760
       3.952765     2.502895    -1.092115
       3.952094     2.503006     0.000000
       3.952765     2.502895     1.092115
       3.955140     2.502109     2.183760
       4.307659     1.463161     3.279473
       4.297029     1.458504    -2.185692
       4.292245     1.457423    -1.092608
       4.291151     1.457292     0.000000
       4.292245     1.457423     1.092608
       4.297029     1.458504     2.185692
       4.644036     0.415751     3.279104
       4.632580     0.413712    -2.185446
       4.627805     0.412548    -1.092466
       4.626726     0.412366     0.000000
       4.627805     0.412548     1.092466
       4.632580     0.413712     2.185446
       4.959067    -0.633376    -1.091729
       4.958433    -0.633498    -0.000000
       4.959067    -0.633376     1.091729
       4.961079    -0.632226     2.183347
      -2.234341     4.595830    -1.091737
      -2.234187     4.595228     0.000000
      -2.234341     4.595830     1.091737
      -2.234182     4.597956     2.183391
      -1.140255     4.619609     3.279132
      -1.138193     4.608215    -2.185445
      -1.137574     4.603402    -1.092454
      -1.137346     4.602349    -0.000000
      -1.137574     4.603402     1.092454
      -1.138193     4.608215     2.185445
      -0.040248     4.622936     3.279422
      -0.041029     4.611434    -2.185645
      -0.040370     4.606574    -1.092574
      -0.040095     4.605502    -0.000000
      -0.040370     4.606574     1.092574
      -0.041029     4.611434     2.185645
       1.059201     4.618875     3.277719
       1.057069     4.608336    -2.183710
       1.058727     4.606281    -1.092083
       1.059095     4.605664     0.000000
       1.058727     4.606281     1.092083
       1.057069     4.608336     2.183710
       2.160406     4.605469    -1.093368
       2.160612     4.605002    -0.000000
       2.160406     4.605469     1.093368
       2.159747     4.605817     2.184679
      -5.047664    -0.631498    -1.093368
      -5.047283    -0.631837    -0.000000
      -5.047664    -0.631498     1.093368
      -5.047791    -0.630763     2.184679
      -4.720122     0.419953     3.277719
      -4.709441     0.418724    -2.183710
      -4.707998     0.416512    -1.092083
      -4.707525     0.415972     0.000000
      -4.707998     0.416512     1.092083
      -4.709441     0.418724     2.183710
      -4.384235     1.466847     3.279422
      -4.373055     1.464035    -2.185645
      -4.368636     1.461906    -1.092574
      -4.367701     1.461313    -0.000000
      -4.368636     1.461906     1.092574
      -4.373055     1.464035     2.185645
      -4.041149     2.511987     3.279132
      -4.030951     2.506505    -2.185445
      -4.026565     2.504429    -1.092454
      -4.025634     2.503886     0.000000
      -4.026565     2.504429     1.092454
      -4.030951     2.506505     2.185445
      -3.680443     3.545176    -1.091737
      -3.679917     3.544844    -0.000000
      -3.680443     3.545176     1.091737
      -3.682514     3.545682     2.183391
      -0.930062    -4.912076    -1.091729
      -0.929750    -4.911512     0.000000
      -0.930062    -4.912076     1.091729
      -0.931778    -4.913634     2.183347
      -1.830491    -4.288266     3.279104
      -1.825012    -4.278000    -2.185446
      -1.822429    -4.273819    -1.092466
      -1.821923    -4.272849     0.000000
      -1.822429    -4.273819     1.092466
      -1.825012    -4.278000     2.185446
      -2.722691    -3.644684     3.279473
      -2.714976    -3.636014    -2.185692
      -2.712470    -3.631798    -1.092608
      -2.712008    -3.630798    -0.000000
      -2.712470    -3.631798     1.092608
      -2.714976    -3.636014     2.185692
      -3.610004    -2.995438     3.277790
      -3.601854    -2.988365    -2.183760
      -3.601868    -2.985863    -1.092115
      -3.601766    -2.985191    -0.000000
      -3.601868    -2.985863     1.092115
      -3.601854    -2.988365     2.183760
      -4.492925    -2.337991    -1.093385
      -4.492790    -2.337546    -0.000000
      -4.492925    -2.337991     1.093385
      -4.492683    -2.338497     2.184704
      -0.036968    -4.609286    -2.734047
       4.395115    -1.389192    -2.734047
       2.705916     3.830272    -2.734125
      -2.779627     3.825831    -2.734121
      -4.478980    -1.389858    -2.734125
      -0.039239     0.054008    -5.502291
      -0.036103    -5.548932    -2.184458
      -0.035705    -5.547851    -1.092893
      -0.035659    -5.547237     0.000000
      -0.035705    -5.547851     1.092893
      -0.036103    -5.548932     2.184458
       5.288503    -1.680381    -2.184458
       5.287352    -1.680425    -1.092893
       5.286754    -1.680280     0.000000
       5.287352    -1.680425     1.092893
       5.288503    -1.680381     2.184458
       3.264929     4.599224    -2.200409
       3.264411     4.598364    -1.099344
       3.264177     4.597989    -0.000000
       3.264411     4.598364     1.099344
       3.264929     4.599224     2.200409
      -3.331917     4.585993    -2.184471
      -3.331180     4.584979    -1.092869
      -3.330786     4.584436    -0.000000
      -3.331180     4.584979     1.092869
      -3.331917     4.585993     2.184471
      -5.383041    -1.683891    -2.200409
      -5.382063    -1.683664    -1.099344
      -5.381634    -1.683557     0.000000
      -5.382063    -1.683664     1.099344
      -5.383041    -1.683891     2.200409
      -0.039531    -0.880502    -6.052166
      -0.039568    -1.815235    -5.496519
      -0.039313    -2.750725    -4.940874
      -0.038699    -3.686257    -4.385922
      -0.037850    -4.620169     3.831708
      -0.037850    -4.620169    -3.831708
       0.849622    -0.234494    -6.052166
       1.738617    -0.523308    -5.496519
       2.628242    -0.812633    -4.940874
       3.517797    -1.102313    -4.385922
       4.405737    -1.391716     3.831708
       4.405737    -1.391716    -3.831708
       0.510262     0.810301    -6.051956
       1.059911     1.566371    -5.495983
       1.609746     2.322671    -4.939905
       2.158744     3.077838    -4.384483
       2.704767     3.828953     3.828401
       2.704767     3.828953    -3.828401
      -0.588565     0.810090    -6.052060
      -1.137798     1.566045    -5.496402
      -1.687490     2.322632    -4.940814
      -2.237243     3.079303    -4.385929
      -2.786097     3.834736     3.831730
      -2.786097     3.834736    -3.831730
      -0.928322    -0.234891    -6.051956
      -1.817239    -0.523999    -5.495983
      -2.706431    -0.813213    -4.939905
      -3.594287    -1.101981    -4.384483
      -4.477370    -1.389172     3.828401
      -4.477370    -1.389172    -3.828401
       0.853036    -1.174104    -5.497298
       1.404971     0.523484    -5.497049
      -0.038846     1.572280    -5.496974
      -1.483323     0.522807    -5.496974
      -0.932024    -1.174441    -5.497049
       1.744918    -1.466283    -4.942420
       0.855307    -2.112623    -4.942420
       1.958586     1.281202    -4.941850
       2.298184     0.235506    -4.942276
      -0.588467     2.332613    -4.942180
       0.511207     2.332689    -4.941774
      -2.376490     0.234655    -4.941774
      -2.036600     1.280483    -4.942180
      -0.934159    -2.112927    -4.942276
      -1.823733    -1.466812    -4.941850
       2.636437    -1.757821    -4.387371
       1.749251    -2.407639    -4.388367
       0.857082    -3.050598    -4.387371
       2.511072     2.038408    -4.386271
       2.855091     0.994089    -4.388050
       3.190515    -0.053465    -4.387327
      -1.138564     3.092015    -4.387278
      -0.038543     3.096506    -4.387944
       1.061121     3.091859    -4.386197
      -3.268437    -0.053748    -4.386197
      -2.933041     0.993531    -4.387944
      -2.588845     2.038326    -4.387278
      -0.935077    -3.050881    -4.387327
      -1.827708    -2.408162    -4.388050
      -2.714606    -1.758268    -4.386271
       3.527316    -2.049135    -3.832532
       2.642571    -2.701322    -3.834004
       1.752509    -3.347990    -3.834004
       0.858841    -3.987895    -3.832532
       3.062756     2.793932    -3.830580
       3.410373     1.751925    -3.833376
       3.750084     0.705353    -3.833836
       4.081965    -0.342962    -3.832455
      -1.688722     3.850637    -3.832491
      -0.589205     3.858598    -3.833772
       0.511140     3.858611    -3.833278
       1.609652     3.849761    -3.830518
      -4.158750    -0.341226    -3.830518
      -3.827708     0.706255    -3.833278
      -3.487669     1.752742    -3.833772
      -3.140329     2.795984    -3.832491
      -0.935222    -3.988160    -3.832455
      -1.829672    -3.348575    -3.833836
      -2.720045    -2.702082    -3.833376
      -3.603632    -2.049479    -3.830580
       4.416556    -2.340607     3.277585
       4.416556    -2.340607    -3.277585
       4.407299    -2.335224    -2.183446
       3.535276    -2.994486    -3.279394
       2.647224    -3.643594    -3.280265
       1.755463    -4.287595    -3.279394
       0.861256    -4.923682     3.277585
       0.861256    -4.923682    -3.277585
       0.858997    -4.913215    -2.183446
       3.611889     3.548501     3.273627
       3.611889     3.548501    -3.273627
       3.612360     3.550158    -2.184704
       3.964385     2.507674    -3.277790
       4.307659     1.463161    -3.279473
       4.644036     0.415751    -3.279104
       4.972164    -0.631684     3.277352
       4.972164    -0.631684    -3.277352
       4.961079    -0.632226    -2.183347
      -2.237694     4.608432     3.277458
      -2.237694     4.608432    -3.277458
      -2.234182     4.597956    -2.183391
      -1.140255     4.619609    -3.279132
      -0.040248     4.622936    -3.279422
       1.059201     4.618875    -3.277719
       2.158065     4.604974     3.273604
       2.158065     4.604974    -3.273604
       2.159747     4.605817    -2.184679
      -5.046470    -0.629424     3.273604
      -5.046470    -0.629424    -3.273604
      -5.047791    -0.630763    -2.184679
      -4.720122     0.419953    -3.277719
      -4.384235     1.466847    -3.279422
      -4.041149     2.511987    -3.279132
      -3.691392     3.552259     3.277458
      -3.691392     3.552259    -3.277458
      -3.682514     3.545682    -2.183391
      -0.935719    -4.924010     3.277352
      -0.935719    -4.924010    -3.277352
      -0.931778    -4.913634    -2.183347
      -1.830491    -4.288266    -3.279104
      -2.722691    -3.644684    -3.279473
      -3.610004    -2.995438    -3.277790
      -4.490961    -2.338561     3.273627
      -4.490961    -2.338561    -3.273627
      -4.492683    -2.338497    -2.184704
       5.303741    -2.630331    -1.634859
       5.302919    -2.628844    -0.545298
       5.302919    -2.628844     0.545298
       5.303741    -2.630331     1.634859
       4.427544    -3.288383    -2.723356
       4.420872    -3.283134    -1.633606
       4.419654    -3.281338    -0.544579
       4.419654    -3.281338     0.544579
       4.420872    -3.283134     1.633606
       4.427544    -3.288383     2.723356
       3.541773    -3.938928    -2.725706
       3.536239    -3.933045    -1.635054
       3.534665    -3.930879    -0.545059
       3.534665    -3.930879     0.545059
       3.536239    -3.933045     1.635054
       3.541773    -3.938928     2.725706
       2.651672    -4.585624    -2.725706
       2.647788    -4.578542    -1.635054
       2.646214    -4.576376    -0.545059
       2.646214    -4.576376     0.545059
       2.647788    -4.578542     1.635054
       2.651672    -4.585624     2.725706
       1.759249    -5.227012    -2.723356
       1.756319    -5.219045    -1.633606
       1.754987    -5.217331    -0.544579
       1.754987    -5.217331     0.544579
       1.756319    -5.219045     1.633606
       1.759249    -5.227012     2.723356
       0.862645    -5.856975    -1.634859
       0.861484    -5.855734    -0.545298
       0.861484    -5.855734     0.545298
       0.862645    -5.856975     1.634859
       4.180799     4.314456    -1.648947
       4.179256     4.314756    -0.549266
       4.179256     4.314756     0.549266
       4.180799     4.314456     1.648947
       4.520276     3.258923    -2.720783
       4.517484     3.260578    -1.634997
       4.515145     3.260928    -0.545383
       4.515145     3.260928     0.545383
       4.517484     3.260578     1.634997
       4.520276     3.258923     2.720783
       4.865925     2.218821    -2.723317
       4.857537     2.215234    -1.633547
       4.854875     2.215098    -0.544572
       4.854875     2.215098     0.544572
       4.857537     2.215234     1.633547
       4.865925     2.218821     2.723317
       5.204770     1.173590    -2.724880
       5.196080     1.170914    -1.634481
       5.193151     1.170347    -0.544875
       5.193151     1.170347     0.544875
       5.196080     1.170914     1.634481
       5.204770     1.173590     2.724880
       5.538290     0.126891    -2.722851
       5.529275     0.125275    -1.633229
       5.526855     0.124540    -0.544458
       5.526855     0.124540     0.544458
       5.529275     0.125275     1.633229
       5.538290     0.126891     2.722851
       5.859336    -0.921905    -1.634600
       5.857520    -0.922749    -0.545215
       5.857520    -0.922749     0.545215
       5.859336    -0.921905     1.634600
      -2.786632     5.363196    -1.634662
      -2.786707     5.361306    -0.545231
      -2.786707     5.361306     0.545231
      -2.786632     5.363196     1.634662
      -1.690643     5.381217    -2.722969
      -1.688954     5.372340    -1.633298
      -1.688731     5.369910    -0.544478
      -1.688731     5.369910     0.544478
      -1.688954     5.372340     1.633298
      -1.690643     5.381217     2.722969
      -0.592267     5.386977    -2.724918
      -0.591739     5.377991    -1.634498
      -0.591208     5.375092    -0.544879
      -0.591208     5.375092     0.544879
      -0.591739     5.377991     1.634498
      -0.592267     5.386977     2.724918
       0.506415     5.387248    -2.723292
       0.505927     5.378183    -1.633522
       0.506772     5.375627    -0.544562
       0.506772     5.375627     0.544562
       0.505927     5.378183     1.633522
       0.506415     5.387248     2.723292
       1.602395     5.379543    -2.720754
       1.605107     5.377325    -1.634960
       1.606298     5.375182    -0.545368
       1.606298     5.375182     0.545368
       1.605107     5.377325     1.634960
       1.602395     5.379543     2.720754
       2.711420     5.382339    -1.648924
       2.712305     5.380910    -0.549258
       2.712305     5.380910     0.549258
       2.711420     5.382339     1.648924
      -5.956783    -0.915476    -1.648924
      -5.955698    -0.916760    -0.549258
      -5.955698    -0.916760     0.549258
      -5.956783    -0.915476     1.648924
      -5.611417     0.138405    -2.720754
      -5.610145     0.135141    -1.634960
      -5.608475     0.133346    -0.545368
      -5.608475     0.133346     0.545368
      -5.610145     0.135141     1.634960
      -5.611417     0.138405     2.720754
      -5.280067     1.183125    -2.723292
      -5.271295     1.180788    -1.633522
      -5.269125     1.179194    -0.544562
      -5.269125     1.179194     0.544562
      -5.271295     1.180788     1.633522
      -5.280068     1.183125     2.723292
      -4.940298     2.227950    -2.724918
      -4.931915     2.224671    -1.634498
      -4.929322     2.223269    -0.544879
      -4.929322     2.223269     0.544879
      -4.931915     2.224671     1.634498
      -4.940298     2.227950     2.724918
      -4.595402     3.270787    -2.722969
      -4.587481     3.266438    -1.633298
      -4.585239     3.265475    -0.544478
      -4.585239     3.265475     0.544478
      -4.587481     3.266438     1.633298
      -4.595402     3.270787     2.722969
      -4.239584     4.307566    -1.634662
      -4.237763     4.307053    -0.545231
      -4.237763     4.307053     0.545231
      -4.239584     4.307566     1.634662
      -0.933854    -5.857444    -1.634600
      -0.932490    -5.855978    -0.545215
      -0.932490    -5.855978     0.545215
      -0.933854    -5.857444     1.634600
      -1.832109    -5.228014    -2.722851
      -1.827787    -5.219940    -1.633229
      -1.826339    -5.217865    -0.544458
      -1.826339    -5.217865     0.544458
      -1.827787    -5.219940     1.633229
      -1.832109    -5.228014     2.722851
      -2.724515    -4.587370    -2.724880
      -2.719285    -4.579932    -1.634481
      -2.717841    -4.577322    -0.544875
      -2.717841    -4.577322     0.544875
      -2.719285    -4.579932     1.634481
      -2.724515    -4.587370     2.724880
      -3.613880    -3.942114    -2.723317
      -3.607876    -3.935245    -1.633547
      -3.606925    -3.932755    -0.544572
      -3.606925    -3.932755     0.544572
      -3.607876    -3.935245     1.633547
      -3.613880    -3.942114     2.723317
      -4.496264    -3.291973    -2.720783
      -4.496975    -3.288806    -1.634997
      -4.496585    -3.286473    -0.545383
      -4.496585    -3.286473     0.545383
      -4.496975    -3.288806     1.634997
      -4.496264    -3.291973     2.720783
      -5.395231    -2.642933    -1.648947
      -5.395040    -2.641372    -0.549266
      -5.395040    -2.641372     0.549266
      -5.395231    -2.642933     1.648947
      -5.394508    -2.648010     2.755018
      -0.036981    -5.548680     3.276403
      -0.036981    -5.548680    -3.276403
       5.288535    -1.679468     3.276403
       5.288535    -1.679468    -3.276403
       3.265506     4.600226     3.309530
       3.265506     4.600226    -3.309530
      -3.331835     4.585880     3.276418
      -3.331835     4.585880    -3.276418
      -5.384172    -1.684130     3.309530
      -5.384172    -1.684130    -3.309530
       5.304615    -2.631666    -2.721206
       5.304615    -2.631666     2.721206
       0.863644    -5.858219    -2.721206
       0.863644    -5.858219     2.721206
       4.185404     4.312199    -2.755018
       4.185404     4.312199     2.755018
       5.861454    -0.920142    -2.720928
       5.861454    -0.920142     2.720928
      -2.786077     5.365458    -2.721029
      -2.786077     5.365458     2.721029
       2.707625     5.386096    -2.754975
       2.707625     5.386096     2.754975
      -5.959184    -0.910706    -2.754975
      -5.959184    -0.910706     2.754975
      -4.241906     4.307737    -2.721029
      -4.241906     4.307737     2.721029
      -0.936185    -5.858913    -2.720928
      -0.936185    -5.858913     2.720928
      -5.394508    -2.648010    -2.755018
      -0.039362     0.054178     6.606431
      -0.039362     0.054178    -6.606431
      -0.039768    -0.881428     7.171828
      -0.039768    -0.881428    -7.171828
      -0.039886    -1.824846     6.607806
      -0.039886    -1.824846    -6.607806
      -0.039760    -2.764753     6.048225
      -0.039760    -2.764753    -6.048225
      -0.039312    -3.704497     5.490123
      -0.039312    -3.704497    -5.490123
      -0.038617    -4.645670     4.932037
      -0.038617    -4.645670    -4.932037
       0.850577    -0.234555     7.171828
       0.850577    -0.234555    -7.171828
       1.747857    -0.525976     6.607806
       1.747857    -0.525976    -6.607806
       2.641722    -0.816544     6.048225
       2.641722    -0.816544    -6.048225
       3.535333    -1.107366     5.490123
       3.535333    -1.107366    -5.490123
       4.430227    -1.398867     4.932037
       4.430227    -1.398867    -4.932037
       0.511013     0.811731     7.171394
       0.511013     0.811731    -7.171394
       1.065980     1.575097     6.606874
       1.065980     1.575097    -6.606874
       1.619165     2.335978     6.046352
       1.619165     2.335978    -6.046352
       2.172680     3.097316     5.486495
       2.172680     3.097316    -5.486495
       2.728825     3.862324     4.925283
       2.728825     3.862324    -4.925283
      -0.589294     0.811095     7.171601
      -0.589294     0.811095    -7.171601
      -1.143636     1.574081     6.607493
      -1.143636     1.574081    -6.607493
      -1.695890     2.334194     6.047941
      -1.695890     2.334194    -6.047941
      -2.248070     3.094205     5.489930
      -2.248070     3.094205    -5.489930
      -2.801142     3.855443     4.931918
      -2.801142     3.855443    -4.931918
      -0.929914    -0.235163     7.171394
      -0.929914    -0.235163    -7.171394
      -1.827412    -0.527074     6.606874
      -1.827412    -0.527074    -6.606874
      -2.721997    -0.818059     6.046352
      -2.721997    -0.818059    -6.046352
      -3.617118    -1.109216     5.486495
      -3.617118    -1.109216    -5.486495
      -4.516542    -1.401740     4.925283
      -4.516542    -1.401740    -4.925283
       0.857266    -1.179927     6.604796
       0.857266    -1.179927    -6.604796
       1.412185     0.526281     6.604222
       1.412185     0.526281    -6.604222
      -0.038821     1.580173     6.604146
      -0.038821     1.580173    -6.604146
      -1.490837     0.525222     6.604146
      -1.490837     0.525222    -6.604146
      -0.936913    -1.180437     6.604222
      -0.936913    -1.180437    -6.604222
       1.752979    -1.473017     6.046491
       1.752979    -1.473017    -6.046491
       0.859221    -2.122370     6.046491
       0.859221    -2.122370    -6.046491
       1.968249     1.287873     6.045325
       1.968249     1.287873    -6.045325
       2.309042     0.237050     6.045999
       2.309042     0.237050    -6.045999
      -0.590808     2.343484     6.045876
      -0.590808     2.343484    -6.045876
       0.514176     2.344093     6.045266
       0.514176     2.344093    -6.045266
      -2.388254     0.235355     6.045266
      -2.388254     0.235355    -6.045266
      -2.046215     1.286069     6.045876
      -2.046215     1.286069    -6.045876
      -0.938982    -2.122776     6.045999
      -0.938982    -2.122776    -6.045999
      -1.833063    -1.473941     6.045325
      -1.833063    -1.473941    -6.045325
       2.647850    -1.764937     5.488840
       2.647850    -1.764937    -5.488840
       1.756532    -2.417660     5.490192
       1.756532    -2.417660    -5.490192
       0.860322    -3.063651     5.488840
       0.860322    -3.063651    -5.488840
       2.522931     2.049583     5.486559
       2.522931     2.049583    -5.486559
       2.867546     0.999471     5.489182
       2.867546     0.999471    -5.489182
       3.204307    -0.053225     5.488507
       3.204307    -0.053225    -5.488507
      -1.143123     3.105150     5.488408
      -1.143123     3.105150    -5.488408
      -0.037704     3.110063     5.489084
      -0.037704     3.110063    -5.489084
       1.067726     3.106718     5.486506
       1.067726     3.106718    -5.486506
      -3.284610    -0.055437     5.486506
      -3.284610    -0.055437    -5.486506
      -2.946194     0.996922     5.489084
      -2.946194     0.996922    -5.489084
      -2.599927     2.046720     5.488408
      -2.599927     2.046720    -5.488408
      -0.939567    -3.063924     5.488507
      -0.939567    -3.063924    -5.488507
      -1.836675    -2.418344     5.489182
      -1.836675    -2.418344    -5.489182
      -2.728899    -1.766093     5.486559
      -2.728899    -1.766093    -5.486559
       3.543121    -2.056731     4.931291
       3.543121    -2.056731    -4.931291
       2.653149    -2.711359     4.933806
       2.653149    -2.711359    -4.933806
       1.758786    -3.361151     4.933806
       1.758786    -3.361151    -4.933806
       0.861181    -4.005274     4.931291
       0.861181    -4.005274    -4.931291
       3.077841     2.812822     4.926720
       3.077841     2.812822    -4.926720
       3.424327     1.762374     4.931828
       3.424327     1.762374    -4.931828
       3.765050     0.709332     4.933124
       3.765050     0.709332    -4.933124
       4.099587    -0.344511     4.931046
       4.099587    -0.344511    -4.931046
      -1.696238     3.866746     4.931034
      -1.696238     3.866746    -4.931034
      -0.590526     3.873998     4.933057
      -0.590526     3.873998    -4.933057
       0.516368     3.875132     4.931743
       0.516368     3.875132    -4.931743
       1.622624     3.870037     4.926681
       1.622624     3.870037    -4.926681
      -4.182043    -0.347298     4.926681
      -4.182043    -0.347298    -4.926681
      -3.845036     0.706389     4.931743
      -3.845036     0.706389    -4.931743
      -3.501908     1.758757     4.933057
      -3.501908     1.758757    -4.933057
      -3.153326     2.808110     4.931034
      -3.153326     2.808110    -4.931034
      -0.939195    -4.005398     4.931046
      -0.939195    -4.005398    -4.931046
      -1.838081    -3.361578     4.933124
      -1.838081    -3.361578    -4.933124
      -2.734294    -2.712124     4.931828
      -2.734294    -2.712124    -4.931828
      -3.626259    -2.057989     4.926720
      -3.626259    -2.057989    -4.926720
       4.440323    -2.348846     4.372608
       4.440323    -2.348846    -4.372608
       3.550264    -3.004571     4.376863
       3.550264    -3.004571    -4.376863
       2.656882    -3.656887     4.378279
       2.656882    -3.656887    -4.378279
       1.760423    -4.304966     4.376863
       1.760423    -4.304966    -4.376863
       0.861747    -4.948832     4.372608
       0.861747    -4.948832    -4.372608
       3.632557     3.586633     4.362994
       3.632557     3.586633    -4.362994
       3.980623     2.527776     4.373030
       3.980623     2.527776    -4.373030
       4.323821     1.472491     4.376895
       4.323821     1.472491    -4.376895
       4.662440     0.417646     4.376344
       4.662440     0.417646    -4.376344
       4.996499    -0.637068     4.372306
       4.996499    -0.637068    -4.372306
      -2.250994     4.629674     4.372396
      -2.250994     4.629674    -4.372396
      -1.144668     4.637550     4.376374
      -1.144668     4.637550    -4.376374
      -0.036807     4.641122     4.376845
      -0.036807     4.641122    -4.376845
       1.072894     4.640521     4.372970
       1.072894     4.640521    -4.372970
       2.187510     4.636465     4.362986
       2.187510     4.636465    -4.362986
      -5.085518    -0.647696     4.362986
      -5.085518    -0.647696    -4.362986
      -4.744940     0.413619     4.372970
      -4.744940     0.413619    -4.372970
      -4.402594     1.469193     4.376845
      -4.402594     1.469193    -4.376845
      -4.056849     2.521728     4.376374
      -4.056849     2.521728    -4.376374
      -3.707485     3.571472     4.372396
      -3.707485     3.571472    -4.372396
      -0.938118    -4.948817     4.372306
      -0.938118    -4.948817    -4.372306
      -1.837980    -4.305183     4.376344
      -1.837980    -4.305183    -4.376344
      -2.736559    -3.657172     4.376895
      -2.736559    -3.657172    -4.376895
      -3.634140    -3.004670     4.373030
      -3.634140    -3.004670    -4.373030
      -4.533614    -2.346434     4.362994
      -4.533614    -2.346434    -4.362994
       4.449881    -3.297112     3.818381
       4.449881    -3.297112    -3.818381
       3.555918    -3.952151     3.821467
       3.555918    -3.952151    -3.821467
       2.659878    -4.603162     3.821467
       2.659878    -4.603162    -3.821467
       1.760648    -5.250953     3.818381
       1.760648    -5.250953    -3.818381
       4.538732     3.297380     3.809245
       4.538732     3.297380    -3.809245
       4.882392     2.236044     3.818357
       4.882392     2.236044    -3.818357
       5.223924     1.180177     3.820362
       5.223924     1.180177    -3.820362
       5.561563     0.123650     3.817737
       5.561563     0.123650    -3.817737
      -1.701530     5.402147     3.817889
      -1.701530     5.402147    -3.817889
      -0.592406     5.407099     3.820412
      -0.592406     5.407099    -3.820412
       0.517278     5.408172     3.818330
       0.517278     5.408172    -3.818330
       1.632815     5.408944     3.809228
       1.632815     5.408944    -3.809228
      -5.648779     0.118559     3.809228
      -5.648779     0.118559    -3.809228
      -5.303324     1.179259     3.818330
      -5.303324     1.179259    -3.818330
      -4.959392     2.234300     3.820412
      -4.959392     2.234300    -3.820412
      -4.611944     3.287609     3.817889
      -4.611944     3.287609    -3.817889
      -1.836219    -5.251150     3.817737
      -1.836219    -5.251150    -3.817737
      -2.736699    -4.603551     3.820362
      -2.736699    -4.603551    -3.820362
      -3.635348    -3.952453     3.818357
      -3.635348    -3.952453    -3.818357
      -4.538542    -3.297641     3.809245
      -4.538542    -3.297641    -3.809245
       5.328925    -3.596907    -2.167980
       5.328178    -3.591500    -1.084439
       5.327266    -3.590602    -0.000000
       5.328178    -3.591500     1.084439
       5.328925    -3.596907     2.167980
       4.460112    -4.252201    -3.263880
       4.445136    -4.248058    -2.173854
       4.443080    -4.243380    -1.087067
       4.442199    -4.242430     0.000000
       4.443080    -4.243380     1.087067
       4.445136    -4.248058     2.173854
       4.460112    -4.252201     3.263880
       3.564284    -4.905819    -3.264946
       3.557187    -4.896051    -2.174731
       3.554320    -4.892104    -1.087457
       3.553490    -4.890963     0.000000
       3.554320    -4.892104     1.087457
       3.557187    -4.896051     2.174731
       3.564284    -4.905819     3.264946
       2.665830    -5.555822    -3.263880
       2.666517    -5.540299    -2.173854
       2.662704    -5.536898    -1.087067
       2.662072    -5.535767    -0.000000
       2.662704    -5.536898     1.087067
       2.666517    -5.540299     2.173854
       2.665830    -5.555822     3.263880
       1.774130    -6.179615    -2.167980
       1.769219    -6.177234    -1.084439
       1.768647    -6.176089     0.000000
       1.769219    -6.177234     1.084439
       1.774130    -6.179615     2.167980
      -6.530479    -0.136899    -2.202175
      -6.527464    -0.140633    -1.098453
      -6.526424    -0.140894     0.000000
      -6.527464    -0.140633     1.098453
      -6.530479    -0.136899     2.202175
      -6.212283     0.891110    -3.256956
      -6.192193     0.909330    -2.167548
      -6.188102     0.903656    -1.084208
      -6.186732     0.902934    -0.000000
      -6.188102     0.903656     1.084208
      -6.192193     0.909330     2.167548
      -6.212283     0.891110     3.256956
      -5.868578     1.948456    -3.263103
      -5.854218     1.951131    -2.173104
      -5.849447     1.947530    -1.086682
      -5.848104     1.946828     0.000000
      -5.849447     1.947530     1.086682
      -5.854218     1.951131     2.173104
      -5.868578     1.948456     3.263103
      -5.523038     3.002733    -3.262946
      -5.512595     2.993351    -2.173015
      -5.507331     2.991668    -1.086632
      -5.506049     2.990904    -0.000000
      -5.507331     2.991668     1.086632
      -5.512595     2.993351     2.173015
      -5.523038     3.002733     3.262946
      -5.166624     4.033925    -2.167422
      -5.161090     4.034228    -1.084136
      -5.159857     4.033467    -0.000000
      -5.161090     4.034228     1.084136
      -5.166624     4.033925     2.167422
      -1.844858    -6.181228    -2.167207
      -1.839862    -6.178260    -1.084025
      -1.839232    -6.176914    -0.000000
      -1.839862    -6.178260     1.084025
      -1.844858    -6.181228     2.167207
      -2.740421    -5.556567    -3.262767
      -2.736832    -5.543085    -2.172876
      -2.733238    -5.538705    -1.086558
      -2.732561    -5.537344    -0.000000
      -2.733238    -5.538705     1.086558
      -2.736832    -5.543085     2.172876
      -2.740421    -5.556567     3.262767
      -3.639969    -4.907070    -3.263042
      -3.626247    -4.901053    -2.173059
      -3.624228    -4.895452    -1.086658
      -3.623473    -4.894124     0.000000
      -3.624228    -4.895452     1.086658
      -3.626247    -4.901053     2.173059
      -3.639969    -4.907070     3.263042
      -4.539809    -4.253992    -3.256975
      -4.512416    -4.257211    -2.167578
      -4.512219    -4.250365    -1.084226
      -4.511467    -4.249020    -0.000000
      -4.512219    -4.250365     1.084226
      -4.512416    -4.257211     2.167578
      -4.539809    -4.253992     3.256975
      -5.401369    -3.609970    -2.202239
      -5.400948    -3.605349    -1.098490
      -5.400203    -3.604583     0.000000
      -5.400948    -3.605349     1.098490
      -5.401369    -3.609970     2.202239
      -0.035744    -6.502442    -2.760484
      -0.035353    -6.498186    -1.650086
      -0.035308    -6.496747    -0.549461
      -0.035308    -6.496747     0.549461
      -0.035353    -6.498186     1.650086
      -0.035744    -6.502442     2.760484
      -0.037856    -5.591701     4.371992
      -0.037856    -5.591701    -4.371992
       0.856013    -5.901236     3.809755
       0.856013    -5.901236    -3.809755
      -0.930918    -5.901078     3.809379
      -0.930918    -5.901078    -3.809379
       1.762737    -6.204238    -3.257170
       1.762737    -6.204238     3.257170
       0.873600    -6.816359    -2.203378
       0.871933    -6.814626    -1.099022
       0.872073    -6.813706    -0.000000
       0.871933    -6.814626     1.099022
       0.873600    -6.816359     2.203378
      -0.944124    -6.817174    -2.202987
      -0.942348    -6.815105    -1.098833
      -0.942487    -6.814058     0.000000
      -0.942348    -6.815105     1.098833
      -0.944124    -6.817174     2.202987
      -1.836747    -6.204534    -3.256307
      -1.836747    -6.204534     3.256307
       5.329721    -1.691931     4.371992
       5.329721    -1.691931    -4.371992
      -3.357132     4.620698     4.371894
      -3.357132     4.620698    -4.371894
       5.347885    -2.637702     3.809755
       5.347885    -2.637702    -3.809755
       5.899927    -0.938181     3.809379
       5.899927    -0.938181    -3.809379
      -2.815968     5.396210     3.809523
      -2.815968     5.396210    -3.809523
      -4.261916     4.345668     3.809523
      -4.261916     4.345668    -3.809523
       5.355863    -3.593681    -3.257170
       5.355863    -3.593681     3.257170
      -5.173249     4.058218    -3.256581
      -5.173249     4.058218     3.256581
       6.195234    -1.975374    -2.760484
       6.191066    -1.974431    -1.650086
       6.189683    -1.974028    -0.549461
       6.189683    -1.974028     0.549461
       6.191066    -1.974431     1.650086
       6.195234    -1.975374     2.760484
      -3.892442     5.357489    -2.760538
      -3.889854     5.353928    -1.650030
      -3.888941     5.352671    -0.549440
      -3.888941     5.352671     0.549440
      -3.889854     5.353928     1.650030
      -3.892442     5.357489     2.760538
       6.212784    -2.937218    -2.203378
       6.211651    -2.935096    -1.099022
       6.210733    -2.934945     0.000000
       6.211651    -2.935096     1.099022
       6.212784    -2.937218     2.203378
       5.102402     4.021463    -2.202239
       5.097877     4.022490    -1.098490
       5.096919     4.022018     0.000000
       5.097877     4.022490     1.098490
       5.102402     4.021463     2.202239
       5.448666     3.003056    -3.256975
       5.443263     2.976009    -2.167578
       5.436691     2.977938    -1.084226
       5.435180     2.977638     0.000000
       5.436691     2.977938     1.084226
       5.443263     2.976009     2.167578
       5.448666     3.003056     3.256975
       5.791715     1.945445    -3.263042
       5.781752     1.934254    -2.173059
       5.775801     1.934064    -1.086658
       5.774304     1.933757    -0.000000
       5.775800     1.934064     1.086658
       5.781752     1.934254     2.173059
       5.791715     1.945445     3.263042
       6.131446     0.889219    -3.262767
       6.117515     0.889971    -2.172876
       6.112239     0.887907    -1.086558
       6.110735     0.887684     0.000000
       6.112239     0.887907     1.086558
       6.117515     0.889971     2.172876
       6.131446     0.889219     3.262767
       6.468449    -0.170460    -3.256307
       6.448789    -0.155544    -2.167207
       6.444423    -0.159379    -1.084025
       6.442949    -0.159561     0.000000
       6.444423    -0.159379     1.084025
       6.448789    -0.155544     2.167207
       6.468449    -0.170460     3.256307
       6.775267    -1.208711    -2.202987
       6.772751    -1.209760    -1.098833
       6.771798    -1.209305     0.000000
       6.772751    -1.209760     1.098833
       6.775267    -1.208711     2.202987
      -3.342275     6.145905    -2.203116
      -3.342246     6.143300    -1.098878
      -3.341486     6.142535    -0.000000
      -3.342246     6.143300     1.098878
      -3.342275     6.145905     2.203116
      -2.260969     6.174111    -3.256581
      -2.239913     6.160304    -2.167422
      -2.241911     6.155135    -1.084136
      -2.241568     6.153727    -0.000000
      -2.241911     6.155135     1.084136
      -2.239913     6.160304     2.167422
      -2.260969     6.174111     3.256581
      -1.149053     6.180618    -3.262946
      -1.143357     6.167787    -2.173015
      -1.143383     6.162260    -1.086632
      -1.143052     6.160805     0.000000
      -1.143383     6.162260     1.086632
      -1.143357     6.167787     2.173015
      -1.149053     6.180618     3.262946
      -0.039598     6.183455    -3.263103
      -0.046580     6.170625    -2.173104
      -0.044629     6.164974    -1.086682
      -0.044376     6.163480     0.000000
      -0.044629     6.164974     1.086682
      -0.046580     6.170625     2.173104
      -0.039598     6.183455     3.263103
       1.072208     6.183600    -3.256956
       1.048672     6.170123    -2.167548
       1.052804     6.164479    -1.084208
       1.053068     6.162953    -0.000000
       1.052804     6.164479     1.084208
       1.048672     6.170123     2.167548
       1.072208     6.183600     3.256956
       2.148231     6.168549    -2.202175
       2.150850     6.164529    -1.098453
       2.150778     6.163458     0.000000
       2.150850     6.164528     1.098453
       2.148231     6.168549     2.202175
      -4.812281     5.077884    -2.203116
      -4.809812     5.077051    -1.098878
      -4.809319     5.076093    -0.000000
      -4.809812     5.077051     1.098878
      -4.812281     5.077884     2.203116