
      -0.058663    -0.025852    -0.004985
      -0.058702    -0.025781     1.095192
      -0.058400    -0.953450     0.544785
       0.822943    -0.312812     0.544946
       0.485902     0.724482     0.545053
      -0.603778     0.724818     0.545051
      -0.940284    -0.312238     0.545030
      -0.058364    -0.953519    -0.554929
       0.822998    -0.312883    -0.555117
       0.486015     0.724356    -0.555059
      -0.603666     0.724666    -0.554782
      -0.940220    -0.312361    -0.554910
      -0.058583    -0.025958    -1.105201
      -0.058029    -1.884195    -0.005126
       1.707034    -0.600027    -0.005132
       1.032451     1.476261    -0.005036
      -1.150489     1.477823    -0.004864
      -1.823948    -0.599428    -0.004915
      -0.058382    -0.953688     1.644529
      -0.058306    -0.953848    -1.654723
       0.823368    -0.312777     1.644956
       0.823502    -0.312950    -1.655171
       0.486158     0.724814     1.645086
       0.486463     0.724502    -1.655151
      -0.603994     0.725122     1.644850
      -0.603700     0.724746    -1.654677
      -0.940687    -0.312299     1.644935
      -0.940532    -0.312594    -1.654903
       0.827893    -1.246807     1.094340
       0.827922    -1.246880    -1.104570
       0.827589    -1.246725    -0.005100
       1.375068     0.439960     1.094712
       1.375234     0.439807    -1.104863
       1.374681     0.439733    -0.005063
      -0.059247     1.483068     1.094624
      -0.058921     1.482718    -1.104536
      -0.059238     1.482602    -0.004955
      -1.492889     0.441271     1.094668
      -1.492663     0.440907    -1.104388
      -1.492449     0.441120    -0.004842
      -0.944390    -1.246505     1.094386
      -0.944335    -1.246638    -1.104469
      -0.944076    -1.246409    -0.005025
      -0.058024    -1.884310     1.093369
      -0.058019    -1.884391    -1.103642
       1.707497    -0.600023     1.094191
       1.707577    -0.600114    -1.104474
       1.032678     1.476701     1.094347
       1.032936     1.476475    -1.104428
      -1.150774     1.478184     1.093889
      -1.150429     1.477767    -1.103589
      -1.824448    -0.599470     1.094338
      -1.824349    -0.599698    -1.104217
      -0.058690    -0.025818     2.195307
      -0.058513    -0.026056    -2.205424
      -0.057750    -2.817939    -0.553460
      -0.057732    -2.817915     0.543102
       2.593660    -0.887129    -0.554050
       2.593631    -0.887091     0.543715
       1.581107     2.229487    -0.553975
       1.580992     2.229570     0.543845
      -1.698890     2.233144    -0.553544
      -1.699099     2.233349     0.543347
      -2.709855    -0.887371    -0.553830
      -2.709892    -0.887273     0.543979
      -0.058323    -0.954393     2.744376
      -0.058278    -0.954536    -2.754645
      -0.057994    -1.884980     2.192137
      -0.058029    -1.885075    -2.202461
       0.824153    -0.312920     2.744852
       0.824298    -0.313104    -2.755135
       1.708854    -0.600226     2.193493
       1.708970    -0.600365    -2.203821
       0.486681     0.725280     2.744952
       0.487071     0.724931    -2.755137
       1.033509     1.477709     2.193670
       1.033975     1.477350    -2.203808
      -0.604359     0.725529     2.744605
      -0.603995     0.725145    -2.754662
      -1.151368     1.478892     2.192778
      -1.150724     1.478150    -2.202536
      -0.941338    -0.312632     2.744795
      -0.941181    -0.312903    -2.754913
      -1.825713    -0.599925     2.193602
      -1.825604    -0.600210    -2.203607
       0.828736    -1.247334     2.193833
       0.828756    -1.247433    -2.204139
       1.376294     0.440393     2.194363
       1.376565     0.440154    -2.204581
      -0.059086     1.484059     2.194175
      -0.058482     1.483498    -2.204172
      -1.493932     0.441358     2.194143
      -1.493584     0.440794    -2.204023
      -0.945160    -1.247136     2.193865
      -0.945117    -1.247293    -2.204033
       1.716052    -1.537761     1.642872
       1.716046    -1.537817    -1.653213
       1.714930    -1.537215    -0.554445
       1.714928    -1.537191     0.544153
       0.831332    -2.181962     1.642126
       0.831285    -2.181997    -1.652477
       0.830550    -2.181662    -0.554206
       0.830560    -2.181645     0.543908
       1.927197     1.194204     1.643149
       1.927470     1.194004    -1.653308
       1.926093     1.193445    -0.554443
       1.925994     1.193519     0.544324
       2.265154     0.154235     1.643068
       2.265318     0.154087    -1.653326
       2.263842     0.153875    -0.554480
       2.263780     0.153931     0.544262
      -0.606415     2.241764     1.642650
      -0.605732     2.241084    -1.652541
      -0.606258     2.240529    -0.554142
      -0.606459     2.240741     0.544178
       0.488185     2.240379     1.643171
       0.488696     2.239969    -1.653225
       0.488046     2.238958    -0.554389
       0.487888     2.239101     0.544317
      -2.382246     0.155105     1.643214
      -2.382006     0.154615    -1.652977
      -2.380801     0.154881    -0.554155
      -2.380915     0.155074     0.544490
      -2.045113     1.196570     1.642788
      -2.044579     1.195804    -1.652389
      -2.043868     1.196119    -0.553977
      -2.044055     1.196353     0.544356
      -0.947109    -2.181887     1.642158
      -0.947127    -2.181956    -1.652401
      -0.946365    -2.181568    -0.554146
      -0.946368    -2.181530     0.543952
      -1.832125    -1.537725     1.642953
      -1.832095    -1.537843    -1.653029
      -1.830993    -1.537129    -0.554280
      -1.831016    -1.537067     0.544271
      -0.057714    -2.818047     1.639845
      -0.057784    -2.818091    -1.650235
       2.594914    -0.887379     1.641686
       2.594983    -0.887477    -1.652050
       1.581686     2.230658     1.641881
       1.582039     2.230428    -1.652011
      -1.699585     2.233859     1.640580
      -1.698879     2.233110    -1.650484
      -2.711189    -0.887678     1.641983
      -2.711142    -0.887878    -1.651898
      -0.058637    -0.025974     3.295418
      -0.058482    -0.026140    -3.305663
      -0.057543    -3.754836    -1.099940
      -0.057497    -3.754971    -0.005223
      -0.057470    -3.754827     1.089479
       3.482944    -1.174867    -1.100752
       3.482397    -1.174646    -0.005192
       3.482918    -1.174797     1.090356
       2.131510     2.984857    -1.100674
       2.131120     2.984441    -0.005073
       2.131322     2.984950     1.090537
      -2.249156     2.991045    -1.100677
      -2.249289     2.991252    -0.005883
      -2.249472     2.991314     1.089186
      -3.598568    -1.176188    -1.100576
      -3.597986    -1.175953    -0.004931
      -3.598564    -1.176108     1.090708
      -0.058244    -0.955654     3.844255
      -0.058317    -0.955670    -3.854593
      -0.057949    -1.886846     3.291272
      -0.058093    -1.886858    -3.301659
      -0.057690    -2.819118     2.737167
      -0.057858    -2.819115    -2.747608
       0.825313    -0.313364     3.844630
       0.825388    -0.313451    -3.854980
       1.710967    -0.600873     3.292517
       1.711050    -0.600985    -3.302903
       2.597675    -0.888309     2.739808
       2.597737    -0.888424    -2.750219
       0.487466     0.725945     3.844678
       0.487788     0.725727    -3.854995
       1.034824     1.479282     3.292675
       1.035332     1.478957    -3.302911
       1.583235     2.232991     2.740037
       1.583753     2.232712    -2.750203
      -0.604948     0.726109     3.844336
      -0.604632     0.725907    -3.854646
      -1.152469     1.480101     3.291676
      -1.151747     1.479429    -3.301802
      -1.700802     2.235203     2.738210
      -1.699461     2.233786    -2.747930
      -0.942303    -0.313290     3.844610
      -0.942248    -0.313323    -3.854862
      -1.827659    -0.600918     3.292657
      -1.827656    -0.600951    -3.302792
      -2.713908    -0.888849     2.740149
      -2.713965    -0.888860    -2.750162
       0.829983    -1.248704     3.293207
       0.829934    -1.248753    -3.303606
       1.378288     0.440945     3.293655
       1.378558     0.440734    -3.303961
      -0.058923     1.485649     3.293485
      -0.058244     1.485135    -3.303677
      -1.495647     0.441444     3.293421
      -1.495328     0.441048    -3.303544
      -0.946285    -1.248655     3.293246
      -0.946354    -1.248673    -3.303512
       1.718238    -1.539312     2.741474
       1.718187    -1.539363    -2.751895
       0.832715    -2.183458     2.740552
       0.832594    -2.183465    -2.750986
       1.929631     1.195562     2.741711
       1.929990     1.195318    -2.751950
       2.267961     0.154570     2.741630
       2.268161     0.154391    -2.751957
      -0.606579     2.243835     2.741115
      -0.605455     2.242928    -2.751124
       0.488805     2.242868     2.741831
       0.489584     2.242370    -2.751948
      -2.384860     0.154896     2.741776
      -2.384675     0.154474    -2.751724
      -2.047185     1.197051     2.741141
      -2.046524     1.196055    -2.750979
      -0.948433    -2.183467     2.740580
      -0.948544    -2.183459    -2.750899
      -1.834252    -1.539459     2.741547
      -1.834314    -1.539454    -2.751731
       2.606660    -1.828689     2.189157
       2.606600    -1.828739    -2.199591
       2.604362    -1.826902    -1.102199
       2.603788    -1.826434    -0.005180
       2.604383    -1.826868     1.091819
       1.723035    -2.476619     2.189472
       1.722918    -2.476619    -2.199926
       1.720807    -2.474880    -1.102370
       1.720184    -2.474534    -0.005183
       1.720858    -2.474872     1.091980
       0.834644    -3.118900     2.187264
       0.834494    -3.118877    -2.197742
       0.833143    -3.118498    -1.101358
       0.832801    -3.118494    -0.005198
       0.833209    -3.118499     1.090939
       2.480838     1.950147     2.189273
       2.481161     1.949949    -2.199442
       2.478666     1.948538    -1.102076
       2.477902     1.948281    -0.005056
       2.478486     1.948650     1.091952
       2.822728     0.910248     2.190016
       2.822955     0.910064    -2.200269
       2.819892     0.909129    -1.102607
       2.818908     0.908884    -0.005087
       2.819757     0.909238     1.092413
       3.157468    -0.132000     2.189127
       3.157592    -0.132149    -2.199474
       3.154725    -0.132369    -1.102129
       3.153946    -0.132476    -0.005141
       3.154647    -0.132279     1.091830
      -1.154992     3.002029     2.188088
      -1.153680     3.000826    -2.198002
      -1.154648     2.999830    -1.101515
      -1.155086     2.999768    -0.005159
      -1.155107     3.000290     1.091316
      -0.058379     3.004050     2.189976
      -0.057460     3.003438    -2.200014
      -0.058240     3.000884    -1.102385
      -0.058689     3.000355    -0.005084
      -0.058614     3.001190     1.092261
       1.037658     2.998980     2.189503
       1.038250     2.998698    -2.199606
       1.037450     2.995976    -1.102174
       1.037152     2.995345    -0.005089
       1.037188     2.996131     1.092022
      -3.273628    -0.132537     2.189603
      -3.273584    -0.132862    -2.199374
      -3.270675    -0.132844    -1.101919
      -3.269973    -0.132746    -0.004855
      -3.270775    -0.132572     1.092214
      -2.939548     0.911287     2.190126
      -2.939111     0.910390    -2.199739
      -2.936379     0.910426    -1.102085
      -2.935776     0.910733    -0.004758
      -2.936729     0.910964     1.092599
      -2.598595     1.953531     2.188422
      -2.597497     1.952051    -2.197862
      -2.596158     1.952726    -1.101366
      -2.595981     1.953114    -0.004969
      -2.596633     1.953243     1.091600
      -0.949857    -3.118981     2.187283
      -0.949977    -3.118948    -2.197666
      -0.948496    -3.118555    -1.101297
      -0.948088    -3.118532    -0.005153
      -0.948456    -3.118542     1.090969
      -1.838512    -2.476902     2.189512
      -1.838587    -2.476858    -2.199767
      -1.836369    -2.475105    -1.102226
      -1.835707    -2.474728    -0.005075
      -1.836360    -2.475081     1.092047
      -2.722325    -1.829394     2.189306
      -2.722376    -1.829351    -2.199412
      -2.720033    -1.827532    -1.101995
      -2.719437    -1.827034    -0.004993
      -2.720041    -1.827485     1.091978
      -0.057453    -3.754583     2.184105
      -0.057624    -3.754563    -2.194604
       3.484946    -1.175592     2.186550
       3.484974    -1.175706    -2.196978
       2.132308     2.986818     2.186800
       2.132705     2.986650    -2.196927
      -2.250197     2.991738     2.184668
      -2.249013     2.990705    -2.195313
      -3.600667    -1.176939     2.186983
      -3.600756    -1.176937    -2.196895
      -0.058553    -0.026224     4.395792
      -0.058502    -0.026218    -4.406135
      -0.057387    -4.695788    -1.646724
      -0.057302    -4.695823    -0.552676
      -0.057254    -4.695828     0.542147
      -0.057232    -4.695819     1.636171
       4.374979    -1.463878    -1.645062
       4.374245    -1.463433    -0.551817
       4.374243    -1.463392     0.541391
       4.374980    -1.463767     1.634619
       2.683368     3.742918    -1.644966
       2.682979     3.742187    -0.551687
       2.682904     3.742211     0.541569
       2.683113     3.742997     1.634863
      -2.801935     3.752346    -1.648276
      -2.801841     3.752454    -0.554663
      -2.801707     3.752471     0.539602
      -2.801800     3.752486     1.633237
      -4.490375    -1.465960    -1.644880
      -4.489468    -1.465658    -0.551560
      -4.489446    -1.465653     0.541704
      -4.490279    -1.465980     1.635020
      -0.058169    -0.957767     4.944428
      -0.058437    -0.957572    -4.954812
      -0.057907    -1.890263     4.390444
      -0.058223    -1.890105    -4.400883
      -0.057669    -2.823183     3.835582
      -0.057986    -2.823052    -3.846075
      -0.057445    -3.755511     3.279617
      -0.057748    -3.755404    -3.290162
       0.827129    -0.314225     4.944665
       0.827054    -0.314125    -4.955064
       1.714118    -0.602194     4.391256
       1.714091    -0.602198    -4.401695
       2.602012    -0.890139     3.837480
       2.602006    -0.890210    -3.847943
       3.489984    -1.177766     3.283560
       3.489974    -1.177881    -3.294032
       0.488675     0.727104     4.944709
       0.488769     0.727154    -4.955086
       1.036795     1.481739     4.391411
       1.037107     1.481635    -4.401715
       1.585732     2.236750     3.837730
       1.586184     2.236583    -3.847942
       2.135013     2.991432     3.283856
       2.135501     2.991277    -3.293998
      -0.605931     0.727170     4.944455
      -0.605803     0.727272    -4.954883
      -1.154254     1.482158     4.390578
      -1.153707     1.481879    -4.401060
      -1.703213     2.237977     3.836048
      -1.701826     2.236806    -3.846431
      -2.252581     2.994072     3.281077
      -2.249565     2.991224    -3.290826
      -0.943908    -0.314324     4.944725
      -0.944069    -0.313969    -4.955007
      -1.830639    -0.602539     4.391478
      -1.830861    -0.602045    -4.401636
      -2.718190    -0.890919     3.837879
      -2.718459    -0.890365    -3.847919
      -3.605787    -1.179148     3.284048
      -3.606049    -1.178687    -3.293994
       0.831684    -1.251220     4.392233
       0.831502    -1.251144    -4.402713
       1.381144     0.441626     4.392537
       1.381291     0.441571    -4.402922
      -0.058786     1.488080     4.392455
      -0.058340     1.487894    -4.402804
      -1.498221     0.441687     4.392436
      -1.498123     0.441822    -4.402684
      -0.947861    -1.251314     4.392295
      -0.948139    -1.251051    -4.402629
       1.721409    -1.542342     3.839363
       1.721268    -1.542333    -3.849868
       0.834427    -2.187113     3.838677
       0.834184    -2.187035    -3.849196
       1.933327     1.197657     3.839537
       1.933631     1.197497    -3.849868
       2.272271     0.154796     3.839465
       2.272415     0.154679    -3.849867
      -0.607266     2.247301     3.839101
      -0.606215     2.246661    -3.849375
       0.489689     2.246797     3.839739
       0.490372     2.246497    -3.849944
      -2.388953     0.154548     3.839716
      -2.389005     0.154777    -3.849753
      -2.050511     1.198191     3.839077
      -2.050031     1.197761    -3.849235
      -0.950082    -2.187222     3.838709
      -0.950368    -2.187013    -3.849104
      -1.837356    -1.542687     3.839463
      -1.837621    -1.542351    -3.849733
       2.610984    -1.832246     3.286002
       2.610858    -1.832278    -3.296506
       1.726375    -2.480789     3.286515
       1.726165    -2.480753    -3.297049
       0.836691    -3.122279     3.284233
       0.836425    -3.122197    -3.294784
       2.485002     1.953381     3.286106
       2.485362     1.953185    -3.296355
       2.827816     0.911855     3.286897
       2.828053     0.911673    -3.297231
       3.162804    -0.132233     3.285961
       3.162916    -0.132382    -3.296373
      -1.156038     3.005845     3.284997
      -1.154007     3.004559    -3.295102
      -0.058410     3.009139     3.287075
      -0.057202     3.008611    -3.297184
       1.038926     3.004219     3.286439
       1.039659     3.003992    -3.296546
      -3.278974    -0.133105     3.286523
      -3.279159    -0.132877    -3.296357
      -2.944414     0.911914     3.287104
      -2.944249     0.911533    -3.296933
      -2.602253     1.954928     3.285145
      -2.601122     1.953351    -3.294960
      -0.951871    -3.122416     3.284246
      -0.952134    -3.122243    -3.294694
      -1.841826    -2.481177     3.286549
      -1.842058    -2.480920    -3.296893
      -2.726657    -1.833065     3.286170
      -2.726879    -1.832705    -3.296373
       3.500179    -2.121363     2.732192
       3.500058    -2.121428    -2.742691
       3.496052    -2.117602    -1.647139
       3.495047    -2.116355    -0.552445
       3.495066    -2.116334     0.542025
       3.496116    -2.117548     1.636690
       2.617924    -2.772478     2.733627
       2.617731    -2.772472    -2.744160
       2.613581    -2.767757    -1.648346
       2.611905    -2.766083    -0.552833
       2.611940    -2.766079     0.542393
       2.613690    -2.767751     1.637872
       1.730371    -3.417904     2.732803
       1.730133    -3.417846    -2.743369
       1.726660    -3.413864    -1.647585
       1.725215    -3.413152    -0.552635
       1.725258    -3.413160     0.542165
       1.726795    -3.413891     1.637079
       0.838323    -4.057696     2.729083
       0.838058    -4.057612    -2.739672
       0.835963    -4.057771    -1.646074
       0.835379    -4.057940    -0.552287
       0.835426    -4.057951     0.541785
       0.836111    -4.057809     1.635539
       3.036374     2.708577     2.732428
       3.036711     2.708396    -2.742589
       3.032518     2.705428    -1.646992
       3.031198     2.704905    -0.552295
       3.031120     2.704947     0.542195
       3.032288     2.705555     1.636877
       3.382236     1.668579     2.733900
       3.382485     1.668381    -2.744145
       3.377054     1.665961    -1.648340
       3.374774     1.665165    -0.552741
       3.374708     1.665217     0.542595
       3.376872     1.666108     1.638160
       3.721180     0.625553     2.733829
       3.721341     0.625365    -2.744164
       3.715501     0.624217    -1.648367
       3.713163     0.623631    -0.552781
       3.713117     0.623683     0.542540
       3.715377     0.624359     1.638093
       4.052768    -0.419121     2.732222
       4.052837    -0.419288    -2.742640
       4.047686    -0.419273    -1.647064
       4.046305    -0.419525    -0.552398
       4.046281    -0.419478     0.542052
       4.047623    -0.419146     1.636692
      -1.705076     3.764392     2.730477
      -1.702430     3.762302    -2.740239
      -1.704297     3.761312    -1.646625
      -1.704952     3.761218    -0.552738
      -1.705112     3.761410     0.541611
      -1.705050     3.762093     1.635952
      -0.606383     3.769859     2.733611
      -0.604748     3.769094    -2.743589
      -0.605299     3.763910    -1.647731
      -0.606168     3.762576    -0.552677
      -0.606336     3.762709     0.542299
      -0.605964     3.764381     1.637503
       0.491670     3.768931     2.734203
       0.492623     3.768705    -2.744226
       0.491973     3.762506    -1.648366
       0.491509     3.760216    -0.552787
       0.491392     3.760265     0.542549
       0.491523     3.762669     1.638215
       1.588480     3.760697     2.732609
       1.589090     3.760600    -2.742684
       1.588052     3.755199    -1.647103
       1.587902     3.753642    -0.552364
       1.587813     3.753662     0.542181
       1.587730     3.755269     1.636969
      -4.168419    -0.420845     2.732847
      -4.168652    -0.420755    -2.742528
      -4.163150    -0.421080    -1.646890
      -4.161597    -0.421300    -0.552132
      -4.161586    -0.421242     0.542412
      -4.163080    -0.420907     1.637209
      -3.837017     0.624547     2.734452
      -3.837097     0.624190    -2.743942
      -3.830925     0.623148    -1.648048
      -3.828588     0.622989    -0.552450
      -3.828649     0.623145     0.542903
      -3.831071     0.623688     1.638598
      -3.498520     1.669169     2.734008
      -3.497929     1.667737    -2.743303
      -3.492713     1.666860    -1.647408
      -3.491155     1.667391    -0.552286
      -3.491364     1.667704     0.542831
      -3.493440     1.668035     1.638230
      -3.154099     2.712435     2.731166
      -3.151841     2.709493    -2.740134
      -3.150123     2.711118    -1.646542
      -3.149703     2.711767    -0.552682
      -3.149832     2.711935     0.541683
      -3.150833     2.711960     1.636228
      -0.953059    -4.057867     2.729095
      -0.953298    -4.057728    -2.739599
      -0.950979    -4.057911    -1.646012
      -0.950252    -4.058078    -0.552237
      -0.950220    -4.058086     0.541820
      -0.950864    -4.057956     1.635561
      -1.845366    -3.418360     2.732821
      -1.845561    -3.418151    -2.743225
      -1.841880    -3.414242    -1.647454
      -1.840317    -3.413542    -0.552528
      -1.840301    -3.413553     0.542237
      -1.841806    -3.414306     1.637119
      -2.733146    -2.773374     2.733705
      -2.733310    -2.773097    -2.743999
      -2.728950    -2.768537    -1.648169
      -2.727174    -2.766913    -0.552670
      -2.727169    -2.766923     0.542520
      -2.728906    -2.768615     1.637965
      -3.615572    -2.122830     2.732438
      -3.615734    -2.122516    -2.742574
      -3.611488    -2.118972    -1.646959
      -3.610379    -2.117830    -0.552236
      -3.610374    -2.117830     0.542238
      -3.611448    -2.119037     1.636912
      -0.057227    -4.694822     2.728725
       4.377071    -1.464963     2.728742
       2.683908     3.745191     2.729048
      -2.803317     3.752086     2.726590
      -4.492528    -1.467027     2.729211
      -0.058451    -0.026552     5.497124
      -0.058113    -0.961597     6.046743
      -0.057882    -1.896229     5.490683
      -0.057659    -2.831163     4.934542
      -0.057445    -3.764700     4.379076
       0.830381    -0.315699     6.046939
       1.719239    -0.604377     5.491216
       2.608930    -0.893066     4.935531
       3.498801    -1.181476     4.380570
       0.490755     0.729486     6.047060
       1.039986     1.485888     5.491445
       1.589880     2.242726     4.935840
       2.140100     2.999348     4.380910
      -0.607801     0.729472     6.046918
      -1.157236     1.485993     5.490915
      -1.707186     2.243134     4.934700
      -2.257523     3.000230     4.378985
      -0.946977    -0.315889     6.047067
      -1.835631    -0.604878     5.491511
      -2.725078    -0.893972     4.935969
      -3.614689    -1.182851     4.381074
       0.834144    -1.255214     5.491689
       1.385240     0.442609     5.492051
      -0.058675     1.491924     5.492030
      -1.502096     0.442405     5.492115
      -0.950230    -1.255403     5.491778
       1.725927    -1.547088     4.936861
       0.836639    -2.193540     4.936427
       1.938566     1.200696     4.937188
       2.278423     0.154931     4.937112
      -0.608538     2.252766     4.936923
       0.491034     2.252622     4.937347
      -2.394971     0.154343     4.937486
      -2.055467     1.200575     4.937034
      -0.952253    -2.193729     4.936470
      -1.841828    -1.547576     4.937006
       2.617620    -1.837700     4.381907
       1.730600    -2.488091     4.382594
       0.838509    -3.130810     4.380816
       2.491206     1.958609     4.382183
       2.835116     0.914065     4.383087
       3.170981    -0.133113     4.382040
      -1.158758     3.012621     4.381552
      -0.058713     3.016818     4.383281
       1.041395     3.012121     4.382446
      -3.287203    -0.134184     4.382646
      -2.951585     0.913412     4.383484
      -2.607973     1.958638     4.381682
      -0.953673    -3.131003     4.380832
      -1.846034    -2.488573     4.382642
      -2.733310    -1.838608     4.382115
       3.508937    -2.127406     3.827058
       2.624326    -2.780493     3.828397
       1.734386    -3.427554     3.827911
       0.840718    -4.066262     3.825107
       3.043486     2.715943     3.827408
       3.390406     1.672985     3.828788
       3.730433     0.626662     3.828720
       4.062923    -0.421006     3.827202
      -1.708933     3.771238     3.826376
      -0.608718     3.779201     3.828799
       0.492233     3.778802     3.829087
       1.592027     3.770545     3.827559
      -4.178806    -0.422634     3.827848
      -3.846511     0.625379     3.829403
      -3.506623     1.672161     3.829260
      -3.160378     2.716213     3.826672
      -0.955453    -4.066462     3.825115
      -1.849377    -3.428055     3.827919
      -2.739566    -2.781416     3.828480
      -3.624408    -2.128834     3.827334
       4.389018    -2.408020    -1.096926
       4.388596    -2.407519    -0.005225
       4.389074    -2.407964     1.086463
       4.390080    -2.410063     2.178030
       3.517741    -3.071607     3.273700
       3.509413    -3.063235    -2.190630
       3.506249    -3.059470    -1.097674
       3.505517    -3.058676    -0.005242
       3.506337    -3.059453     1.087176
       3.509588    -3.063207     2.180099
       2.629999    -3.721308     3.274033
       2.623831    -3.711234    -2.190890
       2.620619    -3.707541    -1.097833
       2.619852    -3.706791    -0.005264
       2.620724    -3.707552     1.087291
       2.624043    -3.711261     2.180314
       1.738362    -4.364596     3.272322
       1.733815    -4.354545    -2.188971
       1.731459    -4.353781    -1.097356
       1.730896    -4.353484    -0.005284
       1.731573    -4.353812     1.086775
       1.734048    -4.354612     2.178357
       0.839935    -5.000994    -1.098635
       0.839600    -5.000734    -0.005295
       0.840052    -5.001030     1.088032
       0.840706    -5.001010     2.179284
       3.586153     3.463875    -1.096846
       3.585645     3.463663    -0.005032
       3.586009     3.463950     1.086780
       3.587524     3.464471     2.178424
       3.945061     2.431445     3.274258
       3.936265     2.425171    -2.190694
       3.932214     2.423351    -1.097634
       3.931252     2.423019    -0.005053
       3.932096     2.423451     1.087516
       3.936048     2.425355     2.180539
       4.288019     1.386284     3.275052
       4.278374     1.382915    -2.191419
       4.273815     1.381485    -1.098045
       4.272665     1.381176    -0.005097
       4.273725     1.381593     1.087838
       4.278216     1.383106     2.181172
       4.624972     0.339166     3.274118
       4.614161     0.338604    -2.190750
       4.609796     0.337786    -1.097708
       4.608807     0.337607    -0.005150
       4.609737     0.337892     1.087395
       4.614064     0.338789     2.180403
       4.941379    -0.707457    -1.096974
       4.940854    -0.707476    -0.005199
       4.941357    -0.707357     1.086566
       4.942954    -0.706747     2.178172
      -2.255409     4.526880    -1.099885
      -2.255543     4.526644    -0.006573
      -2.255539     4.527389     1.087066
      -2.256088     4.528158     2.179634
      -1.157699     4.539953     3.273853
      -1.152292     4.529089    -2.189349
      -1.153837     4.527213    -1.097672
      -1.154225     4.526732    -0.005444
      -1.154129     4.527470     1.086908
      -1.153410     4.529686     2.179033
      -0.056811     4.543226     3.274942
      -0.054202     4.531797    -2.190976
      -0.054699     4.526964    -1.097846
      -0.054967     4.525910    -0.005167
      -0.054900     4.526983     1.087561
      -0.054927     4.531835     2.180886
       1.043843     4.539485     3.274307
       1.043103     4.528062    -2.190618
       1.042700     4.523179    -1.097610
       1.042493     4.522094    -0.005103
       1.042533     4.523143     1.087434
       1.042581     4.528012     2.180543
       2.139781     4.515003    -1.096827
       2.139650     4.514364    -0.005074
       2.139621     4.514996     1.086697
       2.138923     4.517271     2.178378
      -5.056515    -0.710179    -1.096629
      -5.055856    -0.710210    -0.004848
      -5.056401    -0.710141     1.086955
      -5.058241    -0.709354     2.178672
      -4.740628     0.337155     3.274748
      -4.729549     0.336110    -2.190360
      -4.724765     0.335244    -1.097310
      -4.723665     0.335171    -0.004771
      -4.724667     0.335375     1.087817
      -4.729309     0.336423     2.181002
      -4.403724     1.384607     3.275604
      -4.393512     1.380523    -2.190611
      -4.388695     1.379729    -1.097431
      -4.387607     1.379760    -0.004689
      -4.388725     1.380071     1.088157
      -4.393512     1.381519     2.181690
      -4.060431     2.430464     3.275045
      -4.051091     2.423778    -2.189034
      -4.048701     2.424879    -1.097291
      -4.048098     2.425262    -0.004898
      -4.049034     2.425687     1.087851
      -4.052230     2.426400     2.180723
      -3.707304     3.472239    -1.100033
      -3.706746     3.472346    -0.006996
      -3.707107     3.472526     1.086190
      -3.707817     3.473156     2.178477
      -0.954470    -5.001182    -1.098576
      -0.953998    -5.000925    -0.005247
      -0.954380    -5.001224     1.088066
      -0.955014    -5.001211     2.179306
      -1.852931    -4.365134     3.272331
      -1.848780    -4.354975    -2.188853
      -1.846217    -4.354270    -1.097247
      -1.845537    -4.353994    -0.005200
      -1.846155    -4.354331     1.086829
      -1.848613    -4.355139     2.178385
      -2.744811    -3.722277     3.274078
      -2.738966    -3.712020    -2.190746
      -2.735567    -3.708459    -1.097690
      -2.734704    -3.707763    -0.005145
      -2.735531    -3.708537     1.087379
      -2.738843    -3.712244     2.180377
      -3.632789    -3.073087     3.273859
      -3.624686    -3.064506    -2.190499
      -3.621347    -3.060963    -1.097515
      -3.620537    -3.060255    -0.005080
      -3.621328    -3.061041     1.087332
      -3.624591    -3.064755     2.180251
      -4.504190    -2.410169    -1.096735
      -4.503699    -2.409778    -0.005000
      -4.504162    -2.410222     1.086720
      -4.505224    -2.412214     2.178323
      -0.057516    -4.694730    -2.739319
       4.377045    -1.465112    -2.739217
       2.684350     3.745074    -2.739144
      -2.801401     3.751326    -2.740571
      -4.492758    -1.466744    -2.739096
      -0.058595    -0.026303    -5.507489
      -0.057258    -5.645398    -2.205633
      -0.057143    -5.644376    -1.104595
      -0.057068    -5.643932    -0.005291
      -0.057031    -5.644404     1.094003
      -0.057024    -5.645478     2.195015
       5.270956    -1.754663    -2.189642
       5.270040    -1.753909    -1.098095
       5.269470    -1.753626    -0.005226
       5.270057    -1.753812     1.087637
       5.270999    -1.754487     2.179164
       3.237367     4.504750    -2.189524
       3.237017     4.503654    -1.097945
       3.236639     4.503146    -0.005035
       3.236858     4.503697     1.087881
       3.237000     4.504851     2.179470
      -3.360012     4.520810    -2.208001
      -3.359288     4.520160    -1.107769
      -3.358823     4.520006    -0.010182
      -3.358635     4.520736     1.085467
      -3.358247     4.522463     2.178752
      -5.386378    -1.757071    -2.189413
      -5.385167    -1.756679    -1.097799
      -5.384502    -1.756473    -0.004917
      -5.385099    -1.756689     1.087970
      -5.386192    -1.757192     2.179563
      -0.058623    -0.961143    -6.057142
      -0.058404    -1.895847    -5.501155
      -0.058157    -2.830847    -4.945073
      -0.057911    -3.764443    -4.389657
      -0.057241    -4.693209     3.822945
      -0.057683    -4.693017    -3.833581
       0.830089    -0.315366    -6.057354
       1.719041    -0.604221    -5.501689
       2.608800    -0.893042    -4.946035
       3.498708    -1.181547    -4.391082
       4.387231    -1.469192     3.826365
       4.387149    -1.469338    -3.836873
       0.490518     0.729864    -6.057378
       1.039944     1.486107    -5.501715
       1.590036     2.242798    -4.946043
       2.140432     2.999314    -4.391060
       2.689602     3.754473     3.826703
       2.690062     3.754377    -3.836813
      -0.608021     0.729969    -6.057219
      -1.157195     1.486337    -5.501340
      -1.706514     2.242938    -4.945431
      -2.254990     2.998378    -4.390298
      -2.808608     3.755533     3.823217
      -2.800485     3.749707    -3.834618
      -0.947440    -0.315106    -6.057243
      -1.836155    -0.603802    -5.501537
      -2.725611    -0.892721    -4.945894
      -3.615158    -1.181667    -4.390957
      -4.502858    -1.471068     3.826845
      -4.503239    -1.470156    -3.836715
       0.833783    -1.254964    -5.502218
       1.385174     0.442789    -5.502474
      -0.058714     1.492249    -5.502314
      -1.502421     0.443231    -5.502194
      -0.950769    -1.254797    -5.502131
       1.725656    -1.546977    -4.947430
       0.836242    -2.193334    -4.947007
       1.938685     1.200735    -4.947577
       2.278432     0.154956    -4.947572
      -0.608224     2.252896    -4.947201
       0.491217     2.252763    -4.947516
      -2.395423     0.155527    -4.947328
      -2.055597     1.201323    -4.947067
      -0.952763    -2.193243    -4.946917
      -1.842359    -1.546802    -4.947298
       2.617400    -1.837682    -4.392476
       1.730275    -2.487989    -4.393198
       0.838105    -3.130633    -4.391429
       2.491463     1.958535    -4.392503
       2.835273     0.913980    -4.393496
       3.171018    -0.133193    -4.392510
      -1.157580     3.012306    -4.391771
      -0.058101     3.016818    -4.393356
       1.041801     3.012147    -4.392530
      -3.287691    -0.132896    -4.392346
      -2.951962     0.914582    -4.393124
      -2.607625     1.958886    -4.391632
      -0.954129    -3.130611    -4.391339
      -1.846493    -2.487990    -4.393053
      -2.733781    -1.837764    -4.392352
       3.508742    -2.127457    -3.837609
       2.624040    -2.780459    -3.838990
       1.734034    -3.427452    -3.838538
       0.840318    -4.066109    -3.835753
       3.043822     2.715795    -3.837634
       3.390645     1.672822    -3.839108
       3.730573     0.626502    -3.839120
       4.062956    -0.421158    -3.837671
      -1.705561     3.770429    -3.836335
      -0.607199     3.779100    -3.838798
       0.493068     3.778824    -3.839084
       1.592600     3.770532    -3.837620
      -4.179223    -0.421618    -3.837491
      -3.846971     0.626474    -3.838827
      -3.506859     1.672847    -3.838533
      -3.158843     2.714725    -3.836214
      -0.955862    -4.066148    -3.835667
      -1.849763    -3.427601    -3.838392
      -2.739941    -2.780804    -3.838849
      -3.624786    -2.128064    -3.837526
       4.398803    -2.417023     3.271986
       4.398622    -2.417136    -3.282517
       4.389967    -2.410161    -2.188525
       3.517479    -3.071631    -3.284274
       2.629680    -3.721260    -3.284653
       1.738006    -4.364492    -3.282982
       0.841411    -4.999461     3.268142
       0.841035    -4.999321    -3.278822
       0.840461    -5.000927    -2.189922
       3.595452     3.471629     3.272531
       3.595824     3.471442    -3.282657
       3.587811     3.464319    -2.188507
       3.945331     2.431237    -3.284469
       4.288205     1.386071    -3.285355
       4.625076     0.338957    -3.284511
       4.953651    -0.707832     3.272265
       4.953664    -0.708040    -3.282735
       4.942983    -0.706924    -2.188604
      -2.259474     4.528558     3.271961
      -2.253417     4.525807    -3.279784
      -2.254937     4.526970    -2.191043
      -1.154692     4.539530    -3.283418
      -0.055316     4.543305    -3.284788
       1.044730     4.539566    -3.284297
       2.141640     4.527977     3.272416
       2.142276     4.527957    -3.282481
       2.139342     4.517262    -2.188463
      -5.069222    -0.710050     3.272779
      -5.069583    -0.709492    -3.282402
      -5.058510    -0.709381    -2.188314
      -4.741045     0.337650    -3.284087
      -4.404226     1.384775    -3.284462
      -4.060465     2.428991    -3.283136
      -3.711486     3.475831     3.272220
      -3.707453     3.469620    -3.279738
      -3.707802     3.471665    -2.191055
      -0.955736    -4.999669     3.268155
      -0.956108    -4.999448    -3.278765
      -0.955228    -5.001096    -2.189859
      -1.853262    -4.364781    -3.282850
      -2.745106    -3.721807    -3.284516
      -3.633063    -3.072528    -3.284184
      -4.514060    -2.419010     3.272316
      -4.514338    -2.418411    -3.282461
      -4.505325    -2.411991    -2.188392
       5.286947    -2.703793    -1.639790
       5.285991    -2.702004    -0.550429
       5.286026    -2.701963     0.539968
       5.287052    -2.703677     1.629310
       4.410732    -3.363589    -2.728040
       4.404403    -3.356963    -1.638437
       4.402908    -3.354922    -0.549694
       4.402958    -3.354902     0.539182
       4.404554    -3.356906     1.627908
       4.410977    -3.363506     2.717484
       3.525667    -4.014326    -2.730088
       3.520231    -4.007042    -1.639712
       3.518234    -4.004854    -0.550140
       3.518293    -4.004851     0.539566
       3.520409    -4.007035     1.629123
       3.525960    -4.014316     2.719474
       2.637155    -4.660743    -2.728542
       2.632504    -4.652907    -1.638800
       2.630473    -4.651234    -0.549863
       2.630537    -4.651243     0.539232
       2.632696    -4.652936     1.628153
       2.637477    -4.660793     2.717873
       1.746149    -5.299004    -2.726015
       1.742946    -5.298707    -1.640262
       1.740893    -5.297621    -0.550692
       1.740959    -5.297639     0.540021
       1.743145    -5.298763     1.629577
       1.746486    -5.299106     2.715312
       0.851093    -5.953386    -1.654215
       0.849709    -5.952723    -0.554573
       0.849773    -5.952744     0.543907
       0.851287    -5.953451     1.643531
       4.145499     4.225685    -1.639884
       4.143785     4.225388    -0.550306
       4.143711     4.225428     0.540309
       4.145267     4.225813     1.629883
       4.500580     3.189007    -2.728401
       4.493487     3.184306    -1.638643
       4.491356     3.183738    -0.549609
       4.491295     3.183790     0.539554
       4.493309     3.184465     1.628574
       4.500304     3.189239     2.718301
       4.845529     2.145564    -2.730769
       4.838183     2.142148    -1.640117
       4.835592     2.141363    -0.550126
       4.835545     2.141422     0.539982
       4.838048     2.142318     1.629955
       4.845328     2.145807     2.720573
       5.185480     1.099195    -2.730801
       5.177507     1.097724    -1.640157
       5.174922     1.096944    -0.550175
       5.174887     1.097005     0.539922
       5.177411     1.097897     1.629885
       5.185345     1.099440     2.720499
       5.519665     0.052257    -2.728490
       5.511153     0.051970    -1.638754
       5.509083     0.051284    -0.549748
       5.509062     0.051345     0.539382
       5.511098     0.052141     1.628373
       5.519598     0.052503     2.718085
       5.841673    -0.995090    -1.640045
       5.840120    -0.995757    -0.550509
       5.840117    -0.995696     0.540055
       5.841669    -0.994918     1.629580
      -2.806011     5.304139    -1.656493
      -2.806584     5.303114    -0.557408
      -2.806180     5.303767     0.540135
      -2.804926     5.306315     1.638435
      -1.697297     5.300311    -2.726749
      -1.699795     5.298455    -1.641095
      -1.700798     5.296533    -0.551484
      -1.700742     5.296737     0.539454
      -1.699919     5.298948     1.629555
      -1.699203     5.300896     2.716408
      -0.601443     5.307795    -2.728736
      -0.600635     5.298780    -1.638922
      -0.601307     5.296258    -0.549854
      -0.601292     5.296244     0.539440
      -0.600804     5.298666     1.628651
      -0.602691     5.307431     2.718827
       0.497282     5.307063    -2.730102
       0.497136     5.297991    -1.639665
       0.496770     5.295035    -0.550002
       0.496746     5.294985     0.539829
       0.496909     5.297810     1.629552
       0.496398     5.306771     2.720123
       1.595788     5.300800    -2.727991
       1.594527     5.291736    -1.638346
       1.594458     5.289205    -0.549542
       1.594404     5.289170     0.539418
       1.594257     5.291631     1.628251
       1.595093     5.300673     2.717946
       2.692429     5.282033    -1.639679
       2.692636     5.280051    -0.550276
       2.692563     5.280047     0.540176
       2.692145     5.282034     1.629592
      -5.957000    -0.998289    -1.639542
      -5.955188    -0.998943    -0.550081
      -5.955118    -0.998933     0.540420
      -5.956778    -0.998217     1.629902
      -5.635452     0.049606    -2.727843
      -5.626454     0.048473    -1.638134
      -5.624028     0.047937    -0.549255
      -5.623936     0.047950     0.539785
      -5.626138     0.048621     1.628718
      -5.634987     0.049664     2.718483
      -5.301462     1.095972    -2.729801
      -5.292717     1.093713    -1.639312
      -5.289756     1.093334    -0.549585
      -5.289661     1.093365     0.540327
      -5.292330     1.093994     1.630176
      -5.300776     1.096537     2.720914
      -4.962137     2.140897    -2.728301
      -4.953658     2.137694    -1.638411
      -4.950953     2.137754    -0.549228
      -4.950863     2.137839     0.540249
      -4.953249     2.138283     1.629774
      -4.961011     2.142914     2.720617
      -4.615851     3.180579    -2.726485
      -4.613099     3.182691    -1.640816
      -4.610771     3.183260    -0.551113
      -4.610809     3.183531     0.540178
      -4.613033     3.184256     1.631420
      -4.615690     3.187315     2.721503
      -4.276109     4.236355    -1.656861
      -4.274624     4.236763    -0.558372
      -4.274863     4.236754     0.537563
      -4.276493     4.236852     1.631385
      -0.965362    -5.953579    -1.654140
      -0.963777    -5.952935    -0.554509
      -0.963727    -5.952958     0.543958
      -0.965200    -5.953670     1.643572
      -1.860936    -5.299439    -2.725909
      -1.857424    -5.299229    -1.640142
      -1.855180    -5.298195    -0.550587
      -1.855142    -5.298231     0.540098
      -1.857289    -5.299357     1.629624
      -1.860641    -5.299684     2.715334
      -2.752116    -4.661458    -2.728419
      -2.747170    -4.653823    -1.638671
      -2.744970    -4.652256    -0.549746
      -2.744946    -4.652302     0.539327
      -2.747074    -4.653991     1.628224
      -2.751872    -4.661821     2.717924
      -3.640793    -4.015431    -2.730005
      -3.635073    -4.008461    -1.639603
      -3.632931    -4.006435    -0.550015
      -3.632921    -4.006483     0.539694
      -3.635016    -4.008647     1.629247
      -3.640595    -4.015858     2.719596
      -4.526000    -3.365144    -2.728008
      -4.519404    -3.358948    -1.638349
      -4.517787    -3.357119    -0.549551
      -4.517783    -3.357159     0.539366
      -4.519368    -3.359115     1.628126
      -4.525836    -3.365579     2.717726
      -5.402062    -2.706341    -1.639639
      -5.400997    -2.704769    -0.550214
      -5.400984    -2.704786     0.540231
      -5.402013    -2.706439     1.629625
      -5.402808    -2.708867     2.715934
      -0.057037    -5.646741     3.304096
      -0.057402    -5.646574    -3.314738
       5.270539    -1.755233     3.271067
       5.270459    -1.755448    -3.281574
       3.236008     4.505183     3.271411
       3.236535     4.505051    -3.281481
      -3.361542     4.523433     3.269988
      -3.360736     4.521530    -3.316717
      -5.385934    -1.757602     3.271487
      -5.386267    -1.757031    -3.281368
       5.287619    -2.706495    -2.726103
       5.287780    -2.706319     2.715588
       0.856114    -5.954273    -2.760261
       0.856433    -5.954388     2.749550
       4.147074     4.226090    -2.726247
       4.146691     4.226284     2.716215
       5.843175    -0.994564    -2.726371
       5.843188    -0.994315     2.715890
      -2.802435     5.307607    -2.762285
      -2.802878     5.311505     2.743463
       2.691429     5.284587    -2.726024
       2.690844     5.284633     2.715960
      -5.959009    -0.997065    -2.725927
      -5.958599    -0.997169     2.716259
      -4.280772     4.233783    -2.762433
      -4.278481     4.238624     2.722798
      -0.970660    -5.954408    -2.760171
      -0.970358    -5.954612     2.749585
      -5.402962    -2.708502    -2.726009
      -0.058356    -0.026946     6.601328
      -0.058779    -0.026407    -6.611641
       6.177919    -2.049005    -2.765678
       6.173983    -2.047278    -1.655289
       6.172626    -2.046735    -0.554681
       6.172641    -2.046674     0.544218
       6.174032    -2.047106     1.644818
       6.178008    -2.048757     2.755193
       3.798154     5.275921    -2.765529
       3.795937     5.272260    -1.655118
       3.795084     5.271085    -0.554477
       3.795002     5.271108     0.544467
       3.795657     5.272344     1.645117
       3.797645     5.276059     2.755521
      -6.293344    -2.051722    -2.765448
      -6.289134    -2.050367    -1.654935
      -6.287632    -2.049885    -0.554337
      -6.287598    -2.049878     0.544553
      -6.289031    -2.050341     1.645153
      -6.293137    -2.051815     2.755599
      -0.058074    -0.963502     7.166219
      -0.058844    -0.962767    -7.176594
      -0.057871    -1.907134     6.601579
      -0.058613    -1.906510    -6.612055
      -0.057664    -2.847720     6.040975
      -0.058354    -2.847192    -6.051523
      -0.057456    -3.788886     5.481059
      -0.058089    -3.788440    -5.491666
      -0.057253    -4.734595     4.919793
      -0.057845    -4.734213    -4.930454
       0.831414    -0.316460     7.166658
       0.830912    -0.315915    -7.177025
       1.728499    -0.607854     6.602515
       1.728104    -0.607532    -6.612984
       2.622320    -0.897978     6.042872
       2.622028    -0.897836    -6.053390
       3.516108    -1.187796     5.484746
       3.515893    -1.187793    -5.495283
       4.411366    -1.477863     4.926662
       4.411194    -1.477969    -4.937198
       5.311303    -1.769396     4.366623
       5.311140    -1.769598    -4.377156
       0.491470     0.730081     7.166880
       0.490893     0.730732    -7.177042
       1.045738     1.493552     6.602857
       1.045355     1.494047    -6.613011
       1.598120     2.254079     6.043274
       1.597941     2.254387    -6.053405
       2.150634     3.014286     5.485154
       2.150680     3.014408    -5.495271
       2.704182     3.775469     4.927040
       2.704453     3.775436    -4.937153
       3.260666     4.540501     4.366971
       3.261132     4.540346    -4.377080
      -0.608439     0.730110     7.166770
      -0.609129     0.731076    -7.176669
      -1.162874     1.493636     6.602489
      -1.163614     1.494773    -6.612226
      -1.715246     2.254433     6.042391
      -1.716277     2.255997    -6.051837
      -2.267551     3.015133     5.483499
      -2.269275     3.017690    -5.492202
      -2.821024     3.777029     4.924313
      -2.824974     3.783077    -4.931298
      -3.374715     4.547011     4.359665
      -0.947822    -0.316651     7.166834
      -0.948633    -0.315531    -7.176786
      -1.844781    -0.608397     6.602835
      -1.845608    -0.606906    -6.612638
      -2.738435    -0.898925     6.043306
      -2.739210    -0.897165    -6.053034
      -3.632041    -1.189167     5.485230
      -3.632688    -1.187380    -5.494969
      -4.527111    -1.479646     4.927116
      -4.527596    -1.478073    -4.936911
      -5.426863    -1.771552     4.366988
      -5.427214    -1.770323    -4.376848
       0.838557    -1.261932     6.598867
       0.837988    -1.261506    -6.609404
       1.392353     0.444560     6.599569
       1.392043     0.444980    -6.609979
      -0.058624     1.499148     6.599477
      -0.059139     1.499947    -6.609496
      -1.509083     0.444294     6.599705
      -1.509920     0.445668    -6.609374
      -0.954579    -1.262161     6.598981
      -0.955382    -1.261239    -6.609313
       1.733980    -1.554873     6.040562
       1.733549    -1.554645    -6.051163
       0.840722    -2.204797     6.039884
       0.840149    -2.204450    -6.050491
       1.947726     1.206021     6.041265
       1.947609     1.206292    -6.051659
       2.289112     0.155435     6.041165
       2.288941     0.155633    -6.051650
      -0.610954     2.263134     6.040854
      -0.611586     2.264129    -6.050676
       0.493452     2.262982     6.041243
       0.493112     2.263546    -6.051250
      -2.405609     0.154797     6.041566
      -2.406494     0.156637    -6.051035
      -2.064502     1.205786     6.041284
      -2.065538     1.207654    -6.050557
      -0.956321    -2.205033     6.039941
      -0.957062    -2.204259    -6.050416
      -1.849847    -1.555439     6.040744
      -1.850644    -1.554261    -6.051007
       2.628772    -1.846099     5.483049
       2.628434    -1.846012    -5.493661
       1.737653    -2.499877     5.483688
       1.737196    -2.499696    -5.494335
       0.841686    -3.146973     5.481072
       0.841133    -3.146683    -5.491720
       2.501721     1.967049     5.483640
       2.501788     1.967167    -5.493983
       2.847072     0.917708     5.484877
       2.847087     0.917781    -5.495329
       3.184550    -0.134205     5.483476
       3.184466    -0.134173    -5.493983
      -1.163572     3.025688     5.482653
      -1.164568     3.027036    -5.492035
      -0.058955     3.029672     5.484695
      -0.059373     3.030310    -5.494493
       1.045954     3.025011     5.483724
       1.045847     3.025316    -5.493720
      -3.300832    -0.135265     5.484056
      -3.301603    -0.133192    -5.493488
      -2.963569     0.917017     5.485291
      -2.964614     0.919558    -5.494272
      -2.618274     1.966810     5.483471
      -2.619752     1.969766    -5.491912
      -0.956860    -3.147206     5.481096
      -0.957524    -3.146560    -5.491649
      -1.853082    -2.500429     5.483756
      -1.853788    -2.499494    -5.494202
      -2.744469    -1.847070     5.483290
      -2.745198    -1.845744    -5.493496
       3.524209    -2.136564     4.925604
       3.523925    -2.136583    -4.936199
       2.634199    -2.792568     4.927639
       2.633814    -2.792496    -4.938276
       1.739645    -3.444291     4.926319
       1.739180    -3.444133    -4.936986
       0.841939    -4.090543     4.921207
       0.841411    -4.090297    -4.931887
       3.055732     2.728484     4.926137
       3.055963     2.728458    -4.936404
       3.403334     1.679805     4.928544
       3.403495     1.679759    -4.938917
       3.744994     0.628451     4.928477
       3.745066     0.628382    -4.938924
       4.080280    -0.424237     4.925923
       4.080241    -0.424326    -4.936428
      -1.717060     3.788538     4.924135
      -1.718943     3.790656    -4.932402
      -0.612179     3.794825     4.927734
      -0.612845     3.795592    -4.937240
       0.493992     3.793959     4.928511
       0.493916     3.794263    -4.938380
       1.599369     3.786688     4.926192
       1.599536     3.786790    -4.936220
      -4.196344    -0.425738     4.926533
      -4.196882    -0.423802    -4.936045
      -3.861297     0.627283     4.929090
      -3.862044     0.629964    -4.938127
      -3.519731     1.678956     4.928912
      -3.520996     1.682936    -4.936995
      -3.171873     2.727867     4.925990
      -3.174212     2.733399    -4.932289
      -0.956696    -4.090772     4.921218
      -0.957293    -4.090225    -4.931824
      -1.854644    -3.444832     4.926329
      -1.855253    -3.444081    -4.936858
      -2.749449    -2.793523     4.927731
      -2.750074    -2.792520    -4.938140
      -3.639735    -2.137984     4.925901
      -3.640348    -2.136700    -4.936080
       4.421750    -2.426991     4.366896
       4.421488    -2.427098    -4.377465
       3.531601    -3.083980     4.370896
       3.531256    -3.083993    -4.381505
       2.637678    -3.738391     4.371411
       2.637265    -3.738320    -4.382064
       1.739781    -4.390461     4.367518
       1.739314    -4.390320    -4.378210
       0.835846    -5.042566     4.357457
       0.835330    -5.042359    -4.368174
       3.610673     3.491631     4.367515
       3.611034     3.491482    -4.377690
       3.959325     2.442509     4.371684
       3.959590     2.442358    -4.381944
       4.303692     1.391289     4.373022
       4.303867     1.391130    -4.383370
       4.643084     0.338454     4.371545
       4.643163     0.338285    -4.381977
       4.977797    -0.715186     4.367250
       4.977769    -0.715369    -4.377749
      -2.273223     4.554224     4.363351
      -2.283451     4.557417    -4.368988
      -1.166783     4.560492     4.369269
      -1.168853     4.561211    -4.378615
      -0.059032     4.561258     4.372373
      -0.059197     4.561533    -4.382218
       1.048311     4.557526     4.371552
       1.048628     4.557632    -4.381547
       2.154497     4.549436     4.367372
       2.154933     4.549417    -4.377445
      -5.093614    -0.717105     4.367738
      -5.093919    -0.715577    -4.377350
      -4.759165     0.336806     4.372102
      -4.759500     0.338991    -4.381348
      -4.420022     1.389885     4.373458
      -4.420491     1.393665    -4.381911
      -4.075998     2.441285     4.372091
      -4.076923     2.448773    -4.378350
      -3.726437     3.490195     4.368976
      -3.728564     3.507548    -4.368915
      -0.950215    -5.042780     4.357471
      -0.950804    -5.042289    -4.368132
      -1.854368    -4.391006     4.367516
      -1.854916    -4.390381    -4.378093
      -2.752500    -3.739352     4.371443
      -2.753023    -3.738570    -4.381936
      -3.646685    -3.085413     4.371057
      -3.647194    -3.084467    -4.381428
      -4.537116    -2.428869     4.367237
      -4.537599    -2.427785    -4.377405
       5.329623    -2.714335     3.803995
       5.329354    -2.714535    -3.814544
       4.431791    -3.374559     3.812332
       4.431461    -3.374655    -3.822913
       3.537664    -4.030911     3.814919
       3.537277    -4.030916    -3.825553
       2.640764    -4.684427     3.812874
       2.640333    -4.684360    -3.823564
       1.738921    -5.341109     3.803726
       1.738454    -5.340986    -3.814455
       4.165764     4.265590     3.804727
       4.166209     4.265359    -3.814808
       4.515485     3.207771     3.813297
       4.515817     3.207539    -3.823432
       4.862274     2.155148     3.816302
       4.862510     2.154914    -3.826530
       5.204576     1.101798     3.816225
       5.204728     1.101558    -3.826557
       5.542833     0.046413     3.813076
       5.542897     0.046161    -3.823506
       5.881806    -1.014877     3.804403
       5.881770    -1.015155    -3.814906
      -1.729969     5.329729     3.806030
      -1.728349     5.329898    -3.815097
      -0.613786     5.328531     3.813891
      -0.612768     5.328749    -3.823789
       0.496101     5.327121     3.815573
       0.496935     5.327295    -3.825603
       1.605333     5.321855     3.812822
       1.606070     5.321920    -3.822892
       2.719801     5.315672     3.804394
       2.720481     5.315583    -3.814486
      -5.997366    -1.017091     3.804720
      -5.997526    -1.015987    -3.814432
      -5.658608     0.044373     3.813384
      -5.658762     0.045725    -3.822786
      -5.320693     1.099892     3.816379
      -5.320687     1.102065    -3.825333
      -4.979066     2.153005     3.815823
      -4.978728     2.157723    -3.823394
      -4.635184     3.205243     3.812828
      -4.634680     3.218852    -3.814829
      -4.294573     4.252949     3.813693
      -1.853088    -5.341680     3.803737
      -1.853616    -5.341146    -3.814365
      -2.755169    -4.685424     3.812902
      -2.755635    -4.684790    -3.823443
      -3.652324    -4.032377     3.815031
      -3.652744    -4.031639    -3.825489
      -4.546728    -3.376492     3.812588
      -4.547123    -3.375683    -3.822922
      -5.444838    -2.716654     3.804357
      -5.445222    -2.715812    -3.814504
       6.196528    -3.010166    -2.208168
       6.195125    -3.007791    -1.104025
       6.194121    -3.007544    -0.005213
       6.195213    -3.007680     1.093592
       6.196700    -3.009963     2.197724
       5.338016    -3.669797    -3.261492
       5.313358    -3.670283    -2.172403
       5.312108    -3.664583    -1.089246
       5.311069    -3.663534    -0.005254
       5.312222    -3.664513     1.078730
       5.313581    -3.670152     2.161873
       5.338349    -3.669611     3.250941
       4.442497    -4.328985    -3.267979
       4.430808    -4.321392    -2.178104
       4.427789    -4.316602    -1.091814
       4.426759    -4.315520    -0.005295
       4.427920    -4.316569     1.081219
       4.431067    -4.321330     2.167497
       4.442882    -4.328892     3.257362
       3.546802    -4.983778    -3.268281
       3.545348    -4.968861    -2.178316
       3.540685    -4.965203    -1.091949
       3.539715    -4.964072    -0.005335
       3.540825    -4.965202     1.081275
       3.545627    -4.968859     2.167633
       3.547223    -4.983762     3.257589
       2.647608    -5.637743    -3.262230
       2.659164    -5.612679    -2.172858
       2.652756    -5.610378    -1.089543
       2.651771    -5.609255    -0.005368
       2.652899    -5.610400     1.078803
       2.659451    -5.612721     2.162108
       2.648057    -5.637786     3.251475
       1.768885    -6.258094    -2.207545
       1.764661    -6.256268    -1.103825
       1.764222    -6.255335    -0.005381
       1.764803    -6.256303     1.093058
       1.769170    -6.258165     2.196768
       4.718313     4.995378    -2.208372
       4.715907     4.994980    -1.103999
       4.715419     4.994191    -0.004946
       4.715738     4.995084     1.094111
       4.717960     4.995595     2.198489
       5.077841     3.977523    -3.262189
       5.072553     3.950922    -2.172990
       5.067142     3.951911    -1.089438
       5.065951     3.951365    -0.004986
       5.067006     3.952030     1.079462
       5.072283     3.951164     2.163002
       5.077470     3.977822     3.252178
       5.427298     2.922116    -3.268913
       5.418694     2.909177    -2.178886
       5.413571     2.908703    -1.092099
       5.412347     2.908212    -0.005034
       5.413466     2.908832     1.082024
       5.418491     2.909427     2.168796
       5.427021     2.922425     3.258806
       5.772068     1.868154    -3.270009
       5.760548     1.864456    -2.179798
       5.755870     1.862991    -1.092534
       5.754489     1.862613    -0.005093
       5.755791     1.863124     1.082341
       5.760399     1.864707     2.169589
       5.771869     1.868467     3.259786
       6.112585     0.812810    -3.268986
       6.097999     0.818303    -2.178969
       6.093554     0.815777    -1.092198
       6.092252     0.815588    -0.005156
       6.093499     0.815912     1.081880
       6.097901     0.818556     2.168637
       6.112460     0.813131     3.258640
       6.450158    -0.246460    -3.262320
       6.430230    -0.227964    -2.173145
       6.426425    -0.231844    -1.089625
       6.425141    -0.231967    -0.005217
       6.426398    -0.231704     1.079187
       6.430185    -0.227705     2.162695
       6.450112    -0.246121     3.251861
       6.757504    -1.281180    -2.208592
       6.755328    -1.282175    -1.104251
       6.754490    -1.281687    -0.005254
       6.755330    -1.282030     1.093742
       6.757518    -1.280915     2.198078
      -2.242581     6.090028    -2.209527
      -2.244804     6.086342    -1.105982
      -2.244287     6.085726    -0.007820
      -2.243841     6.087463     1.090352
      -2.241465     6.091916     2.194020
      -1.167317     6.104363    -3.262581
      -1.143115     6.090941    -2.173175
      -1.146854     6.085402    -1.089720
      -1.146832     6.083947    -0.005282
      -1.146392     6.085431     1.079288
      -1.142872     6.090700     2.163069
      -1.168645     6.103815     3.252755
      -0.055445     6.103793    -3.268333
      -0.047802     6.090891    -2.178310
      -0.049401     6.085200    -1.091833
      -0.049485     6.083677    -0.005052
      -0.049264     6.085093     1.081764
      -0.048060     6.090503     2.168312
      -0.056603     6.103433     3.258283
       1.054070     6.100495    -3.267931
       1.049085     6.087493    -2.178014
       1.049433     6.081845    -1.091651
       1.049193     6.080328    -0.005025
       1.049386     6.081748     1.081611
       1.048634     6.087252     2.167986
       1.053067     6.100291     3.257862
       2.166022     6.093532    -3.261420
       2.145772     6.079456    -2.172304
       2.148060     6.074125    -1.089099
       2.147748     6.072660    -0.005041
       2.147922     6.074086     1.079020
       2.145271     6.079374     2.162223
       2.165106     6.093494     3.251327
       3.248270     6.064488    -2.208048
       3.248467     6.061784    -1.103885
       3.247693     6.061030    -0.005040
       3.248292     6.061801     1.093805
       3.247771     6.064526     2.197969
      -6.873125    -1.284835    -2.207982
      -6.870603    -1.285610    -1.103730
      -6.869589    -1.285111    -0.004827
      -6.870454    -1.285541     1.094082
      -6.872794    -1.284564     2.198350
      -6.565801    -0.247744    -3.261420
      -6.546127    -0.231992    -2.172240
      -6.541786    -0.235491    -1.088913
      -6.540271    -0.235598    -0.004715
      -6.541576    -0.235436     1.079491
      -6.545629    -0.231629     2.162831
      -6.565541    -0.248359     3.251946
      -6.228337     0.811755    -3.267758
      -6.214333     0.813190    -2.177788
      -6.209039     0.811445    -1.091334
      -6.207475     0.811298    -0.004594
      -6.208775     0.811483     1.082167
      -6.213574     0.813766     2.168651
      -6.228043     0.811193     3.258519
      -5.888123     1.867784    -3.267942
      -5.878043     1.857136    -2.177874
      -5.872027     1.857212    -1.091316
      -5.870446     1.856955    -0.004418
      -5.871711     1.857204     1.082546
      -5.876784     1.857986     2.169256
      -5.887684     1.867413     3.259172
      -5.544597     2.925231    -3.262004
      -5.539064     2.898595    -2.172502
      -5.532452     2.900722    -1.088857
      -5.530846     2.900403    -0.004064
      -5.532015     2.900537     1.081078
      -5.537119     2.899511     2.165609
      -5.543341     2.925245     3.255806
      -5.197950     3.943722    -2.209650
      -5.193557     3.944956    -1.106266
      -5.192970     3.944419    -0.008418
      -5.194700     3.944689     1.089325
      -5.199485     3.945138     2.192716
      -1.883136    -6.258599    -2.207375
      -1.878632    -6.256880    -1.103676
      -1.878027    -6.255989    -0.005261
      -1.878533    -6.256966     1.093149
      -1.882897    -6.258812     2.196838
      -2.762492    -5.638303    -3.262100
      -2.773603    -5.613545    -2.172713
      -2.766928    -5.611407    -1.089410
      -2.765795    -5.610354    -0.005255
      -2.766855    -5.611512     1.078890
      -2.773405    -5.613807     2.162169
      -2.762032    -5.638836     3.251518
      -3.661860    -4.984658    -3.268218
      -3.659961    -4.970162    -2.178236
      -3.655050    -4.966738    -1.091851
      -3.653955    -4.965708    -0.005225
      -3.655008    -4.966854     1.081389
      -3.659820    -4.970460     2.167744
      -3.661470    -4.985270     3.257696
      -4.557743    -4.330219    -3.268018
      -4.545587    -4.323179    -2.178103
      -4.542352    -4.318695    -1.091754
      -4.541227    -4.317739    -0.005174
      -4.542341    -4.318801     1.081388
      -4.545504    -4.323473     2.167698
      -4.557408    -4.330873     3.257580
      -5.453463    -3.671370    -3.261597
      -5.428306    -3.672568    -2.172448
      -5.426877    -3.667213    -1.089185
      -5.425772    -3.666291    -0.005091
      -5.426881    -3.667280     1.078981
      -5.428260    -3.672799     2.162191
      -5.453156    -3.672019     3.251291
      -6.311663    -3.012946    -2.208047
      -6.310095    -3.010856    -1.103812
      -6.309022    -3.010681    -0.004942
      -6.310081    -3.010856     1.093915
      -6.311598    -3.013044     2.198110