
      -0.122768    -0.005385     0.013672
      -0.122743    -0.005413     1.114132
      -0.123060    -0.932350     0.563912
       0.759060    -0.291598     0.563984
       0.422464     0.744533     0.563793
      -0.667712     0.744311     0.563613
      -1.004850    -0.292076     0.563584
      -0.123087    -0.932290    -0.536324
       0.759013    -0.291557    -0.536419
       0.422361     0.744633    -0.536576
      -0.667815     0.744483    -0.536496
      -1.004905    -0.291936    -0.536255
      -0.122856    -0.005248    -1.086749
      -0.122693    -1.861605     0.013876
       1.643249    -0.578499     0.013863
       0.969169     1.496467     0.013549
      -1.213611     1.496459     0.013624
      -1.889854    -0.579603     0.013641
      -0.122964    -0.932697     1.664126
      -0.123012    -0.932570    -1.636483
       0.759413    -0.291641     1.664306
       0.759312    -0.291565    -1.636684
       0.422727     0.744892     1.664110
       0.422472     0.745128    -1.636803
      -0.667815     0.744676     1.663762
      -0.668086     0.745122    -1.636545
      -1.005118    -0.292170     1.663515
      -1.005247    -0.291822    -1.636110
       0.763621    -1.224622     1.113870
       0.763612    -1.224619    -1.086153
       0.763348    -1.224299     0.013840
       1.311650     0.460768     1.113753
       1.311534     0.460836    -1.086297
       1.311209     0.460618     0.013710
      -0.122052     1.502065     1.113403
      -0.122372     1.502420    -1.086322
      -0.122228     1.501746     0.013522
      -1.557290     0.459992     1.113087
      -1.557450     0.460448    -1.085860
      -1.557144     0.459954     0.013597
      -1.009765    -1.225365     1.113369
      -1.009802    -1.225210    -1.085842
      -1.009739    -1.225005     0.013747
      -0.122611    -1.862067     1.113372
      -0.122608    -1.862015    -1.085596
       1.643682    -0.578603     1.113461
       1.643631    -0.578610    -1.085709
       0.969513     1.496831     1.113120
       0.969297     1.496974    -1.085972
      -1.213651     1.496619     1.112813
      -1.213956     1.497196    -1.085570
      -1.890000    -0.579752     1.112262
      -1.890054    -0.579463    -1.084938
      -0.122861    -0.005276     2.214532
      -0.122999    -0.005070    -2.187030
      -0.121484    -2.793252    -0.534998
      -0.121494    -2.793258     0.562911
       2.529693    -0.866231    -0.535016
       2.529703    -0.866206     0.562908
       1.517247     2.250360    -0.535431
       1.517359     2.250311     0.562440
      -1.760369     2.251237    -0.534654
      -1.760188     2.250799     0.562784
      -2.777687    -0.868099    -0.534709
      -2.777678    -0.868260     0.561936
      -0.123008    -0.933224     2.764211
      -0.122994    -0.933156    -2.736484
      -0.122535    -1.863275     2.212860
      -0.122483    -1.863247    -2.185022
       0.759937    -0.291646     2.764380
       0.759873    -0.291660    -2.736672
       1.644811    -0.578869     2.212960
       1.644767    -0.578957    -2.185144
       0.422964     0.745727     2.764221
       0.422724     0.745921    -2.736751
       0.970156     1.498082     2.212621
       0.969865     1.498230    -2.185346
      -0.668327     0.745565     2.763935
      -0.668602     0.746038    -2.736457
      -1.214201     1.497638     2.212117
      -1.214803     1.498690    -2.184799
      -1.005901    -0.292145     2.763577
      -1.005995    -0.291805    -2.736031
      -1.890749    -0.579844     2.211199
      -1.890782    -0.579444    -2.183773
       0.764291    -1.225489     2.213774
       0.764317    -1.225548    -2.185963
       1.312694     0.461311     2.213652
       1.312553     0.461341    -2.186098
      -0.122015     1.503394     2.213238
      -0.122542     1.503944    -2.186002
      -1.558119     0.460572     2.212736
      -1.558366     0.461317    -2.185381
      -1.010141    -1.226177     2.213073
      -1.010148    -1.225987    -2.185458
       1.651788    -1.515950     1.662502
       1.651833    -1.516064    -1.634587
       1.650893    -1.515090    -0.535575
       1.650883    -1.515060     0.563424
       0.767162    -2.158936     1.662456
       0.767219    -2.159023    -1.634534
       0.766584    -2.157799    -0.535547
       0.766570    -2.157778     0.563404
       1.863693     1.215081     1.662205
       1.863567     1.215110    -1.634816
       1.862490     1.214381    -0.535831
       1.862550     1.214350     0.563145
       2.201475     0.175216     1.662376
       2.201419     0.175177    -1.634701
       2.200170     0.174906    -0.535691
       2.200200     0.174903     0.563306
      -0.668089     2.259944     1.661634
      -0.668786     2.260795    -1.634498
      -0.668362     2.259080    -0.535770
      -0.668138     2.258791     0.562895
       0.425361     2.260085     1.661839
       0.424884     2.260424    -1.634824
       0.424898     2.258819    -0.535968
       0.425085     2.258672     0.562880
      -2.447636     0.173926     1.660945
      -2.447700     0.174566    -1.633696
      -2.447043     0.173700    -0.535484
      -2.447003     0.173443     0.562638
      -2.108028     1.214440     1.661469
      -2.108339     1.215470    -1.634152
      -2.107293     1.214314    -0.535585
      -2.107199     1.213959     0.562861
      -1.011841    -2.159640     1.662116
      -1.011825    -2.159557    -1.634393
      -1.011541    -2.158422    -0.535539
      -1.011536    -2.158466     0.563206
      -1.898089    -1.517264     1.661224
      -1.898099    -1.517065    -1.633728
      -1.897940    -1.516408    -0.535401
      -1.897923    -1.516499     0.562831
      -0.121497    -2.794503     1.661052
      -0.121447    -2.794515    -1.633100
       2.530822    -0.866508     1.661037
       2.530815    -0.866615    -1.633102
       1.518029     2.251474     1.660540
       1.517787     2.251538    -1.633445
      -1.760623     2.251383     1.660347
      -1.761241     2.252701    -1.632389
      -2.777926    -0.868274     1.658806
      -2.777905    -0.867916    -1.631512
      -0.123149    -0.004973     3.314850
      -0.123194    -0.004892    -3.287201
      -0.120098    -3.727685    -1.081644
      -0.120055    -3.727133     0.014028
      -0.120129    -3.727652     1.109716
       3.418587    -1.154837    -1.081615
       3.418132    -1.154649     0.014022
       3.418569    -1.154747     1.109678
       2.066783     3.006402    -1.082101
       2.066657     3.005894     0.013453
       2.066978     3.006374     1.109045
      -2.308732     3.008587    -1.079934
      -2.308257     3.007624     0.015345
      -2.308307     3.007395     1.110460
      -3.668595    -1.157569    -1.081179
      -3.668677    -1.157835     0.013565
      -3.668632    -1.157868     1.108334
      -0.123328    -0.934003     3.864120
      -0.123146    -0.934149    -3.836314
      -0.122752    -1.865166     3.312049
      -0.122575    -1.865285    -3.284135
      -0.121755    -2.797219     2.759346
      -0.121614    -2.797333    -2.731328
       0.760653    -0.291653     3.864211
       0.760735    -0.291911    -3.836419
       1.646559    -0.579289     3.312085
       1.646611    -0.579573    -3.284189
       2.533294    -0.867216     2.759276
       2.533351    -0.867485    -2.731272
       0.423137     0.747105     3.864072
       0.423132     0.747024    -3.836458
       0.970923     1.500254     3.311734
       0.970841     1.500164    -3.284329
       1.519267     2.254161     2.758743
       1.519169     2.254018    -2.731542
      -0.669394     0.746953     3.863948
      -0.669483     0.747183    -3.836213
      -1.215762     1.499736     3.311474
      -1.216309     1.500731    -3.283784
      -1.762066     2.253118     2.758129
      -1.763296     2.255323    -2.730430
      -1.007327    -0.292000     3.863600
      -1.007238    -0.291949    -3.835934
      -1.892752    -0.579934     3.310470
      -1.892632    -0.579762    -3.282949
      -2.779188    -0.868216     2.756241
      -2.779031    -0.867980    -2.728871
       0.765225    -1.226888     3.313273
       0.765356    -1.227112    -3.285343
       1.314251     0.462266     3.313124
       1.314230     0.462081    -3.285454
      -0.122430     1.505817     3.312742
      -0.122821     1.506212    -3.285278
      -1.560068     0.461712     3.312315
      -1.560197     0.462302    -3.284776
      -1.011315    -1.227395     3.312630
      -1.011179    -1.227364    -3.284910
       1.653623    -1.517699     2.761287
       1.653743    -1.517960    -2.733266
       0.768135    -2.161330     2.761253
       0.768278    -2.161543    -2.733227
       1.865804     1.216732     2.760975
       1.865765     1.216586    -2.733465
       2.203980     0.175780     2.761147
       2.203990     0.175577    -2.733376
      -0.668711     2.262821     2.760302
      -0.669655     2.263846    -2.732999
       0.425553     2.263189     2.760540
       0.425102     2.263415    -2.733368
      -2.449758     0.175037     2.759488
      -2.449698     0.175652    -2.732136
      -2.110360     1.215979     2.760146
      -2.110713     1.217309    -2.732715
      -1.012869    -2.161954     2.760914
      -1.012756    -2.161958    -2.733101
      -1.899318    -1.518731     2.759839
      -1.899219    -1.518619    -2.732238
       2.541992    -1.807903     2.208717
       2.542109    -1.808155    -2.180599
       2.540098    -1.806196    -1.083169
       2.539614    -1.805602     0.014007
       2.540049    -1.806087     1.111211
       1.658572    -2.454920     2.209590
       1.658705    -2.455166    -2.181470
       1.656940    -2.452550    -1.083704
       1.656383    -2.451732     0.014003
       1.656883    -2.452440     1.111741
       0.770798    -3.095629     2.208707
       0.770918    -3.095828    -2.180587
       0.769897    -3.093193    -1.083140
       0.769542    -3.092517     0.014009
       0.769849    -3.093109     1.111186
       2.416769     1.971400     2.208274
       2.416742     1.971298    -2.180924
       2.414472     1.969775    -1.083533
       2.413906     1.969407     0.013605
       2.414551     1.969754     1.110782
       2.758753     0.931295     2.209350
       2.758772     0.931162    -2.181717
       2.755911     0.930109    -1.083962
       2.755075     0.929776     0.013754
       2.755941     0.930121     1.111504
       3.093308    -0.111230     2.208598
       3.093353    -0.111410    -2.180715
       3.090652    -0.111749    -1.083283
       3.089977    -0.111908     0.013893
       3.090654    -0.111697     1.111096
      -1.215331     3.019619     2.207418
      -1.216581     3.021281    -2.180002
      -1.215660     3.018136    -1.082854
      -1.215272     3.016946     0.013893
      -1.215073     3.017316     1.110592
      -0.120806     3.023885     2.208440
      -0.121635     3.024478    -2.181557
      -0.121281     3.020991    -1.084038
      -0.120977     3.019746     0.013380
      -0.120739     3.020537     1.110818
       0.973896     3.020035     2.207795
       0.973478     3.020085    -2.180906
       0.973216     3.017071    -1.083637
       0.973384     3.016170     0.013368
       0.973573     3.016925     1.110423
      -3.339810    -0.112619     2.206072
      -3.339626    -0.112026    -2.178917
      -3.338650    -0.113528    -1.082601
      -3.338458    -0.114184     0.013532
      -3.338690    -0.114015     1.109693
      -3.003306     0.930700     2.207997
      -3.003273     0.931792    -2.180815
      -3.000791     0.930061    -1.083459
      -3.000178     0.929180     0.013513
      -3.000727     0.929282     1.110543
      -2.659536     1.970996     2.207401
      -2.659995     1.972879    -2.179771
      -2.657453     1.971124    -1.082761
      -2.656734     1.970228     0.013864
      -2.657265     1.970101     1.110546
      -1.013190    -3.096240     2.208579
      -1.013119    -3.096275    -2.180665
      -1.011969    -3.093645    -1.083215
      -1.011681    -3.092996     0.013911
      -1.011980    -3.093662     1.111063
      -1.902652    -2.456044     2.208776
      -1.902602    -2.455994    -2.181081
      -1.901493    -2.453544    -1.083487
      -1.901319    -2.452908     0.013791
      -1.901486    -2.453622     1.111100
      -2.788205    -1.809566     2.206414
      -2.788152    -1.809410    -2.178945
      -2.788095    -1.808146    -1.082548
      -2.788152    -1.807927     0.013672
      -2.788081    -1.808306     1.109929
      -0.120449    -3.729713     2.206064
      -0.120355    -3.729826    -2.177945
       3.420390    -1.155275     2.205973
       3.420457    -1.155506    -2.177861
       2.067905     3.008362     2.205286
       2.067753     3.008241    -2.178263
      -2.309274     3.008227     2.205870
      -2.310203     3.010605    -2.175952
      -3.668625    -1.157550     2.203052
      -3.668484    -1.157222    -2.175834
      -0.123604    -0.004536     4.415291
      -0.123441    -0.004744    -4.387545
      -0.119105    -4.665206    -1.625886
      -0.118850    -4.664378    -0.532559
      -0.118860    -4.664350     0.560757
      -0.119151    -4.665105     1.654110
       4.310214    -1.444390    -1.625847
       4.309568    -1.444114    -0.532556
       4.309548    -1.444062     0.560756
       4.310145    -1.444210     1.654075
       2.617958     3.764808    -1.626385
       2.617753     3.764092    -0.533191
       2.617886     3.764071     0.560025
       2.618196     3.764859     1.653272
      -2.859250     3.768343    -1.621984
      -2.858668     3.767160    -0.528483
      -2.858365     3.766486     0.564988
      -2.858422     3.766008     1.658340
      -4.563463    -1.448272    -1.627907
      -4.563380    -1.448539    -0.533893
      -4.563405    -1.448731     0.560911
      -4.563553    -1.448691     1.654983
      -0.123945    -0.935398     4.964208
      -0.123509    -0.935894    -4.936353
      -0.123383    -1.868114     4.410900
      -0.123011    -1.868505    -4.382920
      -0.122473    -2.801591     3.857158
      -0.122183    -2.801908    -3.829071
      -0.121240    -3.734970     3.303214
      -0.121035    -3.735235    -3.275037
       0.761855    -0.291802     4.964255
       0.762178    -0.292437    -4.936411
       1.649236    -0.579995     4.410910
       1.649475    -0.580588    -4.382945
       2.537310    -0.868408     3.857083
       2.537504    -0.868930    -3.829009
       3.425231    -1.156770     3.303105
       3.425402    -1.157212    -3.274932
       0.423465     0.749215     4.964044
       0.423867     0.748655    -4.936411
       0.972025     1.503581     4.410449
       0.972424     1.503004    -4.383025
       1.521142     2.258523     3.856431
       1.521528     2.257925    -3.829211
       2.070339     3.013277     3.302322
       2.070599     3.012761    -3.275265
      -0.671217     0.749033     4.963975
      -0.670948     0.748772    -4.936192
      -1.218635     1.503089     4.410406
      -1.218751     1.503498    -4.382481
      -1.765789     2.257358     3.856261
      -1.766722     2.259133    -3.828103
      -2.311808     3.010609     3.301435
      -2.314238     3.015008    -3.273019
      -1.009692    -0.291908     4.963746
      -1.009286    -0.292380    -4.936080
      -1.896364    -0.580175     4.409631
      -1.895956    -0.580559    -4.382120
      -2.783408    -0.868673     3.854654
      -2.783006    -0.868936    -3.827287
      -3.669845    -1.157169     3.298594
      -3.669506    -1.157190    -3.271347
       0.766451    -1.228957     4.412287
       0.766760    -1.229452    -4.384255
       1.316446     0.463639     4.412100
       1.316691     0.463068    -4.384347
      -0.123363     1.509467     4.411652
      -0.123236     1.509306    -4.384107
      -1.563486     0.463390     4.411369
      -1.563245     0.463341    -4.383791
      -1.013555    -1.229202     4.411755
      -1.013171    -1.229524    -4.383961
       1.656455    -1.520361     3.859285
       1.656702    -1.520845    -3.831154
       0.769383    -2.165094     3.859274
       0.769662    -2.165510    -3.831139
       1.868936     1.219392     3.858936
       1.869174     1.218873    -3.831324
       2.207822     0.176548     3.859128
       2.208011     0.176043    -3.831260
      -0.670672     2.267771     3.858254
      -0.671115     2.268258    -3.830772
       0.425493     2.268126     3.858358
       0.425593     2.267829    -3.831147
      -2.454242     0.176419     3.857597
      -2.453864     0.176414    -3.830271
      -2.114817     1.218933     3.858140
      -2.114805     1.219636    -3.830625
      -1.015111    -2.165497     3.858959
      -1.014815    -2.165739    -3.831056
      -1.902632    -1.520925     3.858095
      -1.902310    -1.521139    -3.830408
       2.546036    -1.810935     3.305715
       2.546251    -1.811381    -3.277501
       1.661394    -2.459198     3.306682
       1.661630    -2.459622    -3.278458
       0.771953    -3.100637     3.305742
       0.772182    -3.100998    -3.277529
       2.420592     1.975004     3.305244
       2.420821     1.974569    -3.277789
       2.763509     0.933318     3.306421
       2.763699     0.932908    -3.278680
       3.098360    -0.110968     3.305589
       3.098530    -0.111385    -3.277618
      -1.217477     3.025120     3.304166
      -1.218901     3.026612    -3.276755
      -0.121716     3.030082     3.305333
      -0.122166     3.030151    -3.278364
       0.974658     3.025841     3.304605
       0.974713     3.025410    -3.277685
      -3.344122    -0.110920     3.303007
      -3.343653    -0.110804    -3.275872
      -3.008920     0.933349     3.305008
      -3.008481     0.933939    -3.277859
      -2.664782     1.974175     3.304134
      -2.664981     1.976096    -3.276649
      -1.015530    -3.101173     3.305593
      -1.015328    -3.101370    -3.277595
      -1.905901    -2.460135     3.305994
      -1.905695    -2.460277    -3.278200
      -2.791123    -1.812053     3.303524
      -2.790888    -1.812149    -3.275965
       3.435018    -2.101042     2.751862
       3.435209    -2.101430    -2.723562
       3.431289    -2.098027    -1.627975
       3.430441    -2.096824    -0.533212
       3.430408    -2.096759     0.561400
       3.431184    -2.097818     1.656205
       2.552734    -2.751963     2.753537
       2.552942    -2.752358    -2.725227
       2.549106    -2.747733    -1.629380
       2.547669    -2.745740    -0.533665
       2.547631    -2.745669     0.561849
       2.548989    -2.747510     1.657611
       1.665500    -3.397082     2.753554
       1.665697    -3.397454    -2.725249
       1.662926    -3.392131    -1.629381
       1.661672    -3.390046    -0.533663
       1.661639    -3.389978     0.561844
       1.662818    -3.391919     1.657609
       0.774471    -4.035556     2.751934
       0.774638    -4.035867    -2.723643
       0.773186    -4.030898    -1.627995
       0.772559    -4.029644    -0.533214
       0.772535    -4.029590     0.561394
       0.773105    -4.030728     1.656217
       2.971707     2.730199     2.751285
       2.971857     2.729901    -2.723982
       2.967678     2.726945    -1.628433
       2.966488     2.726348    -0.533719
       2.966533     2.726330     0.560854
       2.967727     2.726981     1.655637
       3.317769     1.689906     2.753168
       3.317952     1.689614    -2.725564
       3.312588     1.687097    -1.629740
       3.310417     1.686195    -0.534038
       3.310424     1.686193     0.561476
       3.312559     1.687160     1.657243
       3.656732     0.646551     2.753316
       3.656906     0.646246    -2.725462
       3.651137     0.644908    -1.629623
       3.648880     0.644206    -0.533906
       3.648872     0.644222     0.561619
       3.651083     0.645008     1.657390
       3.988134    -0.398515     2.751755
       3.988290    -0.398844    -2.723683
       3.983184    -0.399135    -1.628091
       3.981857    -0.399520    -0.533325
       3.981843    -0.399485     0.561291
       3.983123    -0.398995     1.656097
      -1.764346     3.781796     2.749671
      -1.766245     3.784557    -2.722045
      -1.764368     3.779184    -1.626586
      -1.763940     3.777239    -0.532122
      -1.763428     3.776659     0.561899
      -1.763354     3.777837     1.655969
      -0.668824     3.790573     2.751506
      -0.669962     3.791243    -2.724983
      -0.668808     3.784924    -1.629392
      -0.668310     3.782123    -0.534081
      -0.667875     3.781812     0.560905
      -0.667716     3.784023     1.656038
       0.427652     3.790708     2.751934
       0.427190     3.790531    -2.725453
       0.427062     3.784269    -1.629824
       0.427347     3.781580    -0.534404
       0.427677     3.781431     0.560797
       0.427797     3.784009     1.656278
       1.523810     3.782698     2.750632
       1.523661     3.782335    -2.723926
       1.522689     3.777097    -1.628477
       1.522924     3.775492    -0.533896
       1.523146     3.775447     0.560526
       1.523142     3.777101     1.655163
      -4.233980    -0.399142     2.747761
      -4.233537    -0.398737    -2.720778
      -4.232772    -0.401212    -1.627249
      -4.232590    -0.402183    -0.533521
      -4.232664    -0.402463     0.560483
      -4.232989    -0.401822     1.654232
      -3.901250     0.647014     2.751112
      -3.900656     0.647682    -2.724276
      -3.895519     0.645204    -1.628631
      -3.894208     0.643647    -0.533855
      -3.894288     0.643211     0.560742
      -3.895758     0.644246     1.655523
      -3.561456     1.690269     2.751326
      -3.560920     1.691637    -2.724486
      -3.555041     1.689025    -1.628930
      -3.552860     1.687608    -0.533925
      -3.552854     1.686897     0.560858
      -3.555066     1.687450     1.655893
      -3.213685     2.729639     2.749505
      -3.213969     2.732458    -2.721634
      -3.209357     2.729964    -1.626644
      -3.207883     2.728873    -0.532455
      -3.207726     2.727963     0.561555
      -3.209308     2.728047     1.655742
      -1.015339    -4.036192     2.751743
      -1.015223    -4.036357    -2.723654
      -1.012691    -4.031388    -1.628067
      -1.011754    -4.030066    -0.533298
      -1.011756    -4.030058     0.561286
      -1.012722    -4.031338     1.656093
      -1.907409    -3.398252     2.753094
      -1.907300    -3.398362    -2.725208
      -1.903960    -3.393014    -1.629367
      -1.902813    -3.390946    -0.533789
      -1.902806    -3.390962     0.561546
      -1.903973    -3.393020     1.657173
      -2.795700    -2.753507     2.752147
      -2.795591    -2.753548    -2.724483
      -2.792731    -2.749112    -1.628686
      -2.792416    -2.747596    -0.533690
      -2.792403    -2.747645     0.561205
      -2.792730    -2.749194     1.656260
      -3.680021    -2.102773     2.748237
      -3.679891    -2.102699    -2.720822
      -3.680538    -2.100894    -1.627239
      -3.680792    -2.100520    -0.533436
      -3.680779    -2.100622     0.560700
      -3.680543    -2.101100     1.654568
      -0.119897    -4.667343     2.748357
       4.312112    -1.444796     2.748287
       2.618996     3.767141     2.747408
      -2.860239     3.767337     2.752146
      -4.562904    -1.447910     2.747599
      -0.124239    -0.004010     5.516528
      -0.124772    -0.938294     6.066455
      -0.124282    -1.873132     5.510904
      -0.123495    -2.808680     4.955290
      -0.122383    -3.744226     4.400322
       0.764354    -0.292401     6.066565
       1.653775    -0.581320     5.511024
       2.543857    -0.870428     4.955352
       3.433882    -1.159502     4.400318
       0.424561     0.752585     6.066181
       0.974241     1.508652     5.510336
       1.524486     2.265204     4.954471
       2.074936     3.021619     4.399351
      -0.674202     0.752422     6.065914
      -1.223204     1.508411     5.509994
      -1.772149     2.264820     4.954114
      -2.320015     3.020280     4.398906
      -1.013770    -0.292307     6.065858
      -1.902470    -0.581139     5.509680
      -2.791400    -0.870211     4.953451
      -3.678949    -1.159084     4.397933
       0.768271    -1.232070     5.511843
       1.319764     0.465469     5.511619
      -0.124560     1.514601     5.510861
      -1.568709     0.465536     5.510526
      -1.017028    -1.232109     5.511209
       1.660602    -1.524160     4.957046
       0.771057    -2.170587     4.957026
       1.873474     1.223178     4.956622
       2.213409     0.177452     4.956873
      -0.673862     2.275050     4.955559
       0.425582     2.275058     4.955737
      -2.461656     0.177748     4.955070
      -2.121713     1.223370     4.955311
      -1.018641    -2.170753     4.956546
      -1.908497    -1.524330     4.955868
       2.552551    -1.815279     4.401936
       1.665424    -2.465370     4.403025
       0.773320    -3.108503     4.401960
       2.426298     1.980793     4.401386
       2.770364     0.936171     4.402733
       3.106183    -0.111090     4.401802
      -1.222913     3.034517     4.399881
      -0.123630     3.039087     4.401173
       0.976250     3.034416     4.400487
      -3.353318    -0.110570     4.399371
      -3.017990     0.936863     4.400736
      -2.673315     1.981089     4.399690
      -1.019040    -3.108799     4.401626
      -1.911950    -2.465910     4.402192
      -2.799102    -1.815741     4.400153
       3.443828    -2.105879     3.846963
       2.559126    -2.758518     3.848582
       1.669121    -3.405552     3.848614
       0.775521    -4.045710     3.847061
       2.978580     2.737921     3.846334
       3.325681     1.694792     3.848193
       3.665748     0.648260     3.848353
       3.998110    -0.399641     3.846854
      -1.770724     3.793075     3.843837
      -0.672757     3.801672     3.846081
       0.427459     3.801191     3.846606
       1.527022     3.792804     3.845494
      -4.243275    -0.398345     3.843641
      -3.912366     0.649518     3.845969
      -3.572307     1.696050     3.845752
      -3.223930     2.737786     3.843540
      -1.018712    -4.046119     3.846737
      -1.913411    -3.406454     3.848008
      -2.804026    -2.759828     3.847383
      -3.687837    -2.107071     3.844335
       4.323897    -2.389150    -1.077691
       4.323525    -2.388644     0.014170
       4.323816    -2.389005     1.106047
       4.324555    -2.390637     2.197748
       3.452170    -3.050933     3.293823
       3.444097    -3.044251    -2.171587
       3.441199    -3.040693    -1.078493
       3.440555    -3.039797     0.014173
       3.441110    -3.040530     1.106857
       3.443918    -3.043913     2.199997
       2.564169    -3.700562     3.294784
       2.558579    -3.692383    -2.172348
       2.555894    -3.688299    -1.078901
       2.555215    -3.687231     0.014171
       2.555811    -3.688132     1.107261
       2.558409    -3.692043     2.200755
       1.672468    -4.344988     3.293919
       1.669164    -4.334977    -2.171654
       1.667131    -4.330951    -1.078526
       1.666634    -4.330008     0.014165
       1.667066    -4.330795     1.106873
       1.669023    -4.334663     2.200048
       0.775554    -4.969722    -1.077735
       0.775368    -4.969187     0.014157
       0.775515    -4.969598     1.106066
       0.776353    -4.970905     2.197817
       3.520863     3.485527    -1.078295
       3.520471     3.485231     0.013519
       3.520959     3.485499     1.105367
       3.522538     3.486106     2.197051
       3.880188     2.453053     3.293347
       3.871381     2.446483    -2.172046
       3.867327     2.444574    -1.078976
       3.866424     2.444146     0.013681
       3.867320     2.444573     1.106369
       3.871258     2.446631     2.199516
       4.223243     1.407604     3.294437
       4.213703     1.403802    -2.172676
       4.209146     1.402222    -1.079248
       4.208027     1.401818     0.013823
       4.209100     1.402255     1.106919
       4.213545     1.403983     2.200414
       4.560159     0.360152     3.293623
       4.549497     0.358994    -2.171821
       4.545113     0.357968    -1.078727
       4.544128     0.357699     0.013948
       4.545058     0.358034     1.106643
       4.549345     0.359211     2.199790
       4.876527    -0.687877    -1.077806
       4.875985    -0.687975     0.014062
       4.876473    -0.687781     1.105945
       4.878052    -0.686815     2.197649
      -2.314279     4.539955    -1.074274
      -2.313764     4.538867     0.017444
      -2.312578     4.538809     1.108758
      -2.313455     4.542343     2.199608
      -1.221106     4.562834     3.289782
      -1.218033     4.551698    -2.170943
      -1.217076     4.546804    -1.078210
      -1.216496     4.545391     0.013764
      -1.215790     4.546309     1.105490
      -1.216094     4.550574     2.196993
      -0.121347     4.566016     3.291875
      -0.120552     4.554283    -2.172663
      -0.120071     4.549136    -1.079599
      -0.119564     4.547650     0.012918
      -0.119056     4.548787     1.105440
      -0.119363     4.554162     2.198375
       0.978915     4.562012     3.291865
       0.976863     4.550307    -2.172087
       0.976824     4.545593    -1.079225
       0.977158     4.544420     0.013121
       0.977521     4.545503     1.105487
       0.977580     4.550482     2.198335
       2.073906     4.537243    -1.078381
       2.074146     4.536599     0.013280
       2.074370     4.537245     1.104957
       2.073771     4.539522     2.196492
      -5.130852    -0.689322    -1.079777
      -5.130476    -0.689902     0.013412
      -5.131055    -0.689909     1.106645
      -5.131565    -0.689096     2.197887
      -4.804363     0.362587     3.290407
      -4.792456     0.361206    -2.169970
      -4.790727     0.358817    -1.078449
      -4.790288     0.357962     0.013368
      -4.791068     0.358014     1.105213
      -4.793076     0.360294     2.196645
      -4.468519     1.409754     3.291128
      -4.455408     1.406751    -2.171485
      -4.450646     1.404470    -1.078706
      -4.449754     1.403406     0.013282
      -4.451064     1.403248     1.105301
      -4.456231     1.405373     2.197847
      -4.124960     2.454668     3.289244
      -4.112605     2.449992    -2.170458
      -4.108362     2.448291    -1.078348
      -4.107280     2.446876     0.013384
      -4.108579     2.446196     1.105042
      -4.113321     2.447564     2.196601
      -3.761854     3.489616    -1.075418
      -3.761017     3.488389     0.016406
      -3.761548     3.486946     1.107889
      -3.765563     3.488408     2.199020
      -1.012668    -4.970300    -1.077710
      -1.012300    -4.969724     0.014068
      -1.012670    -4.970254     1.105861
      -1.014570    -4.971743     2.197549
      -1.913787    -4.346215     3.293266
      -1.907977    -4.336229    -2.171550
      -1.905264    -4.332086    -1.078547
      -1.904699    -4.331137     0.013960
      -1.905253    -4.332073     1.106486
      -1.908010    -4.336141     2.199537
      -2.806198    -3.702587     3.293514
      -2.798143    -3.694196    -2.171896
      -2.795505    -3.690065    -1.078800
      -2.794979    -3.689119     0.013840
      -2.795481    -3.690098     1.106505
      -2.798165    -3.694171     2.199661
      -3.693707    -3.053307     3.291658
      -3.685192    -3.046463    -2.170054
      -3.685075    -3.044087    -1.078420
      -3.684909    -3.043512     0.013709
      -3.685045    -3.044194     1.105867
      -3.685215    -3.046545     2.197572
      -4.576287    -2.396122    -1.079781
      -4.576089    -2.395829     0.013570
      -4.576255    -2.396350     1.106957
      -4.576206    -2.396729     2.198309
      -0.119772    -4.667564    -2.720090
       4.312261    -1.445157    -2.720015
       2.619019     3.766793    -2.720477
      -2.860719     3.770537    -2.716195
      -4.562666    -1.447634    -2.720465
      -0.123772    -0.004651    -5.488791
      -0.118620    -5.607100    -2.170382
      -0.118057    -5.605965    -1.078784
      -0.117952    -5.605315     0.014159
      -0.118066    -5.605888     1.107112
      -0.118670    -5.606921     2.198741
       5.205906    -1.735314    -2.170363
       5.205013    -1.734923    -1.078800
       5.204459    -1.734684     0.014167
       5.204955    -1.734803     1.107145
       5.205778    -1.735033     2.198738
       3.171609     4.526678    -2.170959
       3.171284     4.525722    -1.079484
       3.171154     4.525160     0.013375
       3.171581     4.525691     1.106259
       3.171846     4.526841     2.197789
      -3.413347     4.531106    -2.163827
      -3.411742     4.529642    -1.070863
      -3.411141     4.528700     0.023818
      -3.410788     4.528064     1.119457
      -3.409714     4.525780     2.218488
      -5.466615    -1.741720    -2.186666
      -5.465519    -1.741615    -1.085738
      -5.465046    -1.741702     0.013422
      -5.465532    -1.742049     1.112659
      -5.466720    -1.742267     2.213695
      -0.124045    -0.939228    -6.038594
      -0.123681    -1.873882    -5.482885
      -0.123020    -2.809281    -4.927154
      -0.122027    -3.744713    -4.372094
      -0.121094    -4.678123     3.846067
      -0.120850    -4.678522    -3.817756
       0.764982    -0.293481    -6.038716
       1.654267    -0.582284    -5.483020
       2.544251    -0.871263    -4.927227
       3.434208    -1.160211    -4.372093
       4.322251    -1.448032     3.846049
       4.322525    -1.448627    -3.817734
       0.425416     0.751449    -6.038685
       0.975193     1.507483    -5.483048
       1.525493     2.264045    -4.927369
       2.075830     3.020591    -4.372368
       2.624542     3.776611     3.845043
       2.625152     3.775812    -3.818141
      -0.673470     0.751491    -6.038381
      -1.222617     1.507811    -5.482377
      -1.771964     2.264979    -4.926161
      -2.320988     3.022454    -4.370233
      -2.864762     3.771758     3.842813
      -2.868520     3.778897    -3.814236
      -1.012997    -0.293385    -6.038331
      -1.901725    -0.582183    -5.482304
      -2.790722    -0.871130    -4.926189
      -3.678388    -1.159702    -4.370736
      -4.561754    -1.446589     3.841788
      -4.561326    -1.446777    -3.814634
       0.768806    -1.232910    -5.483755
       1.320353     0.464424    -5.483847
      -0.123749     1.513627    -5.483542
      -1.567950     0.464602    -5.483185
      -1.016350    -1.232891    -5.483401
       1.661020    -1.524923    -4.928835
       0.771508    -2.171266    -4.928812
       1.874102     1.222173    -4.928978
       2.213858     0.176558    -4.928938
      -0.673207     2.274345    -4.928344
       0.426527     2.273964    -4.928743
      -2.460855     0.176790    -4.927969
      -2.120965     1.222691    -4.928114
      -1.018108    -2.171342    -4.928581
      -1.907895    -1.525015    -4.928160
       2.552897    -1.815961    -4.373641
       1.665788    -2.466008    -4.374711
       0.773686    -3.109071    -4.373666
       2.426935     1.979888    -4.373889
       2.770826     0.935367    -4.374910
       3.106547    -0.111829    -4.373755
      -1.222756     3.034390    -4.372771
      -0.122816     3.038074    -4.374481
       0.977205     3.033283    -4.373732
      -3.352549    -0.111349    -4.372389
      -3.017024     0.936068    -4.373924
      -2.672553     1.981014    -4.372696
      -1.018650    -3.109253    -4.373557
      -1.911515    -2.466379    -4.374325
      -2.798612    -1.816274    -4.372561
       3.444125    -2.106476    -3.818593
       2.559437    -2.759106    -3.820194
       1.669424    -3.406104    -3.820231
       0.775799    -4.046194    -3.818702
       2.979116     2.737188    -3.818973
       3.326134     1.694124    -3.820502
       3.666117     0.647637    -3.820415
       3.998416    -0.400241    -3.818715
      -1.771853     3.793988    -3.817029
      -0.672425     3.800777    -3.819785
       0.428188     3.800064    -3.820272
       1.527712     3.791851    -3.818863
      -4.242628    -0.398661    -3.816716
      -3.911371     0.649034    -3.819292
      -3.570859     1.695664    -3.819340
      -3.222699     2.739040    -3.816982
      -1.018449    -4.046478    -3.818584
      -1.913127    -3.406792    -3.820044
      -2.803713    -2.760148    -3.819643
      -3.687482    -2.107352    -3.816862
       4.333424    -2.396499     3.291895
       4.333677    -2.397009    -3.263443
       4.324718    -2.390950    -2.169349
       3.452440    -3.051455    -3.265356
       2.564430    -3.701077    -3.266319
       1.672700    -4.345466    -3.265469
       0.778328    -4.981397     3.292047
       0.778518    -4.981806    -3.263621
       0.776452    -4.971161    -2.169443
       3.530443     3.493471     3.291195
       3.530775     3.492960    -3.263965
       3.522542     3.485976    -2.169899
       3.880560     2.452566    -3.265792
       4.223595     1.407127    -3.266620
       4.560463     0.359676    -3.265588
       4.888687    -0.687186     3.291800
       4.888941    -0.687667    -3.263571
       4.878182    -0.687063    -2.169468
      -2.319670     4.549515     3.285728
      -2.319862     4.552649    -3.260432
      -2.314629     4.542412    -2.166095
      -1.221812     4.562650    -3.264560
      -0.121283     4.565007    -3.266394
       0.979127     4.561185    -3.265697
       2.076595     4.550239     3.290433
       2.076825     4.549560    -3.263881
       2.073328     4.539276    -2.169895
      -5.130740    -0.687065     3.286735
      -5.130186    -0.686761    -3.259834
      -5.131189    -0.688408    -2.171009
      -4.803525     0.362834    -3.263813
      -4.467134     1.409973    -3.265019
      -4.122889     2.455102    -3.264037
      -3.772084     3.495416     3.285282
      -3.770646     3.495928    -3.260128
      -3.763702     3.490711    -2.166771
      -1.018798    -4.981985     3.291604
      -1.018647    -4.982268    -3.263367
      -1.014525    -4.971874    -2.169360
      -1.913629    -4.346465    -3.265218
      -2.806033    -3.702791    -3.265678
      -3.693525    -3.053425    -3.264066
      -4.574833    -2.396445     3.287240
      -4.574636    -2.396414    -3.259909
      -4.576173    -2.396471    -2.171051
       5.221343    -2.685096    -1.620618
       5.220546    -2.683329    -0.531066
       5.220502    -2.683259     0.559549
       5.221210    -2.684871     1.649125
       4.344989    -3.344441    -2.709087
       4.338501    -3.338644    -1.619358
       4.337310    -3.336560    -0.530335
       4.337262    -3.336478     0.558842
       4.338357    -3.338390     1.647887
       4.344758    -3.344002     2.737651
       3.459251    -3.995606    -2.711530
       3.453908    -3.989286    -1.620867
       3.452381    -3.986869    -0.530834
       3.452335    -3.986780     0.559344
       3.453772    -3.989017     1.649398
       3.459028    -3.995154     2.740095
       2.569181    -4.642844    -2.711605
       2.565491    -4.635431    -1.620916
       2.563984    -4.633059    -0.530855
       2.563948    -4.632970     0.559351
       2.565378    -4.635163     1.649434
       2.568988    -4.642402     2.740156
       1.676788    -5.284652    -2.709283
       1.674054    -5.276446    -1.619492
       1.672810    -5.274571    -0.530393
       1.672786    -5.274489     0.558861
       1.673977    -5.276200     1.647983
       1.676638    -5.284247     2.737810
       0.780416    -5.914747    -1.620748
       0.779367    -5.913397    -0.531124
       0.779359    -5.913332     0.559555
       0.780381    -5.914549     1.649204
       4.079844     4.247443    -1.621339
       4.078200     4.247051    -0.531834
       4.078305     4.247001     0.558756
       4.080019     4.247407     1.648332
       4.435445     3.210440    -2.709664
       4.428211     3.205709    -1.619960
       4.426079     3.205018    -0.530949
       4.426102     3.204985     0.558237
       4.428202     3.205706     1.647304
       4.435233     3.210698     2.737082
       4.780625     2.166652    -2.711961
       4.773180     2.163102    -1.621318
       4.770568     2.162177    -0.531294
       4.770553     2.162168     0.558888
       4.773088     2.163151     1.648954
       4.780349     2.166946     2.739659
       5.120672     1.119865    -2.711845
       5.112613     1.118149    -1.621195
       5.109989     1.117212    -0.531167
       5.109960     1.117226     0.559015
       5.112495     1.118250     1.649076
       5.120398     1.120195     2.739777
       5.454822     0.072483    -2.709324
       5.446196     0.071846    -1.619593
       5.444062     0.070990    -0.530560
       5.444031     0.071023     0.558631
       5.446083     0.071990     1.647689
       5.454580     0.072839     2.737461
       5.776557    -0.975737    -1.620742
       5.774934    -0.976561    -0.531178
       5.774903    -0.976514     0.559450
       5.776454    -0.975564     1.649035
      -2.865236     5.307807    -1.613814
      -2.865567     5.305406    -0.523174
      -2.864149     5.304944     0.568871
      -2.861235     5.305963     1.661077
      -1.770103     5.324777    -2.707328
      -1.767079     5.316096    -1.617680
      -1.767016     5.313502    -0.529104
      -1.765675     5.313413     0.559054
      -1.764197     5.317339     1.646369
      -1.767957     5.324557     2.731535
      -0.670667     5.329663    -2.711675
      -0.668985     5.321251    -1.621432
      -0.668633     5.318220    -0.532143
      -0.667535     5.318023     0.556903
      -0.666705     5.321187     1.645758
      -0.669222     5.330738     2.735282
       0.429906     5.329042    -2.712012
       0.429539     5.320679    -1.621601
       0.429919     5.317762    -0.531959
       0.430644     5.317684     0.557682
       0.431018     5.320764     1.647243
       0.430664     5.329774     2.737472
       1.529262     5.322718    -2.709663
       1.527631     5.314142    -1.620096
       1.528091     5.311750    -0.531316
       1.528576     5.311750     0.557539
       1.528615     5.314294     1.646289
       1.529696     5.323276     2.735807
       2.626026     5.304195    -1.621317
       2.626614     5.302278    -0.531925
       2.626949     5.302279     0.558477
       2.626708     5.304308     1.647853
      -6.040097    -0.972993    -1.635196
      -6.038950    -0.974278    -0.535783
      -6.039051    -0.974807     0.562474
      -6.040395    -0.973981     1.662014
      -5.694730     0.081238    -2.706955
      -5.693029     0.077635    -1.621241
      -5.691293     0.075899    -0.531896
      -5.691522     0.075267     0.558554
      -5.693656     0.076542     1.647912
      -5.695491     0.080341     2.733564
      -5.362809     1.126100    -2.709172
      -5.353580     1.123312    -1.619585
      -5.351345     1.121900    -0.531091
      -5.351706     1.121039     0.557479
      -5.354581     1.121925     1.645961
      -5.364078     1.125064     2.735289
      -5.022481     2.171031    -2.709563
      -5.013264     2.167292    -1.619582
      -5.010713     2.166176    -0.531192
      -5.011165     2.164897     0.557119
      -5.014801     2.165231     1.645382
      -5.024550     2.169698     2.734575
      -4.676014     3.214275    -2.708309
      -4.669700     3.211475    -1.619744
      -4.666747     3.209908    -0.531031
      -4.666986     3.207903     0.557454
      -4.671539     3.207472     1.645003
      -4.678951     3.212514     2.730604
      -4.321434     4.252649    -1.616190
      -4.318596     4.251261    -0.525070
      -4.318584     4.249364     0.567369
      -4.320607     4.246578     1.659679
      -1.016297    -5.915605    -1.620493
      -1.014804    -5.914117    -0.531087
      -1.014794    -5.914091     0.559370
      -1.016289    -5.915508     1.648794
      -1.914971    -5.286187    -2.708855
      -1.910464    -5.278144    -1.619222
      -1.908900    -5.276093    -0.530431
      -1.908886    -5.276084     0.558516
      -1.910448    -5.278085     1.647330
      -1.915025    -5.286008     2.737000
      -2.807575    -4.645496    -2.710997
      -2.802175    -4.638141    -1.620591
      -2.800619    -4.635592    -0.530965
      -2.800597    -4.635602     0.558821
      -2.802143    -4.638130     1.648477
      -2.807624    -4.645367     2.738930
      -3.697117    -4.000175    -2.709539
      -3.690953    -3.993422    -1.619775
      -3.689889    -3.991029    -0.530789
      -3.689861    -3.991069     0.558387
      -3.690909    -3.993488     1.647412
      -3.697166    -4.000133     2.737234
      -4.579638    -3.349961    -2.707081
      -4.580201    -3.346924    -1.621336
      -4.579707    -3.344724    -0.531742
      -4.579680    -3.344812     0.559032
      -4.580166    -3.347111     1.648681
      -4.579708    -3.350063     2.734502
      -5.478596    -2.701021    -1.635311
      -5.478303    -2.699613    -0.535728
      -5.478279    -2.699754     0.562722
      -5.478573    -2.701350     1.662383
      -5.478124    -2.706278     2.768472
      -0.119846    -5.606639     3.290739
      -0.119706    -5.606954    -3.262342
       5.205405    -1.734874     3.290737
       5.205622    -1.735362    -3.262323
       3.170962     4.527237     3.289695
       3.171197     4.526679    -3.262845
      -3.424194     4.544221     3.324100
      -3.415227     4.530952    -3.256473
      -5.468170    -1.742154     3.322762
      -5.467903    -1.741809    -3.295656
       5.222088    -2.687111    -2.706954
       5.221872    -2.686703     2.735498
       0.781223    -5.916151    -2.707118
       0.781128    -5.915820     2.735617
       4.081623     4.247794    -2.707600
       4.081572     4.248018     2.734675
       5.778272    -0.974778    -2.707079
       5.778085    -0.974409     2.735412
      -2.866196     5.310526    -2.701250
      -2.877028     5.326444     2.758291
       2.625255     5.306347    -2.707549
       2.625583     5.306827     2.734104
      -6.042633    -0.968174    -2.741145
      -6.043080    -0.969005     2.767974
      -4.326969     4.253955    -2.704070
      -4.336498     4.267218     2.757040
      -1.018851    -5.917143    -2.706850
      -1.018904    -5.916933     2.735183
      -5.478037    -2.705956    -2.741305
      -0.125050    -0.003462     6.620550
      -0.124226    -0.004626    -6.592908
      -0.125650    -0.938935     7.186045
      -0.124640    -0.940307    -7.158244
      -0.125176    -1.882491     6.622160
      -0.124341    -1.883628    -6.594148
      -0.124449    -2.822503     6.062640
      -0.123776    -2.823434    -6.034485
      -0.123427    -3.762312     5.504541
      -0.122904    -3.763072    -5.476280
      -0.122213    -4.703509     4.946419
      -0.121828    -4.704138    -4.918071
       0.764703    -0.292342     7.186278
       0.765642    -0.293868    -7.158490
       1.662394    -0.583991     6.622484
       1.663165    -0.585339    -6.594487
       2.556766    -0.874528     6.062933
       2.557398    -0.875700    -6.034791
       3.450916    -1.164967     5.504742
       3.451438    -1.165971    -5.476487
       4.346306    -1.455795     4.946546
       4.346748    -1.456650    -4.918195
       0.424364     0.754032     7.185723
       0.425578     0.752348    -7.158467
       0.979119     1.517109     6.621554
       0.980485     1.515410    -6.594486
       1.531933     2.277234     6.061797
       1.533422     2.275586    -6.034886
       2.084842     3.037056     5.503548
       2.086289     3.035582    -5.476709
       2.638739     3.797913     4.945366
       2.639950     3.796712    -4.918547
      -0.675937     0.754005     7.185018
      -0.674734     0.752354    -7.157957
      -1.230356     1.517339     6.620355
      -1.229049     1.515637    -6.593545
      -1.782786     2.278373     6.059866
      -1.781171     2.276330    -6.033387
      -2.335375     3.040120     5.500103
      -2.333067     3.037147    -5.474327
      -2.890549     3.805696     4.938851
      -2.885915     3.799185    -4.914569
      -1.015958    -0.292213     7.185054
      -1.014849    -0.293816    -7.157746
      -1.913226    -0.583814     6.620299
      -1.912194    -0.585389    -6.593110
      -2.807493    -0.874599     6.059637
      -2.806593    -0.876056    -6.032518
      -3.702250    -1.165800     5.499720
      -3.701533    -1.166958    -5.472607
      -4.601344    -1.458584     4.938431
      -4.600816    -1.459298    -4.911294
       0.771903    -1.237774     6.619314
       0.772673    -1.238979    -6.591225
       1.326107     0.468258     6.619065
       1.327032     0.466748    -6.591330
      -0.125597     1.522804     6.617880
      -0.124280     1.521067    -6.590973
      -1.577109     0.468460     6.617226
      -1.575890     0.466815    -6.590251
      -1.022506    -1.237745     6.618321
      -1.021541    -1.238986    -6.590549
       1.668114    -1.530946     6.061162
       1.668722    -1.532014    -6.032916
       0.774444    -2.180265     6.061097
       0.775082    -2.181241    -6.032847
       1.881915     1.229296     6.060647
       1.882925     1.227807    -6.033032
       2.223495     0.178760     6.060976
       2.224231     0.177458    -6.033013
      -0.677892     2.286742     6.058810
      -0.676314     2.284774    -6.032316
       0.426958     2.286262     6.059420
       0.428493     2.284455    -6.032776
      -2.474189     0.179028     6.058139
      -2.473044     0.177363    -6.031308
      -2.132634     1.230019     6.058254
      -2.131190     1.228113    -6.031680
      -1.023999    -2.180286     6.060277
      -1.023219    -2.181258    -6.032288
      -1.918382    -1.531036     6.059270
      -1.917503    -1.532197    -6.031593
       2.563472    -1.822639     5.503501
       2.563968    -1.823579    -5.475157
       1.672242    -2.475493     5.504897
       1.672749    -2.476369    -5.476527
       0.776113    -3.121540     5.503458
       0.776631    -3.122346    -5.475113
       2.436235     1.989919     5.502830
       2.437295     1.988526    -5.475358
       2.781822     0.940565     5.504579
       2.782591     0.939328    -5.476713
       3.119351    -0.111383     5.503359
       3.119947    -0.112480    -5.475262
      -1.230614     3.049632     5.499924
      -1.228448     3.047111    -5.474159
      -0.125370     3.052870     5.502298
      -0.123439     3.050763    -5.476217
       0.979918     3.047879     5.501688
       0.981564     3.046155    -5.475192
      -3.370092    -0.111594     5.499350
      -3.369130    -0.113083    -5.472534
      -3.032163     0.941461     5.501208
      -3.030812     0.939462    -5.474837
      -2.686498     1.991995     5.499517
      -2.684614     1.989394    -5.473647
      -1.023999    -3.121586     5.502847
      -1.023395    -3.122350    -5.474733
      -1.921426    -2.475728     5.503339
      -1.920738    -2.476577    -5.475437
      -2.813917    -1.823094     5.500361
      -2.813174    -1.824098    -5.472793
       3.459186    -2.113890     4.945826
       3.459607    -2.114711    -4.917406
       2.569306    -2.768816     4.948457
       2.569728    -2.769607    -4.920013
       1.675022    -3.418849     4.948478
       1.675440    -3.419593    -4.920038
       0.777494    -4.063111     4.945865
       0.777897    -4.063791    -4.917453
       2.990458     2.750983     4.945082
       2.991437     2.749781    -4.917732
       3.338280     1.702254     4.948028
       3.339053     1.701145    -4.920291
       3.680032     0.650768     4.948219
       3.680637     0.649769    -4.920220
       4.015248    -0.402059     4.945713
       4.015742    -0.402973    -4.917520
      -1.784640     3.813425     4.939874
      -1.781125     3.809608    -4.915801
      -0.678624     3.818193     4.944644
      -0.675837     3.815422    -4.919490
       0.428113     3.816712     4.945961
       0.430122     3.814786    -4.920003
       1.533763     3.809216     4.944109
       1.535255     3.807773    -4.917620
      -4.267002    -0.403639     4.939601
      -4.266300    -0.404688    -4.912713
      -3.930344     0.650985     4.943999
      -3.929267     0.649310    -4.917532
      -3.587895     1.704841     4.943886
      -3.586168     1.702063    -4.918203
      -3.240295     2.755802     4.939538
      -3.237519     2.751451    -4.915210
      -1.023079    -4.063159     4.945383
      -1.022634    -4.063765    -4.917180
      -1.922260    -3.419171     4.947349
      -1.921756    -3.419799    -4.919332
      -2.818760    -2.769481     4.945852
      -2.818204    -2.770159    -4.918073
      -3.710965    -2.115090     4.940402
      -3.710386    -2.115808    -4.912933
       4.356745    -2.405266     4.386987
       4.357112    -2.405978    -4.358490
       3.466795    -3.061401     4.391356
       3.467162    -3.062108    -4.362844
       2.573509    -3.714112     4.392870
       2.573865    -3.714799    -4.364359
       1.677125    -4.362506     4.391457
       1.677453    -4.363151    -4.362960
       0.778521    -5.006591     4.387114
       0.778812    -5.007178    -4.358640
       3.545518     3.513809     4.386204
       3.546279     3.512863    -4.358955
       3.894308     2.464608     4.390855
       3.894996     2.463696    -4.363251
       4.238787     1.413210     4.392518
       4.239379     1.412355    -4.364642
       4.578152     0.360146     4.391160
       4.578644     0.359344    -4.363068
       4.912716    -0.693704     4.386890
       4.913135    -0.694466    -4.358612
      -2.348880     4.580266     4.375575
      -2.335528     4.573375    -4.355944
      -1.234437     4.583966     4.385474
      -1.229015     4.579964    -4.362026
      -0.124884     4.584039     4.389460
      -0.122116     4.581817    -4.364319
       0.982920     4.579988     4.389152
       0.984537     4.578563    -4.363100
       2.089258     4.571750     4.385382
       2.090373     4.570690    -4.358868
      -5.169987    -0.704271     4.375962
      -5.169568    -0.704776    -4.348998
      -4.829494     0.357749     4.385486
      -4.828786     0.356819    -4.358850
      -4.487508     1.414982     4.388134
      -4.486309     1.412914    -4.362089
      -4.142668     2.471186     4.384856
      -4.140792     2.466081    -4.360194
      -3.793700     3.530206     4.375189
      -3.791122     3.515044    -4.354355
      -1.021534    -5.006621     4.386612
      -1.021229    -5.007112    -4.358330
      -1.921646    -4.362908     4.390567
      -1.921303    -4.363384    -4.362469
      -2.820472    -3.714776     4.390989
      -2.820092    -3.715244    -4.363101
      -3.718293    -3.062156     4.386915
      -3.717879    -3.062596    -4.359274
      -4.617971    -2.403852     4.376547
      -4.617525    -2.404234    -4.349170
       4.366678    -3.353235     3.832694
       4.366998    -3.353854    -3.804098
       3.472852    -4.008733     3.835899
       3.473161    -4.009355    -3.807304
       2.576910    -4.660180     3.835976
       2.577188    -4.660785    -3.807395
       1.677761    -5.308331     3.832896
       1.677992    -5.308894    -3.804336
       4.450413     3.229571     3.832128
       4.450936     3.228887    -3.804654
       4.797278     2.176763     3.835471
       4.797798     2.176092    -3.807720
       5.139599     1.123154     3.835591
       5.140070     1.122493    -3.807610
       5.477758     0.067511     3.832517
       5.478164     0.066857    -3.804336
      -1.793800     5.352628     3.821151
      -1.784202     5.345232    -3.802444
      -0.678449     5.351368     3.830662
      -0.675288     5.349007    -3.807266
       0.431224     5.349709     3.833041
       0.432735     5.348384    -3.807650
       1.540383     5.344232     3.830698
       1.541299     5.343299    -3.804576
      -5.732858     0.062079     3.821927
      -5.732380     0.062132    -3.795171
      -5.387432     1.123527     3.830148
      -5.386541     1.123229    -3.803865
      -5.043837     2.180678     3.829664
      -5.042596     2.178964    -3.804342
      -4.699074     3.242034     3.820395
      -4.697036     3.234435    -3.798588
      -1.919495    -5.308929     3.831933
      -1.919289    -5.309295    -3.803750
      -2.820158    -4.661303     3.834463
      -2.819934    -4.661634    -3.806487
      -3.718995    -4.010183     3.832318
      -3.718748    -4.010454    -3.804574
      -4.622378    -3.355414     3.822976
      -4.622108    -3.355595    -3.795483
       5.246658    -3.652018    -2.153480
       5.245992    -3.646167    -1.070030
       5.245044    -3.645101     0.014326
       5.245889    -3.646010     1.098691
       5.246461    -3.651688     2.182161
       4.377517    -4.308677    -3.249439
       4.362946    -4.303821    -2.159443
       4.361004    -4.298738    -1.072696
       4.360109    -4.297607     0.014333
       4.360907    -4.298562     1.101370
       4.362759    -4.303463     2.188132
       4.377255    -4.308132     3.278142
       3.481795    -4.962783    -3.250638
       3.475032    -4.952459    -2.160426
       3.472306    -4.948167    -1.073145
       3.471487    -4.946856     0.014329
       3.472227    -4.947982     1.101810
       3.474875    -4.952089     2.189104
       3.481564    -4.962235     3.279329
       2.583407    -5.613220    -3.249669
       2.584383    -5.597279    -2.159631
       2.580730    -5.593599    -1.072807
       2.580130    -5.592317     0.014314
       2.580678    -5.593416     1.101441
       2.584270    -5.596916     2.188281
       2.583223    -5.612688     3.278334
       1.692029    -6.237049    -2.153810
       1.687287    -6.234448    -1.070222
       1.686770    -6.233177     0.014289
       1.687266    -6.234281     1.098810
       1.691969    -6.236718     2.182420
      -6.613700    -0.194407    -2.188406
      -6.610378    -0.197531    -1.084873
      -6.609428    -0.198133     0.013353
      -6.610953    -0.199045     1.111550
      -6.614394    -0.195584     2.215055
      -6.295039     0.835634    -3.242738
      -6.275032     0.851578    -2.153523
      -6.270485     0.846829    -1.070593
      -6.269296     0.845763     0.013161
      -6.271419     0.844990     1.096895
      -6.276161     0.850472     2.179849
      -6.296155     0.834314     3.269155
      -5.950879     1.893902    -3.247996
      -5.936702     1.892724    -2.158418
      -5.931199     1.890865    -1.072867
      -5.930167     1.889827     0.012891
      -5.932685     1.888273     1.098565
      -5.938470     1.891917     2.184119
      -5.952571     1.892198     3.273880
      -5.604876     2.952282    -3.243615
      -5.594959     2.933742    -2.153888
      -5.588603     2.935206    -1.070985
      -5.587485     2.934080     0.012296
      -5.590953     2.931260     1.095140
      -5.597583     2.934097     2.177674
      -5.608067     2.949699     3.267454
      -5.249654     3.979026    -2.172915
      -5.242441     3.979247    -1.076751
      -5.240679     3.977483     0.013629
      -5.244194     3.972961     1.102524
      -5.249371     3.983580     2.199278
      -1.927436    -6.239387    -2.153081
      -1.922243    -6.236446    -1.069906
      -1.921526    -6.235110     0.014118
      -1.922204    -6.236417     1.098151
      -1.927410    -6.239279     2.181345
      -2.823458    -5.614623    -3.248780
      -2.819609    -5.601245    -2.158890
      -2.815842    -5.596939    -1.072567
      -2.815080    -5.595614     0.014007
      -2.815793    -5.596942     1.100593
      -2.819571    -5.601185     2.186943
      -2.823552    -5.614389     3.276858
      -3.723138    -4.965100    -3.249186
      -3.709217    -4.959185    -2.159207
      -3.707036    -4.953690    -1.072798
      -3.706195    -4.952428     0.013882
      -3.706973    -4.953742     1.100577
      -3.709160    -4.959202     2.187022
      -3.723238    -4.964931     3.277033
      -4.623092    -4.312015    -3.243216
      -4.595547    -4.315312    -2.153845
      -4.595195    -4.308594    -1.070502
      -4.594357    -4.307349     0.013733
      -4.595126    -4.308713     1.097991
      -4.595485    -4.315443     2.181388
      -4.623214    -4.311941     3.270808
      -5.484623    -3.668078    -2.188635
      -5.484050    -3.663604    -1.084925
      -5.483225    -3.662970     0.013529
      -5.483995    -3.663794     1.112013
      -5.484593    -3.668336     2.215780
      -0.118097    -6.560589    -2.746214
      -0.117526    -6.556270    -1.635868
      -0.117349    -6.554779    -0.535254
      -0.117340    -6.554737     0.563674
      -0.117519    -6.556132     1.664302
      -0.118137    -6.560327     2.774671
      -0.121016    -5.649535     4.386315
      -0.120759    -5.650068    -4.357880
       0.773211    -5.958912     3.824195
       0.773388    -5.959422    -3.795650
      -1.014042    -5.958847     3.823660
      -1.013860    -5.959251    -3.795286
       1.680386    -6.261966    -3.243010
       1.680257    -6.261478     3.271644
       0.791572    -6.874136    -2.189183
       0.790094    -6.872233    -1.084813
       0.790314    -6.871216     0.014250
       0.790106    -6.872095     1.113322
       0.791564    -6.873855     2.217711
      -1.026493    -6.875277    -2.188699
      -1.024520    -6.873181    -1.084584
      -1.024565    -6.872120     0.014206
      -1.024483    -6.873127     1.112999
      -1.026467    -6.875126     2.217123
      -1.919676    -6.262598    -3.242183
      -1.919763    -6.262325     3.270471
       5.246186    -1.748078     4.386425
       5.246568    -1.748809    -4.357978
       3.195509     4.562690     4.385254
       3.196367     4.561791    -4.358442
      -3.443342     4.563519    -4.350678
       5.264506    -2.693441     3.824034
       5.264828    -2.694049    -3.795448
       4.100682     4.287496     3.823181
       4.101169     4.286800    -3.796036
       5.816558    -0.993952     3.823946
       5.816918    -0.994607    -3.795570
      -2.898655     5.339919    -3.790695
       2.654844     5.337866     3.822520
       2.655556     5.337147    -3.795969
      -4.352893     4.286754    -3.787183
       5.273104    -3.649703    -3.242620
       5.272832    -3.649175     3.271321
       6.112649    -2.029850    -2.746148
       6.108709    -2.028452    -1.635910
       6.107415    -2.027954    -0.535261
       6.107382    -2.027898     0.563709
       6.108602    -2.028262     1.664372
       6.112452    -2.029482     2.774631
       3.732135     5.297911    -2.746842
       3.729908     5.294371    -1.636663
       3.729330     5.293129    -0.536102
       3.729561     5.293070     0.562760
       3.730383     5.294315     1.663375
       3.732459     5.298072     2.773635
      -3.971225     5.304319    -2.733529
      -3.967362     5.299764    -1.621758
      -3.967700     5.297511    -0.520042
      -3.967620     5.296187     0.582498
      -3.968331     5.296522     1.694480
       6.130374    -2.991677    -2.188923
       6.129306    -2.989193    -1.084671
       6.128361    -2.988944     0.014295
       6.129209    -2.989060     1.113270
       6.130183    -2.991381     2.217540
       4.652493     5.017158    -2.189852
       4.650109     5.016642    -1.085618
       4.649857     5.015677     0.013333
       4.650378     5.016515     1.112343
       4.652766     5.017120     2.216687
       5.012676     3.998882    -3.243353
       5.007052     3.972483    -2.154244
       5.001566     3.973347    -1.070797
       5.000470     3.972627     0.013578
       5.001666     3.973234     1.097993
       5.007077     3.972468     2.181527
       5.012357     3.999340     3.270703
       5.362294     2.943322    -3.250013
       5.353457     2.930366    -2.160028
       5.348246     2.929736    -1.073284
       5.347049     2.929092     0.013757
       5.348245     2.929678     1.100823
       5.353340     2.930427     2.187621
       5.361900     2.943796     3.277650
       5.707170     1.889094    -3.250991
       5.695482     1.885154    -2.160801
       5.690713     1.883492    -1.073551
       5.689324     1.882984     0.013897
       5.690664     1.883494     1.101362
       5.695305     1.885296     2.188650
       5.706761     1.889599     3.278872
       6.047689     0.833455    -3.249765
       6.032984     0.838478    -2.159774
       6.028433     0.835711    -1.073026
       6.027097     0.835410     0.014010
       6.028367     0.835762     1.101058
       6.032798     0.838684     2.187834
       6.047310     0.833988     3.277854
       6.385174    -0.226033    -3.242878
       6.365140    -0.208259    -2.153737
       6.361203    -0.212405    -1.070270
       6.359868    -0.212616     0.014109
       6.361137    -0.212323     1.098497
       6.364971    -0.208015     2.181985
       6.384842    -0.225482     3.271158
       6.692213    -1.261874    -2.189062
       6.689941    -1.263068    -1.084792
       6.689083    -1.262619     0.014194
       6.689875    -1.262968     1.113184
       6.692054    -1.261612     2.217462
      -3.419276     6.091267    -2.176454
      -3.419675     6.087886    -1.070734
      -3.419587     6.085630     0.031130
      -3.417219     6.084880     1.137105
      -2.341373     6.117623    -3.238990
      -2.316538     6.104269    -2.149306
      -2.319148     6.098849    -1.065223
      -2.318923     6.097195     0.020090
      -2.313970     6.099209     1.106773
      -2.322486     6.106947     2.202756
      -1.229541     6.123251    -3.249397
      -1.218844     6.110846    -2.159823
      -1.219712     6.105508    -1.074040
      -1.219204     6.104124     0.011157
      -1.215667     6.106283     1.095214
      -1.215910     6.112727     2.178543
      -1.233192     6.126627     3.268429
      -0.120411     6.124891    -3.251119
      -0.119415     6.112539    -2.161122
      -0.119057     6.107394    -1.074292
      -0.118672     6.105924     0.012485
      -0.116616     6.107644     1.099071
      -0.117054     6.113461     2.185542
      -0.121300     6.126180     3.275545
       0.988743     6.122025    -3.250087
       0.980136     6.109521    -2.160219
       0.981670     6.104248    -1.073737
       0.981889     6.102903     0.012906
       0.983176     6.104433     1.099479
       0.981712     6.110083     2.185843
       0.988315     6.122874     3.275722
       2.100642     6.115181    -3.243270
       2.078189     6.101467    -2.154223
       2.081249     6.096332    -1.070961
       2.081383     6.095006     0.013123
       2.082271     6.096480     1.097174
       2.079306     6.101846     2.180376
       2.100334     6.115825     3.269445
       3.181283     6.086514    -2.189650
       3.182051     6.083832    -1.085496
       3.181707     6.083112     0.013307
       3.182857     6.083879     1.112086
       3.182190     6.086691     2.216195
      -4.888946     5.028640    -2.170111
      -4.888065     5.022564    -1.068507
      -4.887542     5.020279     0.031678
      -4.888353     5.017220     1.137073