
     0.392059     0.284847    -0.242305
     0.392315     0.285037     0.784098
     0.676052    -0.588210     0.216630
    -0.346570    -0.251797     0.214192
    -0.350511     0.824731     0.216625
     0.671783     1.156370     0.220395
     1.307365     0.281568     0.220398
     0.108584    -0.588213    -0.701557
    -0.525867     0.285033    -0.701560
     0.103304     1.156368    -0.699428
     1.131263     0.821909    -0.699158
     1.131696    -0.259092    -0.699423
     0.387546     0.281564    -1.267907
     0.387056     0.281220     1.833924
     0.957547     2.047554     0.693887
     2.243235     0.277958     0.693893
     0.960061    -1.482301     0.687925
    -1.102660    -0.801128     0.681480
    -1.113080     1.371131     0.687915
     1.888611     1.372153    -1.167224
     1.887884    -0.815718    -1.166769
    -0.185939    -1.482305    -1.166350
    -1.467210     0.281212    -1.166356
    -0.192403     2.047549    -1.166780
     0.382577     0.277950    -2.316728
     0.676219     1.175191     1.282490
     1.326631     0.279976     1.282494
     0.680129    -0.608802     1.276923
    -0.365269    -0.265379     1.270616
    -0.368839     0.834977     1.276918
     1.614326     1.172880     0.703824
     1.616848    -0.613215     0.702066
    -0.076473    -1.154199     0.693029
    -1.121343     0.283940     0.693024
    -0.083573     1.727211     0.702057
     1.435297     1.726067    -0.237243
     0.383087     2.067427    -0.236765
     2.085118     0.831665    -0.237239
     2.084621    -0.274532    -0.236756
     1.437081    -1.166491    -0.239218
     0.390205    -1.501110    -0.241155
    -0.654060    -1.154202    -0.241531
    -1.299826    -0.265383    -0.241535
    -1.307061     0.834974    -0.241164
    -0.665317     1.727209    -0.239229
     1.905514     0.278893    -1.177668
     0.856653    -1.166493    -1.178375
    -0.837945    -0.608808    -1.179385
    -0.844677     1.175185    -1.178384
     0.854082     1.726064    -1.177673
     1.144692     0.831662    -1.758888
     1.144040    -0.274536    -1.758655
     0.095138    -0.613222    -1.760124
    -0.553803     0.279969    -1.760127
     0.092434     1.172874    -1.758661
     0.374258     0.271925     2.904831
     1.250691     2.959141     1.177122
     3.200791     0.275062     1.177132
     1.241070    -2.395837     1.171224
    -1.873919    -1.361478     1.158143
    -1.895071     1.920686     1.171208
     2.664212     1.935659    -1.646571
     2.661804    -1.383797    -1.645074
    -0.492539    -2.395844    -1.633828
    -2.430781     0.271914    -1.633838
    -0.493524     2.959134    -1.645090
     0.378592     0.275050    -3.389303
     0.671893     1.178781     2.354851
     1.328705     0.274758     2.354854
     0.674036    -0.624779     2.347272
    -0.381476    -0.277150     2.335467
    -0.385920     0.834125     2.347266
     0.964926     2.078222     1.774582
     2.274678     0.275505     1.774589
     0.963920    -1.516946     1.767510
    -1.135169    -0.824743     1.752899
    -1.144842     1.385513     1.767499
     1.631517     1.185375     1.790946
     1.632897    -0.631109     1.787640
    -0.091111    -1.179755     1.769910
    -1.150175     0.277920     1.769905
    -0.095636     1.748010     1.787631
     1.914915     2.077469     1.188570
     2.567987    -0.627202     1.187978
     0.198871    -2.063268     1.174784
    -1.895917    -0.272028     1.171736
    -0.857301     2.289804     1.186643
     2.567526     1.179227     1.188574
     1.912809    -1.522923     1.186657
    -0.844587    -1.719058     1.171742
    -1.900835     0.826727     1.174773
     0.197040     2.636123     1.187966
     2.406751     1.748609     0.243261
     2.405224    -1.195839     0.243549
    -0.383825    -2.080651     0.237221
    -2.097426     0.277916     0.237212
    -0.394059     2.657039     0.243534
     1.734451     2.636889     0.237398
     0.670714     2.981432     0.238080
     3.043804     0.834722     0.237405
     3.042771    -0.283422     0.238092
     1.731273    -2.081641     0.236113
     0.670959    -2.418602     0.233528
    -1.425746    -1.719060     0.231403
    -2.075503    -0.824747     0.231400
    -2.092892     1.385509     0.233514
    -1.444769     2.289801     0.236096
     2.207789     2.294512    -0.707821
     0.087003     2.981429    -0.706388
     2.864456     1.390688    -0.707818
     2.862397    -0.838568    -0.706374
     2.205985    -1.741347    -0.707510
     0.091196    -2.418605    -0.704552
    -0.961813    -2.063273    -0.703252
    -2.259503    -0.277158    -0.703258
    -2.272047     0.834117    -0.704564
    -0.974433     2.636118    -0.707526
     1.154396     2.658497    -0.713459
     2.885111     0.276374    -0.713450
     1.155149    -2.101492    -0.713913
    -1.623796    -1.179761    -0.710038
    -1.641676     1.748004    -0.713927
     2.682960     0.832091    -1.658155
     1.619373    -1.741350    -1.656672
    -1.149820    -1.516955    -1.652610
    -1.805759     1.178770    -1.654093
     0.563336     2.636884    -1.657516
     2.681913    -0.279084    -1.657505
     0.563075    -2.081646    -1.654081
    -1.798017    -0.624789    -1.652613
    -1.155704     2.078213    -1.656686
     1.620449     2.294510    -1.658160
     1.148899     0.834714    -2.828630
     1.147825    -0.283430    -2.828010
     0.085892    -0.627212    -2.828154
    -0.569962     0.275493    -2.828158
     0.085149     1.179217    -2.828015
     1.914122     1.390684    -2.245499
     1.911914    -0.838572    -2.244294
    -0.205931    -1.522931    -2.241553
    -1.512022     0.274747    -2.241560
    -0.206709     2.077460    -2.244305
     1.928399     0.276370    -2.261450
     0.857824    -1.195846    -2.260208
    -0.868649    -0.631120    -2.259966
    -0.872228     1.185364    -2.260217
     0.858758     1.748603    -2.261456
     0.661551     1.175621     3.446622
     1.322500     0.265904     3.446626
     0.661165    -0.646542     3.433607
    -0.405221    -0.294398     3.412807
    -0.410600     0.828614     3.433602
     0.965083     2.092924     2.867576
     2.288706     0.271115     2.867582
     0.952654    -1.548712     2.859568
    -1.162813    -0.844823     2.829334
    -1.178538     1.384619     2.859556
     1.637614     1.189809     2.885456
     1.635205    -0.648468     2.880934
    -0.111962    -1.200372     2.847428
    -1.176230     0.264466     2.847423
    -0.111436     1.755574     2.880925
     1.261726     2.999627     2.272468
     3.242701     0.273051     2.272478
     1.243827    -2.439785     2.268294
    -1.915762    -1.391875     2.239299
    -1.936020     1.936894     2.268278
     1.937382     2.102711     2.294565
     2.597019    -0.646390     2.293220
     0.179970    -2.098841     2.263571
    -1.935470    -0.288094     2.259556
    -0.882382     2.315699     2.291971
     2.598471     1.192800     2.294568
     1.929683    -1.554772     2.291986
    -0.872093    -1.751705     2.259561
    -1.940511     0.819748     2.263560
     0.187759     2.669669     2.293208
     2.221242     3.000493     1.680478
     3.538800    -0.638245     1.680285
     0.468842    -2.984475     1.664699
    -2.679381    -0.837075     1.655943
    -1.650038     2.855086     1.680715
     2.885942     2.096768     1.684583
     2.880305    -1.549632     1.684396
    -0.579432    -2.640277     1.662584
    -2.690114     0.264824     1.662573
    -0.583734     3.218203     1.684378
     3.540033     1.185335     1.680485
     2.205454    -2.451539     1.680735
    -1.624084    -2.289565     1.655948
    -2.693531     1.368154     1.664683
     0.486533     3.562836     1.680270
     3.202396     2.326679    -0.228875
     3.198184    -1.777624    -0.227015
    -0.698041    -3.004167    -0.221356
    -3.072838     0.264458    -0.221368
    -0.702330     3.590968    -0.227035
     2.722543     2.673472     0.729033
     3.380903    -1.215266     0.729721
    -0.114183    -3.004164     0.723350
    -2.886579    -0.288098     0.720622
    -1.182684     3.238871     0.730927
     3.383931     1.763151     0.729037
     2.714880    -2.125659     0.730947
    -1.165999    -2.656270     0.720631
    -2.892418     0.819744     0.723336
    -0.111036     3.590971     0.729703
     2.039291     3.565054     0.721090
     0.966150     3.912369     0.721668
     4.020740     0.837827     0.721100
     4.019439    -0.290118     0.721684
     2.022775    -3.013777     0.724202
     0.947603    -3.351485     0.717225
    -2.207435    -2.289568     0.712061
    -2.859644    -1.391879     0.712058
    -2.894631     1.936890     0.717205
    -2.241206     2.855083     0.724180
     2.522101     3.225507    -0.233838
     0.376336     3.920101    -0.232597
     3.847011     1.401927    -0.233831
     3.844533    -0.853459    -0.232579
     2.514469    -2.675577    -0.231166
     0.363615    -3.361617    -0.224717
    -1.746183    -2.640282    -0.225268
    -3.050656    -0.844831    -0.225275
    -3.084725     1.384611    -0.224735
    -1.767614     3.218198    -0.231189
     1.456036     3.593641    -0.238498
     3.867697     0.274279    -0.238485
     1.446929    -3.040559    -0.235773
    -2.411020    -1.751711    -0.230486
    -2.444619     2.315692    -0.235793
     2.995710     2.873249    -1.188811
    -0.213408     3.912364    -1.186906
     3.658350     1.961205    -1.188808
     3.654938    -1.411952    -1.186886
     2.991279    -2.323368    -1.186604
    -0.217712    -3.351490    -1.168303
    -1.279268    -2.984482    -1.163815
    -3.233722    -0.294409    -1.163825
    -3.254730     0.828602    -1.168318
    -1.285298     3.562829    -1.186626
     1.935859     3.246870    -1.196429
     3.686174     0.837771    -1.196420
     1.931125    -2.695836    -1.193488
    -1.944105    -2.098849    -1.173270
    -2.626612     1.755564    -1.188735
     0.864475     3.593639    -1.195668
     3.684896    -0.288333    -1.195653
     0.857980    -3.040561    -1.188717
    -2.596881    -1.200382    -1.173273
    -1.967140     2.669660    -1.193508
     3.475203     1.397528    -2.147787
     2.399086    -2.323371    -2.144797
    -1.472553    -2.439796    -2.126922
    -2.786892     1.175607    -2.133102
     0.267037     3.565046    -2.146491
     3.480820     0.274888    -2.151255
     1.331282    -2.675582    -2.145614
    -2.131623    -1.548724    -2.130920
    -2.133235     2.092912    -2.145632
     1.337071     3.225502    -2.151267
     3.473088    -0.847700    -2.146474
     0.256882    -3.013784    -2.133086
    -2.775420    -0.646556    -2.126929
    -1.468294     2.999615    -2.144817
     2.403030     2.873246    -2.147793
     1.153172     0.837815    -3.918743
     1.152071    -0.290130    -3.917836
     0.079724    -0.638259    -3.916643
    -0.582370     0.273035    -3.916646
     0.080093     1.185320    -3.917842
     1.929591     1.401919    -3.336296
     1.927368    -0.853467    -3.334631
    -0.218441    -1.549645    -3.329503
    -1.541290     0.271099    -3.329510
    -0.216095     2.096755    -3.334642
     1.943008     0.274271    -3.352712
     0.859320    -1.215276    -3.350304
    -0.889681    -0.646404    -3.348405
    -0.890241     1.192786    -3.350313
     0.861280     1.763140    -3.352718
     2.699373     1.961201    -2.740472
     2.696136    -1.411956    -2.738268
    -0.516969    -2.451550    -2.724259
    -2.491305     0.265888    -2.724269
    -0.509692     3.000482    -2.738285
     2.718627     0.837767    -2.761950
     1.633336    -1.777631    -2.759005
    -1.187019    -1.554785    -2.750967
    -1.848458     1.189794    -2.755154
     0.565497     2.673463    -2.761157
     2.717373    -0.288337    -2.761146
     0.560368    -2.125668    -2.755142
    -1.845487    -0.648482    -2.750970
    -1.185891     2.102698    -2.759020
     1.636873     2.326672    -2.761956
     0.344314     0.250174     4.007339
     1.510739    -3.339698     1.674513
    -2.658823    -1.931744     1.643240
    -2.709406     2.468827     1.674491
    -0.822090    -3.339707    -2.100102
    -3.430283     0.250158    -2.100115
    -3.466535    -2.518580     2.142433
    -1.191238    -0.865471     3.924102
    -0.134257    -1.221482     3.943039
    -1.203200     0.249791     3.943034
    -1.952242    -1.418376     3.332227
     0.157904    -2.132873     3.361126
    -1.971343    -0.305644     3.353299
    -0.899874    -1.780394     3.353305
    -1.979701     0.809285     3.361115
    -2.708356    -1.967728     2.736888
     0.454596    -3.033780     2.765344
    -2.728801    -0.857747     2.756266
    -0.605933    -2.685046     2.765430
    -2.740885     0.253459     2.765419
    -1.659020    -2.330174     2.756271
    -2.744829     1.369847     2.765327
    -3.477575    -1.408859     2.149253
    -0.310124    -3.577249     2.161893
    -3.490396    -0.300843     2.157174
    -1.364715    -3.226589     2.157185
    -3.498009     0.810492     2.161876
    -2.414539    -2.872001     2.149259
    -1.018545    -3.943085    -0.687205
    -4.064842     0.249779    -0.687221
    -0.432908    -3.951235     0.267560
    -3.880894    -0.305652     0.263567
    -1.489952    -3.596498     0.263579
    -3.891625     0.809277     0.267542
     0.159152    -3.943080     1.218357
    -3.685639    -0.857751     1.208062
    -0.902076    -3.596496     1.214787
    -3.699232     0.253455     1.214772
    -1.954696    -3.240187     1.208071
    -3.700917     1.369843     1.218337
    -3.002169    -2.872004     1.198450
    -3.659161    -1.967732     1.198446
    -2.539758    -3.226594     0.255917
    -3.853501    -1.418383     0.255910
    -3.207216    -2.330180     0.251225
    -2.072336    -3.577257    -0.689440
    -4.042557    -0.865483    -0.689450
    -2.744448    -2.685055    -0.694776
    -3.401716    -1.780404    -0.694780
    -2.270083    -3.033791    -1.643301
    -2.935654    -2.132886    -1.644380
    -3.586794    -1.221496    -1.643308