
     0.150182     0.665028    -0.092819
     0.149045     0.662659     0.932048
     0.430147    -0.206913     0.363110
    -0.590259     0.125170     0.364798
    -0.594113     1.198957     0.367177
     0.433161     1.532648     0.368443
     1.066379     0.660812     0.365336
    -0.132406    -0.206915    -0.547123
    -0.766993     0.662656    -0.550141
    -0.135831     1.532646    -0.552210
     0.893784     1.198083    -0.552389
     0.891582     0.124389    -0.551026
     0.150136     0.660808    -1.117183
     0.147437     0.653777     1.980682
     0.723048     2.419642     0.841753
     2.002475     0.649993     0.835863
     0.713321    -1.100423     0.827702
    -1.341824    -0.433420     0.829290
    -1.357590     1.740086     0.839028
     1.654891     1.742118    -1.022778
     1.647068    -0.434088    -1.017938
    -0.421306    -1.100427    -1.008171
    -1.705638     0.653770    -1.017669
    -0.429531     2.419638    -1.023167
     0.147923     0.649986    -2.164880
     0.438847     1.548254     1.430447
     1.085221     0.655273     1.425161
     0.433451    -0.231822     1.417876
    -0.607951     0.107662     1.421124
    -0.612075     1.205931     1.428429
     1.378447     1.546444     0.850012
     1.369024    -0.233067     0.840470
    -0.319142    -0.780473     0.840217
    -1.367825     0.655779     0.845357
    -0.322547     2.098114     0.850816
     1.200699     2.097699    -0.090496
     0.146785     2.440381    -0.090724
     1.849742     1.203738    -0.092805
     1.844913     0.104153    -0.092969
     1.190187    -0.780792    -0.093823
     0.147100    -1.119397    -0.090909
    -0.894236    -0.780476    -0.090308
    -1.542976     0.107658    -0.091785
    -1.551356     1.205927    -0.091367
    -0.905245     2.098112    -0.092013
     1.670373     0.654051    -1.032344
     0.616191    -0.780794    -1.022571
    -1.074337    -0.231828    -1.021788
    -1.083171     1.548248    -1.032242
     0.617910     2.097697    -1.033473
     0.910242     1.203734    -1.612957
     0.908230     0.104149    -1.608560
    -0.139486    -0.233073    -1.600361
    -0.789372     0.655265    -1.608008
    -0.143811     1.546438    -1.613064
     0.146572     0.635464     3.050439
     1.019672     3.328146     1.325083
     2.956146     0.630319     1.318667
     1.000838    -2.010880     1.300575
    -2.105910    -1.005175     1.301520
    -2.138610     2.287535     1.321722
     2.432849     2.300018    -1.503582
     2.413647    -1.011462    -1.491706
    -0.715671    -2.010887    -1.476807
    -2.662841     0.635453    -1.495309
    -0.729180     3.328139    -1.504633
     0.142589     0.630307    -3.233784
     0.440691     1.545386     2.502735
     1.094312     0.641006     2.495297
     0.432617    -0.254303     2.481534
    -0.619198     0.089449     2.487228
    -0.622701     1.198652     2.500682
     0.733082     2.446816     1.922963
     2.034231     0.639797     1.915853
     0.719783    -1.141294     1.897331
    -1.369511    -0.464435     1.898566
    -1.387132     1.752486     1.919700
     1.398399     1.553435     1.936602
     1.384286    -0.258645     1.916876
    -0.329168    -0.812881     1.914493
    -1.394011     0.645789     1.927741
    -0.332051     2.115497     1.938446
     1.683506     2.445476     1.335941
     2.316419    -0.256880     1.321458
    -0.038648    -1.693710     1.314864
    -2.135443     0.090167     1.319770
    -1.095243     2.657263     1.334827
     2.333766     1.542396     1.334571
     1.662817    -1.142089     1.316316
    -1.079039    -1.357259     1.315195
    -2.152007     1.194437     1.330004
    -0.037164     3.004418     1.336029
     2.175763     2.114581     0.389899
     2.151912    -0.815417     0.382331
    -0.618995    -1.711288     0.382563
    -2.347648     0.645785     0.384717
    -0.630124     3.027037     0.389428
     1.503252     3.004694     0.384443
     0.437822     3.351337     0.384014
     2.809677     1.196167     0.382094
     2.802249     0.082160     0.379960
     1.481668    -1.694202     0.374441
     0.431252    -2.034791     0.376264
    -1.658905    -1.357261     0.376947
    -2.310594    -0.464439     0.375855
    -2.337382     1.752482     0.382156
    -1.683721     2.657261     0.382646
     1.976226     2.660465    -0.562423
    -0.147678     3.351334    -0.563349
     2.632510     1.754935    -0.563668
     2.621195    -0.467859    -0.560040
     1.953953    -1.357922    -0.560020
    -0.143672    -2.034794    -0.553987
    -1.193328    -1.693714    -0.553456
    -2.501556     0.089441    -0.558506
    -2.515159     1.198644    -0.561393
    -1.211605     3.004413    -0.564266
     0.921172     3.027561    -0.569321
     2.650683     0.643108    -0.569499
     0.910147    -1.712756    -0.562495
    -1.859579    -0.812887    -0.561775
    -1.882299     2.115490    -0.569920
     2.450577     1.198102    -1.514536
     1.374741    -1.357925    -1.497210
    -1.375119    -1.141303    -1.492307
    -2.041428     1.545376    -1.513438
     0.328418     3.004689    -1.516487
     2.445835     0.088231    -1.511602
     0.327722    -1.694207    -1.492692
    -2.026072    -0.254313    -1.496728
    -1.392105     2.446807    -1.515678
     1.386842     2.660462    -1.516072
     0.914779     1.196159    -2.683930
     0.913369     0.082152    -2.676327
    -0.146002    -0.256890    -2.662841
    -0.803846     0.639785    -2.676272
    -0.149977     1.542386    -2.684228
     1.681459     1.754931    -2.102508
     1.673159    -0.467863    -2.094001
    -0.433703    -1.142098    -2.075941
    -1.742463     0.640995    -2.094723
    -0.442012     2.445467    -2.103236
     1.694804     0.643104    -2.116151
     0.620407    -0.815423    -2.095707
    -1.095425    -0.258655    -2.095400
    -1.106761     1.553425    -2.116851
     0.624299     2.114575    -2.120435
     0.442141     1.532362     3.594687
     1.105116     0.617764     3.581888
     0.433488    -0.285662     3.557696
    -0.631529     0.064247     3.567115
    -0.630786     1.183255     3.591477
     0.738754     2.455353     3.016314
     2.056889     0.614907     3.008360
     0.722010    -1.176495     2.972573
    -1.388063    -0.495542     2.973176
    -1.408106     1.751511     3.012974
     1.412153     1.546609     3.030584
     1.390923    -0.288859     2.993923
    -0.336668    -0.842306     2.990461
    -1.417242     0.627401     3.018227
    -0.338887     2.118378     3.033145
     1.032775     3.364958     2.421039
     2.996697     0.615985     2.416740
     1.010267    -2.062079     2.380608
    -2.141510    -1.044628     2.381371
    -2.178623     2.305888     2.417679
     1.709189     2.464845     2.442492
     2.339688    -0.289947     2.410377
    -0.044993    -1.737530     2.400880
    -2.169204     0.063023     2.407574
    -1.116565     2.682858     2.441805
     2.367575     1.545728     2.441351
     1.679813    -1.182108     2.404237
    -1.096997    -1.398585     2.401037
    -2.187088     1.187297     2.432744
    -0.043313     3.035599     2.443064
     1.993108     3.363962     1.828152
     3.274308    -0.289508     1.811612
     0.247350    -2.615657     1.794351
    -2.911309    -0.488616     1.799281
    -1.882164     3.224826     1.826672
     2.656792     2.453597     1.832319
     2.618367    -1.179320     1.806797
    -0.802598    -2.283182     1.799125
    -2.934931     0.620452     1.813877
    -0.816325     3.585300     1.831570
     3.306095     1.529931     1.828516
     1.958040    -2.063390     1.797415
    -1.848538    -1.938888     1.794466
    -2.955613     1.732693     1.826656
     0.254879     3.929574     1.827958
     2.973442     2.687345    -0.082514
     2.927896    -1.403824    -0.080510
    -0.918679    -2.639927    -0.082539
    -3.333395     0.627393    -0.082188
    -0.936917     3.959775    -0.083987
     2.494511     3.035941     0.876348
     3.111116    -0.849578     0.867768
    -0.337018    -2.639925     0.858612
    -3.123501     0.063019     0.863482
    -1.417100     3.607709     0.875803
     3.155201     2.118007     0.877504
     2.451061    -1.741463     0.861894
    -1.389432    -2.299511     0.858718
    -3.154014     1.187293     0.868217
    -0.343894     3.959777     0.875548
     1.810299     3.930362     0.867667
     0.735179     4.280300     0.867164
     3.784848     1.181628     0.870005
     3.772993     0.051943     0.863333
     1.775649    -2.617370     0.850036
     0.719742    -2.958127     0.850405
    -2.431710    -1.938891     0.850870
    -3.087677    -1.044632     0.850434
    -3.136757     2.305884     0.867379
    -2.475566     3.224823     0.866524
     2.292570     3.589146    -0.088157
     0.144093     4.288243    -0.089065
     3.615404     1.756045    -0.086923
     3.600276    -0.506672    -0.081966
     2.252309    -2.286568    -0.088347
     0.140988    -2.966193    -0.087127
    -1.968114    -2.283187    -0.086727
    -3.280049    -0.495549    -0.088136
    -3.324614     1.751503    -0.088015
    -2.003286     3.585295    -0.088981
     1.225490     3.960716    -0.093932
     3.632834     0.625672    -0.091750
     1.202245    -2.642251    -0.092774
    -2.638142    -1.398591    -0.092598
    -2.683366     2.682851    -0.093343
     2.765289     3.235331    -1.044149
    -0.446839     4.280295    -1.045389
     3.427655     2.320028    -1.043751
     3.406058    -1.056108    -1.031673
     2.724696    -1.947491    -1.027667
    -0.438735    -2.958132    -1.024061
    -1.494288    -2.615664    -1.023692
    -3.472949     0.064235    -1.030421
    -3.494410     1.183244    -1.041984
    -1.520995     3.929567    -1.045480
     1.704776     3.611695    -1.053614
     3.454300     1.195305    -1.051650
     1.676439    -2.303343    -1.036086
    -2.167526    -1.737538    -1.033467
    -2.864483     2.118368    -1.053373
     0.632067     3.960713    -1.054116
     3.448372     0.065588    -1.048155
     0.620650    -2.642254    -1.033818
    -2.825306    -0.842316    -1.036258
    -2.204516     3.035590    -1.053852
     3.243361     1.756772    -2.004503
     2.137707    -1.947494    -1.977440
    -1.677463    -2.062090    -1.968250
    -3.017449     1.532348    -2.003074
     0.033525     3.930354    -2.007227
     3.246157     0.630755    -2.006227
     1.086297    -2.286573    -1.975003
    -2.335846    -1.176507    -1.975166
    -2.367489     2.455340    -2.009717
     1.104119     3.589141    -2.011120
     3.230469    -0.497792    -1.996529
     0.033813    -2.617377    -1.968327
    -2.988230    -0.285676    -1.978785
    -1.703571     3.364947    -2.006483
     2.170591     3.235329    -2.006395
     0.914493     1.181616    -3.774349
     0.915161     0.051931    -3.760758
    -0.156023    -0.289522    -3.738807
    -0.821420     0.615970    -3.761132
    -0.156932     1.529917    -3.774804
     1.694613     1.756037    -3.194842
     1.683420    -0.506680    -3.183520
    -0.445063    -1.179333    -3.149960
    -1.770878     0.614891    -3.185127
    -0.450715     2.453584    -3.195756
     1.706729     0.625664    -3.208269
     0.615193    -0.849588    -3.170739
    -1.109553    -0.289961    -3.170638
    -1.124789     1.545714    -3.209439
     0.626194     2.117997    -3.214534
     2.466459     2.320025    -2.599007
     2.446005    -1.056112    -2.585079
    -0.731979    -2.063401    -2.555148
    -2.709505     0.617748    -2.590328
    -0.743800     3.363951    -2.600280
     2.485443     1.195301    -2.619302
     1.381419    -1.403830    -2.582773
    -1.399167    -1.182120    -2.577679
    -2.079095     1.546594    -2.618401
     0.331754     3.035932    -2.623083
     2.479668     0.065584    -2.615559
     0.325261    -1.741471    -2.577738
    -2.055795    -0.288873    -2.583010
    -1.420253     2.464832    -2.621076
     1.403572     2.687339    -2.622630
     0.148513     0.594483     4.152004
     3.934987     0.592628     1.821029
     1.293810    -2.936187     1.781744
    -2.883746    -1.586188     1.782249
    -2.938761     2.854038     1.816238
     3.192152    -1.626933    -1.972845
    -1.015016    -2.936197    -1.954033
    -3.647241     0.594467    -1.989684
     0.131018     0.592612    -4.333951
     0.725282    -1.212583     4.066012
    -1.407182    -0.525885     4.067142
     1.398424    -0.321699     4.088440
    -0.340963    -0.872019     4.082331
     1.017408    -2.107733     3.472135
    -2.170845    -1.081894     3.472982
     2.359082    -0.326931     3.508037
    -0.049147    -1.776702     3.493469
    -2.200685     0.031630     3.504347
     1.691810    -1.221778     3.497617
    -1.111659    -1.435400     3.493992
     1.308601    -2.999469     2.873393
    -2.931167    -1.632121     2.874083
     3.310526    -0.323422     2.913160
     0.244545    -2.669730     2.894222
    -2.956887    -0.521146     2.900357
     2.647831    -1.223025     2.910296
    -0.817281    -2.334943     2.901690
    -2.977968     0.594522     2.918400
     1.980562    -2.112955     2.898243
    -1.874994    -1.986928     2.894237
     0.542119    -3.553859     2.284180
    -3.704507    -1.076619     2.289503
     3.589772    -1.218469     2.306597
    -0.519487    -3.219652     2.290161
    -3.725627     0.036678     2.302553
     2.926364    -2.112102     2.298975
    -1.578727    -2.877947     2.290058
     2.259357    -3.002068     2.288105
    -2.635455    -2.528281     2.284003
     3.715813    -2.002668    -0.548343
    -1.221843    -3.577161    -0.554842
     3.908121    -1.450804     0.409901
    -0.637258    -3.586908     0.393854
    -4.118561     0.031622     0.401144
     3.239584    -2.344633     0.401130
    -1.700314    -3.243008     0.393830
     4.085870    -0.886005     1.363038
    -0.050156    -3.577156     1.340995
    -3.916523    -0.521150     1.347626
     3.424488    -1.786498     1.356964
    -1.112654    -3.243006     1.344689
    -3.942091     0.594518     1.358409
     2.756315    -2.675674     1.346443
    -2.169624    -2.892421     1.340903
     2.076933    -3.556711     1.336365
     1.016358    -3.897619     1.335627
    -3.221485    -2.528284     1.335781
    -3.881517    -1.632125     1.336376
     2.558273    -3.225304     0.389092
     0.431575    -3.908125     0.387958
    -2.754314    -2.877952     0.387911
    -4.077161    -1.081901     0.388485
     1.500021    -3.579902     0.383004
    -3.427205    -1.986934     0.382696
     3.035761    -2.888262    -0.558930
    -0.153983    -3.908128    -0.559498
    -2.280694    -3.219659    -0.559546
    -4.267069    -0.525896    -0.560275
     1.980400    -3.248081    -0.567247
    -2.960842    -2.334951    -0.566681
     0.916292    -3.589983    -0.566288
    -3.622265    -1.435410    -0.568272
    -0.740077    -3.897626    -1.506358
    -1.800575    -3.553868    -1.506397
     2.457094    -2.898857    -1.518553
    -2.479295    -2.669741    -1.513064
     1.393036    -3.248083    -1.517625
    -3.146622    -1.776715    -1.518375
     0.328275    -3.579907    -1.512929
    -3.803823    -0.872033    -1.520720
    -1.984800    -2.999483    -2.455466
     1.857573    -2.888267    -2.465288
    -2.650558    -2.107748    -2.462787
     0.796098    -3.225312    -2.462181
    -3.312383    -1.212600    -2.467098
    -0.266430    -3.556721    -2.455293
    -0.457668    -1.218485    -4.242329
     0.608138    -0.886020    -4.264076
    -1.125079    -0.323440    -4.263832
    -0.747536    -2.112117    -3.645548
     1.381157    -1.450815    -3.678832
    -1.418883    -1.223042    -3.669817
     0.317791    -1.786511    -3.669800
    -2.082654    -0.326949    -3.678877
    -1.036109    -3.002082    -3.044095
     2.152233    -2.002674    -3.078281
    -1.706515    -2.112971    -3.067601
     1.090022    -2.344642    -3.076949
    -2.371747    -1.221795    -3.077388
     0.028385    -2.675685    -3.067461
    -3.031404    -0.321717    -3.079206