                                        
   -0.023422     0.017129    -0.005594      
   -0.022011     0.015672     1.018909      
    0.263241    -0.852575     0.450861      
   -0.761827    -0.523941     0.453462      
   -0.761733     0.553797     0.455796      
    0.263181     0.886481     0.453611      
    0.892251     0.013405     0.451002      
   -0.305011    -0.855325    -0.462913      
   -0.937471     0.012923    -0.464390      
   -0.301587     0.887915    -0.464307      
    0.719341     0.554193    -0.463127      
    0.718324    -0.521897    -0.459703      
   -0.020100     0.014617    -1.029687      
   -0.015907     0.010803     2.066725      
    0.562149     1.772677     0.925097      
    1.828994     0.005309     0.916502      
    0.560420    -1.741050     0.916340      
   -1.512494    -1.081734     0.924689      
   -1.515897     1.101953     0.928894      
    1.482882     1.099591    -0.929527      
    1.478277    -1.074106    -0.919899      
   -0.588043    -1.750080    -0.929053      
   -1.871638     0.007077    -0.933811      
   -0.584430     1.778296    -0.933645      
   -0.011198     0.008070    -2.077018      
    0.273515     0.902550     1.513914      
    0.916441     0.008728     1.505657      
    0.274842    -0.874559     1.505611      
   -0.774569    -0.539553     1.513932      
   -0.776033     0.563547     1.517559      
    1.206496     0.897507     0.929375      
    1.207152    -0.876951     0.927729      
   -0.480356    -1.424334     0.928946      
   -1.534189     0.010296     0.938121      
   -0.483258     1.456256     0.938484      
    1.032936     1.454271    -0.004369      
   -0.011945     1.798555    -0.003961      
    1.672251     0.557690    -0.005390      
    1.672146    -0.539082    -0.002481      
    1.029487    -1.423759    -0.002552      
   -0.013721    -1.762678    -0.005341      
   -1.064463    -1.431770    -0.003990      
   -1.714165    -0.543625    -0.004261      
   -1.714276     0.561287    -0.002523      
   -1.062828     1.457640    -0.002344      
    1.494870     0.011757    -0.934181      
    0.450501    -1.425310    -0.934064      
   -1.246060    -0.883071    -0.943564      
   -1.242885     0.903475    -0.945142      
    0.455146     1.457853    -0.943832      
    0.743362     0.563038    -1.520618      
    0.740134    -0.537831    -1.512555      
   -0.305979    -0.880978    -1.520391      
   -0.953717     0.008308    -1.524900      
   -0.302410     0.904582    -1.524872      
   -0.003731     0.001670     3.134778      
    0.875069     2.672728     1.408607      
    2.782999    -0.003821     1.390246      
    0.863874    -2.645624     1.390084      
   -2.272483    -1.656073     1.407422      
   -2.285697     1.661392     1.410593      
    2.266052     1.650589    -1.402968      
    2.252469    -1.636649    -1.387673      
   -0.870225    -2.665168    -1.402295      
   -2.824826     0.002096    -1.412357      
   -0.874013     2.686446    -1.412140      
    0.005347    -0.004044    -3.145368      
    0.288278     0.904838     2.585021      
    0.935434    -0.000138     2.568763      
    0.288831    -0.890333     2.568779      
   -0.772584    -0.554996     2.584951      
   -0.775461     0.562525     2.589127      
    0.580761     1.798930     2.005941      
    1.869055    -0.001789     1.986389      
    0.579367    -1.777243     1.986295      
   -1.532826    -1.109475     2.005894      
   -1.540590     1.119189     2.010380      
    1.234541     0.903378     2.006483      
    1.234465    -0.897011     2.001423      
   -0.477818    -1.453521     2.006322      
   -1.554514     0.004542     2.025475      
   -0.485032     1.476270     2.025666      
    1.521377     1.790354     1.411216      
    2.160861    -0.893944     1.403897      
   -0.182765    -2.331768     1.405491      
   -2.304249    -0.552903     1.423355      
   -1.244702     2.022929     1.424487      
    2.161298     0.894788     1.405845      
    1.518058    -1.778834     1.403852      
   -1.231653    -1.998820     1.410106      
   -2.308301     0.559648     1.424058      
   -0.184903     2.362662     1.424112      
    2.002409     1.461160     0.471237      
    1.998138    -1.451725     0.471702      
   -0.770986    -2.355813     0.471259      
   -2.513097     0.002953     0.478219      
   -0.778192     2.389800     0.478794      
    1.349358     2.357336     0.469239      
    0.291521     2.708710     0.471463      
    2.630765     0.551475     0.463449      
    2.629820    -0.553203     0.465875      
    1.338904    -2.330222     0.465780      
    0.288523    -2.672385     0.463395      
   -1.826079    -2.012032     0.470379      
   -2.486195    -1.112885     0.470661      
   -2.491262     1.118225     0.472473      
   -1.832348     2.024784     0.472685      
    1.816977     2.015429    -0.471221      
   -0.295015     2.712633    -0.474540      
    2.456140     1.104458    -0.471525      
    2.452114    -1.100133    -0.464613      
    1.804007    -1.992247    -0.464639      
   -0.291756    -2.677226    -0.471249      
   -1.356093    -2.350879    -0.470373      
   -2.670971    -0.556554    -0.474929      
   -2.672012     0.561925    -0.473956      
   -1.359091     2.368418    -0.473649      
    0.768485     2.386903    -0.480547      
    2.471943     0.001955    -0.473241      
    0.761859    -2.351568    -0.473204      
   -2.033017    -1.468161    -0.480025      
   -2.034197     1.478732    -0.480687      
    2.277389     0.554309    -1.407489      
    1.221671    -1.994266    -1.403399      
   -1.541522    -1.795208    -1.422069      
   -2.195216     0.907974    -1.427336      
    0.177944     2.367469    -1.425553      
    2.274216    -0.545888    -1.403487      
    0.176100    -2.337164    -1.407204      
   -2.196739    -0.900264    -1.425301      
   -1.541209     1.807908    -1.427242      
    1.231320     2.020393    -1.422720      
    0.765471     0.560285    -2.588071      
    0.760168    -0.552445    -2.574573      
   -0.296567    -0.901251    -2.587859      
   -0.952586    -0.000064    -2.595578      
   -0.294227     0.905934    -2.595589      
    1.523885     1.113370    -2.005888      
    1.513288    -1.099617    -1.987222      
   -0.588409    -1.793373    -2.005429      
   -1.901356     0.001925    -2.013833      
   -0.588975     1.807904    -2.013750      
    1.529089     0.004408    -2.007126      
    0.468043    -1.455697    -2.006995      
   -1.259134    -0.906212    -2.027635      
   -1.257692     0.914028    -2.031927      
    0.472966     1.477376    -2.027920      
    0.312929     0.901972     3.674032      
    0.959007    -0.013654     3.642360      
    0.308879    -0.908832     3.642416      
   -0.762376    -0.577960     3.673779      
   -0.768398     0.557067     3.679202      
    0.610228     1.809957     3.099585      
    1.900288    -0.012200     3.061751      
    0.598770    -1.804057     3.061719      
   -1.534533    -1.141843     3.098891      
   -1.549370     1.124964     3.103512      
    1.263586     0.897730     3.084364      
    1.258606    -0.914756     3.076808      
   -0.463735    -1.479962     3.084271      
   -1.559737    -0.007925     3.120162      
   -0.475444     1.484394     3.120353      
    0.900597     2.705743     2.507455      
    2.833512    -0.011381     2.470466      
    0.886643    -2.691525     2.470330      
   -2.297535    -1.697863     2.506435      
   -2.320327     1.685870     2.508742      
    1.559065     1.801011     2.500932      
    2.199446    -0.914317     2.490065      
   -0.172562    -2.373206     2.494322      
   -2.333054    -0.571591     2.531305      
   -1.257115     2.051990     2.531327      
    2.203474     0.897551     2.494572      
    1.549257    -1.809417     2.490027      
   -1.231049    -2.039824     2.500528      
   -2.340300     0.561102     2.531046      
   -0.178702     2.394424     2.531684      
    1.848258     2.690641     1.901758      
    3.124656    -0.907873     1.884513      
    0.120828    -3.249828     1.887136      
   -3.083601    -1.131128     1.917616      
   -2.022188     2.599673     1.916393      
    2.491550     1.791368     1.896729      
    2.482369    -1.803508     1.888998      
   -0.933311    -2.922448     1.896026      
   -3.100293    -0.004187     1.921323      
   -0.952509     2.950366     1.921893      
    3.128118     0.889632     1.887441      
    1.829182    -2.691219     1.884420      
   -1.984869    -2.584599     1.898269      
   -3.096976     1.121000     1.916014      
    0.126948     3.282701     1.918666      
    2.802567     2.015647     0.007409      
    2.787433    -2.025230     0.007562      
   -1.051284    -3.288282     0.007788      
   -3.494960    -0.001742     0.005240      
   -1.076917     3.325101     0.005887      
    2.331296     2.361981     0.956909      
    2.967224    -1.471881     0.948971      
   -0.467309    -3.280362     0.950984      
   -3.307326    -0.568667     0.965893      
   -1.556880     2.976539     0.965677      
    2.975447     1.458291     0.951068      
    2.316836    -2.367179     0.948930      
   -1.525801    -2.946991     0.957170      
   -3.311644     0.562459     0.965110      
   -0.479205     3.321669     0.966968      
    1.677905     3.270508     0.953236      
    0.606453     3.631035     0.959814      
    3.599015     0.544649     0.939865      
    3.596335    -0.565166     0.941113      
    1.649006    -3.245752     0.940996      
    0.594329    -3.591188     0.939739      
   -2.593179    -2.607777     0.958404      
   -3.267080    -1.695828     0.956896      
   -3.282263     1.686628     0.955178      
   -2.617194     2.601625     0.955391      
    2.156775     2.933542     0.007526      
    0.007467     3.647615     0.002258      
    3.431732     1.100175    -0.000187      
    3.425075    -1.118529     0.003336      
    2.122233    -2.911911     0.003280      
    0.014022    -3.603757    -0.000099      
   -2.124531    -2.957700     0.009585      
   -3.466997    -1.132803     0.001215      
   -3.473417     1.128027     0.000316      
   -2.144863     2.955977     0.000670      
    1.088682     3.315176    -0.002362      
    3.445891    -0.008834    -0.002542      
    1.073217    -3.274540    -0.002577      
   -2.816670    -2.060031    -0.000968      
   -2.827921     2.055678    -0.004475      
    2.621626     2.579191    -0.941688      
   -0.586689     3.642179    -0.954063      
    3.251745     1.651752    -0.941578      
    3.238204    -1.667396    -0.934103      
    2.586353    -2.564626    -0.934110      
   -0.566503    -3.603025    -0.941196      
   -1.643633    -3.290235    -0.940596      
   -3.645184    -0.566237    -0.954471      
   -3.647017     0.564014    -0.954717      
   -1.662137     3.295117    -0.954353      
    1.564748     2.966588    -0.958546      
    3.270311     0.546625    -0.945865      
    1.543659    -2.932655    -0.943720      
   -2.338498    -2.404745    -0.957533      
   -3.011374     1.491058    -0.965059      
    0.490470     3.321452    -0.962829      
    3.266137    -0.562068    -0.943755      
    0.490383    -3.279142    -0.945705      
   -3.007477    -1.492291    -0.962379      
   -2.347597     2.404387    -0.964923      
    3.072003     1.098553    -1.882731      
    2.002984    -2.567527    -1.878289      
   -1.835230    -2.726361    -1.906871      
   -3.165761     0.913281    -1.916976      
   -0.107855     3.292900    -1.914928      
    3.071907    -0.007270    -1.884276      
    0.955727    -2.919305    -1.884089      
   -2.508124    -1.825827    -1.916648      
   -2.512055     1.825859    -1.921992      
    0.961934     2.949311    -1.917280      
    3.060789    -1.111866    -1.878353      
   -0.096106    -3.261011    -1.882346      
   -3.165121    -0.914184    -1.914712      
   -1.845947     2.729398    -1.916807      
    2.026181     2.587285    -1.907736      
    0.794551     0.551779    -3.672121      
    0.787955    -0.572691    -3.650127      
   -0.279546    -0.926422    -3.671925      
   -0.943355    -0.011405    -3.685574      
   -0.280733     0.900511    -3.685607      
    1.564271     1.109972    -3.094902      
    1.544774    -1.122554    -3.060708      
   -0.572718    -1.830837    -3.094474      
   -1.912733    -0.004949    -3.105966      
   -0.586137     1.820660    -3.105928      
    1.560035    -0.011754    -3.081512      
    0.492949    -1.480210    -3.081388      
   -1.257994    -0.927350    -3.119628      
   -1.260802     0.916119    -3.125579      
    0.493291     1.482720    -3.119907      
    2.324505     1.664731    -2.497453      
    2.296803    -1.668933    -2.465430      
   -0.865585    -2.725182    -2.496821      
   -2.867456    -0.001838    -2.509539      
   -0.883730     2.727966    -2.509408      
    2.325127     0.546214    -2.492529      
    1.251876    -2.031216    -2.488120      
   -1.553933    -1.834907    -2.526752      
   -2.225166     0.919731    -2.533557      
    0.191098     2.400067    -2.530376      
    2.318611    -0.563275    -2.488209      
    0.198558    -2.380143    -2.492259      
   -2.223753    -0.923065    -2.530115      
   -1.561889     1.832485    -2.533491      
    1.265138     2.044467    -2.527344      
    0.013375    -0.010954     4.227530      
    1.212819     3.591254     1.911266      
    3.752513    -0.012082     1.872062      
    1.171337    -3.565199     1.871880      
   -3.048020    -2.249447     1.904312      
   -3.079851     2.238493     1.905054      
    3.071139     2.210429    -1.885791      
    3.038981    -2.208144    -1.864082      
   -1.153996    -3.603812    -1.884974      
   -3.807479    -0.000954    -1.904903      
   -1.174559     3.622008    -1.904654      
    0.037118    -0.027243    -4.244861      
    4.749768    -0.018447     2.368446      
    1.485655    -4.511765     2.368231      
    3.847435    -2.795589    -2.356288      
    0.988540    -0.025856     4.737967      
    0.329891    -0.933241     4.738157      
    1.934155    -0.023537     4.152097      
    0.620070    -1.832999     4.152117      
    1.297067     0.891963     4.177361      
    1.284481    -0.933611     4.165369      
   -0.447598    -1.510230     4.177458      
    2.876526    -0.019946     3.562281      
    0.908075    -2.730048     3.562189      
    1.599654     1.805869     3.598893      
    2.233438    -0.932275     3.582711      
   -0.157546    -2.410857     3.588187      
    2.243509     0.894749     3.588351      
    1.576776    -1.836365     3.582679      
   -1.222919    -2.080349     3.598948      
    3.812847    -0.018086     2.965586      
    1.195769    -3.620890     2.965409      
    1.891274     2.713011     3.003931      
    3.173875    -0.928341     2.984726      
    0.132027    -3.302377     2.988642      
    2.541544     1.804847     3.000951      
    2.524878    -1.834453     2.991947      
   -0.930558    -2.975324     3.000484      
    3.181185     0.895219     2.988907      
    1.863855    -2.731819     2.984631      
   -1.992634    -2.637825     3.004325      
    4.104191    -0.921756     2.374877      
    0.425223    -4.184119     2.378167      
    2.828866     2.702839     2.396551      
    3.459031    -1.825407     2.380950      
   -0.633976    -3.857868     2.388688      
    3.472865     1.796003     2.389143      
    2.805090    -2.725636     2.380899      
   -1.692337    -3.524776     2.395026      
    4.110489     0.888938     2.378446      
    2.145151    -3.618562     2.374726      
   -2.752083    -3.187952     2.399436      
    3.616567     2.576743    -0.460114      
    3.584202    -2.604163    -0.463980      
   -1.333227    -4.235961    -0.459810      
    3.150604     2.932455     0.497932      
    3.774169    -2.051356     0.484970      
   -0.749303    -4.232127     0.489673      
    3.793366     2.020501     0.489559      
    3.117271    -2.955601     0.484933      
   -1.815108    -3.902949     0.498170      
    2.667499     3.276880     1.451845      
    3.946317    -1.489668     1.432103      
   -0.164472    -4.214922     1.436136      
    3.319068     2.369628     1.446310      
    3.298858    -2.396725     1.435746      
   -1.227374    -3.888844     1.446318      
    3.957679     1.459230     1.436332      
    2.636389    -3.292875     1.432014      
   -2.289279    -3.550820     1.451053      
    4.583988     0.542045     1.423650      
    4.579925    -0.576121     1.423399      
    1.963436    -4.177832     1.423243      
    0.901287    -4.527228     1.423463      
    4.418909     1.100365     0.478350      
    4.410102    -1.134368     0.478611      
    2.441770    -3.843837     0.478512      
    0.319110    -4.542725     0.478293      
    4.429354    -0.016303     0.474033      
    1.384358    -4.207583     0.473924      
    4.245462     1.655270    -0.469150      
    4.229320    -1.690769    -0.467990      
    2.914929    -3.500007    -0.468036      
   -0.262476    -4.549240    -0.469004      
    4.263086     0.542099    -0.475927      
    1.862682    -3.872515    -0.475396      
    4.258528    -0.574932    -0.475358      
    0.801665    -4.221953    -0.475906      
    4.066789     2.210001    -1.416577      
    4.038357    -2.242924    -1.412322      
    3.380907    -3.147831    -1.412330      
   -0.845486    -4.550739    -1.416268      
    4.079570     1.096828    -1.423821      
    2.332212    -3.518756    -1.422329      
    4.081532    -0.016677    -1.426569      
    1.276778    -3.876619    -1.426482      
    4.067182    -1.130974    -1.422349      
    0.217089    -4.218761    -1.423635      
    3.884617     1.649325    -2.370452      
    2.794867    -3.151157    -2.364687      
    3.882121     0.537002    -2.371651      
    1.743352    -3.507554    -2.371164      
    3.874683    -0.574620    -2.371291      
    0.688289    -3.857982    -2.371420      
    3.860481    -1.684719    -2.364729      
   -0.368963    -4.203891    -2.370096      
    1.578063    -1.146798    -4.152810      
    1.593063    -0.029947    -4.174037      
    0.520436    -1.506062    -4.173950      
    2.337440    -1.698534    -3.556089      
    2.370274     0.530807    -3.587976      
    1.284744    -2.063247    -3.579812      
    2.359160    -0.584713    -3.579892      
    0.227141    -2.418359    -3.587758      
    3.091724    -2.246550    -2.955939      
    3.134223     1.092218    -2.985726      
    2.041728    -2.611727    -2.977437      
    3.129577    -0.022466    -2.986127      
    0.987943    -2.969548    -2.985952      
    3.114722    -1.135168    -2.977502      
   -0.070884    -3.318226    -2.985407      