
    -0.347670     0.032038    -0.562545
    -0.344678     0.031754     0.461938
    -0.061970    -0.833182    -0.100269
    -1.087945    -0.504753    -0.101380
    -1.088211     0.568072    -0.101371
    -0.062465     0.897745    -0.101072
     0.567315     0.031753    -0.101702
    -0.628647    -0.838774    -1.017176
    -1.264919     0.031702    -1.016641
    -0.628509     0.903305    -1.016955
     0.395999     0.568071    -1.018658
     0.395870    -0.504754    -1.018424
    -0.343616     0.031701    -1.586035
    -0.337602     0.031134     1.508740
     0.231336     1.779787     0.374309
     1.500437     0.031132     0.372775
     0.231784    -1.715856     0.375039
    -1.841194    -1.055489     0.374987
    -1.841692     1.117121     0.375690
     1.159665     1.117119    -1.479242
     1.158810    -1.055492    -1.479109
    -0.912545    -1.734245    -1.476534
    -2.203451     0.031054    -1.479407
    -0.912022     1.800063    -1.475692
    -0.337797     0.031052    -2.632439
    -0.051366     0.916005     0.957435
     0.591230     0.031248     0.956634
    -0.051241    -0.852956     0.958026
    -1.096880    -0.516786     0.956556
    -1.097002     0.579426     0.956565
     0.879327     0.916005     0.382237
     0.879798    -0.852957     0.382616
    -0.808417    -1.400263     0.383381
    -1.861305     0.031000     0.384300
    -0.809115     1.464358     0.382329
     0.703817     1.464357    -0.552709
    -0.341416     1.808344    -0.552428
     1.346174     0.579424    -0.553394
     1.346111    -0.516788    -0.553289
     0.704442    -1.400265    -0.551613
    -0.340705    -1.741549    -0.551273
    -1.391407    -1.410012    -0.552475
    -2.044071    -0.519992    -0.552371
    -2.044311     0.582402    -0.552211
    -1.391877     1.473605    -0.552339
     1.176136     0.030998    -1.492933
     0.128112    -1.410013    -1.491585
    -1.573197    -0.863166    -1.490751
    -1.572805     0.926261    -1.490476
     0.128447     1.473604    -1.491947
     0.420341     0.582400    -2.075442
     0.420089    -0.519994    -2.075298
    -0.629805    -0.863166    -2.073796
    -1.281402     0.031159    -2.073362
    -0.629733     0.926261    -2.073324
    -0.329655     0.030470     2.573989
     0.531638     2.676828     0.860208
     2.449669     0.030467     0.856281
     0.531313    -2.614618     0.859691
    -2.603535    -1.620282     0.867459
    -2.604217     1.680595     0.869124
     1.942020     1.680591    -1.940592
     1.940222    -1.620286    -1.940724
    -1.197993    -2.653409    -1.938399
    -3.163115     0.030529    -1.953941
    -1.197172     2.720870    -1.937078
    -0.333054     0.030527    -3.703006
    -0.040718     0.923794     2.024119
     0.606972     0.030549     2.022998
    -0.040862    -0.862328     2.024297
    -1.093605    -0.522890     2.023786
    -1.093740     0.584136     2.023963
     0.247822     1.810364     1.450277
     1.537972     0.030548     1.447610
     0.247671    -1.748365     1.450327
    -1.854796    -1.074712     1.451333
    -1.855154     1.135841     1.452239
     0.903386     0.928576     1.461715
     0.903385    -0.866969     1.461716
    -0.807282    -1.423861     1.464153
    -1.869839     0.030653     1.464316
    -0.807316     1.485780     1.464140
     1.186336     1.810363     0.870246
     1.828856    -0.862329     0.868753
    -0.514339    -2.301020     0.871821
    -2.632066    -0.522089     0.877990
    -1.564044     2.028509     0.873858
     1.828634     0.923792     0.868801
     1.186444    -1.748366     0.870136
    -1.563689    -1.967014     0.873115
    -2.632401     0.582785     0.878551
    -0.514713     2.363788     0.871647
     1.670612     1.485778    -0.067296
     1.670604    -1.423864    -0.067257
    -1.101971    -2.329157    -0.065643
    -2.842982     0.030514    -0.064931
    -1.103680     2.395382    -0.067527
     1.009815     2.363787    -0.070559
    -0.043890     2.711760    -0.071020
     2.299424     0.584133    -0.073117
     2.299204    -0.522893    -0.073075
     1.009798    -2.301021    -0.070143
    -0.043488    -2.645947    -0.070361
    -2.156408    -1.982915    -0.069897
    -2.818523    -1.082344    -0.069574
    -2.819217     1.143018    -0.068643
    -2.157481     2.043603    -0.068466
     1.481070     2.028506    -1.008118
    -0.623826     2.729588    -1.009380
     2.128578     1.135837    -1.009831
     2.127604    -1.074715    -1.009914
     1.480242    -1.967016    -1.008129
    -0.622702    -2.657591    -1.007553
    -1.686211    -2.327855    -1.009256
    -3.003996    -0.528340    -1.015361
    -3.004264     0.589542    -1.015075
    -1.687528     2.391839    -1.009187
     0.433190     2.395380    -1.017360
     2.145946     0.030649    -1.017564
     0.434105    -2.329158    -1.014986
    -2.364182    -1.442863    -1.020686
    -2.364773     1.504901    -1.020298
     1.963054     0.582781    -1.961583
     0.901863    -1.982917    -1.960004
    -1.870770    -1.776486    -1.961258
    -2.527732     0.937278    -1.964907
    -0.147948     2.391837    -1.960696
     1.962402    -0.522093    -1.961533
    -0.148605    -2.327857    -1.959545
    -2.527947    -0.875836    -1.965231
    -1.869966     1.838732    -1.960767
     0.903628     2.043600    -1.960327
     0.435651     0.589538    -3.141049
     0.435274    -0.528343    -3.140937
    -0.627212    -0.875838    -3.139945
    -1.286405     0.030514    -3.140473
    -0.627015     0.937276    -3.139609
     1.199408     1.143014    -2.552279
     1.198263    -1.082347    -2.552072
    -0.917560    -1.776487    -2.550371
    -2.233616     0.030515    -2.555067
    -0.917476     1.838732    -2.549435
     1.213355     0.030511    -2.571873
     0.144374    -1.442865    -2.571052
    -1.589451    -0.883238    -2.571797
    -1.589377     0.944672    -2.571680
     0.144990     1.504899    -2.571409
    -0.031575     0.929161     3.101462
     0.619876     0.030008     3.099811
    -0.031809    -0.868951     3.101319
    -1.089108    -0.527145     3.102945
    -1.089168     0.587161     3.103292
     0.260148     1.827058     2.530574
     1.561784     0.030039     2.527032
     0.259670    -1.766520     2.530126
    -1.854421    -1.084922     2.534849
    -1.854651     1.144924     2.535946
     0.920492     0.935794     2.542304
     0.920302    -0.875432     2.542100
    -0.801720    -1.437392     2.545914
    -1.868332     0.030083     2.549093
    -0.801542     1.497776     2.546515
     0.550193     2.715927     1.946021
     2.495330     0.030006     1.940722
     0.549483    -2.655088     1.944923
    -2.617633    -1.640063     1.958256
    -2.618155     1.699808     1.960232
     1.212576     1.832896     1.961996
     1.862143    -0.875432     1.960013
    -0.509794    -2.334104     1.965323
    -2.636250    -0.527837     1.973730
    -1.567423     2.055444     1.969553
     1.862243     0.935793     1.960273
     1.212262    -1.772224     1.961492
    -1.567472    -1.995304     1.967847
    -2.636478     0.587964     1.974319
    -0.509378     2.394852     1.966319
     1.494518     2.715926     1.362399
     2.788123    -0.868954     1.358514
    -0.215187    -3.212701     1.364368
    -3.409153    -1.087331     1.385702
    -2.322808     2.604068     1.375582
     2.147069     1.827056     1.364398
     2.146878    -1.766522     1.363774
    -1.269247    -2.882485     1.371101
    -3.419462     0.029824     1.395155
    -1.269321     2.942924     1.373575
     2.788148     0.929159     1.358785
     1.493847    -2.655089     1.361277
    -2.322631    -2.544877     1.372301
    -3.409725     1.146986     1.387009
    -0.214762     3.273794     1.366110
     2.462600     2.055440    -0.521126
     2.461091    -1.995308    -0.521930
    -1.386912    -3.261498    -0.518056
    -3.826226     0.030045    -0.528603
    -1.393920     3.332940    -0.521045
     1.986531     2.394850     0.423770
     2.635672    -1.437395     0.421499
    -0.802916    -3.248255     0.426745
    -3.636480    -0.533465     0.434115
    -1.862629     2.973547     0.432025
     2.636133     1.497773     0.421925
     1.985820    -2.334106     0.422956
    -1.860826    -2.912657     0.429279
    -3.636872     0.593281     0.434750
    -0.804108     3.311396     0.427984
     1.317933     3.273793     0.418857
     0.259691     3.623337     0.420186
     3.262758     0.587157     0.413666
     3.262420    -0.527149     0.413565
     1.316557    -3.212703     0.417703
     0.258426    -3.560492     0.418149
    -2.927494    -2.568241     0.426113
    -3.599703    -1.658976     0.429900
    -3.600599     1.718633     0.431641
    -2.928955     2.628046     0.429164
     1.796227     2.942921    -0.521028
    -0.321872     3.651555    -0.520808
     3.097648     1.144919    -0.524728
     3.096561    -1.084926    -0.525011
     1.793973    -2.882488    -0.522064
    -0.322239    -3.579776    -0.521391
    -2.459052    -2.927974    -0.520361
    -3.800652    -1.100000    -0.531589
    -3.801490     1.159822    -0.530738
    -2.463933     2.985143    -0.518244
     0.742415     3.311394    -0.527815
     3.115524     0.030079    -0.531084
     0.740765    -3.248257    -0.527299
    -3.151157    -2.028014    -0.534181
    -3.153100     2.087480    -0.532893
     2.269159     2.604064    -1.462396
    -0.904373     3.680046    -1.463318
     2.924168     1.699803    -1.465095
     2.922163    -1.640068    -1.465510
     2.266138    -2.544881    -1.463701
    -0.904072    -3.590885    -1.462821
    -1.981081    -3.265298    -1.467059
    -3.980284    -0.535313    -1.490535
    -3.980544     0.595750    -1.490286
    -1.981877     3.332975    -1.466527
     1.219418     2.973545    -1.472776
     2.944960     0.587959    -1.475184
     1.216148    -2.912660    -1.472386
    -2.673108    -2.378964    -1.490287
    -3.342135     1.525113    -1.496633
     0.157354     3.332939    -1.479780
     2.944330    -0.527842    -1.475242
     0.156884    -3.261500    -1.472170
    -3.341429    -1.464430    -1.497034
    -2.674230     2.440379    -1.490132
     2.765465     1.146980    -2.429451
     1.690349    -2.568246    -2.427857
    -2.168199    -2.711063    -2.435801
    -3.499754     0.947067    -2.450815
    -0.425365     3.332973    -2.428501
     2.777105     0.029819    -2.434516
     0.634303    -2.927977    -2.432150
    -2.841245    -1.802431    -2.450401
    -2.841458     1.862453    -2.450069
     0.638387     2.985141    -2.435574
     2.764038    -1.087337    -2.429522
    -0.426206    -3.265299    -2.428021
    -3.499692    -0.886475    -2.451016
    -2.169897     2.768922    -2.436024
     1.693738     2.628042    -2.427804
     0.447219     0.595746    -4.226781
     0.446879    -0.535317    -4.226659
    -0.627129    -0.886478    -4.226350
    -1.292008     0.030239    -4.228198
    -0.626919     0.947064    -4.226317
     1.225388     1.159818    -3.637505
     1.224250    -1.100005    -3.637134
    -0.921049    -1.802433    -3.637142
    -2.252172     0.030210    -3.644108
    -0.920652     1.862452    -3.637187
     1.238359     0.030041    -3.658674
     0.155358    -1.464433    -3.658157
    -1.599783    -0.894983    -3.661053
    -1.599703     0.955399    -3.661126
     0.156036     1.525110    -3.658612
     1.996323     1.718628    -3.027431
     1.994361    -1.658981    -3.027405
    -1.208989    -2.711063    -3.028622
    -3.203999     0.030241    -3.046528
    -1.208422     2.768921    -3.030246
     2.015324     0.593276    -3.058483
     0.931465    -2.028018    -3.057368
    -1.892996    -1.811950    -3.062944
    -2.559187     0.955400    -3.068134
    -0.136847     2.440377    -3.058314
     2.014579    -0.533470    -3.058416
    -0.137493    -2.378966    -3.057376
    -2.559089    -0.894982    -3.068172
    -1.893205     1.871827    -3.063287
     0.933491     2.087476    -3.058533
    -0.322646     0.029916     3.656588
     0.836626     3.590424     1.353691
     3.414838     0.029913     1.346707
     0.835393    -3.529513     1.351705
    -3.372970    -2.209114     1.391255
    -3.373705     2.268690     1.393736
     2.755375     2.268685    -2.394226
     2.752821    -2.209120    -2.394674
    -1.483819    -3.608991    -2.400876
    -1.492677     3.661352    -2.415220
    -0.024963     0.933421     4.199217
     0.629488     0.029639     4.197320
    -0.025233    -0.874062     4.198883
    -1.086268    -0.529973     4.202445
    -1.086162     0.589039     4.202931
     0.269964     1.841785     3.624668
     1.582664     0.029685     3.620585
     0.269422    -1.782270     3.623929
    -1.858034    -1.094281     3.631582
    -1.858090     1.153338     3.632771
     0.935344     0.942334     3.634201
     0.935089    -0.882823     3.633898
    -0.798905    -1.449148     3.638551
    -1.870214     0.029611     3.644652
    -0.798630     1.508468     3.639449
     0.564108     2.744905     3.040925
     2.530548     0.029684     3.034764
     0.563250    -2.685164     3.039550
    -2.627444    -1.656941     3.054411
    -2.627763     1.715971     3.056453
     1.232717     1.850591     3.058448
     1.888808    -0.884709     3.056171
    -0.505660    -2.358776     3.062611
    -2.643275    -0.533280     3.076066
    -1.570749     2.075037     3.067528
     1.889023     0.944283     3.056517
     1.232231    -1.790869     3.057772
    -1.570945    -2.015889     3.065581
    -2.643413     0.592546     3.076678
    -0.505014     2.418253     3.064060
     0.857085     3.641897     2.448146
     3.472671     0.029636     2.440145
     0.855858    -3.581853     2.446007
     1.523905     2.749460     2.465738
     2.832061    -0.882825     2.461510
    -0.210887    -3.256135     2.468942
    -3.413062    -1.094352     2.493812
    -2.341978     2.634315     2.479232
     2.184263     1.850590     2.470363
     2.183871    -1.790870     2.469628
    -1.276107    -2.921715     2.479209
    -3.418626     0.029725     2.504214
    -1.275420     2.980905     2.482091
     2.832221     0.942333     2.461873
     1.523125    -2.689545     2.464483
    -2.342070    -2.575367     2.476003
    -3.413477     1.153785     2.495187
    -0.209943     3.315922     2.471159
     1.806386     3.641896     1.861449
     3.766871    -0.874065     1.855246
     0.088881    -4.143542     1.863703
     2.467605     2.744903     1.864504
     3.120841    -1.782273     1.861663
    -0.974272    -3.811781     1.872777
    -2.035954     3.533082     1.883525
     3.121264     1.841782     1.862476
     2.466752    -2.685166     1.863127
    -2.036297    -3.474176     1.878275
    -0.973625     3.871529     1.876666
     3.767051     0.933417     1.855634
     1.805011    -3.581854     1.859401
     0.089966     4.203714     1.866713
     3.264864     2.634310    -0.985971
     3.262011    -2.575373    -0.987493
    -1.675042    -4.211264    -0.976026
     2.790439     2.980901    -0.030736
     3.444484    -2.015893    -0.034110
    -1.088879    -4.201449    -0.024250
    -2.161647     3.928727    -0.011394
     3.446144     2.075032    -0.033068
     2.788160    -2.921719    -0.032635
    -2.153735    -3.869336    -0.019644
    -1.092823     4.266431    -0.020157
     2.304161     3.315920     0.917364
     3.611695    -1.449152     0.912664
    -0.503254    -4.178545     0.921915
    -2.631494     3.565994     0.939881
     2.966427     2.418249     0.918602
     2.965414    -2.358780     0.917379
    -1.566216    -3.849464     0.929872
    -1.567664     3.909553     0.935631
     3.612378     1.508464     0.913308
     2.302592    -3.256138     0.915533
    -2.628911    -3.507873     0.931715
    -0.502826     4.239906     0.925852
     1.629407     4.203713     0.915291
     0.567707     4.554645     0.918567
     4.244959     0.589034     0.908132
     4.244570    -0.529978     0.907821
     1.627189    -4.143543     0.912981
     0.565648    -4.493331     0.915249
     2.113964     3.871527    -0.031560
    -0.017565     4.580421    -0.028428
     4.080214     1.153333    -0.037286
     4.079122    -1.094286    -0.037765
     2.110766    -3.811784    -0.033872
    -0.019245    -4.515188    -0.031133
     1.052984     4.239905    -0.035687
     4.096261     0.029605    -0.042815
     1.049642    -4.178547    -0.037823
     2.595191     3.533077    -0.978666
     3.908952     1.715965    -0.983440
     3.906979    -1.656947    -0.984066
     2.590640    -3.474180    -0.981315
    -0.604615    -4.530986    -0.978286
     1.537944     3.909550    -0.983731
     3.934039     0.592540    -0.988392
     1.532134    -3.849467    -0.985005
     0.470706     4.266430    -0.986466
     3.933429    -0.533286    -0.988542
     0.465270    -4.201450    -0.984762
     2.017508     3.565990    -1.933347
     3.758326     1.153779    -1.937210
     2.009039    -3.507877    -1.934683
     0.956540     3.928724    -1.938531
     3.768701     0.029718    -1.937778
     0.945613    -3.869338    -1.935137
     3.756908    -1.094358    -1.937452
    -0.123880    -4.211265    -1.934693