
    0.007891     0.025417    -0.016154
    0.005581     0.018109     1.004968
    0.288313    -0.846573     0.442697
   -0.731385    -0.515302     0.442812
   -0.735261     0.560736     0.441454
    0.290056     0.893187     0.443168
    0.923845     0.021795     0.441004
   -0.275223    -0.846528    -0.466070
   -0.909198     0.024646    -0.470856
   -0.278387     0.895497    -0.472573
    0.750548     0.561250    -0.472998
    0.749627    -0.514096    -0.470926
    0.007061     0.022896    -1.037777
    0.002302     0.006978     2.049100
    0.577824     1.777745     0.920568
    1.858470     0.014562     0.912682
    0.571252    -1.738127     0.912599
   -1.484105    -1.070486     0.912618
   -1.495845     1.103979     0.914055
    1.510210     1.107569    -0.939223
    1.505589    -1.070774    -0.934273
   -0.565220    -1.739795    -0.922800
   -1.847879     0.018258    -0.934265
   -0.572239     1.783981    -0.938390
    0.003655     0.012473    -2.083299
    0.293083     0.901041     1.498614
    0.938444     0.011161     1.496330
    0.291001    -0.874327     1.497631
   -0.749863    -0.535980     1.497749
   -0.752931     0.560966     1.496867
    1.234123     0.907400     0.925281
    1.226679    -0.870839     0.921297
   -0.461405    -1.419542     0.922634
   -1.505001     0.016607     0.921719
   -0.465049     1.459292     0.925625
    1.057299     1.462131    -0.009442
    0.003315     1.804475    -0.009058
    1.706549     0.568842    -0.012731
    1.703935    -0.533303    -0.011917
    1.048726    -1.418268    -0.010277
    0.003910    -1.758337    -0.006337
   -1.036745    -1.420333    -0.006322
   -1.682368    -0.531371    -0.010317
   -1.692367     0.569801    -0.011587
   -1.047494     1.463458    -0.011603
    1.527494     0.018210    -0.949769
    0.473456    -1.419469    -0.938056
   -1.217565    -0.870302    -0.938114
   -1.226021     0.912558    -0.949313
    0.474657     1.463095    -0.950191
    0.766429     0.567716    -1.531432
    0.765529    -0.533496    -1.526622
   -0.283259    -0.871452    -1.517473
   -0.933532     0.018315    -1.526570
   -0.287431     0.910029    -1.531065
   -0.001224    -0.004966     3.112758
    0.870165     2.676343     1.416751
    2.808190     0.003199     1.399366
    0.858539    -2.645344     1.390919
   -2.249618    -1.635795     1.390804
   -2.271833     1.652012     1.403443
    2.284266     1.665210    -1.414859
    2.272377    -1.644686    -1.405001
   -0.860700    -2.650007    -1.387462
   -2.805508     0.004257    -1.405098
   -0.871019     2.690042    -1.413701
   -0.002902    -0.007623    -3.150387
    0.291872     0.895237     2.564831
    0.941690    -0.002523     2.562083
    0.289354    -0.894409     2.561708
   -0.760078    -0.553037     2.561752
   -0.762512     0.551800     2.562494
    0.583669     1.792661     1.995581
    1.881118    -0.000101     1.986915
    0.577491    -1.778692     1.984665
   -1.513177    -1.099151     1.984679
   -1.521935     1.106557     1.988611
    1.244441     0.904761     2.004642
    1.239673    -0.897091     1.999713
   -0.471811    -1.451151     1.998416
   -1.530747     0.003657     2.000041
   -0.473429     1.463267     2.005003
    1.536701     1.802494     1.420042
    2.171420    -0.889191     1.406259
   -0.181275    -2.329081     1.403694
   -2.274291    -0.543955     1.404058
   -1.234351     2.018374     1.416860
    2.185694     0.907443     1.416405
    1.519949    -1.776361     1.404133
   -1.222505    -1.990824     1.403728
   -2.281080     0.556954     1.407076
   -0.182796     2.361052     1.420448
    2.030984     1.480605     0.474186
    2.010925    -1.450537     0.468491
   -0.763137    -2.349025     0.471305
   -2.479755     0.007676     0.468242
   -0.773332     2.391572     0.475017
    1.358049     2.367247     0.474312
    0.292610     2.713286     0.474657
    2.664847     0.565657     0.465229
    2.660820    -0.551704     0.465352
    1.340180    -2.329462     0.462897
    0.287594    -2.671425     0.465851
   -1.802737    -1.992560     0.465802
   -2.453536    -1.097680     0.462569
   -2.476900     1.117136     0.465774
   -1.825149     2.023839     0.467783
    1.831907     2.027328    -0.475550
   -0.291580     2.717059    -0.474806
    2.488408     1.123155    -0.478814
    2.481266    -1.103925    -0.474417
    1.812445    -1.993423    -0.472901
   -0.288390    -2.673286    -0.464814
   -1.337616    -2.332555    -0.464851
   -2.638110    -0.548456    -0.473302
   -2.656564     0.564634    -0.474336
   -1.354581     2.371396    -0.477216
    0.777417     2.394396    -0.480934
    2.508835     0.009174    -0.484562
    0.767286    -2.350823    -0.473999
   -2.002420    -1.451501    -0.474215
   -2.025153     1.481957    -0.483747
    2.306818     0.564790    -1.429018
    1.232422    -1.995478    -1.408683
   -1.520162    -1.779916    -1.404248
   -2.185078     0.912153    -1.425585
    0.185065     2.371616    -1.428668
    2.303472    -0.545613    -1.425929
    0.184097    -2.333354    -1.404107
   -2.169993    -0.890594    -1.408950
   -1.535646     1.812860    -1.428178
    1.242695     2.028123    -1.429044
    0.770252     0.560065    -2.600828
    0.769553    -0.555831    -2.592937
   -0.290972    -0.895322    -2.578515
   -0.949959     0.002580    -2.592894
   -0.295111     0.906058    -2.600517
    1.537129     1.120955    -2.017899
    1.530941    -1.105802    -2.009545
   -0.578520    -1.781051    -1.989103
   -1.889078     0.004858    -2.009566
   -0.586172     1.810609    -2.017166
    1.551818     0.007354    -2.032820
    0.477122    -1.454517    -2.010126
   -1.241006    -0.896528    -2.010204
   -1.252158     0.918049    -2.032431
    0.480286     1.480579    -2.035969
    0.289701     0.887330     3.644368
    0.942674    -0.014771     3.640310
    0.287443    -0.910974     3.637344
   -0.768009    -0.567458     3.637297
   -0.769760     0.542446     3.640721
    0.583878     1.790611     3.080200
    1.889845    -0.015221     3.069673
    0.579221    -1.806117     3.062730
   -1.530754    -1.119811     3.062661
   -1.535746     1.099534     3.071198
    1.247159     0.895803     3.089178
    1.244222    -0.917300     3.080372
   -0.479327    -1.474010     3.077080
   -1.545819    -0.009586     3.080504
   -0.479347     1.457645     3.089566
    0.876785     2.691822     2.508082
    2.830881    -0.015916     2.486938
    0.867933    -2.693337     2.473653
   -2.285705    -1.668343     2.473551
   -2.298401     1.655355     2.493236
    1.541754     1.801163     2.516625
    2.191028    -0.917182     2.500252
   -0.187723    -2.368975     2.492876
   -2.307982    -0.562216     2.496027
   -1.245719     2.016905     2.512655
    2.195652     0.896645     2.512040
    1.535678    -1.811846     2.496088
   -1.241118    -2.026561     2.492904
   -2.312522     0.547752     2.500486
   -0.184933     2.362985     2.517016
    1.842061     2.708146     1.931152
    3.122356    -0.909969     1.902404
    0.104639    -3.246916     1.888562
   -3.051534    -1.112517     1.890606
   -2.015392     2.580757     1.923219
    2.501669     1.811443     1.935565
    2.473064    -1.805509     1.899803
   -0.946408    -2.912633     1.892897
   -3.063394    -0.008058     1.899323
   -0.957460     2.935642     1.935973
    3.148545     0.902433     1.925128
    1.814793    -2.693022     1.890933
   -1.993192    -2.565402     1.888623
   -3.068011     1.098000     1.903031
    0.103306     3.272979     1.931901
    2.827898     2.055590     0.007972
    2.786710    -2.038593     0.008964
   -1.064382    -3.276980     0.010414
   -3.452967    -0.012992     0.007844
   -1.080567     3.325261     0.009100
    2.346451     2.397940     0.975024
    2.968338    -1.479913     0.959740
   -0.481607    -3.274691     0.952362
   -3.263810    -0.563965     0.952919
   -1.558226     2.969822     0.972408
    3.005904     1.486946     0.971896
    2.309596    -2.373375     0.953815
   -1.534848    -2.932595     0.952378
   -3.272088     0.546016     0.957901
   -0.488598     3.318884     0.975859
    1.660740     3.286197     0.974713
    0.588330     3.634449     0.975133
    3.636516     0.558594     0.958063
    3.629630    -0.576928     0.959438
    1.633838    -3.249833     0.943377
    0.576156    -3.591925     0.944860
   -2.577086    -2.567869     0.944776
   -3.231991    -1.669956     0.942926
   -3.273750     1.667417     0.958275
   -2.616928     2.587078     0.965262
    2.145990     2.954001     0.008468
   -0.000538     3.651179     0.009207
    3.470002     1.127663     0.001337
    3.459327    -1.139879     0.009129
    2.110654    -2.920463     0.002356
   -0.004073    -3.602489     0.006443
   -2.113586    -2.917465     0.006361
   -3.424093    -1.123755     0.001567
   -3.468768     1.110404     0.008841
   -2.146338     2.951464     0.004300
    1.080241     3.325635     0.005123
    3.490293    -0.005372    -0.001740
    1.059154    -3.278582     0.000227
   -2.783643    -2.030942    -0.000129
   -2.827211     2.047522    -0.000927
    2.618830     2.603038    -0.952880
   -0.590198     3.645385    -0.951829
    3.281905     1.689000    -0.955218
    3.266359    -1.694170    -0.941940
    2.579334    -2.580270    -0.940183
   -0.584675    -3.596250    -0.931384
   -1.639957    -3.253587    -0.931447
   -3.603441    -0.573095    -0.940968
   -3.638730     0.548167    -0.942014
   -1.664125     3.295464    -0.953430
    1.560556     2.979813    -0.961904
    3.311115     0.564421    -0.964205
    1.533222    -2.941109    -0.943982
   -2.313210    -2.375167    -0.941822
   -3.010297     1.483765    -0.959114
    0.487513     3.328324    -0.961533
    3.307260    -0.568226    -0.959635
    0.476276    -3.280871    -0.941545
   -2.968857    -1.479446    -0.944538
   -2.348218     2.402875    -0.963075
    3.098155     1.124020    -1.916669
    1.996270    -2.582909    -1.881634
   -1.823703    -2.700608    -1.876502
   -3.161518     0.903614    -1.908824
   -0.109515     3.296791    -1.915991
    3.103002    -0.000839    -1.919156
    0.943807    -2.925375    -1.882678
   -2.482584    -1.812741    -1.883065
   -2.512145     1.822917    -1.918413
    0.959935     2.957719    -1.921224
    3.088656    -1.126165    -1.909139
   -0.111005    -3.256761    -1.876325
   -3.133065    -0.917266    -1.882150
   -1.847516     2.730432    -1.915545
    2.024542     2.603708    -1.916716
    0.769094     0.544842    -3.689967
    0.769939    -0.587320    -3.676314
   -0.301845    -0.929018    -3.653558
   -0.968829    -0.022724    -3.676281
   -0.303271     0.893073    -3.689693
    1.550035     1.121673    -3.109436
    1.539438    -1.146612    -3.098055
   -0.590718    -1.818829    -3.061882
   -1.919998    -0.023188    -3.098077
   -0.596364     1.818744    -3.108765
    1.562823    -0.011170    -3.124336
    0.470893    -1.489856    -3.083803
   -1.256629    -0.928815    -3.083917
   -1.272083     0.909469    -3.123977
    0.481211     1.483696    -3.129194
    2.320898     1.686976    -2.511708
    2.303040    -1.697384    -2.499174
   -0.877767    -2.702881    -2.464635
   -2.861394    -0.020277    -2.499272
   -0.887979     2.729187    -2.510660
    2.342092     0.561933    -2.533747
    1.239017    -2.044613    -2.493331
   -1.546087    -1.820893    -2.488594
   -2.227038     0.910875    -2.530179
    0.186884     2.403665    -2.535026
    2.336518    -0.571205    -2.530516
    0.181156    -2.381832    -2.488440
   -2.204074    -0.926442    -2.493603
   -1.565996     1.831227    -2.532976
    1.259873     2.055174    -2.535377
   -0.004506    -0.015702     4.194328
    1.168461     3.593609     1.943792
    3.777474    -0.011182     1.902442
    1.151376    -3.566701     1.876512
   -3.027967    -2.209196     1.876371
   -3.071253     2.200426     1.925556
    3.080484     2.241104    -1.905464
    3.053668    -2.237181    -1.885905
   -1.160943    -3.574877    -1.861260
   -3.785875    -0.016244    -1.886050
   -1.176982     3.623891    -1.904040
   -0.015271    -0.045549    -4.248770
   -0.007262    -0.024252     5.307396
    1.454442    -4.514199     2.375532
   -3.829912    -2.797584     2.375495
   -1.469586    -4.525586    -2.351249
    0.288769     0.884206     4.742216
    0.946844    -0.023749     4.737081
    0.287316    -0.927081     4.731840
   -0.777268    -0.580485     4.731683
   -0.778280     0.537679     4.737304
    0.584768     1.792424     4.178168
    1.900184    -0.025525     4.166320
    0.581762    -1.830326     4.155455
   -1.547050    -1.137534     4.155267
   -1.550230     1.097559     4.167045
    1.251374     0.890836     4.184562
    1.250118    -0.933711     4.172574
   -0.485872    -1.493927     4.168001
   -1.559936    -0.019113     4.172452
   -0.485337     1.456028     4.184990
    0.880544     2.700463     3.606839
    2.849945    -0.028875     3.586933
    0.874853    -2.730091     3.567802
   -2.313143    -1.693238     3.567635
   -2.321262     1.656726     3.588942
    1.549193     1.801843     3.619250
    2.206714    -0.937445     3.598147
   -0.192381    -2.400782     3.588292
   -2.333654    -0.576726     3.592595
   -1.257727     2.019062     3.614816
    2.207561     0.890567     3.614005
    1.547482    -1.839430     3.592795
   -1.256436    -2.054687     3.588290
   -2.336517     0.541480     3.597718
   -0.189127     2.367772     3.619709
    3.797373    -0.030568     3.002973
    1.165105    -3.622372     2.971849
   -3.072073    -2.245188     2.971729
    1.843495     2.711254     3.040083
    3.153136    -0.938171     3.009022
    0.101392    -3.296459     2.991059
   -3.095080    -1.132578     2.994806
   -2.027313     2.579023     3.031260
    2.505550     1.803087     3.044432
    2.501009    -1.840882     3.007777
   -0.961720    -2.958731     2.998160
   -3.106244    -0.016582     3.007192
   -0.960938     2.932438     3.045157
    3.158039     0.888100     3.030890
    1.837159    -2.736162     2.995090
   -2.020177    -2.606861     2.991129
   -3.105647     1.103714     3.006588
    0.108240     3.276412     3.040842
    4.092358    -0.936356     2.409789
    0.395192    -4.180280     2.381689
   -3.844495    -1.686897     2.384843
    3.438379    -1.836465     2.405170
   -0.664267    -3.845880     2.387640
   -3.857938    -0.576638     2.396136
    2.781582    -2.733526     2.396708
   -1.723142    -3.501854     2.387718
   -3.865148     0.537056     2.403837
    2.118755    -3.624051     2.385131
   -2.776764    -3.149774     2.381838
    3.571800    -2.639254    -0.455502
   -1.368560    -4.213987    -0.458773
   -4.441367    -0.038295    -0.457273
    3.764586    -2.083074     0.505222
   -0.783210    -4.221803     0.490813
   -4.256179    -0.590239     0.493959
    3.097550    -2.977274     0.495431
   -1.847026    -3.876308     0.490832
   -4.270964     0.524911     0.502023
    3.937987    -1.512909     1.461394
   -0.194740    -4.209164     1.438620
   -4.057812    -1.138296     1.442212
    3.280773    -2.413621     1.454681
   -1.258364    -3.873730     1.442277
   -4.073793    -0.026243     1.452557
    2.614438    -3.304697     1.442965
   -2.316050    -3.520126     1.438705
   -4.077786     1.089795     1.456211
    1.936425    -4.185155     1.430268
    0.870892    -4.528528     1.430161
   -3.365910    -3.152502     1.430132
   -4.026448    -2.248868     1.429908
    2.416330    -3.857325     0.484185
    0.286553    -4.542181     0.484757
   -2.900847    -3.507105     0.484697
   -4.221969    -1.702287     0.483396
    1.357004    -4.214230     0.479918
   -3.574411    -2.613088     0.479537
    2.890288    -3.522575    -0.464384
   -0.299495    -4.544530    -0.462526
   -2.427825    -3.853441    -0.462616
   -4.408700    -1.153330    -0.465507
    1.836726    -3.885086    -0.471027
   -3.108319    -2.967378    -0.470629
    0.771870    -4.227149    -0.470263
   -3.769028    -2.065269    -0.471759
    3.362108    -3.182518    -1.412999
   -0.884483    -4.535306    -1.407313
   -1.948904    -4.189698    -1.407387
   -4.590783    -0.601042    -1.414188
    2.307238    -3.540565    -1.419889
   -2.626749    -3.306843    -1.418198
    1.247999    -3.887590    -1.422344
   -3.293969    -2.412963    -1.422962
    0.182788    -4.219043    -1.417893
   -3.947209    -1.510039    -1.420805
    2.771391    -3.186007    -2.367400
   -2.133831    -3.634631    -2.360731
    1.712357    -3.528005    -2.368093
   -2.798442    -2.744448    -2.367898
    0.652192    -3.864940    -2.367448
   -3.458364    -1.848924    -2.368792
   -0.408630    -4.194828    -2.360536
   -4.114360    -0.949919    -2.368248
   -0.603879    -1.859667    -4.153275
    0.463407    -1.528912    -4.175488
   -1.273271    -0.964921    -4.175690
   -0.893622    -2.751929    -3.554806
    1.237408    -2.094307    -3.588226
   -1.566531    -1.863587    -3.579872
    0.172748    -2.428451    -3.579693
   -2.231770    -0.967621    -3.588574
   -1.181399    -3.638155    -2.952871
    2.008426    -2.646403    -2.984451
   -1.854018    -2.752516    -2.975597
    0.946531    -2.986776    -2.984487
   -2.520688    -1.860764    -2.984880
   -0.116826    -3.316677    -2.975412
   -3.179998    -0.961382    -2.985011