
   -0.018784    -0.022264     0.011612
   -0.019268    -0.020065     1.032774
    0.265426    -0.892167     0.467061
   -0.760508    -0.559963     0.470019
   -0.758146     0.516869     0.468556
    0.266728     0.849550     0.463178
    0.896360    -0.016138     0.463009
   -0.299046    -0.892171    -0.446279
   -0.932358    -0.020068    -0.444641
   -0.294994     0.849549    -0.445713
    0.723424     0.517689    -0.447100
    0.722823    -0.558144    -0.446726
   -0.013259    -0.016142    -1.008795
   -0.013774    -0.012726     2.078141
    0.561082     1.740684     0.922577
    1.832761    -0.006550     0.923033
    0.563723    -1.778678     0.934143
   -1.518584    -1.108562     0.938535
   -1.511436     1.073977     0.934111
    1.480482     1.070482    -0.914986
    1.482592    -1.103674    -0.916285
   -0.583410    -1.778682    -0.921966
   -1.864902    -0.012734    -0.917061
   -0.574255     1.740679    -0.914444
   -0.005942    -0.006558    -2.052064
    0.275858     0.872924     1.515172
    0.919272    -0.010298     1.515280
    0.275258    -0.906925     1.524562
   -0.775392    -0.567943     1.528873
   -0.773466     0.535219     1.525261
    1.210018     0.876086     0.934669
    1.209199    -0.900936     0.937818
   -0.483085    -1.462642     0.947877
   -1.534825    -0.016538     0.948570
   -0.479340     1.421243     0.938066
    1.031598     1.421404     0.004296
   -0.008126     1.760517     0.005018
    1.675544     0.536478     0.004428
    1.675473    -0.559987     0.003854
    1.034095    -1.460062     0.006801
   -0.011094    -1.804298     0.006861
   -1.063846    -1.462645     0.008182
   -1.714231    -0.567947     0.009794
   -1.710141     0.535215     0.009683
   -1.053402     1.421241     0.009209
    1.497275    -0.015698    -0.925363
    0.456385    -1.460064    -0.927956
   -1.240504    -0.906931    -0.928005
   -1.231842     0.872917    -0.924349
    0.457502     1.421402    -0.924614
    0.745370     0.536474    -1.500632
    0.745855    -0.559991    -1.500307
   -0.298031    -0.900942    -1.500943
   -0.944190    -0.010305    -1.499880
   -0.294853     0.876080    -1.500274
    0.000324     0.000407     3.145380
    0.861012     2.647743     1.390071
    2.786667     0.003987     1.391658
    0.877006    -2.678404     1.414118
   -2.293655    -1.669904     1.417554
   -2.275628     1.650851     1.406405
    2.249988     1.632640    -1.390567
    2.258332    -1.656523    -1.395715
   -0.872604    -2.678411    -1.416825
   -2.813163     0.000396    -1.406958
   -0.858261     2.647736    -1.391785
    0.001512     0.003976    -3.114839
    0.288446     0.891842     2.576879
    0.938415     0.000494     2.577255
    0.290522    -0.906918     2.593516
   -0.774074    -0.563897     2.599220
   -0.773003     0.553809     2.593108
    0.577484     1.778863     1.989890
    1.872392     0.002253     1.991024
    0.583131    -1.803450     2.013335
   -1.542086    -1.123255     2.017727
   -1.534909     1.106369     2.010812
    1.235813     0.898314     2.007118
    1.237796    -0.905487     2.013144
   -0.484517    -1.481176     2.033925
   -1.556554    -0.007651     2.033227
   -0.480025     1.453372     2.011533
    1.518163     1.780382     1.405448
    2.164808    -0.896515     1.409243
   -0.184542    -2.369188     1.429275
   -2.312215    -0.564324     1.429022
   -1.235611     1.997274     1.412132
    2.163433     0.894801     1.405999
    1.524108    -1.794437     1.416093
   -1.246448    -2.029315     1.429257
   -2.308311     0.548922     1.426606
   -0.185482     2.332434     1.406797
    1.999397     1.451603     0.472976
    2.004365    -1.464921     0.475854
   -0.779476    -2.395986     0.481747
   -2.514688    -0.007655     0.482927
   -0.769439     2.352711     0.475531
    1.336926     2.330587     0.466210
    0.287734     2.673167     0.466119
    2.632494     0.551913     0.467121
    2.633727    -0.552822     0.466126
    1.350101    -2.363987     0.475072
    0.292159    -2.714620     0.476067
   -1.835792    -2.029317     0.475674
   -2.494351    -1.123259     0.476922
   -2.484961     1.106365     0.473588
   -1.815638     1.997272     0.473624
    1.802117     1.990224    -0.465375
   -0.288235     2.673164    -0.465823
    2.452317     1.097086    -0.464957
    2.455732    -1.107303    -0.467792
    1.814843    -2.021902    -0.465153
   -0.295142    -2.714622    -0.474210
   -1.360905    -2.369193    -0.474128
   -2.670986    -0.563904    -0.470063
   -2.665043     0.553801    -0.468292
   -1.341231     2.332430    -0.463253
    0.762307     2.349474    -0.471135
    2.473031    -0.005143    -0.471746
    0.767966    -2.391811    -0.474621
   -2.035875    -1.481182    -0.476237
   -2.013844     1.453365    -0.470251
    2.271970     0.541399    -1.404149
    1.227678    -2.021905    -1.415210
   -1.539987    -1.803459    -1.421959
   -2.175830     0.891832    -1.410422
    0.180901     2.330582    -1.404286
    2.274284    -0.559636    -1.405577
    0.178878    -2.363992    -1.420016
   -2.189778    -0.906928    -1.419712
   -1.521551     1.778854    -1.406436
    1.222177     1.990222    -1.403743
    0.759491     0.551905    -2.563476
    0.760935    -0.552829    -2.564130
   -0.292320    -0.896525    -2.566494
   -0.943456     0.002241    -2.565136
   -0.290038     0.894790    -2.563820
    1.512586     1.097083    -1.985482
    1.516654    -1.107307    -1.987260
   -0.584977    -1.794446    -1.996496
   -1.885486     0.000482    -1.991935
   -0.578124     1.780374    -1.986431
    1.527924    -0.005147    -2.000968
    0.470775    -1.464928    -2.005559
   -1.247041    -0.905497    -2.007426
   -1.242542     0.898303    -2.002964
    0.471120     1.451597    -1.999840
    0.306715     0.917185     3.652106
    0.965907     0.013627     3.652704
    0.314580    -0.902250     3.680083
   -0.762518    -0.553553     3.689927
   -0.764023     0.578055     3.678744
    0.595697     1.809390     3.063496
    1.904805     0.014313     3.065209
    0.614559    -1.812464     3.105992
   -1.548716    -1.126227     3.110433
   -1.538455     1.142958     3.101539
    1.258855     0.918047     3.082004
    1.268241    -0.898687     3.089322
   -0.474207    -1.487120     3.128068
   -1.562159     0.006891     3.126535
   -0.468102     1.483753     3.086577
    0.881800     2.696138     2.468391
    2.837533     0.013609     2.470972
    0.904631    -2.710060     2.512804
   -2.323342    -1.690205     2.513467
   -2.304594     1.695134     2.501352
    1.548165     1.813553     2.491112
    2.208262    -0.897659     2.497032
   -0.176863    -2.399788     2.537365
   -2.344301    -0.563020     2.535477
   -1.237609     2.041757     2.498436
    2.201330     0.917601     2.491839
    1.563782    -1.803438     2.504793
   -1.257186    -2.057103     2.536859
   -2.339162     0.570364     2.532559
   -0.178362     2.377096     2.492821
    1.826152     2.695124     1.881179
    3.132445    -0.889756     1.886700
    0.128005    -3.288600     1.921588
   -3.102724    -1.124719     1.917583
   -1.996662     2.587261     1.891796
    2.482457     1.806681     1.887010
    2.495642    -1.793216     1.897720
   -0.952964    -2.956693     1.923888
   -3.106345     0.003573     1.919817
   -0.941835     2.924257     1.888476
    3.127169     0.910368     1.882624
    1.851930    -2.694807     1.904687
   -2.025200    -2.606367     1.918364
   -3.091000     1.134896     1.910331
    0.113835     3.253068     1.881531
    2.785592     2.024934     0.002415
    2.801895    -2.019746     0.006690
   -1.078871    -3.328069    -0.002777
   -3.495076     0.006883    -0.001006
   -1.058244     3.280580     0.002073
    2.315068     2.369536     0.945353
    2.978307    -1.460496     0.950459
   -0.479999    -3.328067     0.966223
   -3.316205    -0.563024     0.962895
   -1.534172     2.942728     0.948159
    2.968305     1.473278     0.945906
    2.333468    -2.366044     0.958490
   -1.558853    -2.982733     0.963427
   -3.311300     0.570360     0.959599
   -0.475127     3.280582     0.945581
    1.643199     3.248287     0.935743
    0.587508     3.593505     0.935358
    3.598708     0.565374     0.937515
    3.601842    -0.544976     0.937054
    1.679752    -3.276495     0.955942
    0.607267    -3.636043     0.960545
   -2.621532    -2.606369     0.953474
   -3.287143    -1.690209     0.953996
   -3.267931     1.695130     0.942633
   -2.585018     2.587259     0.939811
    2.116439     2.911980    -0.002822
    0.006218     3.602235    -0.003852
    3.424821     1.116696    -0.001873
    3.431504    -1.102367    -0.003622
    2.156042    -2.939867     0.008357
    0.006856    -3.649324    -0.004228
   -2.146949    -2.956698    -0.008031
   -3.474660    -1.126235    -0.005825
   -3.462121     1.142950    -0.011033
   -2.110312     2.924252    -0.002169
    1.066913     3.275022    -0.007538
    3.446613     0.006589    -0.006991
    1.088794    -3.320227    -0.003511
   -2.831261    -2.057110    -0.010061
   -2.788149     2.041751    -0.010403
    2.580138     2.562082    -0.941766
   -0.573872     3.593501    -0.943803
    3.234515     1.663591    -0.941419
    3.245210    -1.656004    -0.945665
    2.614829    -2.586390    -0.943232
   -0.587548    -3.636048    -0.972714
   -1.661463    -3.288607    -0.973847
   -3.641374    -0.553565    -0.968182
   -3.632047     0.578043    -0.961839
   -1.631987     3.253061    -0.943282
    1.537494     2.930399    -0.950227
    3.263390     0.557466    -0.950489
    1.560542    -2.969256    -0.964456
   -2.348574    -2.399797    -0.976554
   -2.970059     1.483743    -0.961694
    0.483877     3.275020    -0.950915
    3.266535    -0.551751    -0.952125
    0.490075    -3.320229    -0.972262
   -3.009893    -1.487131    -0.974778
   -2.309414     2.377087    -0.955310
    3.053178     1.105775    -1.886961
    2.013054    -2.586393    -1.916930
   -1.842942    -2.710071    -1.932885
   -3.129370     0.917171    -1.907622
   -0.102093     3.248280    -1.888211
    3.062339    -0.000463    -1.892621
    0.956751    -2.939872    -1.932145
   -2.503232    -1.812477    -1.938724
   -2.473666     1.809377    -1.902862
    0.949025     2.911975    -1.891745
    3.059208    -1.108456    -1.890682
   -0.103797    -3.276502    -1.929915
   -3.150871    -0.902264    -1.927161
   -1.813441     2.696127    -1.892621
    1.996216     2.562080    -1.886576
    0.770866     0.565363    -3.638050
    0.772682    -0.544988    -3.640643
   -0.286626    -0.889770    -3.645499
   -0.941106     0.013594    -3.643023
   -0.285344     0.910354    -3.638964
    1.533312     1.116688    -3.062413
    1.537871    -1.102375    -3.067600
   -0.581270    -1.793229    -3.080852
   -1.889738     0.014298    -3.074520
   -0.577595     1.806668    -3.064283
    1.547638     0.006581    -3.079611
    0.481839    -1.460506    -3.088929
   -1.245834    -0.897673    -3.091838
   -1.244293     0.917587    -3.083322
    0.481432     1.473268    -3.077958
    2.288557     1.663587    -2.472020
    2.297145    -1.656008    -2.479674
   -0.875379    -2.694818    -2.508212
   -2.835101     0.013612    -2.497484
   -0.865893     2.695113    -2.474662
    2.309585     0.557462    -2.493785
    1.247077    -2.019752    -2.509070
   -1.540995    -1.803450    -2.518867
   -2.193643     0.918033    -2.504281
    0.189786     2.369527    -2.493442
    2.312457    -0.551755    -2.495863
    0.186275    -2.366053    -2.515757
   -2.195986    -0.898701    -2.515942
   -1.535752     1.813541    -2.498794
    1.243601     2.024927    -2.492591
    0.034562     0.027067     4.244531
    1.164903     3.569170     1.866361
    3.756788     0.013736     1.869510
    1.214644    -3.596022     1.914307
   -3.051908     2.264961     1.886168
    3.031396     2.202769    -1.873502
    3.051722    -2.217970    -1.886053
   -1.168986    -3.596032    -1.942506
   -3.780960     0.027052    -1.929141
   -1.148363     3.569160    -1.876601
    0.007964     0.013720    -4.196244
    1.476104     4.516693     2.358199
    3.835393     2.788353    -2.370399
   -1.449104     4.516681    -2.374909
    0.615370     1.840863     4.155278
    1.939146     0.026196     4.157261
    1.280282     0.935610     4.173830
    1.303602    -0.893002     4.181773
   -0.454598     1.518685     4.178164
    0.902983     2.737396     3.559277
    2.882085     0.024216     3.562008
    1.574677     1.842094     3.583801
    2.250588    -0.893193     3.589969
   -1.229870     2.088222     3.594524
    2.234544     0.937287     3.584638
    1.607625    -1.806578     3.601721
   -0.163777     2.419020     3.584934
    1.188455     3.627515     2.958933
    3.820715     0.021949     2.961225
    1.860238     2.738294     2.981538
    3.187443    -0.893040     2.988126
   -2.003809     2.641945     2.994142
    2.524660     1.840221     2.990447
    2.548505    -1.804628     3.001751
   -0.940096     2.981897     2.991638
    3.176412     0.933155     2.983198
    1.898363    -2.714249     3.006592
    0.123721     3.309318     2.981933
    2.139276     3.624300     2.367487
    4.118373    -0.883705     2.374741
    2.802451     2.730774     2.375258
    3.478998    -1.794615     2.387190
   -1.710386     3.526956     2.377996
    3.459792     1.829268     2.376046
    2.834845    -2.703156     2.396689
   -0.647290     3.861304     2.374642
    4.109293     0.922607     2.370028
    0.414526     4.188626     2.367580
    3.579250     2.603066    -0.474777
    3.612537    -2.580227    -0.465621
   -1.353659     4.216413    -0.477084
    3.113001     2.957555     0.476083
    3.794596    -2.022452     0.484474
   -1.835210     3.886800     0.475675
    3.772939     2.052289     0.476594
    3.151989    -2.935162     0.496736
   -0.768651     4.227360     0.475039
    2.631813     3.297277     1.424534
    3.961541    -1.459527     1.432159
   -2.312293     3.539448     1.429060
    3.297698     2.400368     1.429390
    3.323068    -2.371027     1.444777
   -1.246202     3.886802     1.428714
    3.947698     1.492243     1.425871
    2.671582    -3.279368     1.452909
   -0.178673     4.216418     1.424091
    1.954779     4.181675     1.413732
    0.890108     4.530127     1.413533
    4.583073     0.575758     1.419872
    4.587746    -0.539470     1.419878
    2.433241     3.845386     0.468357
    0.304275     4.542055     0.467581
    4.409907     1.133702     0.470469
    4.419212    -1.100896     0.470569
   -2.891862     3.526951     0.466319
    1.373925     4.209668     0.464043
    4.430167     0.015665     0.465531
   -3.574181     2.641938     0.453216
    2.906105     3.498849    -0.479460
   -0.282149     4.542053    -0.481278
    4.225682     1.688274    -0.478855
    4.240545    -1.658336    -0.480061
   -2.413428     3.861296    -0.483043
    1.852353     3.872013    -0.486354
    4.256170     0.572000    -0.486268
   -3.765057     2.088211    -0.507514
    0.787995     4.220305    -0.487016
    4.260030    -0.545555    -0.487277
   -3.096231     2.981889    -0.497077
    3.371280     3.143995    -1.425212
   -0.866238     4.530120    -1.428308
    4.031008     2.238243    -1.425186
    4.051546    -2.216099    -1.429770
   -1.932249     4.188616    -1.429601
    2.321513     3.515376    -1.434776
    4.060693     1.125448    -1.435346
   -3.940364     1.518671    -1.461949
    1.263403     3.872010    -1.439300
    4.073795     0.009878    -1.440709
   -3.279705     2.419007    -1.456767
    0.199382     4.209663    -1.436416
    4.068925    -1.104219    -1.438614
   -2.611794     3.309306    -1.444243
    3.848610     1.676801    -2.378565
   -0.390276     4.181666    -2.380665
    3.860369     0.564706    -2.385829
   -3.441386     1.840847    -2.408722
    0.669269     3.845379    -2.385824
    3.863279    -0.549490    -2.387625
   -2.779685     2.737381    -2.399431
    1.728494     3.498844    -2.384884
    3.860438    -1.662205    -2.385866
   -2.115055     3.627501    -2.386284
    2.782434     3.143992    -2.377990
    0.779660     0.575742    -4.734210
    0.781746    -0.539485    -4.738389
   -0.282219    -0.883723    -4.745599
   -0.939904     0.021929    -4.741655
   -0.282068     0.922589    -4.735377
    1.551385     1.133691    -4.154738
    1.555462    -1.100908    -4.163097
   -0.579291    -1.794631    -4.179291
   -1.897031     0.024197    -4.170802
   -0.577921     1.829251    -4.157141
    1.564865     0.015654    -4.170648
    0.490714    -1.459541    -4.183784
   -1.247173    -0.893058    -4.187268
   -1.247703     0.933136    -4.175205
    0.490141     1.492229    -4.168601
    2.318094     1.688266    -3.565411
    2.325828    -1.658344    -3.578154
   -0.875861    -2.703171    -3.607388
   -2.851140     0.026176    -3.593621
   -0.871192     2.730759    -3.568850
    2.338363     0.571993    -3.589360
    1.263688    -2.022463    -3.610641
   -1.545102    -1.804645    -3.621876
   -2.206866     0.937269    -3.601749
    0.196299     2.400356    -3.588801
    2.340993    -0.545563    -3.592358
    0.193894    -2.371039    -3.618356
   -2.204455    -0.893212    -3.618476
   -1.545664     1.840204    -3.595507
    1.261041     2.052279    -3.587761
    3.077454     2.238239    -2.968076
    3.090750    -2.216103    -2.984379
   -1.160827     3.624286    -2.972217
    3.099819     1.125444    -2.990079
    2.032058    -2.580234    -3.022901
   -1.840185    -2.714264    -3.042534
   -3.160617     0.935592    -3.011729
   -0.097154     3.297266    -2.991049
    3.110478     0.009874    -2.999395
    0.965337    -2.935171    -3.041357
   -2.502509    -1.806594    -3.048647
   -2.501223     1.842077    -3.011176
    0.966361     2.957547    -2.997271
    3.106429    -1.104223    -2.995972
   -0.104733    -3.279379    -3.039285
   -3.157288    -0.893020    -3.036133
   -1.834838     2.738279    -2.997250
    2.025349     2.603059    -2.989053