
   0.0005052919  -0.0003651591  -0.0306276586
   0.0003213609  -0.0002307966   0.9962360859
   0.2815985680  -0.8655707240   0.4326525033
  -0.7356399298  -0.5349079967   0.4327450991
  -0.7356154323   0.5344576240   0.4326180518
   0.2814038396   0.8649340868   0.4327440858
   0.9102275968  -0.0003362288   0.4326518774
  -0.2818797231  -0.8688445687  -0.4873090982
  -0.9127038121  -0.0002960287  -0.4875051379
  -0.2817587256   0.8681262732  -0.4875057638
   0.7392156720   0.5365741253  -0.4873100817
   0.7395786643  -0.5373331904  -0.4872760773
   0.0008964689  -0.0006501011  -1.0555999279
   0.0001742679  -0.0001231777   2.0441987514
   0.5681403875   1.7483786345   0.9088236094
   1.8388209343  -0.0000434927   0.9087694287
   0.5682724714  -1.7488051653   0.9087706804
  -1.4872384071  -1.0806102753   0.9088255763
  -1.4871177673   1.0804557800   0.9085458517
   1.4973394871   1.0878134966  -0.9481382370
   1.4985474348  -1.0887560844  -0.9478453994
  -0.5718659163  -1.7602062225  -0.9481362104
  -1.8499559164  -0.0002546846  -0.9486051202
  -0.5714260340   1.7594925165  -0.9486063719
   0.0012315098  -0.0008942796  -2.1013805866
   0.2876117229   0.8846711516   1.4925167561
   0.9306179285  -0.0002101362   1.4924093485
   0.2877803445  -0.8850010633   1.4924099445
  -0.7524919510  -0.5469101667   1.4925177097
  -0.7524716258   0.5467051268   1.4923926592
   1.2179894447   0.8847070932   0.9181136489
   1.2183974981  -0.8852140903   0.9176365137
  -0.4650231302  -1.4317632914   0.9181153178
  -1.5051239729  -0.0000920771   0.9178945422
  -0.4650201797   1.4314894676   0.9178935289
   1.0425513983   1.4327226877  -0.0194163490
  -0.0010314357   1.7715318203  -0.0195993278
   1.6849510670   0.5488280058  -0.0192650482
   1.6856763363  -0.5490829349  -0.0196923669
   1.0431147814  -1.4334939718  -0.0196917430
  -0.0012843756  -1.7720783949  -0.0192633849
  -1.0404309034  -1.4342594147  -0.0194143001
  -1.6851432323  -0.5464515090  -0.0195976738
  -1.6850612164   0.5461587906  -0.0197638292
  -1.0401399136   1.4338176250  -0.0197644718
   1.5165594816  -0.0001815431  -0.9617138505
   0.4688178897  -1.4422755241  -0.9617127776
  -1.2262438536  -0.8914368749  -0.9620610476
  -1.2260689735   0.8907916546  -0.9622905850
   0.4688765407   1.4416984320  -0.9620627165
   0.7601252198   0.5512492657  -1.5448011160
   0.7607466578  -0.5527133942  -1.5447220802
  -0.2893759012  -0.8932665586  -1.5448000431
  -0.9377954602  -0.0004892316  -1.5449625254
  -0.2893294692   0.8920484781  -1.5449631214
   0.0000920290  -0.0000626671   3.1090419292
   0.8600659966   2.6478116512   1.3935446739
   2.7842581272   0.0002842303   1.3935662508
   0.8601180911  -2.6480698586   1.3935681581
  -2.2524392605  -1.6361883879   1.3935477734
  -2.2522182465   1.6363337040   1.3930722475
   2.2735478878   1.6522055864  -1.4102029800
   2.2769851685  -1.6543239355  -1.4083774090
  -0.8687725067  -2.6728315353  -1.4101998806
  -2.8094830513  -0.0002053030  -1.4109858274
  -0.8679844141   2.6720409393  -1.4109877348
   0.0014445011  -0.0010497811  -3.1667237282
   0.2904115021   0.8936748505   2.5592076778
   0.9398912787  -0.0001488002   2.5591058731
   0.2905883491  -0.8938384652   2.5591065884
  -0.7601890564  -0.5523542166   2.5592086315
  -0.7601888180   0.5523127317   2.5590884686
   0.5785854459   1.7810224295   1.9848797321
   1.8729186058  -0.0001363786   1.9847766161
   0.5788983107  -1.7812043428   1.9847779274
  -1.5150558949  -1.1006306410   1.9848817587
  -1.5149801970   1.1006997824   1.9845924377
   1.2372480631   0.8988180161   1.9986321926
   1.2375764847  -0.8991476297   1.9982136488
  -0.4724914730  -1.4544389248   1.9986338615
  -1.5292233229   0.0000204592   1.9984339476
  -0.4725735784   1.4543753862   1.9984328747
   1.5183480978   1.7811193466   1.4061056376
   2.1635968685  -0.8940128684   1.4053409100
  -0.1817561239  -2.3334801197   1.4061831236
  -2.2753148079  -0.5482279658   1.4057999849
  -1.2245900631   1.9944400787   1.4056347609
   2.1631078720   0.8939513564   1.4061808586
   1.5188494921  -1.7814323902   1.4053415060
  -1.2247450352  -1.9944282770   1.4061083794
  -2.2752420902   0.5483402014   1.4056358337
  -0.1817145199   2.3333683014   1.4057979584
   2.0050899982   1.4572895765   0.4684439301
   2.0060064793  -1.4574452639   0.4671972692
  -0.7663534284  -2.3572788239   0.4684466422
  -2.4782879353   0.0000051969   0.4678168595
  -0.7658380866   2.3569924831   0.4678151906
   1.3414011002   2.3345682621   0.4628619254
   0.2866490185   2.6769592762   0.4626560211
   2.6347534657   0.5553323627   0.4632184803
   2.6353485584  -0.5541917086   0.4626219273
   1.3414394855  -2.3351063728   0.4626232088
   0.2860358953  -2.6774032116   0.4632208049
  -1.8057863712  -1.9971681833   0.4628650248
  -2.4573569298  -1.0998446941   0.4626587033
  -2.4571664333   1.0998673439   0.4623090029
  -1.8053419590   1.9970278740   0.4623083770
   1.8138046265   1.9999686480  -0.4756415188
  -0.2920798659   2.6835160255  -0.4760942161
   2.4621372223   1.1081833839  -0.4752427638
   2.4645226002  -1.1076173782  -0.4762988091
   1.8149895668  -2.0016238689  -0.4762981534
  -0.2930985987  -2.6840772629  -0.4752400517
  -1.3415830135  -2.3430540562  -0.4756384194
  -2.6424310207  -0.5514679551  -0.4760918915
  -2.6423161030   0.5513091087  -0.4762738943
  -1.3408473730   2.3426289558  -0.4762751460
   0.7673858404   2.3617146015  -0.4839207530
   2.4835963249   0.0007964190  -0.4834743142
   0.7667198777  -2.3622837067  -0.4834726155
  -2.0089857578  -1.4596370459  -0.4839180112
  -2.0086240768   1.4593509436  -0.4843374193
   2.3006837368   0.5541303158  -1.4293925762
   1.2375826836  -2.0169243813  -1.4293487072
  -1.5355775356  -1.8004043102  -1.4298238754
  -2.1859993935   0.9038199782  -1.4303097725
   0.1845427454   2.3586778641  -1.4300534725
   2.3006443977  -0.5537437201  -1.4293497801
   0.1839442551  -2.3593144417  -1.4293904305
  -2.1862075329  -0.9043830037  -1.4300510883
  -1.5350956917   1.7997128963  -1.4303103685
   1.2377656698   2.0167789459  -1.4298266172
   0.7710579634   0.5587320328  -2.6102957726
   0.7716695070  -0.5606500506  -2.6100764275
  -0.2931147516  -0.9059775472  -2.6102948189
  -0.9506293535  -0.0006968443  -2.6104228497
  -0.2930986583   0.9043174386  -2.6104235649
   1.5338624716   1.1138992310  -2.0216989517
   1.5357428789  -1.1157809496  -2.0211150646
  -0.5853893161  -1.8030035496  -2.0216968060
  -1.8944449425  -0.0004306682  -2.0221307278
  -0.5850073099   1.8018574715  -2.0221319199
   1.5514656305  -0.0005134781  -2.0413742065
   0.4799194932  -1.4753717184  -2.0413732529
  -1.2538213730  -0.9118942618  -2.0416235924
  -1.2536916733   0.9108599424  -2.0418622494
   0.4798099697   1.4742468596  -2.0416252613
   0.2922850251   0.8996295929   3.6357436180
   0.9460620880  -0.0001351360   3.6356511116
   0.2924830019  -0.8997104764   3.6356518269
  -0.7652726769  -0.5559751391   3.6357448101
  -0.7652929425   0.5560218692   3.6356296539
   0.5842124820   1.7985771894   3.0644245148
   1.8912727833  -0.0002098054   3.0642926693
   0.5846406221  -1.7986364365   3.0642938614
  -1.5300118923  -1.1114059687   3.0644266605
  -1.5299905539   1.1116062403   3.0641343594
   1.2482962608   0.9068751335   3.0793161392
   1.2486089468  -0.9071623683   3.0789463520
  -0.4767393768  -1.4674351215   3.0793180466
  -1.5430392027   0.0000850351   3.0791337490
  -0.4769036472   1.4674961567   3.0791327953
   0.8731822371   2.6885468960   2.4788625240
   2.8269789219  -0.0000841324   2.4788007736
   0.8736706376  -2.6885848045   2.4788026810
  -2.2871267796  -1.6612496376   2.4788656235
  -2.2869901657   1.6615977287   2.4783816338
   1.5400277376   1.8053213358   2.4985496998
   2.1932761669  -0.9072846174   2.4978635311
  -0.1849593520  -2.3657722473   2.4985752106
  -2.3072850704  -0.5549650192   2.4982612133
  -1.2410632372   2.0227320194   2.4980967045
   2.1928300858   0.9069775939   2.4985728264
   1.5406438112  -1.8055567741   2.4978642464
  -1.2410624027  -2.0225245953   2.4985523224
  -2.3072390556   0.5552653670   2.4980978966
  -0.1851859093   2.3658568859   2.4982590675
   1.8193852901   2.6891145706   1.8971036673
   3.1200172901  -0.8998525143   1.8961784840
   0.1078701392  -3.2450046539   1.8972859383
  -3.0528759956  -1.1053665876   1.8967386484
  -1.9949990511   2.5616118908   1.8963835239
   2.4757845402   1.7992695570   1.9016009569
   2.4765553474  -1.7993177176   1.9001134634
  -0.9461415410  -2.9106125832   1.9016042948
  -3.0606446266   0.0001984304   1.9008904696
  -0.9459795356   2.9107882977   1.9008884430
   3.1195187569   0.9001783133   1.8972829580
   1.8199546337  -2.6892368793   1.8961797953
  -1.9952733517  -2.5613179207   1.8971073627
  -3.0527241230   1.1057766676   1.8963845968
   0.1078756526   3.2450389862   1.8967355490
   2.7924852371   2.0302472115   0.0153403413
   2.7939777374  -2.0299396515   0.0124151232
  -1.0679495335  -3.2831904888   0.0153441392
  -3.4518511295   0.0000852538   0.0142606404
  -1.0667630434   3.2828807831   0.0142582906
   2.3149783611   2.3689744473   0.9595295191
   2.9686379433  -1.4703198671   0.9578920603
  -0.4819736481  -3.2770214081   0.9597750306
  -3.2651891708  -0.5548948050   0.9588264823
  -1.5370074511   2.9337224960   0.9586384296
   2.9676957130   1.4710458517   0.9597716331
   2.3157215118  -2.3689827919   0.9578927159
  -1.5376554728  -2.9337265491   0.9595332742
  -3.2650952339   0.5552112460   0.9586400986
  -0.4812631607   3.2768542767   0.9588237405
   1.6414966583   3.2471029758   0.9512127638
   0.5796453953   3.5917828083   0.9509800076
   3.5952589512   0.5594531894   0.9517248273
   3.5957832336  -0.5574223399   0.9510888457
   1.6413038969  -3.2475352287   0.9510907531
   0.5789304376  -3.5921709538   0.9517278075
  -2.5809230804  -2.5645649433   0.9512169361
  -3.2368640900  -1.6611970663   0.9509837627
  -3.2365725040   1.6615252495   0.9504326582
  -2.5803604126   2.5647249222   0.9504320025
   2.1227438450   2.9163899422   0.0112799807
  -0.0040356768   3.6066622734   0.0107858265
   3.4289577007   1.1199930906   0.0119870305
   3.4308457375  -1.1166844368   0.0110097360
   2.1222243309  -2.9178493023   0.0110110268
  -0.0055652088  -3.6072268486   0.0119904168
  -2.1176829338  -2.9200627804   0.0112841558
  -3.4313838482  -1.1106823683   0.0107892007
  -3.4311537743   1.1108590364   0.0104130162
  -2.1167755127   2.9199473858   0.0104117179
   1.0659373999   3.2817029953   0.0050630150
   3.4507212639   0.0019162705   0.0057265121
   1.0645140409  -3.2824194431   0.0057288604
  -2.7916884422  -2.0278687477   0.0050668102
  -2.7911829948   2.0279130936   0.0044404995
   2.5968656540   2.5737056732  -0.9292860627
  -0.5888749361   3.6076703072  -0.9300324917
   3.2492976189   1.6767512560  -0.9287524819
   3.2577912807  -1.6736121178  -0.9311182499
   2.5984163284  -2.5811648369  -0.9311175942
  -0.5905922651  -3.6084091663  -0.9287486672
  -1.6452596188  -3.2650845051  -0.9292818904
  -3.6130688190  -0.5547798276  -0.9300295115
  -3.6129333973   0.5547469258  -0.9302192330
  -1.6440553665   3.2646777630  -0.9302212000
   1.5465056896   2.9468028545  -0.9396407008
   3.2802672386   0.5627394915  -0.9388536215
   1.5440237522  -2.9480018616  -0.9395788312
  -2.3246760368  -2.3814270496  -0.9396368861
  -2.9827494621   1.4743723869  -0.9403080344
   0.4805219173   3.2927980423  -0.9398649335
   3.2808477879  -0.5574663877  -0.9395805597
   0.4784656167  -3.2936134338  -0.9388508797
  -2.9831449986  -1.4745352268  -0.9398615360
  -2.3239326477   2.3811566830  -0.9403086901
   3.1034448147   1.1212238073  -1.8937580585
   2.0229926109  -2.6035773754  -1.8953204155
  -1.8522614241  -2.7306454182  -1.8942556381
  -3.1684162617   0.9172791839  -1.8950195312
  -0.1063430160   3.2971560955  -1.8947473764
   3.1148107052   0.0009881353  -1.8994933367
   0.9615930915  -2.9626646042  -1.8994911909
  -2.5197429657  -1.8309417963  -1.8999768496
  -2.5192475319   1.8303393126  -1.9004833698
   0.9626834989   2.9622118473  -1.8999803066
   3.1012899876  -1.1194268465  -1.8953214884
  -0.1073262841  -3.2980279922  -1.8937548399
  -3.1686420441  -0.9177412391  -1.8947443962
  -1.8514808416   2.7298870087  -1.8950208426
   2.0246160030   2.6054239273  -1.8942594528
   0.7800686359   0.5649658442  -3.6946084499
   0.7804918289  -0.5670605898  -3.6942889690
  -0.2962597609  -0.9164745212  -3.6946074963
  -0.9612523913  -0.0008906711  -3.6946983337
  -0.2961977422   0.9144794345  -3.6946990490
   1.5573105812   1.1304152012  -3.1069729328
   1.5589021444  -1.1326078176  -3.1060059071
  -0.5938517451  -1.8304086924  -3.1069707870
  -1.9227185249  -0.0006415775  -3.1073536873
  -0.5935445428   1.8288114071  -3.1073548794
   1.5730911493  -0.0007336629  -3.1283795834
   0.4868108332  -1.4958717823  -3.1283786297
  -1.2708014250  -0.9246788025  -3.1285045147
  -1.2707027197   0.9232184291  -3.1287455559
   0.4867209196   1.4943455458  -3.1285061836
   2.3248178959   1.6889054775  -2.4989416599
   2.3298807144  -1.6927555799  -2.4951806068
  -0.8878335953  -2.7329342365  -2.4989383221
  -2.8721833229  -0.0003882993  -2.4997217655
  -0.8871865869   2.7317280769  -2.4997236729
   2.3520212173   0.5644727945  -2.5262091160
   1.2641191483  -2.0621500015  -2.5267121792
  -1.5702178478  -1.8392713070  -2.5265119076
  -2.2333123684   0.9249511957  -2.5270118713
   0.1903902590   2.4102802277  -2.5267384052
   2.3518562317  -0.5650069118  -2.5267131329
   0.1899714768  -2.4113364220  -2.5262069702
  -2.2334778309  -0.9258913398  -2.5267360210
  -1.5698139668   1.8381793499  -2.5270123482
   1.2640250921   2.0617334843  -2.5265147686
   0.0000544693  -0.0000346043   4.1896820068
   1.1570361853   3.5627462864   1.8846973181
   3.7460613251   0.0004515017   1.8848041296
   1.1571737528  -3.5628502369   1.8848066330
  -3.0308239460  -2.2013545036   1.8847014904
  -3.0305101871   2.2017955780   1.8840104342
   3.0707731247   2.2317416668  -1.8768818378
   3.0872797966  -2.2430372238  -1.8610233068
  -1.1735874414  -3.6101250648  -1.8768776655
  -3.7948603630  -0.0001567710  -1.8779997826
  -1.1725300550   3.6091747284  -1.8780024052
   0.0016000811  -0.0011636049  -4.2637820244
   0.0000494901  -0.0000301908   5.3009390831
   1.4629998207   4.5053353310   2.3879098892
   4.7369289398   0.0003976116   2.3880782127
   1.4634211063  -4.5052037239   2.3880815506
  -3.8327307701  -2.7836196423   2.3879151344
  -3.8323323727   2.7843534946   2.3869960308
   0.2946622074   0.9070056081   4.7301282883
   0.9538000226  -0.0001524796   4.7300429344
   0.2948913872  -0.9070633054   4.7300434113
  -0.7715523243  -0.5605142713   4.7301292419
  -0.7715982199   0.5606037378   4.7300181389
   0.5891980529   1.8140056133   4.1574511528
   1.9074600935  -0.0003024984   4.1573019028
   0.5897316933  -1.8140017986   4.1573033333
  -1.5431438684  -1.1209142208   4.1574535370
  -1.5431692600   1.1211818457   4.1571602821
   1.2578377724   0.9137874842   4.1708283424
   1.2581744194  -0.9141113758   4.1704773903
  -0.4803641737  -1.4786447287   4.1708302498
  -1.5549134016   0.0001107602   4.1706471443
  -0.4805967212   1.4787822962   4.1706461906
   0.8824933767   2.7173225880   3.5735831261
   2.8572006226  -0.0003342241   3.5734679699
   0.8832482696  -2.7172491550   3.5734698772
  -2.3116161823  -1.6789962053   3.5735862255
  -2.3115651608   1.6794531345   3.5730979443
   1.5555087328   1.8234883547   3.5950145721
   2.2153956890  -0.9164752364   3.5943627357
  -0.1866424829  -2.3895673752   3.5950143337
  -2.3306202888  -0.5605676770   3.5947272778
  -1.2536929846   2.0431919098   3.5945646763
   2.2149415016   0.9159325361   3.5950119495
   1.5562207699  -1.8237527609   3.5943634510
  -1.2535556555  -2.0428609848   3.5950171947
  -2.3305995464   0.5609555840   3.5945658684
  -0.1870676428   2.3897821903   3.5947251320
   1.1730301380   3.6122281551   2.9810121059
   3.7980391979  -0.0001251761   2.9810142517
   1.1737849712  -3.6121046543   2.9810166359
  -3.0729408264  -2.2318553925   2.9810161591
  -3.0727448463   2.2324817181   2.9803237915
   1.8455629349   2.7237164974   3.0012037754
   3.1611454487  -0.9143865705   3.0003576279
   0.1074204519  -3.2883539200   3.0013120174
  -3.0945949554  -1.1179647446   3.0008475780
  -2.0200295448   2.5973985195   3.0004954338
   2.5098171234   1.8237733841   3.0085840225
   2.5107014179  -1.8241254091   3.0072934628
  -0.9589286447  -2.9505503178   3.0085873604
  -3.1028788090   0.0002691407   3.0079171658
  -0.9590971470   2.9509344101   3.0079150200
   3.1606082916   0.9140027165   3.0013089180
   1.8464874029  -2.7238597870   3.0003590584
  -2.0200915337  -2.5969059467   3.0012075901
  -3.0944933891   1.1185244322   3.0004963875
   0.1069659516   3.2886102200   3.0008444786
   2.1274781227   3.6134505272   2.3945727348
   4.0941624641  -0.9074822664   2.3935658932
   0.4015581608  -4.1738910675   2.3948721886
  -3.8457512856  -1.6716095209   2.3941619396
  -2.7787950039   3.1405401230   2.3935999870
   2.7910106182   2.7188153267   2.4007449150
   3.4484970570  -1.8152090311   2.3988370895
  -0.6611151695  -3.8398206234   2.4008774757
  -3.8564929962  -0.5579785705   2.3999130726
  -1.7230186462   3.4950363636   2.3997220993
   3.4475922585   1.8153357506   2.4008734226
   2.7920167446  -2.7187776566   2.3988378048
  -1.7232704163  -3.4945657253   2.4007494450
  -3.8564162254   0.5586636662   2.3997242451
  -0.6610528827   3.8401718140   2.3999099731
   4.0936975479   0.9079075456   2.3948686123
   2.1282396317  -3.6133453846   2.3935678005
  -2.7791624069  -3.1399674416   2.3945775032
  -3.8455240726   1.6723119020   2.3936011791
   0.4013921916   4.1740875244   2.3941578865
   3.5909535885   2.6112267971  -0.4408691525
   3.5934939384  -2.6108219624  -0.4515002668
  -1.3737529516  -4.2221121788  -0.4408642650
  -4.4391045570   0.0001608069  -0.4423789382
  -1.3719140291   4.2217903137  -0.4423819780
   3.1153602600   2.9583270550   0.5060195327
   3.7760105133  -2.0498147011   0.5024850368
  -0.7845472097  -4.2239203453   0.5064076781
  -4.2589497566  -0.5604447126   0.5049042702
  -1.8495435715   3.8770604134   0.5047016144
   3.7747485638   2.0514185429   0.5064032078
   3.1163461208  -2.9577658176   0.5024856925
  -1.8508310318  -3.8770556450   0.5060244203
  -4.2588424683   0.5609419346   0.5047039986
  -0.7830750942   4.2236914635   0.5049008727
   2.6266260147   3.2923569679   1.4523134232
   3.9429056644  -1.4814478159   1.4504817724
  -0.1919187605  -4.2072863579   1.4527500868
  -4.0604090691  -1.1182464361   1.4515655041
  -2.3187863827   3.5157570839   1.4511750937
   3.2931184769   2.3939487934   1.4563039541
   3.2942278385  -2.3933913708   1.4536395073
  -1.2591445446  -3.8717100620   1.4563084841
  -4.0712046623   0.0003102295   1.4550602436
  -1.2583673000   3.8718526363   1.4550575018
   3.9420626163   1.4826563597   1.4527460337
   2.6273713112  -3.2921271324   1.4504830837
  -2.3195393085  -3.5154621601   1.4523183107
  -4.0602264404   1.1188683510   1.4511768818
  -0.1912209392   4.2072391510   1.4515616894
   1.9477987289   4.1772298813   1.4434933662
   0.8779865503   4.5244975090   1.4432356358
   4.5744638443   0.5636863708   1.4441020489
   4.5748405457  -0.5616400838   1.4433159828
   1.9478616714  -4.1773695946   1.4433186054
   0.8774966598  -4.5247573853   1.4441057444
  -3.3708729744  -3.1433010101   1.4434986115
  -4.0317349434  -2.2331612110   1.4432405233
  -4.0313487053   2.2337851524   1.4424802065
  -3.3702113628   3.1437637806   1.4424794912
   2.4340355396   3.8469204903   0.5004972816
   0.2904486358   4.5426292419   0.4999842942
   4.4101009369   1.1291096210   0.5014237761
   4.4113368988  -1.1256753206   0.4997977912
   2.4337649345  -3.8475728035   0.4997997284
   0.2889556289  -4.5431656837   0.5014278293
  -2.9064748287  -3.5036687851   0.5005025268
  -4.2305397987  -1.6799836159   0.4999887347
  -4.2302055359   1.6804773808   0.4994053841
  -2.9054355621   3.5038688183   0.4994040728
   1.3681120872   4.2127246857   0.4953645170
   4.4295959473   0.0019754537   0.4961680770
   1.3669478893  -4.2134022713   0.4961710870
  -3.5837645531  -2.6029558182   0.4953694046
  -3.5831482410   2.6033091545   0.4945309758
   2.9168734550   3.5075273514  -0.4431969523
  -0.2996385992   4.5514125824  -0.4439489841
   4.2361068726   1.6937820911  -0.4422144592
   4.2403812408  -1.6890110970  -0.4467487037
   2.9166996479  -3.5109038353  -0.4467474222
  -0.3018476665  -4.5521821976  -0.4422099888
  -2.4344880581  -3.8579974174  -0.4431916773
  -4.4212412834  -1.1214927435  -0.4439449310
  -4.4209809303   1.1218115091  -0.4443416297
  -2.4330663681   3.8579437733  -0.4443435967
   1.8561224937   3.8844509125  -0.4502139390
   4.2677154541   0.5686677694  -0.4491208196
   1.8531708717  -3.8860023022  -0.4497733712
  -3.1207544804  -2.9656395912  -0.4502090216
  -3.7846562862   2.0506870747  -0.4510838389
   0.7804486156   4.2335724831  -0.4504383206
   4.2684712410  -0.5616233349  -0.4497757554
   0.7779670358  -4.2345633507  -0.4491173923
  -3.7851912975  -2.0504980087  -0.4504338205
  -3.1198437214   2.9657239914  -0.4510844946
   3.3952968121   3.1639621258  -1.3882695436
  -0.8884732127   4.5542778969  -1.3892480135
   4.0570950508   2.2549910545  -1.3874521255
  -0.8909073472  -4.5553565025  -1.3874472380
  -1.9598973989  -4.2068376541  -1.3882642984
  -4.6059274673  -0.5623641014  -1.3892443180
  -4.6057620049   0.5624659657  -1.3894561529
  -1.9581986666   4.2065277100  -1.3894587755
   2.3384513855   3.5427699089  -1.3965947628
   4.0915794373   1.1333019733  -1.3956091404
   2.3320813179  -3.5462553501  -1.3992117643
  -2.6467490196  -3.3187766075  -1.3965897560
  -3.9736776352   1.4905852079  -1.3974835873
   1.2679963112   3.9036579132  -1.3985770941
   4.1048202515   0.0053814519  -1.3980361223
   1.2633458376  -3.9055764675  -1.3980332613
  -3.3207638264  -2.4122347832  -1.3985725641
  -3.3199980259   2.4121184349  -1.3992493153
   0.1895830184   4.2402248383  -1.3970183134
   4.0933437347  -1.1220828295  -1.3992135525
   0.1865382642  -4.2415313721  -1.3956053257
  -3.9741067886  -1.4906082153  -1.3970141411
  -2.6455669403   3.3185746670  -1.3974848986
