
    -0.046705     0.161104     0.189679
    -0.047676     0.164063     1.211139
     0.235597    -0.707749     0.641978
    -0.782840    -0.376380     0.642805
    -0.783498     0.700409     0.649456
     0.232362     1.030481     0.649457
     0.864760     0.158944     0.642798
    -0.326250    -0.708194    -0.270101
    -0.956467     0.158806    -0.268442
    -0.328081     1.027059    -0.266647
     0.690650     0.693980    -0.268448
     0.690429    -0.377881    -0.270117
    -0.045404     0.157092    -0.832094
    -0.047516     0.163550     2.255955
     0.521507     1.919503     1.117122
     1.797888     0.154331     1.103092
     0.524388    -1.596589     1.102826
    -1.535056    -0.928588     1.103099
    -1.539986     1.249682     1.117120
     1.444810     1.237176    -0.738464
     1.444086    -0.927852    -0.739011
    -0.612693    -1.596039    -0.738950
    -1.885885     0.154970    -0.738457
    -0.614275     1.907851    -0.739548
    -0.044254     0.153533    -1.876075
     0.239556     1.053690     1.706806
     0.885606     0.158057     1.695829
     0.241866    -0.727084     1.694633
    -0.799196    -0.389362     1.695831
    -0.802970     0.714952     1.706805
     1.173315     1.045840     1.119102
     1.175087    -0.730674     1.115244
    -0.511012    -1.278517     1.115240
    -1.553783     0.159759     1.119100
    -0.516067     1.605607     1.131556
     0.994185     1.592845     0.188003
    -0.048325     1.935886     0.191035
     1.640799     0.703453     0.183430
     1.640004    -0.392356     0.182838
     0.995947    -1.278626     0.182416
    -0.044007    -1.616503     0.182437
    -1.085987    -1.278050     0.182856
    -1.730731    -0.392025     0.183429
    -1.730382     0.707577     0.188005
    -1.088613     1.597875     0.191033
     1.461667     0.155291    -0.749209
     0.421023    -1.278399    -0.749445
    -1.263606    -0.730181    -0.749192
    -1.264999     1.043329    -0.747452
     0.420331     1.590927    -0.747453
     0.709197     0.702192    -1.324080
     0.708488    -0.393157    -1.324724
    -0.331904    -0.731172    -1.324712
    -0.976308     0.154530    -1.324079
    -0.332733     1.041353    -1.323590
    -0.044888     0.155447     3.322164
     0.825588     2.826011     1.588990
     2.748971     0.149096     1.571121
     0.818392    -2.501479     1.572166
    -2.301429    -1.491854     1.571124
    -2.318831     1.804325     1.588985
     2.212809     1.790361    -1.217114
     2.211065    -1.487014    -1.215507
    -0.904458    -2.498970    -1.215305
    -2.832367     0.151076    -1.217106
    -0.905692     2.804720    -1.223188
    -0.043306     0.150590    -2.938078
     0.247655     1.060541     2.774753
     0.897857     0.152143     2.758485
     0.246369    -0.740960     2.756483
    -0.805642    -0.401353     2.758484
    -0.813558     0.715732     2.774751
     0.539169     1.955183     2.193916
     1.834577     0.150286     2.171603
     0.535678    -1.631379     2.171083
    -1.562369    -0.953441     2.171602
    -1.575253     1.268165     2.193912
     1.197966     1.057372     2.193694
     1.197166    -0.748617     2.189107
    -0.518341    -1.306015     2.189099
    -1.580511     0.154594     2.193690
    -0.524414     1.631286     2.214383
     1.480909     1.945017     1.593102
     2.125599    -0.744837     1.587047
    -0.225992    -2.186708     1.587408
    -2.326228    -0.398300     1.587852
    -1.284436     2.174753     1.609548
     2.126249     1.048387     1.587859
     1.478296    -1.632952     1.587423
    -1.271678    -1.848675     1.587030
    -2.331161     0.706402     1.593097
    -0.228986     2.517691     1.609550
     1.963843     1.612714     0.654516
     1.962077    -1.305504     0.652788
    -0.809850    -2.206156     0.652767
    -2.526533     0.153695     0.654509
    -0.816913     2.531500     0.666136
     1.297238     2.498317     0.652477
     0.242825     2.848058     0.656978
     2.596320     0.704168     0.645225
     2.595102    -0.402168     0.645737
     1.296874    -2.185583     0.646113
     0.245595    -2.527134     0.646133
    -1.852915    -1.847377     0.645747
    -2.504186    -0.953093     0.645212
    -2.507787     1.261983     0.652474
    -1.860326     2.164699     0.656975
     1.763964     2.151646    -0.287019
    -0.333158     2.836066    -0.290461
     2.416371     1.254435    -0.289109
     2.414417    -0.950316    -0.288078
     1.763424    -1.845464    -0.288131
    -0.331756    -2.526166    -0.288098
    -1.384538    -2.184602    -0.288048
    -2.682039    -0.402162    -0.289115
    -2.681606     0.707181    -0.287016
    -1.387302     2.493552    -0.290463
     0.721024     2.516205    -0.291731
     2.435724     0.152348    -0.294604
     0.722093    -2.205186    -0.294120
    -2.049907    -1.305143    -0.294616
    -2.052136     1.615143    -0.291733
     2.234945     0.701544    -1.230127
     1.182198    -1.844948    -1.229072
    -1.563981    -1.630826    -1.229466
    -2.210870     1.048055    -1.230845
     0.137934     2.490890    -1.233412
     2.234077    -0.396802    -1.229504
     0.138202    -2.184128    -1.229053
    -2.210279    -0.742792    -1.230109
    -1.565532     1.937395    -1.233411
     1.182770     2.150727    -1.230845
     0.718200     0.704402    -2.387895
     0.717422    -0.401686    -2.387762
    -0.334144    -0.743329    -2.387744
    -0.984904     0.151009    -2.387890
    -0.334503     1.046772    -2.388294
     1.474391     1.254135    -1.811378
     1.472797    -0.950401    -1.810528
    -0.622720    -1.631215    -1.810486
    -1.919791     0.151267    -1.811374
    -0.623562     1.936414    -1.814062
     1.488038     0.152083    -1.826099
     0.429510    -1.304674    -1.825673
    -1.283074    -0.748338    -1.826092
    -1.283860     1.052806    -1.826849
     0.430001     1.609686    -1.826852
     0.262130     1.056414     3.861028
     0.914402     0.142018     3.835569
     0.253147    -0.761833     3.831234
    -0.813084    -0.419274     3.835567
    -0.822849     0.703884     3.861026
     0.567645     1.968995     3.284662
     1.860689     0.141391     3.245580
     0.543953    -1.656858     3.244917
    -1.578275    -0.975991     3.245575
    -1.606414     1.262600     3.284658
     1.223230     1.054711     3.268865
     1.212776    -0.764610     3.264478
    -0.521577    -1.328133     3.264469
    -1.599394     0.137588     3.268860
    -0.526483     1.637645     3.306956
     0.856725     2.870430     2.683110
     2.796929     0.143357     2.650554
     0.832906    -2.546187     2.651685
    -2.336862    -1.524703     2.650550
    -2.370134     1.821958     2.683104
     1.519099     1.960948     2.679754
     2.160045    -0.764365     2.674185
    -0.228782    -2.225456     2.674839
    -2.362811    -0.416420     2.674910
    -1.308456     2.202031     2.714159
     2.166488     1.055233     2.674919
     1.503321    -1.662665     2.674853
    -1.288076    -1.884723     2.674168
    -2.371427     0.696841     2.679747
    -0.225591     2.553876     2.714161
     1.800967     2.854196     2.071259
     3.087267    -0.755984     2.063225
     0.065382    -3.103569     2.064855
    -3.106795    -0.965558     2.062320
    -2.076456     2.745063     2.089449
     2.450745     1.952686     2.068025
     2.440555    -1.655539     2.069398
    -0.991209    -2.770586     2.069368
    -3.120289     0.142551     2.068015
    -1.003954     3.107150     2.096099
     3.091161     1.048267     2.062330
     1.781467    -2.545987     2.064872
    -2.043134    -2.422943     2.063205
    -3.124501     1.253813     2.071249
     0.076547     3.444618     2.089453
     2.751009     2.177668     0.178707
     2.746547    -1.877275     0.181056
    -1.108449    -3.129843     0.180937
    -3.495433     0.148052     0.178698
    -1.112168     3.440184     0.168532
     2.281845     2.525118     1.125912
     2.929685    -1.322780     1.126174
    -0.523758    -3.131218     1.126795
    -3.316226    -0.411155     1.124204
    -1.601480     3.122929     1.136687
     2.934725     1.619911     1.124219
     2.274328    -2.222076     1.126838
    -1.582499    -2.788877     1.126128
    -3.320104     0.704924     1.125902
    -0.529824     3.471133     1.136689
     1.611294     3.415494     1.116803
     0.545882     3.773639     1.123576
     3.561414     0.703249     1.114650
     3.559695    -0.410281     1.115837
     1.598783    -3.101510     1.117615
     0.539690    -3.445596     1.117630
    -2.628518    -2.420910     1.115840
    -3.284426    -1.521100     1.114630
    -3.300972     1.819393     1.116797
    -2.649552     2.735375     1.123570
     2.079087     3.069119     0.173580
    -0.039465     3.762819     0.163594
     3.388472     1.261644     0.173245
     3.385672    -0.964823     0.175469
     2.074407    -2.765727     0.176368
    -0.042492    -3.453443     0.176366
    -2.161745    -2.767210     0.175467
    -3.472722    -0.967726     0.173225
    -3.475828     1.264203     0.173576
    -2.169641     3.070678     0.163590
     1.025131     3.438596     0.169191
     3.407782     0.148452     0.169926
     1.022353    -3.129381     0.171879
    -2.834018    -1.879657     0.169890
    -2.840338     2.182619     0.169187
     2.542471     2.716021    -0.768421
    -0.623731     3.748199    -0.780104
     3.198047     1.813323    -0.768524
     3.194887    -1.514380    -0.765502
     2.539336    -2.415430    -0.765226
    -0.624545    -3.443185    -0.765289
    -1.684276    -3.099572    -0.765544
    -3.642931    -0.409482    -0.768526
    -3.643164     0.706166    -0.768419
    -1.688371     3.402274    -0.780105
     1.496906     3.088469    -0.778503
     3.225729     0.705679    -0.776003
     1.494813    -2.784971    -0.773777
    -2.359675    -2.220812    -0.775007
    -3.016208     1.622052    -0.778505
     0.439663     3.433446    -0.783780
     3.224551    -0.406283    -0.774948
     0.437602    -3.128467    -0.773830
    -3.014254    -1.321874    -0.776014
    -2.363661     2.522581    -0.783782
     3.015116     1.256801    -1.715007
     1.953777    -2.414823    -1.712343
    -1.864963    -2.541997    -1.712958
    -3.168410     1.050249    -1.717415
    -0.150702     3.400324    -1.724627
     3.021951     0.150075    -1.718633
     0.903713    -2.764136    -1.716972
    -2.522784    -1.651529    -1.718579
    -2.524316     1.951320    -1.725319
     0.905413     3.065723    -1.725318
     3.013278    -0.956935    -1.713089
    -0.151218    -3.098587    -1.712239
    -3.167814    -0.752166    -1.714985
    -1.866582     2.842793    -1.724627
     1.956137     2.715337    -1.717415
     0.724236     0.705678    -3.462452
     0.723592    -0.407779    -3.461769
    -0.335566    -0.751892    -3.461746
    -0.990553     0.148489    -3.462438
    -0.335585     1.050081    -3.463394
     1.490483     1.262451    -2.889191
     1.488959    -0.963548    -2.887572
    -0.628096    -1.651371    -2.887481
    -1.937712     0.148515    -2.889181
    -0.628293     1.950949    -2.892576
     1.503163     0.149590    -2.904585
     0.434569    -1.320303    -2.903808
    -1.293866    -0.759268    -2.904557
    -1.294113     1.057778    -2.906510
     0.435355     1.619736    -2.906516
     2.248979     1.813326    -2.300695
     2.246516    -1.513942    -2.297960
    -0.917438    -2.541911    -2.297718
    -2.875128     0.148360    -2.300688
    -0.917978     2.842516    -2.307880
     2.268864     0.705894    -2.320912
     1.199504    -1.875945    -2.319278
    -1.586070    -1.658316    -2.320005
    -2.240833     1.057809    -2.323231
     0.142958     2.520113    -2.325830
     2.267983    -0.405922    -2.320051
     0.142248    -2.219507    -2.319245
    -2.240280    -0.759288    -2.320897
    -1.586783     1.958073    -2.325827
     1.201257     2.176242    -2.323236
    -0.035229     0.125709     4.419583
     1.161723     3.758180     2.062544
     3.717084     0.144346     2.048174
     1.117366    -3.421664     2.050860
    -3.081861    -2.064740     2.048171
    -3.138689     2.360888     2.062537
     2.994323     2.354246    -1.703282
     2.991267    -2.055327    -1.699588
    -1.201215    -3.416059    -1.698709
    -3.796067     0.147894    -1.703274
    -1.202622     3.718561    -1.714871
    -0.042563     0.148275    -4.017915
    -1.506861    -4.359505    -2.195644
     1.890745     0.131141     4.335329
     0.552494    -1.683155     4.336207
    -1.596574    -1.001953     4.335323
     1.256990     1.052829     4.358009
     1.228527    -0.781074     4.354691
    -0.524650    -1.350716     4.354682
    -1.625605     0.116221     4.358003
     2.837496     0.134105     3.740872
     0.844805    -2.582813     3.742466
    -2.364253    -1.556038     3.740864
     1.565018     1.966095     3.774934
     2.187956    -0.782585     3.767000
    -0.228294    -2.257836     3.767997
    -2.394095    -0.442482     3.766727
     2.207111     1.052535     3.766736
     1.521955    -1.689148     3.768009
    -1.299954    -1.915871     3.766985
    -2.411607     0.674016     3.774926
     3.778349     0.138612     3.139577
     1.135640    -3.477932     3.142508
    -3.128067    -2.105408     3.139568
     1.852809     2.874421     3.174044
     3.133730    -0.776918     3.165039
     0.066006    -3.153399     3.167076
    -3.154488    -0.991939     3.163744
     2.505703     1.967360     3.171855
     2.478735    -1.687233     3.174520
    -1.003472    -2.818664     3.174496
    -3.173380     0.122120     3.171843
     3.145246     1.054961     3.163756
     1.810248    -2.586666     3.167090
    -2.068429    -2.467192     3.165021
    -3.178334     1.239707     3.174032
     4.067274    -0.765409     2.549884
     0.363558    -4.037047     2.552951
    -3.902008    -1.543572     2.548276
     2.784247     2.870438     2.555094
     3.416433    -1.674928     2.557959
    -0.703575    -3.703526     2.559090
    -3.919462    -0.427790     2.553206
     3.432523     1.961010     2.553218
     2.756207    -2.579384     2.559111
    -1.769315    -3.359873     2.557936
    -3.929542     0.688997     2.555080
     4.074243     1.048059     2.548289
     2.088907    -3.476463     2.552963
    -2.830439    -3.006597     2.549866
     3.544790     2.751039    -0.302342
     3.538953    -2.454148    -0.297165
    -1.410436    -4.062258    -0.297408
    -4.474635     0.145338    -0.302350
    -1.413940     4.368927    -0.328083
     3.080803     3.107449     0.650229
     3.733540    -1.900877     0.655616
    -0.823459    -4.075025     0.656393
    -4.305996    -0.419358     0.650965
    -1.904838     4.044412     0.620033
     3.740284     2.195062     0.650983
     3.071514    -2.809528     0.656466
    -1.893000    -3.729059     0.655548
    -4.308759     0.706411     0.650216
    -0.826048     4.394934     0.620034
     2.604415     3.450711     1.604427
     3.908130    -1.337742     1.605853
    -0.232515    -4.065050     1.607790
    -4.113385    -0.981581     1.602318
     3.268959     2.543005     1.605056
     3.256462    -2.249583     1.611360
    -1.302142    -3.730756     1.611325
    -4.129212     0.139182     1.605040
     3.914927     1.626980     1.602337
     2.587590    -3.148772     1.607814
    -2.365274    -3.376081     1.605825
    -4.125124     1.264138     1.604413
     4.544483     0.703235     1.595192
     4.542382    -0.416498     1.597734
     1.905362    -4.034613     1.600413
     0.840127    -4.380710     1.600438
    -3.419897    -3.003552     1.597751
    -4.079744    -2.098936     1.595170
     2.401268     4.001515     0.641135
     0.259474     4.705721     0.621210
     4.372723     1.267975     0.645110
     4.369535    -0.977564     0.647941
     2.387576    -3.697995     0.650114
     0.252170    -4.391761     0.650195
    -2.950285    -3.355798     0.648034
    -4.272728    -1.541119     0.645088
    -4.284530     1.829149     0.641126
    -2.965718     3.657787     0.621205
     1.337856     4.373381     0.632136
     4.389920     0.144773     0.642223
     1.325665    -4.062828     0.645754
    -3.626432    -2.459889     0.642189
    -3.642794     2.755056     0.632130
     2.870432     3.649799    -0.308869
    -0.330595     4.697693    -0.330811
     4.188888     1.829280    -0.306367
     4.184924    -1.535444    -0.302785
     2.862933    -3.351141    -0.301437
    -0.336066    -4.390482    -0.301022
    -2.473176    -3.698416    -0.302293
    -4.453924    -0.978974    -0.306380
    -4.457356     1.268833    -0.308875
    -2.483626     3.998126    -0.330814
     1.814721     4.027166    -0.318398
     4.217747     0.708392    -0.311205
     1.806838    -3.726020    -0.307546
    -3.156795    -2.810963    -0.310038
    -3.825082     2.194664    -0.318403
     0.746613     4.377288    -0.327109
     4.216346    -0.415279    -0.309955
     0.738357    -4.073145    -0.307617
    -3.818425    -1.902755    -0.311228
    -3.166768     3.105742    -0.327113
     3.335752     3.292314    -1.258080
    -0.922891     4.679702    -1.277059
     3.993779     2.385023    -1.256792
     3.989544    -2.089329    -1.252693
     3.330491    -2.995081    -1.251974
    -0.922207    -4.376659    -1.249305
    -1.990414    -4.030351    -1.249802
    -4.622730    -0.414690    -1.256790
    -4.623681     0.706107    -1.258081
    -1.993877     4.331715    -1.277061
     2.282731     3.667605    -1.267225
     4.022872     1.267682    -1.262651
     2.277406    -3.368812    -1.258885
    -2.670987    -3.146493    -1.260482
    -3.992363     1.628677    -1.267228
     1.221494     4.025506    -1.276656
     4.032586     0.147757    -1.265571
     1.215867    -3.725174    -1.262987
    -3.339046    -2.247531    -1.265553
    -3.344180     2.542010    -1.276659
     0.151878     4.361835    -1.278636
     4.020586    -0.972099    -1.260382
     0.147513    -4.060752    -1.259011
    -3.989495    -1.335745    -1.262642
    -2.676539     3.442816    -1.278638
     3.809744     1.825141    -2.208152
     2.741561    -2.994422    -2.204173
    -2.172665    -3.468238    -2.204665
    -4.145792     1.052526    -2.211089
    -0.445882     4.328642    -2.223111
     3.819404     0.707647    -2.213294
     1.682186    -3.349645    -2.210421
    -2.837507    -2.573290    -2.212136
    -3.497797     1.963237    -2.220841
     0.621174     3.993482    -2.225256
     3.818405    -0.411159    -2.212220
     0.618653    -3.695136    -2.210384
    -3.495739    -1.669107    -2.213249
    -2.839694     2.868960    -2.225257
     1.685963     3.647568    -2.220838
     3.807069    -1.528632    -2.205063
    -0.444816    -4.029091    -2.203823
    -4.144760    -0.759440    -2.208134
    -2.173437     3.767316    -2.223112
     2.745508     3.291677    -2.211087
     0.729029     0.707000    -4.557440
     0.728414    -0.412500    -4.556467
    -0.336694    -0.758543    -4.556465
    -0.995224     0.146744    -4.557421
    -0.336441     1.052692    -4.558784
     1.503815     1.269925    -3.981327
     1.502617    -0.974582    -3.979282
    -0.632635    -1.668252    -3.979266
    -1.952907     0.146732    -3.981313
    -0.632374     1.963489    -3.984985
     1.515829     0.147747    -3.994785
     0.438844    -1.333398    -3.993863
    -1.303046    -0.768182    -3.994749
    -1.302866     1.062611    -3.997278
     0.439584     1.628786    -3.997286
     2.274533     1.829692    -3.394258
     2.272389    -1.533673    -3.391012
    -0.926639    -2.572637    -3.391160
    -2.905438     0.146570    -3.394249
    -0.926707     2.869359    -3.401458
     2.293169     0.709843    -3.416681
     1.212972    -1.898159    -3.414787
    -1.601422    -1.678743    -3.415617
    -2.262330     1.064661    -3.419540
     0.145307     2.541509    -3.422089
     2.292390    -0.413510    -3.415699
     0.144491    -2.245368    -3.414723
    -2.262294    -0.770373    -3.416664
    -1.601272     1.973993    -3.422085
     1.214604     2.194424    -3.419549
     3.039167     2.384829    -2.797336
     3.035980    -2.088512    -2.793043
    -1.217426    -3.467827    -2.794161
    -3.850325     0.146254    -2.797329
    -1.218846     3.768477    -2.808257
     3.058406     1.268067    -2.819299
     1.979785    -2.452642    -2.816328
    -1.891701    -2.579388    -2.817057
    -3.209906     1.062349    -2.822356
    -0.149112     3.441654    -2.829023
     3.066144     0.148438    -2.825850
     0.917519    -2.806876    -2.824025
    -2.557584    -1.678933    -2.825832
    -2.558201     1.973870    -2.833060
     0.919557     3.103891    -2.833063
     3.056626    -0.971330    -2.817207
    -0.150112    -3.144741    -2.816203
    -3.209459    -0.768544    -2.819285
    -1.892170     2.875286    -2.829022
     1.982580     2.749530    -2.822361