
    -0.049423     0.134934     0.150656
    -0.050673     0.138803     1.171903
     0.232648    -0.733179     0.603575
    -0.786002    -0.402073     0.603976
    -0.786455     0.673166     0.610257
     0.230497     1.003595     0.610259
     0.862130     0.133453     0.603987
    -0.329379    -0.733889    -0.308596
    -0.959654     0.132975    -0.307062
    -0.330454     0.999892    -0.306655
     0.688130     0.668383    -0.307051
     0.687730    -0.403381    -0.308576
    -0.048248     0.131334    -0.870898
    -0.051121     0.140199     2.215727
     0.518945     1.892476     1.078163
     1.794862     0.129597     1.065349
     0.521270    -1.621434     1.065201
    -1.538320    -0.953442     1.065335
    -1.542277     1.222744     1.078160
     1.442272     1.212267    -0.776382
     1.441295    -0.952850    -0.776912
    -0.616066    -1.621439    -0.776983
    -1.889444     0.129720    -0.776399
    -0.617114     1.882167    -0.777541
    -0.047360     0.128633    -1.914476
     0.236817     1.028550     1.667850
     0.882567     0.133402     1.656348
     0.238649    -0.751610     1.655951
    -0.802497    -0.414116     1.656342
    -0.806229     0.689643     1.667849
     1.170804     1.020697     1.080985
     1.172099    -0.755676     1.077079
    -0.514140    -1.303574     1.077078
    -1.557222     0.134299     1.080981
    -0.517797     1.576476     1.091725
     0.992417     1.567158     0.149586
    -0.048452     1.906637     0.149435
     1.638137     0.678518     0.145576
     1.637265    -0.417393     0.144848
     0.993048    -1.303728     0.144518
    -0.047144    -1.641734     0.144493
    -1.089309    -1.303349     0.144823
    -1.734175    -0.417216     0.145568
    -1.734105     0.681256     0.149577
    -1.091563     1.567711     0.149434
     1.459072     0.130230    -0.787185
     0.417986    -1.303612    -0.787547
    -1.267031    -0.755564    -0.787211
    -1.268065     1.017163    -0.786713
     0.417947     1.564982    -0.786707
     0.706361     0.677043    -1.362414
     0.705700    -0.418236    -1.362972
    -0.335155    -0.756463    -1.362988
    -0.979479     0.129286    -1.362420
    -0.335688     1.016032    -1.362521
    -0.049820     0.136207     3.279103
     0.818519     2.800613     1.549902
     2.745204     0.124868     1.534705
     0.815135    -2.525816     1.535234
    -2.304377    -1.515866     1.534692
    -2.318422     1.781361     1.549899
     2.210161     1.766091    -1.254280
     2.208035    -1.511478    -1.252886
    -0.908085    -2.524332    -1.253109
    -2.836203     0.126431    -1.254302
    -0.908940     2.780338    -1.258432
    -0.046633     0.126432    -2.976106
     0.244136     1.037877     2.735470
     0.893954     0.128160     2.717031
     0.242506    -0.763469     2.716948
    -0.808620    -0.425045     2.717029
    -0.817628     0.692889     2.735470
     0.534296     1.931276     2.155118
     1.830805     0.125938     2.133984
     0.532279    -1.655273     2.133669
    -1.565244    -0.977514     2.133978
    -1.577499     1.245112     2.155117
     1.194035     1.033291     2.155646
     1.193683    -0.773063     2.150753
    -0.521371    -1.330323     2.150756
    -1.583416     0.130838     2.155644
    -0.527418     1.606094     2.175196
     1.476497     1.920987     1.556150
     2.122191    -0.769333     1.549820
    -0.229118    -2.211237     1.550119
    -2.329010    -0.422382     1.551359
    -1.284259     2.147103     1.568834
     2.122407     1.023984     1.551362
     1.475050    -1.657516     1.550108
    -1.274742    -1.873069     1.549830
    -2.333706     0.682974     1.556146
    -0.233117     2.488639     1.568835
     1.961004     1.588021     0.617707
     1.959160    -1.330252     0.615334
    -0.813128    -2.231028     0.615348
    -2.529971     0.128820     0.617703
    -0.815984     2.494222     0.619659
     1.295115     2.472574     0.614899
     0.244254     2.816816     0.613611
     2.593088     0.679928     0.608562
     2.591927    -0.426589     0.608676
     1.293784    -2.210265     0.608811
     0.242445    -2.551897     0.608787
    -1.856236    -1.871926     0.608656
    -2.507573    -0.977373     0.608563
    -2.511179     1.235838     0.614891
    -1.863351     2.132016     0.613609
     1.761804     2.126890    -0.324484
    -0.335144     2.810304    -0.327650
     2.413527     1.230051    -0.326103
     2.411598    -0.974958    -0.325520
     1.760568    -1.870221    -0.325640
    -0.335075    -2.551207    -0.325684
    -1.388026    -2.209607    -0.325562
    -2.685661    -0.426756    -0.326110
    -2.685548     0.681866    -0.324499
    -1.390773     2.467311    -0.327651
     0.719792     2.490050    -0.331222
     2.433017     0.127803    -0.331872
     0.719098    -2.230154    -0.331778
    -2.053540    -1.329953    -0.331872
    -2.055999     1.588146    -0.331228
     2.232291     0.677051    -1.267488
     1.179234    -1.869774    -1.266852
    -1.567615    -1.655881    -1.267068
    -2.214616     1.022973    -1.268665
     0.134950     2.466067    -1.270368
     2.231429    -0.421444    -1.267016
     0.134936    -2.209127    -1.266877
    -2.213989    -0.767644    -1.267519
    -1.568747     1.912506    -1.270373
     1.180319     2.126047    -1.268655
     0.715035     0.680135    -2.425866
     0.714396    -0.426116    -2.425770
    -0.337525    -0.767938    -2.425790
    -0.988292     0.126709    -2.425876
    -0.337768     1.022474    -2.426406
     1.471446     1.229765    -1.848985
     1.470020    -0.975031    -1.848351
    -0.626205    -1.656205    -1.848399
    -1.923318     0.126766    -1.848999
    -0.626818     1.912063    -1.851111
     1.485334     0.127515    -1.863962
     0.426456    -1.329510    -1.863745
    -1.286655    -0.773133    -1.863978
    -1.287246     1.028287    -1.864947
     0.426950     1.585252    -1.864939
     0.260757     1.036552     3.821616
     0.907236     0.115338     3.788184
     0.247267    -0.778113     3.788570
    -0.811823    -0.443222     3.788183
    -0.830292     0.682047     3.821616
     0.561452     1.947900     3.245033
     1.854984     0.116314     3.208230
     0.539774    -1.678336     3.207730
    -1.579141    -0.999508     3.208229
    -1.609238     1.242599     3.245032
     1.217543     1.029619     3.231520
     1.207910    -0.789014     3.225798
    -0.523500    -1.351587     3.225802
    -1.600272     0.114051     3.231519
    -0.530376     1.615199     3.267273
     0.847123     2.849831     2.642631
     2.791938     0.119119     2.614688
     0.829348    -2.569525     2.615043
    -2.338802    -1.547970     2.614683
    -2.370493     1.804365     2.642629
     1.512146     1.937143     2.643190
     2.155669    -0.788657     2.637264
    -0.231705    -2.249204     2.637771
    -2.364007    -0.439433     2.639226
    -1.310302     2.182677     2.671202
     2.160747     1.030756     2.639226
     1.499464    -1.686709     2.637760
    -1.290463    -1.908379     2.637274
    -2.372041     0.675090     2.643189
    -0.232957     2.532727     2.671203
     1.791788     2.832964     2.035037
     3.083223    -0.780084     2.027084
     0.062200    -3.127704     2.028186
    -3.108681    -0.988633     2.027242
    -2.071097     2.726220     2.043066
     2.444310     1.928795     2.032750
     2.436941    -1.679782     2.032706
    -0.994208    -2.794632     2.032731
    -3.121268     0.120424     2.032748
    -1.009101     3.088570     2.045023
     3.086013     1.024160     2.027244
     1.778075    -2.570173     2.028171
    -2.045912    -2.446651     2.027096
    -3.124825     1.235459     2.035035
     0.063056     3.419646     2.043068
     2.747824     2.153454     0.142787
     2.743706    -1.901784     0.143883
    -1.111868    -3.154536     0.143994
    -3.498875     0.123799     0.142781
    -1.114405     3.412687     0.134085
     2.277726     2.500753     1.090536
     2.926415    -1.347080     1.089457
    -0.526971    -3.155708     1.089927
    -3.319130    -0.434858     1.088903
    -1.594001     3.075269     1.081926
     2.930771     1.595852     1.088901
     2.271203    -2.246512     1.089888
    -1.585770    -2.813181     1.089496
    -3.322691     0.681075     1.090533
    -0.528082     3.421606     1.081927
     1.606387     3.390127     1.080554
     0.542932     3.741469     1.078663
     3.557480     0.679433     1.079146
     3.555944    -0.434197     1.079775
     1.595527    -3.125835     1.080792
     0.536513    -3.469965     1.080774
    -2.631672    -2.444719     1.079762
    -3.287491    -1.544633     1.079153
    -3.302324     1.795197     1.080548
    -2.648482     2.704520     1.078661
     2.076129     3.044462     0.137214
    -0.042591     3.737385     0.129730
     3.385077     1.237730     0.137348
     3.382455    -0.988958     0.138764
     2.071378    -2.790165     0.139256
    -0.045731    -3.478164     0.139251
    -2.165265    -2.791601     0.138757
    -3.476176    -0.991597     0.137352
    -3.479175     1.239446     0.137203
    -2.172375     3.045379     0.129727
     1.023318     3.412794     0.130671
     3.404649     0.124436     0.133567
     1.019324    -3.154054     0.134669
    -2.837641    -1.903784     0.133591
    -2.843930     2.156257     0.130665
     2.539830     2.691953    -0.804925
    -0.627387     3.723641    -0.812817
     3.195022     1.789373    -0.804808
     3.191873    -1.538715    -0.802670
     2.536473    -2.439760    -0.802567
    -0.627946    -3.468205    -0.802521
    -1.688037    -3.124447    -0.802644
    -3.646665    -0.433593    -0.804822
    -3.647115     0.681709    -0.804943
    -1.691179     3.377996    -0.812819
     1.494719     3.064187    -0.815522
     3.222945     0.681579    -0.812652
     1.492029    -2.809659    -0.811297
    -2.363520    -2.245325    -0.811893
    -3.020393     1.597151    -0.815532
     0.436388     3.408893    -0.818856
     3.221838    -0.430630    -0.811937
     0.434555    -3.153270    -0.811248
    -3.018125    -1.346213    -0.812655
    -2.366792     2.498092    -0.818862
     3.012353     1.232827    -1.751798
     1.950945    -2.439202    -1.749796
    -1.868907    -2.566783    -1.750361
    -3.172429     1.026103    -1.754038
    -0.154273     3.376718    -1.758681
     3.019221     0.125865    -1.755654
     0.900618    -2.788805    -1.754619
    -2.526696    -1.676111    -1.755724
    -2.527892     1.927439    -1.760951
     0.902148     3.041914    -1.760942
     3.010465    -0.981383    -1.750211
    -0.154519    -3.123509    -1.749913
    -3.171755    -0.776506    -1.751837
    -1.870016     2.819245    -1.758686
     1.953377     2.691561    -1.754024
     0.720852     0.682084    -3.500091
     0.720347    -0.431643    -3.499571
    -0.339068    -0.775897    -3.499596
    -0.994121     0.124875    -3.500109
    -0.339081     1.026552    -3.500930
     1.487244     1.238804    -2.926510
     1.486001    -0.987693    -2.925227
    -0.631651    -1.675813    -2.925324
    -1.941392     0.124817    -2.926529
    -0.631831     1.927528    -2.929063
     1.500209     0.125625    -2.942272
     0.431398    -1.344636    -2.941783
    -1.297549    -0.783376    -2.942308
    -1.297763     1.034251    -2.943973
     0.431979     1.596260    -2.943962
     2.245913     1.789607    -2.337601
     2.243753    -1.538291    -2.335289
    -0.921078    -2.566682    -2.335544
    -2.878942     0.124479    -2.337622
    -0.921544     2.819155    -2.342592
     2.266080     0.681881    -2.358243
     1.196694    -1.900500    -2.357098
    -1.589860    -1.682781    -2.357630
    -2.244636     1.034111    -2.360321
     0.139537     2.496722    -2.362085
     2.265370    -0.430270    -2.357571
     0.139060    -2.244109    -2.357135
    -2.244154    -0.783517    -2.358270
    -1.590460     1.934623    -2.362092
     1.198085     2.152692    -2.360307
    -0.046350     0.125533     4.365072
     1.142111     3.738966     2.018759
     3.712544     0.120495     2.012902
     1.114014    -3.445629     2.014396
    -3.084398    -2.087991     2.012894
    -3.131762     2.350302     2.018755
     2.991519     2.330501    -1.739790
     2.987151    -2.078715    -1.736007
    -1.205395    -3.442521    -1.736940
    -3.800084     0.123791    -1.739816
    -1.206166     3.695123    -1.747572
    -0.046061     0.124717    -4.055691
     3.788938    -2.662106    -2.232714
     0.925151     0.101762     4.880500
     0.254485    -0.800327     4.879323
    -0.818334    -0.464734     4.880500
     1.880850     0.102553     4.297480
     0.547923    -1.703414     4.296187
    -1.591975    -1.025842     4.297481
     1.248693     1.021047     4.322144
     1.222119    -0.807982     4.313286
    -0.523844    -1.375282     4.313290
    -1.620431     0.088806     4.322144
     2.830217     0.108886     3.705688
     0.840838    -2.604891     3.705688
    -2.363750    -1.578745     3.705687
     1.556028     1.938369     3.740359
     2.181630    -0.807402     3.730369
    -0.230623    -2.280915     3.730946
    -2.391902    -0.465947     3.732384
     2.198902     1.025704     3.732384
     1.517228    -1.713000     3.730937
    -1.300444    -1.938802     3.730377
    -2.408261     0.650288     3.740359
     3.772246     0.114620     3.104824
     1.132029    -3.501053     3.106265
    -3.129236    -2.127820     3.104821
     1.842092     2.848907     3.139114
     3.128527    -0.801112     3.129259
     0.062833    -3.176969     3.130528
    -3.154662    -1.014170     3.129454
     2.497351     1.942445     3.137608
     2.474373    -1.711284     3.138031
    -1.005975    -2.842125     3.138049
    -3.172202     0.100289     3.137607
     3.138225     1.030522     3.129454
     1.806520    -2.610404     3.130518
    -2.070198    -2.490290     3.129269
    -3.174892     1.218785     3.139114
     4.062667    -0.789081     2.514591
     0.360407    -4.060972     2.516608
    -3.903330    -1.565825     2.514146
     2.774888     2.845909     2.520490
     3.412411    -1.698885     2.521934
    -0.706650    -3.727427     2.522734
    -3.919592    -0.449569     2.519204
     3.425204     1.936907     2.519206
     2.752601    -2.603437     2.522717
    -1.772152    -3.383460     2.521950
    -3.927776     0.668078     2.520489
     4.068168     1.024283     2.514148
     2.085397    -3.500471     2.516598
    -2.833009    -3.029639     2.514598
     3.541436     2.727177    -0.337694
     3.536125    -2.478448    -0.334243
    -1.413995    -4.086891    -0.333993
    -4.478144     0.121485    -0.337705
    -1.416713     4.343110    -0.355150
     3.076775     3.083308     0.615243
     3.730376    -1.925032     0.619125
    -0.826741    -4.099515     0.619766
    -4.309025    -0.442913     0.616261
    -1.904191     4.013034     0.591963
     3.736354     2.171167     0.616261
     3.068516    -2.833808     0.619695
    -1.896507    -3.753310     0.619191
    -4.311552     0.682715     0.615239
    -0.828328     4.362601     0.591964
     2.599059     3.426261     1.569191
     3.904391    -1.361642     1.569955
    -0.235695    -4.089267     1.571283
    -4.115746    -1.004626     1.568152
    -2.382141     3.669910     1.543710
     3.263842     2.518883     1.570976
     3.253089    -2.273727     1.574957
    -1.305349    -3.754863     1.574986
    -4.131132     0.116119     1.570976
    -1.315345     4.031109     1.541274
     3.910149     1.603142     1.568150
     2.584299    -3.172962     1.571262
    -2.368421    -3.399817     1.569975
    -4.126652     1.240956     1.569190
    -0.239980     4.365938     1.543713
     4.539905     0.679674     1.560664
     4.538088    -0.440124     1.562379
     1.902007    -4.058670     1.563881
     0.836875    -4.404772     1.563854
    -3.422740    -3.026800     1.562352
    -4.082425    -2.121902     1.560670
     2.395996     3.977005     0.605879
     0.254033     4.680055     0.590205
     4.368758     1.244346     0.610214
     4.365913    -1.001195     0.612091
     2.384338    -3.722246     0.613432
     0.248899    -4.416164     0.613349
    -2.953645    -3.379579     0.611994
    -4.275873    -1.564451     0.610218
    -4.286086     1.805879     0.605870
    -2.966435     3.633666     0.590201
     1.331438     4.348224     0.598574
     4.386286     0.121214     0.606742
     1.322524    -4.087254     0.608902
    -3.629899    -2.483410     0.606762
    -3.643034     2.731930     0.598566
     2.866831     3.625862    -0.344261
    -0.336291     4.672266    -0.359047
     4.185401     1.805563    -0.341725
     4.181820    -1.559066    -0.338790
     2.859717    -3.375547    -0.337988
    -0.339679    -4.415177    -0.338403
    -2.476648    -3.722897    -0.339268
    -4.457411    -1.002625    -0.341732
    -4.460600     1.245054    -0.344275
    -2.484268     3.974349    -0.359050
     1.810864     4.003680    -0.353517
     4.214611     0.684723    -0.347036
     1.803891    -3.750548    -0.344742
    -3.160633    -2.835015    -0.346161
    -3.828378     2.171393    -0.353527
     0.741356     4.352983    -0.359501
     4.213299    -0.439087    -0.346233
     0.735245    -4.097820    -0.344672
    -3.822235    -1.926571    -0.347030
    -3.168438     3.082623    -0.359508
     3.332662     3.268638    -1.293793
    -0.927117     4.655547    -1.306373
     3.990645     2.361286    -1.292497
     3.986641    -2.111578    -1.286691
     3.325981    -3.019805    -1.286393
    -0.927393    -4.402040    -1.289056
    -1.993140    -4.056490    -1.289527
    -4.626496    -0.438559    -1.292520
    -4.627492     0.682253    -1.293812
    -1.996445     4.308103    -1.306374
     2.279596     3.644275    -1.302844
     4.020008     1.243942    -1.298814
     2.274781    -3.393205    -1.296331
    -2.675082    -3.170825    -1.297139
    -3.996335     1.605122    -1.302858
     1.217343     4.002032    -1.310596
     4.029846     0.123810    -1.302055
     1.212972    -3.749792    -1.300388
    -3.343104    -2.271707    -1.302091
    -3.347233     2.518926    -1.310606
     0.147161     4.338353    -1.310172
     4.017813    -0.996347    -1.297229
     0.144445    -4.085507    -1.296208
    -3.993508    -1.359759    -1.298844
    -2.679116     3.420047    -1.310177
     3.806888     1.801521    -2.244489
     2.735456    -3.019223    -2.241185
    -2.175175    -3.495667    -2.242123
    -4.149732     1.029037    -2.247003
    -0.450110     4.305906    -2.254788
     3.816597     0.683941    -2.249903
     1.678570    -3.374236    -2.247887
    -2.841258    -2.598126    -2.249128
    -3.501418     1.940147    -2.255715
     0.617066     3.970552    -2.258509
     3.815617    -0.434669    -2.249025
     0.614799    -3.719950    -2.247929
    -3.499745    -1.693365    -2.249967
    -2.843085     2.846296    -2.258517
     1.682288     3.624414    -2.255703
     3.803804    -1.549657    -2.241701
    -0.451260    -4.055313    -2.241557
    -4.148799    -0.783437    -2.244527
    -2.176832     3.744867    -2.254792
     2.742320     3.268374    -2.246986
     0.725538     0.683878    -4.594788
     0.725049    -0.435962    -4.594082
    -0.340323    -0.782153    -4.594089
    -0.998943     0.123571    -4.594812
    -0.340129     1.029808    -4.595878
     1.500430     1.246767    -4.018420
     1.499405    -0.998251    -4.016899
    -0.636303    -1.692298    -4.016924
    -1.956717     0.123505    -4.018444
    -0.636123     1.940768    -4.021142
     1.512670     0.124282    -4.032336
     0.435500    -1.357306    -4.031734
    -1.306817    -0.791805    -4.032381
    -1.306719     1.039682    -4.034385
     0.436051     1.605924    -4.034372
     2.271256     1.806456    -3.430987
     2.269100    -1.557372    -3.428689
    -0.930483    -2.597431    -3.428563
    -2.909327     0.123227    -3.431009
    -0.930501     2.846755    -3.436017
     2.290175     0.686341    -3.453946
     1.209956    -1.922370    -3.452566
    -1.605231    -1.702781    -3.453248
    -2.266318     1.041669    -3.456323
     0.141686     2.518939    -3.458069
     2.289594    -0.437334    -3.453153
     0.141119    -2.269616    -3.452637
    -2.266232    -0.794073    -3.453977
    -1.605240     1.951346    -3.458078
     1.211207     2.171550    -3.456304
     3.035978     2.361445    -2.833735
     3.030701    -2.110854    -2.831510
    -1.222140    -3.495359    -2.830450
    -3.854234     0.122718    -2.833762
    -1.222584     3.745677    -2.841107
     3.055523     1.244503    -2.856147
     1.977158    -2.476997    -2.853867
    -1.895675    -2.603633    -2.854585
    -3.213953     1.039184    -2.858726
    -0.152869     3.419207    -2.863106
     3.063422     0.124535    -2.863011
     0.914526    -2.831317    -2.861791
    -2.561660    -1.703056    -2.863047
    -2.562214     1.951134    -2.868556
     0.916009     3.081252    -2.868544
     3.054061    -0.995618    -2.854412
    -0.153396    -3.169201    -2.854010
    -3.213535    -0.792384    -2.856179
    -1.896112     2.852805    -2.863112
     1.979305     2.726541    -2.858706