
    -0.114939     0.062677    -0.143901
    -0.111926     0.060863     0.877626
     0.169219    -0.804414     0.315298
    -0.850321    -0.473661     0.313741
    -0.850708     0.597140     0.313530
     0.168171     0.927871     0.313755
     0.797842     0.060859     0.315286
    -0.395274    -0.804538    -0.597351
    -1.027653     0.064806    -0.603554
    -0.399084     0.929344    -0.603539
     0.623522     0.597147    -0.597155
     0.623528    -0.473579    -0.596971
    -0.118234     0.064982    -1.165233
    -0.109742     0.059556     1.921114
     0.458395     1.811585     0.782746
     1.730429     0.059612     0.783486
     0.458931    -1.690645     0.783621
    -1.600760    -1.022455     0.783008
    -1.601220     1.143034     0.784039
     1.380080     1.142871    -1.058676
     1.379137    -1.022183    -1.058748
    -0.679834    -1.692686    -1.058742
    -1.962203     0.065317    -1.071632
    -0.688326     1.816462    -1.071645
    -0.119566     0.066004    -2.209154
     0.177765     0.946083     1.369027
     0.821031     0.059683     1.369615
     0.177730    -0.825791     1.369666
    -0.864279    -0.487882     1.369039
    -0.864543     0.607822     1.369190
     1.108141     0.946125     0.793809
     1.108736    -0.825767     0.794177
    -0.576729    -1.372887     0.793892
    -1.619649     0.060612     0.793247
    -0.577385     1.494518     0.793430
     0.930820     1.494541    -0.138809
    -0.114005     1.833280    -0.143013
     1.574269     0.607809    -0.138201
     1.574047    -0.487805    -0.138005
     0.931208    -1.372783    -0.137895
    -0.110880    -1.711707    -0.138174
    -1.153547    -1.373885    -0.138945
    -1.799195    -0.485212    -0.142950
    -1.800266     0.609463    -0.142916
    -1.155308     1.495717    -0.142323
     1.396722     0.060637    -1.070612
     0.354601    -1.373839    -1.070535
    -1.334517    -0.823961    -1.074416
    -1.341424     0.953063    -1.085137
     0.351859     1.495604    -1.073855
     0.639788     0.609453    -1.649705
     0.639200    -0.484855    -1.649422
    -0.401575    -0.824017    -1.649779
    -1.053364     0.066510    -1.661250
    -0.408646     0.953344    -1.661384
    -0.107982     0.058471     2.982654
     0.753870     2.711369     1.260256
     2.679052     0.058609     1.259325
     0.753300    -2.592290     1.259605
    -2.364896    -1.581267     1.260838
    -2.365136     1.699017     1.264246
     2.151067     1.698505    -1.528231
     2.148458    -1.580768    -1.528926
    -0.968970    -2.597903    -1.528076
    -2.918436     0.061316    -1.543605
    -0.980474     2.723051    -1.544510
    -0.116437     0.063826    -3.272566
     0.182835     0.954012     2.432373
     0.832591     0.058648     2.432344
     0.182445    -0.836200     2.432411
    -0.870004    -0.494842     2.432420
    -0.870152     0.612204     2.432895
     0.471717     1.843212     1.855274
     1.766635     0.058702     1.854883
     0.471098    -1.724582     1.855054
    -1.626534    -1.044402     1.855544
    -1.626785     1.162058     1.857334
     1.130913     0.959641     1.870491
     1.130743    -0.841583     1.870381
    -0.582375    -1.398394     1.870646
    -1.641813     0.058838     1.871345
    -0.582165     1.516841     1.871391
     1.412051     1.843260     1.273848
     2.057372    -0.836092     1.273372
    -0.290709    -2.277725     1.273747
    -2.388970    -0.490583     1.274990
    -1.335930     2.057824     1.276602
     2.057215     0.954112     1.273493
     1.411976    -1.724525     1.273480
    -1.335864    -1.938999     1.274161
    -2.389141     0.608851     1.276389
    -0.290549     2.397079     1.274894
     1.897416     1.516846     0.338400
     1.897001    -1.398207     0.338301
    -0.875401    -2.299870     0.338574
    -2.592667     0.059899     0.337434
    -0.876625     2.420075     0.337856
     1.233596     2.397040     0.332514
     0.179043     2.739167     0.330383
     2.528343     0.612255     0.331977
     2.527938    -0.494676     0.332038
     1.232834    -2.277591     0.332286
     0.180147    -2.620254     0.332227
    -1.917820    -1.940588     0.332729
    -2.569417    -1.043494     0.331023
    -2.570840     1.162498     0.333474
    -1.918208     2.059787     0.334031
     1.702142     2.057618    -0.601950
    -0.401635     2.742227    -0.608903
     2.351660     1.161941    -0.602244
     2.350206    -1.044147    -0.602463
     1.700499    -1.938632    -0.602323
    -0.397121    -2.622423    -0.602007
    -1.449963    -2.281582    -0.601917
    -2.753819    -0.492926    -0.608406
    -2.756205     0.613189    -0.607687
    -1.452508     2.402417    -0.605853
     0.657261     2.419841    -0.610720
     2.371121     0.058905    -0.609011
     0.657921    -2.299752    -0.608749
    -2.118375    -1.399791    -0.611128
    -2.121590     1.521126    -0.613351
     2.172936     0.608655    -1.543534
     1.118753    -1.940326    -1.543684
    -1.631702    -1.727853    -1.544789
    -2.296864     0.964578    -1.562614
     0.070157     2.401885    -1.547829
     2.171782    -0.490417    -1.543849
     0.074030    -2.281561    -1.543277
    -2.285217    -0.836355    -1.549658
    -1.647890     1.857664    -1.562438
     1.119079     2.059084    -1.544369
     0.651482     0.612756    -2.710465
     0.649156    -0.491777    -2.710470
    -0.400171    -0.836323    -2.710504
    -1.064646     0.062631    -2.728913
    -0.408564     0.965585    -2.729107
     1.410600     1.161877    -2.127403
     1.407889    -1.042857    -2.127304
    -0.687461    -1.728024    -2.127435
    -2.003836     0.062735    -2.148663
    -0.698478     1.857847    -2.149285
     1.424093     0.059766    -2.144374
     0.364468    -1.399607    -2.144303
    -1.353698    -0.842186    -2.149119
    -1.366541     0.971780    -2.168712
     0.362495     1.520688    -2.148879
     0.186280     0.959239     3.506515
     0.840549     0.057858     3.506083
     0.185767    -0.843331     3.506159
    -0.873745    -0.499532     3.506584
    -0.873746     0.614975     3.507292
     0.479106     1.860048     2.932754
     1.786918     0.057980     2.931719
     0.478117    -1.743457     2.931901
    -1.640111    -1.056363     2.933007
    -1.640111     1.171885     2.935140
     1.143968     0.967049     2.948738
     1.143535    -0.850753     2.948375
    -0.585270    -1.412859     2.948919
    -1.653943     0.057744     2.950280
    -0.584725     1.529025     2.950266
     0.769070     2.751563     2.343579
     2.723660     0.057980     2.341717
     0.767713    -2.634358     2.342021
    -2.398440    -1.607683     2.344105
    -2.398395     1.723198     2.348223
     1.436571     1.867217     2.364561
     2.089496    -0.850635     2.363644
    -0.292905    -2.312498     2.364308
    -2.419950    -0.498870     2.366571
    -1.350459     2.085713     2.368102
     2.089811     0.967061     2.364011
     1.435808    -1.750432     2.363754
    -1.351021    -1.969372     2.364905
    -2.419913     0.614292     2.368038
    -0.291931     2.429423     2.366408
     1.716247     2.751607     1.757896
     3.016388    -0.842965     1.756211
     0.001122    -3.191517     1.756982
    -3.165802    -1.050658     1.760229
    -2.105050     2.625284     1.764234
     2.372656     1.860112     1.761947
     2.372119    -1.743259     1.761115
    -1.054795    -2.857606     1.762384
    -3.174032     0.057597     1.766720
    -1.053792     2.974992     1.766799
     3.016559     0.959239     1.756568
     1.715093    -2.634277     1.756446
    -2.105624    -2.508862     1.758444
    -3.165734     1.166038     1.764052
     0.002288     3.309340     1.759883
     2.685118     2.085627    -0.127235
     2.682969    -1.968965    -0.128260
    -1.172414    -3.224972    -0.126836
    -3.563876     0.057130    -0.124908
    -1.172217     3.344803    -0.124510
     2.210721     2.429415     0.818943
     2.862926    -1.412506     0.817721
    -0.588013    -3.222516     0.818701
    -3.378303    -0.499180     0.821554
    -1.645588     2.998016     0.824565
     2.863757     1.529036     0.818277
     2.209355    -2.312238     0.817858
    -1.646295    -2.879785     0.819374
    -3.378789     0.614289     0.824327
    -0.587382     3.340879     0.821277
     1.536831     3.309249     0.810884
     0.476028     3.654023     0.810290
     3.490907     0.615033     0.808969
     3.490400    -0.499169     0.808859
     1.534764    -3.191365     0.809247
     0.475231    -3.536402     0.809423
    -2.691381    -2.510708     0.811436
    -3.347357    -1.608431     0.811382
    -3.348830     1.723707     0.817817
    -2.691022     2.628236     0.818101
     2.014723     2.974753    -0.130962
    -0.106908     3.665410    -0.132868
     3.321708     1.171889    -0.132542
     3.320128    -1.056013    -0.133009
     2.011784    -2.857221    -0.132714
    -0.106514    -3.547902    -0.132033
    -2.225303    -2.862195    -0.130653
    -3.539197    -1.058478    -0.130819
    -3.542505     1.171833    -0.124631
    -2.224655     2.982349    -0.123925
     0.960806     3.340602    -0.136398
     3.341734     0.057921    -0.137687
     0.959096    -3.222374    -0.137236
    -2.899409    -1.973014    -0.136194
    -2.901922     2.090784    -0.128822
     2.482004     2.624787    -1.072710
    -0.690897     3.661701    -1.077510
     3.135529     1.722928    -1.073591
     3.132488    -1.607227    -1.074589
     2.478058    -2.508244    -1.074432
    -0.687739    -3.541586    -1.073070
    -1.747453    -3.198900    -1.072442
    -3.722607    -0.505007    -1.074222
    -3.727625     0.615809    -1.073314
    -1.748642     3.322097    -1.068736
     1.436261     2.997321    -1.081951
     3.163187     0.614252    -1.083374
     1.432996    -2.879418    -1.083403
    -2.425476    -2.319649    -1.082250
    -3.091742     1.535635    -1.076454
     0.376123     3.344212    -1.082658
     3.162080    -0.498630    -1.083776
     0.375067    -3.224846    -1.082850
    -3.084328    -1.418736    -1.083978
    -2.432209     2.441941    -1.075643
     2.956143     1.165524    -2.020983
     1.893170    -2.510246    -2.021856
    -1.929603    -2.644189    -2.020607
    -3.273533     0.970956    -2.037351
    -0.211347     3.320982    -2.020443
     2.962578     0.057533    -2.026660
     0.842760    -2.861986    -2.026239
    -2.591727    -1.754338    -2.026166
    -2.627851     1.887743    -2.039201
     0.846394     2.980855    -2.024398
     2.953314    -1.050272    -2.022067
    -0.212655    -3.198847    -2.020487
    -3.249967    -0.854260    -2.028620
    -1.958472     2.784780    -2.035655
     1.897385     2.626922    -2.020323
     0.669174     0.611027    -3.781462
     0.661431    -0.500331    -3.782138
    -0.392150    -0.852734    -3.781686
    -1.068769     0.046571    -3.815038
    -0.394896     0.974682    -3.815191
     1.434978     1.169382    -3.201553
     1.427379    -1.056652    -3.201418
    -0.685741    -1.753905    -3.201713
    -2.028157     0.042085    -3.238575
    -0.686987     1.888104    -3.239024
     1.444531     0.055988    -3.219453
     0.375246    -1.417787    -3.219399
    -1.357513    -0.865608    -3.225008
    -1.374599     0.977771    -3.260661
     0.382550     1.533255    -3.224458
     2.191315     1.722300    -2.608176
     2.185586    -1.607494    -2.608814
    -0.977898    -2.644164    -2.608104
    -2.974030     0.049189    -2.636348
    -0.983015     2.784721    -2.638967
     2.210814     0.613486    -2.631043
     1.138993    -1.972365    -2.631434
    -1.649972    -1.762286    -2.632689
    -2.338567     0.978421    -2.664954
     0.087842     2.440269    -2.635050
     2.208411    -0.499152    -2.631591
     0.082119    -2.319286    -2.630794
    -2.311601    -0.865370    -2.636716
    -1.672744     1.895362    -2.664378
     1.144722     2.088828    -2.632056
    -0.106619     0.057616     4.062177
     1.054078     3.627463     1.745480
     3.642753     0.057844     1.742333
     1.052046    -3.508406     1.742759
    -3.143262    -2.149667     1.746308
    -3.143142     2.265105     1.752678
     2.935548     2.264258    -2.006606
     2.930926    -2.148940    -2.008217
    -1.263677    -3.519231    -2.006217
    -3.910838     0.043645    -2.012621
    -1.275777     3.652472    -2.022334
    -0.107686     0.057470    -4.358490
     4.634296     0.057290     2.238944
     1.359153    -4.451099     2.239511
     0.188922     0.963604     4.601150
     0.846822     0.057279     4.600535
     0.188330    -0.848968     4.600621
    -0.876975    -0.503259     4.601226
    -0.876649     0.617174     4.602141
     0.485014     1.874421     4.024635
     1.803883     0.057442     4.023356
     0.483912    -1.759278     4.023544
    -1.651834    -1.066255     4.024865
    -1.651534     1.180230     4.027140
     1.154751     0.973445     4.038763
     1.154207    -0.858421     4.038291
    -0.587931    -1.424918     4.038954
    -1.664490     0.057030     4.040631
    -0.587235     1.539439     4.040597
     0.779646     2.780249     3.436980
     2.755316     0.057510     3.435103
     0.777936    -2.664178     3.435411
    -2.422390    -1.626369     3.437437
    -2.422105     1.740329     3.441605
     1.453402     1.885140     3.460245
     2.113010    -0.860419     3.459110
    -0.293769    -2.337496     3.459881
    -2.442047    -0.505340     3.462526
    -1.361981     2.105146     3.464013
     2.113494     0.975695     3.459571
     1.452418    -1.769666     3.459218
    -1.362804    -1.990676     3.460592
    -2.441865     0.619254     3.463990
    -0.292509     2.452611     3.462360
     1.072019     3.678682     2.839508
     3.696853     0.057463     2.837849
     1.069098    -3.559608     2.838283
    -3.186561    -2.182142     2.840181
    -3.186471     2.296209     2.846235
     1.744412     2.786538     2.862256
     3.059767    -0.858120     2.860329
     0.001092    -3.237192     2.861210
    -3.207262    -1.064267     2.864896
    -2.129245     2.660567     2.868620
     2.409224     1.885120     2.869310
     2.408305    -1.769503     2.868367
    -1.067306    -2.899841     2.869768
    -3.215982     0.056735     2.874342
    -1.065907     3.015143     2.874351
     3.060174     0.973410     2.860775
     1.742917    -2.670755     2.860565
    -2.130191    -2.546077     2.862805
    -3.206907     1.177874     2.868523
     0.002711     3.353034     2.864540
     2.024637     3.678807     2.250400
     3.992011    -0.850925     2.247516
     0.296464    -4.121518     2.248526
    -3.958279    -1.622364     2.253135
    -2.890512     3.203573     2.259749
     2.689532     2.780416     2.256019
     3.345691    -1.759370     2.254305
    -0.767745    -3.788137     2.255825
    -3.969239    -0.504002     2.261353
    -1.830137     3.559140     2.263990
     3.346426     1.874910     2.255259
     2.688492    -2.664039     2.254431
    -1.832069    -3.443275     2.256639
    -3.969074     0.616288     2.263654
    -0.765143     3.904960     2.261447
     3.992381     0.965964     2.247967
     2.024333    -3.559525     2.247882
    -2.892059    -3.088555     2.251131
    -3.957942     1.735038     2.259549
     0.301516     4.239917     2.252666
     3.480748     2.660415    -0.600623
     3.476839    -2.545468    -0.602616
    -1.472624    -4.159581    -0.599948
    -4.548560     0.053735    -0.593154
    -1.469086     4.281612    -0.590884
     3.010911     3.015120     0.353237
     3.668336    -1.990184     0.351052
    -0.886294    -4.168092     0.353042
    -4.369394    -0.508891     0.359220
    -1.952053     3.941481     0.364207
     3.670575     2.105226     0.352373
     3.007904    -2.899386     0.351202
    -1.955669    -3.821981     0.353821
    -4.370656     0.616843     0.364401
    -0.883175     4.286787     0.358784
     2.524812     3.353041     1.304919
     3.839194    -1.424317     1.302654
    -0.295898    -4.154244     1.304059
    -4.172673    -1.066016     1.308788
    -2.425499     3.580807     1.315123
     3.191362     2.452662     1.308252
     3.189767    -2.337087     1.306835
    -1.365113    -3.819473     1.308857
    -4.184450     0.055225     1.315913
    -1.362606     3.937130     1.316015
     3.840210     1.539413     1.303445
     2.522489    -3.236911     1.302926
    -2.427551    -3.463836     1.305549
    -4.173204     1.177354     1.314925
    -0.293688     4.271806     1.308417
     1.844186     4.239789     1.298492
     0.778391     4.586810     1.299010
     4.470576     0.618884     1.292868
     4.470048    -0.504221     1.292599
     1.842485    -4.121360     1.293119
     0.774503    -4.469169     1.293503
    -3.481263    -3.090403     1.299140
    -4.140907    -2.183929     1.300191
    -4.142263     2.297321     1.310743
    -3.480891     3.206656     1.310666
     2.328401     3.904719     0.347958
     0.191310     4.601182     0.348990
     4.303508     1.180657     0.344853
     4.301971    -1.066058     0.344147
     2.324949    -3.787770     0.344588
     0.188725    -4.484200     0.345592
    -3.012763    -3.447644     0.348470
    -4.336599    -1.630428     0.350604
    -4.340505     1.740840     0.363399
    -3.011092     3.567692     0.363248
     1.265623     4.271517     0.343699
     4.321758     0.057306     0.340338
     1.262710    -4.154103     0.340961
    -3.690416    -2.550197     0.344315
    -3.692891     2.666686     0.359408
     2.806286     3.558711    -0.603869
    -0.395838     4.604989    -0.601078
     4.124144     1.740361    -0.606123
     4.121200    -1.625913    -0.607324
     2.801590    -3.442664    -0.606989
    -0.398729    -4.487016    -0.605309
    -2.535500    -3.795707    -0.603415
    -4.524921    -1.074113    -0.599629
    -4.530211     1.181840    -0.585728
    -2.533485     3.920027    -0.585188
     1.749692     3.936495    -0.609615
     4.153354     0.619342    -0.613188
     1.745225    -3.819107    -0.613127
    -3.221697    -2.907740    -0.609524
    -3.892906     2.113554    -0.587410
     0.679751     4.286228    -0.608549
     4.152325    -0.504971    -0.613686
     0.676350    -4.167962    -0.612432
    -3.885451    -1.998272    -0.608629
    -3.226149     3.029439    -0.587427
     3.276137     3.202873    -1.554462
    -0.981850     4.601659    -1.548948
     3.933121     2.295792    -1.556353
     3.928745    -2.181534    -1.557816
     3.270549    -3.087763    -1.557570
    -0.985545    -4.477497    -1.555617
    -2.051216    -4.133173    -1.553832
    -2.053184     4.260974    -1.537286
     2.223484     3.579716    -1.561184
     3.962499     1.177712    -1.564122
     2.217418    -3.463246    -1.564874
    -2.735015    -3.248862    -1.561390
    -4.077607     1.555241    -1.538867
     1.161634     3.940245    -1.562931
     3.972090     0.056861    -1.569116
     1.155516    -3.821687    -1.568418
    -3.406302    -2.351079    -1.564259
    -3.425317     2.475460    -1.535990
     0.092028     4.280691    -1.557546
     3.959925    -1.063862    -1.565303
     0.086760    -4.159474    -1.563280
    -4.063793    -1.438196    -1.562660
    -2.748648     3.379013    -1.536414
     3.753255     1.734442    -2.508691
     2.683042    -3.089733    -2.510365
    -2.233164    -3.578230    -2.507409
    -0.494279     4.259038    -2.503047
     3.762417     0.616019    -2.516117
     1.623768    -3.447373    -2.516322
    -2.902537    -2.684731    -2.512500
     0.571879     3.917843    -2.507686
     3.760814    -0.503833    -2.516850
     0.559587    -3.795630    -2.515378
    -3.566118    -1.785305    -2.513887
     1.633487     3.565599    -2.510985
     3.748748    -1.621897    -2.510608
    -0.506642    -4.133136    -2.507908
     2.690858     3.204973    -2.507335
     0.690937     0.611331    -4.873449
     0.680178    -0.513525    -4.872964
    -0.384775    -0.873830    -4.874058
     1.463352     1.174179    -4.290610
     1.448602    -1.071614    -4.289919
    -0.680560    -1.782653    -4.290990
     1.466754     0.049722    -4.306968
     0.388955    -1.436831    -4.306917
    -1.359009    -0.897823    -4.315654
     0.411949     1.545870    -4.314410
     2.227518     1.737364    -3.699032
     2.215575    -1.628885    -3.699506
    -0.979877    -2.683698    -3.699131
     2.242253     0.614438    -3.724148
     1.158572    -1.997064    -3.724660
    -1.656909    -1.800144    -3.725864
     0.120887     2.470161    -3.730794
     2.237903    -0.509280    -3.724822
     0.092048    -2.349587    -3.723938
    -2.326353    -0.906771    -3.733887
     1.177551     2.108409    -3.724807
     2.986389     2.295426    -3.098388
     2.977982    -2.182881    -3.100148
    -1.276446    -3.577867    -3.098166
     3.004498     1.175992    -3.123199
     1.922686    -2.549517    -3.124288
    -1.951736    -2.691987    -3.122854
    -0.182710     3.376037    -3.125107
     3.010934     0.054772    -3.132079
     0.861253    -2.907192    -3.131639
    -2.621069    -1.800723    -3.131051
     0.879315     3.026285    -3.128341
     2.999741    -1.065581    -3.124511
    -0.206542    -3.248391    -3.122723
    -3.280689    -0.897398    -3.132682
     1.934551     2.664014    -3.122271