
     0.036297    -0.111709    -0.016287
     0.035989    -0.110766     1.002927
     0.318198    -0.979313     0.439677
    -0.701280    -0.646986     0.439545
    -0.701250     0.425431     0.439535
     0.317259     0.756366     0.439536
     0.947635    -0.111220     0.439548
    -0.245468    -0.979315    -0.472358
    -0.875457    -0.110787    -0.471834
    -0.245744     0.756324    -0.471428
     0.773379     0.424954    -0.471832
     0.774216    -0.647999    -0.472357
     0.036146    -0.111241    -1.035278
     0.035364    -0.108848     2.044411
     0.604418     1.643396     0.905333
     1.878393    -0.109061     0.905701
     0.606300    -1.866001     0.907666
    -1.455548    -1.192326     0.905697
    -1.454952     0.974266     0.905330
     1.526106     0.974211    -0.937056
     1.529807    -1.195036    -0.939345
    -0.535211    -1.866003    -0.939348
    -1.807270    -0.108870    -0.937060
    -0.533921     1.643241    -0.936549
     0.035447    -0.109084    -2.076254
     0.323266     0.777337     1.492383
     0.967894    -0.109648     1.492659
     0.324205    -0.997805     1.493063
    -0.718596    -0.657623     1.492657
    -0.718439     0.438866     1.492381
     1.255619     0.777112     0.916233
     1.256636    -0.998161     0.916937
    -0.429936    -1.546162     0.916935
    -1.472594    -0.109340     0.916229
    -0.430652     1.325404     0.916161
     1.077438     1.325268    -0.015964
     0.035288     1.663877    -0.015657
     1.722198     0.438377    -0.015941
     1.723431    -0.659013    -0.016654
     1.079613    -1.547263    -0.016141
     0.036036    -1.886343    -0.016143
    -1.006925    -1.546162    -0.016658
    -1.650958    -0.657630    -0.015946
    -1.650639     0.438861    -0.015968
    -1.006552     1.325362    -0.015658
     1.545154    -0.110745    -0.948832
     0.502738    -1.547263    -0.949548
    -1.184958    -0.997814    -0.948836
    -1.184765     0.777286    -0.947679
     0.501619     1.325226    -0.947677
     0.789930     0.438370    -1.524381
     0.791124    -0.659022    -1.525165
    -0.252665    -0.998170    -1.525167
    -0.896731    -0.109660    -1.524383
    -0.252480     0.777059    -1.523933
     0.034646    -0.106642     3.104553
     0.896818     2.545986     1.379399
     2.825887    -0.106240     1.380466
     0.900508    -2.771479     1.386335
    -2.223746    -1.746968     1.380459
    -2.222039     1.532607     1.379394
     2.292190     1.533540    -1.410539
     2.301959    -1.753265    -1.416566
    -0.831774    -2.771478    -1.416570
    -2.755809    -0.106657    -1.410546
    -0.827080     2.545493    -1.409944
     0.034530    -0.106258    -3.136046
     0.325767     0.788291     2.554057
     0.976924    -0.107197     2.554441
     0.326184    -1.003901     2.554746
    -0.727345    -0.660948     2.554439
    -0.726904     0.446257     2.554055
     0.614686     1.677340     1.975765
     1.912511    -0.107082     1.976618
     0.616567    -1.897602     1.978967
    -1.484317    -1.210780     1.976614
    -1.483213     0.995691     1.975762
     1.275605     0.793633     1.991938
     1.276454    -1.010568     1.993080
    -0.438679    -1.567849     1.993077
    -1.498477    -0.107722     1.991935
    -0.438849     1.350628     1.991588
     1.556653     1.677297     1.393745
     2.203979    -1.003850     1.395015
    -0.145567    -2.451378     1.397114
    -2.245952    -0.657246     1.394179
    -1.192314     1.891187     1.393559
     2.203329     0.788416     1.394185
     1.558648    -1.897644     1.397117
    -1.193010    -2.107600     1.395010
    -2.245253     0.441981     1.393739
    -0.147015     2.230826     1.393561
     2.042418     1.350756     0.458294
     2.044784    -1.568821     0.458607
    -0.732134    -2.471097     0.458603
    -2.446306    -0.107721     0.458288
    -0.731625     2.251706     0.458248
     1.376620     2.230925     0.451861
     0.323768     2.572819     0.452049
     2.674573     0.446585     0.452492
     2.675463    -0.661296     0.452046
     1.379425    -2.451852     0.454676
     0.325186    -2.794396     0.454674
    -1.775794    -2.107600     0.452040
    -2.426271    -1.210782     0.452485
    -2.425016     0.995697     0.451855
    -1.774202     1.891146     0.452046
     1.844379     1.891637    -0.483214
    -0.254038     2.572758    -0.482867
     2.495628     0.996201    -0.482974
     2.500081    -1.213651    -0.485752
     1.849427    -2.110375    -0.485328
    -0.255766    -2.794395    -0.485330
    -1.309239    -2.451376    -0.485757
    -2.604556    -0.660952    -0.482981
    -2.604009     0.446265    -0.483220
    -1.306709     2.230724    -0.482868
     0.801589     2.251859    -0.489327
     2.518047    -0.108500    -0.490112
     0.803235    -2.472096    -0.490302
    -1.973365    -1.567850    -0.490118
    -1.972109     1.350628    -0.489331
     2.316258     0.441965    -1.425415
     1.266658    -2.110374    -1.428270
    -1.488820    -1.897604    -1.427644
    -2.133232     0.788254    -1.424733
     0.216973     2.230824    -1.424506
     2.319868    -0.660085    -1.427639
     0.215705    -2.451850    -1.428272
    -2.133668    -1.003906    -1.425422
    -1.486778     1.677241    -1.424508
     1.262499     1.891596    -1.424728
     0.796849     0.446591    -2.585709
     0.797663    -0.661302    -2.586303
    -0.256612    -1.003857    -2.586305
    -0.907157    -0.107075    -2.585711
    -0.256156     0.788376    -2.585343
     1.553521     0.996207    -2.007315
     1.558019    -1.213654    -2.010044
    -0.547089    -1.897647    -2.010047
    -1.842375    -0.107189    -2.007319
    -0.544952     1.677195    -2.006729
     1.569943    -0.108500    -2.024166
     0.509745    -1.568823    -2.025142
    -1.206330    -1.010567    -2.024170
    -1.205690     0.793637    -2.022904
     0.508939     1.350755    -2.022901
     0.327307     0.796202     3.627090
     0.982741    -0.104919     3.627674
     0.327214    -1.007076     3.628225
    -0.733392    -0.662525     3.627671
    -0.732802     0.451751     3.627089
     0.620163     1.696629     3.052064
     1.930810    -0.104834     3.053223
     0.620425    -1.909481     3.055361
    -1.500444    -1.219718     3.053218
    -1.498984     1.008075     3.052061
     1.286561     0.803784     3.069569
     1.287099    -1.015104     3.071088
    -0.444628    -1.577777     3.071086
    -1.513309    -0.105951     3.069565
    -0.443650     1.365400     3.069066
     0.909873     2.588027     2.461335
     2.868962    -0.104434     2.462917
     0.913113    -2.810279     2.471058
    -2.259659    -1.770827     2.462909
    -2.257315     1.558944     2.461331
     1.579110     1.703785     2.483927
     2.234794    -1.014874     2.485992
    -0.151774    -2.480775     2.487767
    -2.279801    -0.662598     2.484462
    -1.209479     1.921628     2.483566
     2.233856     0.803981     2.484468
     1.580946    -1.917779     2.487770
    -1.211462    -2.134633     2.485987
    -2.278994     0.450209     2.483921
    -0.151024     2.265541     2.483568
     1.858227     2.588121     1.875392
     3.162667    -1.006401     1.877564
     0.143485    -3.369171     1.883943
    -3.026277    -1.213733     1.876437
    -1.964284     2.460468     1.875141
     2.516321     1.696959     1.880715
     2.518659    -1.909137     1.883559
    -0.915477    -3.024957     1.883554
    -3.033198    -0.106192     1.880708
    -0.913117     2.810271     1.880015
     3.161718     0.796872     1.876446
     1.864265    -2.810055     1.883946
    -1.967106    -2.673168     1.877556
    -3.024602     1.001591     1.875385
     0.142905     3.145136     1.875144
     2.826513     1.922637    -0.010386
     2.831384    -2.136297    -0.010194
    -1.034951    -3.392547    -0.010200
    -3.416795    -0.105940    -0.010395
    -1.031547     3.174770    -0.010671
     2.352876     2.265967     0.936358
     3.010193    -1.577685     0.938087
    -0.448253    -3.392549     0.939104
    -3.236263    -0.662594     0.936847
    -1.504885     2.830868     0.936102
     3.007651     1.366180     0.936856
     2.356734    -2.481152     0.939107
    -1.507957    -3.045723     0.938080
    -3.235421     0.450216     0.936350
    -0.446470     3.174768     0.936103
     1.676990     3.145376     0.927051
     0.616939     3.489495     0.927111
     3.636172     0.452977     0.928489
     3.637144    -0.661673     0.928608
     1.683077    -3.369346     0.932942
     0.618815    -3.715147     0.932941
    -2.553589    -2.673167     0.928599
    -3.207978    -1.770826     0.928480
    -3.205523     1.558949     0.927044
    -2.550192     2.460430     0.927107
     2.153848     2.810942    -0.015396
     0.034543     3.498666    -0.015287
     3.464696     1.009602    -0.014568
     3.467774    -1.219563    -0.014674
     2.157892    -3.026808    -0.014485
     0.033345    -3.717116    -0.014488
    -2.088644    -3.024956    -0.014682
    -3.396425    -1.219715    -0.014577
    -3.394731     1.008097    -0.015404
    -2.084413     2.810174    -0.015290
     1.100771     3.175039    -0.020133
     3.487465    -0.104755    -0.019360
     1.102631    -3.393545    -0.019145
    -2.759843    -2.134632    -0.019369
    -2.756785     1.921641    -0.020138
     2.619728     2.461761    -0.957826
    -0.547908     3.489242    -0.957659
     3.275336     1.560751    -0.957543
     3.287240    -1.776200    -0.962008
     2.630472    -2.681021    -0.961849
    -0.552226    -3.715144    -0.961854
    -1.615403    -3.369168    -0.962015
    -3.567185    -0.662523    -0.957552
    -3.566389     0.451766    -0.957834
    -1.607659     3.144907    -0.957661
     1.574273     2.831546    -0.966915
     3.306085     0.451777    -0.966902
     1.577460    -3.048561    -0.968801
    -2.287522    -2.480773    -0.967972
    -2.937954     1.365432    -0.966922
     0.515601     3.175041    -0.966867
     3.308809    -0.662412    -0.967964
     0.515713    -3.393544    -0.968803
    -2.940223    -1.577775    -0.966911
    -2.283372     2.265598    -0.966871
     3.094524     1.003492    -1.906423
     2.042164    -2.681021    -1.913756
    -1.796340    -2.810277    -1.912959
    -3.092280     0.796180    -1.906000
    -0.073877     3.145149    -1.905609
     3.104336    -0.104812    -1.912478
     0.983473    -3.026807    -1.914742
    -2.449847    -1.909479    -1.912485
    -2.446951     1.696580    -1.910752
     0.982403     2.810846    -1.910747
     3.105115    -1.217695    -1.912952
    -0.076273    -3.369344    -1.913758
    -3.093354    -1.007075    -1.906432
    -1.788902     2.587903    -1.905612
     2.033726     2.461724    -1.905993
     0.801137     0.452989    -3.658660
     0.801484    -0.661673    -3.659586
    -0.259482    -1.006402    -3.659588
    -0.914384    -0.104419    -3.658663
    -0.258906     0.796846    -3.658220
     1.567926     1.009622    -3.083557
     1.569435    -1.219563    -3.086251
    -0.552849    -1.909136    -3.086254
    -1.861912    -0.104802    -3.083562
    -0.551354     1.696904    -3.082823
     1.582417    -0.104746    -3.101769
     0.512626    -1.577685    -3.103064
    -1.218626    -1.014862    -3.101773
    -1.217688     0.804021    -3.100239
     0.512545     1.366208    -3.100236
     2.326662     1.560755    -2.492492
     2.336020    -1.776200    -2.501117
    -0.845847    -2.810053    -2.501122
    -2.799692    -0.104901    -2.492499
    -0.840887     2.587990    -2.491682
     2.348800     0.451783    -2.515798
     1.280829    -2.136297    -2.519050
    -1.512622    -1.917772    -2.517755
    -2.164629     0.803825    -2.514644
     0.220094     2.266022    -2.514368
     2.350982    -0.662409    -2.517750
     0.219480    -2.481151    -2.519051
    -2.165764    -1.015090    -2.515804
    -1.509990     1.703883    -2.514371
     1.278749     1.922649    -2.514639
     0.034029    -0.104749     4.183396
     1.194466     3.464111     1.861731
     3.790398    -0.103753     1.863619
     1.204736    -3.707798     1.879945
    -3.005514    -2.311882     1.863610
    -3.002503     2.100431     1.861725
     3.071947     2.102420    -1.892473
     3.099423    -2.331227    -1.909427
    -1.137217    -3.707797    -1.909433
    -3.721024    -0.104754    -1.892482
    -1.124909     3.462116    -1.891121
     0.033720    -0.103762    -4.214805
    -1.431311     4.405126    -2.386365
     0.328561     0.802613     4.720996
     0.987674    -0.103430     4.721710
     0.328186    -1.010071     4.722711
    -0.738261    -0.664221     4.721708
    -0.737588     0.456200     4.720995
     0.624783     1.713068     4.143271
     1.946136    -0.103320     4.144656
     0.624130    -1.920890     4.147393
    -1.513736    -1.227503     4.144651
    -1.512388     1.018658     4.143268
     1.295806     0.812362     4.159233
     1.295822    -1.019821     4.161220
    -0.448915    -1.586721     4.161218
    -1.525833    -0.104446     4.159230
    -0.447743     1.377992     4.158664
     0.919229     2.618563     3.554094
     2.899497    -0.103030     3.556000
     0.918829    -2.827876     3.563435
    -2.285190    -1.787639     3.555993
    -2.282835     1.578148     3.554090
     1.594463     1.723750     3.579332
     2.256757    -1.021714     3.581957
    -0.155566    -2.500217     3.584133
    -2.303974    -0.666965     3.579954
    -1.222689     1.943276     3.578893
     2.255977     0.814655     3.579960
     1.595439    -1.931280     3.584135
    -1.225214    -2.153076     3.581952
    -2.303152     0.457336     3.579327
    -0.153064     2.290819     3.578894
     1.211123     3.516680     2.955191
     3.844700    -0.102572     2.957513
    -3.050143    -2.342846     2.957503
    -3.046881     2.133169     2.955185
     1.885138     2.624947     2.979682
     3.205183    -1.019255     2.982473
     0.138021    -3.405042     2.988940
    -3.069775    -1.225516     2.980848
    -1.990210     2.498112     2.979355
     2.551544     1.723990     2.988135
     2.554376    -1.930970     2.992261
    -0.931542    -3.063616     2.992256
    -3.077585    -0.105028     2.988128
    -0.926943     2.852819     2.987322
     3.203832     0.812906     2.980856
     1.889767    -2.835865     2.988943
    -1.993949    -2.708558     2.982466
    -3.068022     1.015565     2.979675
     0.141750     3.190829     2.979358
     2.164689     3.516887     2.366003
     4.140590    -1.009084     2.368952
    -3.821016    -1.782731     2.367606
    -2.752113     3.039684     2.365730
     2.831030     2.619025     2.373017
     3.493217    -1.920170     2.376359
    -0.634509    -3.955793     2.378742
    -3.830708    -0.664717     2.373589
    -1.691914     3.395337     2.372342
     3.489811     1.713867     2.373599
     2.838482    -2.827348     2.378747
    -1.697427    -3.606716     2.376352
    -3.829782     0.454792     2.373008
    -0.626951     3.741364     2.372344
     4.139123     0.803679     2.367617
    -2.756686    -3.250149     2.368942
    -3.818452     1.572844     2.365995
     0.439815     4.076806     2.365735
     3.618642     2.500018    -0.486508
     3.627653    -2.712152    -0.483849
    -1.340665    -4.326459    -0.483855
    -4.397016    -0.104431    -0.486519
    -1.334426     4.106935    -0.487114
     3.150057     2.853974     0.468071
     3.816584    -2.152716     0.471713
    -0.751673    -4.334822     0.470674
    -4.226905    -0.666954     0.468534
    -1.816483     3.771129     0.467623
     3.811661     1.944939     0.468545
     3.156062    -3.065120     0.470679
    -1.822344    -3.984918     0.471705
    -4.225975     0.457352     0.468061
    -0.747053     4.118608     0.467624
     2.664781     3.191398     1.420355
     3.986648    -1.585675     1.423407
    -0.161326    -4.326461     1.424367
    -4.033538    -1.225510     1.421420
    -2.287839     3.414297     1.420000
     3.333021     2.291775     1.425146
     3.338515    -2.500054     1.427852
    -1.231420    -3.984918     1.427846
    -4.043546    -0.105021     1.425136
    -1.225319     3.771133     1.424323
     3.983533     1.379398     1.421431
     2.673545    -3.405354     1.424371
    -2.293229    -3.626134     1.423399
    -4.031714     1.015571     1.420346
    -0.155980     4.106981     1.420003
     1.982508     4.077120     1.412378
     0.916527     4.423123     1.412357
     4.616290     0.458024     1.414322
     4.617531    -0.662566     1.415069
    -3.346215    -3.250148     1.415058
    -4.003878    -2.342843     1.414310
    -4.000360     2.133165     1.412370
    -3.341338     3.039656     1.412351
     2.465656     3.742121     0.461164
     0.328718     4.435574     0.461166
     4.446249     1.020757     0.462474
     4.449230    -1.225586     0.464330
     2.472239    -3.957836     0.461589
     0.326277    -4.655102     0.461586
    -2.879119    -3.606715     0.464320
    -4.197076    -1.787634     0.462462
    -4.194324     1.578159     0.461155
    -2.873108     3.395236     0.461161
     1.403175     4.107295     0.456427
     4.467175    -0.102363     0.458478
     1.406093    -4.327505     0.456607
    -3.553852    -2.708557     0.458467
    -3.549403     2.498102     0.456420
     2.942081     3.396707    -0.491415
    -0.259779     4.435486    -0.491047
     4.263844     1.580601    -0.490794
     4.271571    -1.786147    -0.487437
     2.947734    -3.612367    -0.489401
    -0.261465    -4.655101    -0.489405
    -2.405898    -3.955791    -0.487446
    -4.378574    -1.227496    -0.490806
    -4.376728     1.018677    -0.491425
    -2.396950     3.741076    -0.491050
     1.885402     3.771878    -0.498161
     4.296325     0.460123    -0.497200
     1.887913    -3.988081    -0.498680
    -3.087477    -3.063613    -0.496151
    -3.742377     1.943299    -0.498168
     0.815717     4.118929    -0.498219
     4.298570    -0.663737    -0.496140
     0.816787    -4.336112    -0.498682
    -3.746250    -2.153072    -0.497211
    -3.080976     2.852815    -0.498225
     3.410400     3.041716    -1.442763
    -0.846319     4.422334    -1.439994
     4.069741     2.135832    -1.442469
    -4.547896    -0.664213    -1.442481
    -4.546944     0.456214    -1.442774
    -1.914697     4.075196    -1.439996
     2.356793     3.415635    -1.450528
     4.101715     1.018787    -1.450600
     2.360893    -3.633800    -1.452991
    -2.606182    -3.405039    -1.451309
    -3.914343     1.378015    -1.450536
     1.294046     3.771874    -1.454824
     4.114942    -0.100750    -1.454891
     1.295810    -3.988081    -1.456727
    -3.269833    -2.500212    -1.454901
    -3.263955     2.290887    -1.454830
     0.224391     4.107250    -1.450548
     4.109882    -1.222854    -1.451300
     0.225900    -4.327503    -1.452994
    -3.917179    -1.586714    -1.450611
    -2.595716     3.190940    -1.450552
     3.887906     1.576225    -2.396772
    -4.070147     0.802593    -2.396348
    -0.368543     4.075514    -2.395658
     3.899899     0.459102    -2.404173
     1.761478    -3.612366    -2.408810
    -2.770832    -2.827870    -2.406608
    -3.420947     1.712970    -2.402910
     0.696001     3.741836    -2.402742
     3.903837    -0.659135    -2.406598
     0.698240    -3.957834    -2.408811
    -3.424930    -1.920883    -2.404183
    -2.762470     2.618109    -2.402747
     1.760748     3.396607    -2.402903
    -4.071857    -1.010063    -2.396783
    -2.097367     3.513784    -2.395660
     2.821068     3.041688    -2.396339
     0.804917     0.458033    -4.752577
     0.804817    -0.662561    -4.754028
    -0.261654    -1.009080    -4.754029
    -0.920405    -0.102558    -4.752579
    -0.261117     0.803654    -4.752112
     1.580214     1.020773    -4.174825
     1.579918    -1.225582    -4.178313
    -0.557789    -1.920166    -4.178316
    -1.878405    -0.103002    -4.174829
    -0.556830     1.713762    -4.174026
     1.593162    -0.102351    -4.191745
     0.515222    -1.585671    -4.193476
    -1.228723    -1.019239    -4.191749
    -1.227896     0.812930    -4.189793
     0.515570     1.379418    -4.189791
     2.351255     1.580611    -3.585381
     2.351753    -1.786142    -3.593767
    -0.852728    -2.827343    -3.593772
    -2.831256    -0.103292    -3.585388
    -0.850817     2.618557    -3.584685
     2.371525     0.460137    -3.611551
     1.290390    -2.152714    -3.615756
    -1.528524    -1.930955    -3.614032
    -2.187618     0.814699    -3.609966
     0.221301     2.291839    -3.609586
     2.371598    -0.663727    -3.614027
     0.221397    -2.500051    -3.615757
    -2.189056    -1.021688    -3.611557
    -1.526138     1.724060    -3.609588
     1.290959     1.944959    -3.609961
     3.115650     2.135828    -2.986182
    -3.776015    -0.103414    -2.986192
    -1.141753     3.513961    -2.986418
     3.137238     1.018792    -3.011130
     2.060580    -2.712150    -3.019432
    -1.822777    -2.835853    -3.018110
    -3.135102     0.812389    -3.010240
    -0.073471     3.191506    -3.009687
     3.147004    -0.100741    -3.021030
     0.995923    -3.065119    -3.024506
    -2.486756    -1.931264    -3.021038
    -2.482817     1.723824    -3.018023
     0.995408     2.853969    -3.018018
     3.141539    -1.222846    -3.018104
    -0.072871    -3.405352    -3.019435
    -3.136901    -1.019802    -3.011139
    -1.816476     2.625169    -3.009689
     2.058845     2.500008    -3.010233