
     0.007213    -0.022201     0.060910
     0.007157    -0.022033     1.080974
     0.288981    -0.889392     0.517274
    -0.729860    -0.558076     0.516761
    -0.730149     0.513772     0.516383
     0.288713     0.844821     0.516384
     0.918497    -0.022492     0.516763
    -0.274345    -0.888760    -0.395543
    -0.904090    -0.021827    -0.395683
    -0.274495     0.844809    -0.395734
     0.744254     0.513754    -0.395681
     0.744351    -0.557765    -0.395541
     0.007068    -0.021749    -0.958952
     0.006880    -0.021182     2.124653
     0.576464     1.731159     0.980816
     1.850012    -0.022033     0.981145
     0.577207    -1.776463     0.983470
    -1.483742    -1.105237     0.981140
    -1.483923     1.061698     0.980813
     1.497562     1.061477    -0.862288
     1.497672    -1.104731    -0.862346
    -0.562294    -1.774056    -0.862349
    -1.835471    -0.021493    -0.862293
    -0.562368     1.730791    -0.862274
     0.006948    -0.021374    -2.000949
     0.295063     0.864962     1.570132
     0.939257    -0.021994     1.570425
     0.295287    -0.908806     1.571024
    -0.746951    -0.569877     1.570423
    -0.747127     0.526333     1.570131
     1.227379     0.864785     0.992416
     1.227741    -0.909914     0.993484
    -0.458431    -1.457785     0.993481
    -1.501281    -0.021812     0.992412
    -0.459124     1.413032     0.992334
     1.049121     1.412945     0.059416
     0.007079     1.751505     0.059444
     1.693290     0.526008     0.059618
     1.693447    -0.570093     0.059789
     1.049188    -1.456952     0.060208
     0.007565    -1.795396     0.060206
    -1.034934    -1.456599     0.059785
    -1.679080    -0.569743     0.059613
    -1.679266     0.526437     0.059413
    -1.035238     1.412835     0.059442
     1.515224    -0.021719    -0.873045
     0.473187    -1.456313    -0.873074
    -1.213073    -0.908198    -0.873049
    -1.213170     0.864954    -0.873078
     0.473069     1.412847    -0.873076
     0.761089     0.526444    -1.449098
     0.761166    -0.569471    -1.449085
    -0.281065    -0.908113    -1.449086
    -0.925166    -0.021455    -1.449100
    -0.281062     0.865025    -1.449096
     0.006542    -0.020149     3.190631
     0.869491     2.633560     1.453202
     2.798624    -0.021178     1.453301
     0.871177    -2.681209     1.460440
    -2.251688    -1.662126     1.453294
    -2.251406     1.619517     1.453198
     2.264373     1.618929    -1.337035
     2.264529    -1.661382    -1.337522
    -0.855501    -2.675142    -1.337526
    -2.783495    -0.021225    -1.337042
    -0.855357     2.632519    -1.336944
     0.006846    -0.021056    -3.061323
     0.297942     0.875095     2.633864
     0.948902    -0.020723     2.634001
     0.297791    -0.916515     2.634505
    -0.755503    -0.574519     2.633998
    -0.755415     0.532838     2.633862
     0.587175     1.764729     2.051076
     1.884965    -0.021223     2.051305
     0.587622    -1.808520     2.053792
    -1.512499    -1.125127     2.051300
    -1.512322     1.082560     2.051073
     1.248127     0.880487     2.068171
     1.248460    -0.923728     2.068919
    -0.467075    -1.481140     2.068916
    -1.527299    -0.021305     2.068167
    -0.467183     1.437832     2.068092
     1.529381     1.764530     1.468036
     2.176260    -0.918128     1.468612
    -0.173760    -2.364823     1.470468
    -2.274568    -0.571389     1.468085
    -1.221113     1.978502     1.468047
     2.176014     0.874695     1.468091
     1.530581    -1.811048     1.470471
    -1.220971    -2.021957     1.468608
    -2.274464     0.528584     1.468030
    -0.175039     2.318393     1.468048
     2.014736     1.437369     0.532552
     2.015005    -1.481255     0.533212
    -0.759513    -2.382752     0.533208
    -2.474821    -0.021379     0.532546
    -0.759970     2.338940     0.532565
     1.349098     2.318060     0.525987
     0.296089     2.660164     0.526033
     2.646641     0.532214     0.526112
     2.646819    -0.575167     0.526097
     1.348809    -2.362201     0.527577
     0.297259    -2.703871     0.527576
    -1.803246    -2.021083     0.526090
    -2.454005    -1.125089     0.526105
    -2.453967     1.082367     0.525982
    -1.803149     1.978079     0.526030
     1.816578     1.977939    -0.409274
    -0.282010     2.659736    -0.409190
     2.467482     1.081924    -0.409185
     2.467723    -1.124858    -0.409360
     1.816552    -2.020858    -0.409243
    -0.281787    -2.702651    -0.409246
    -1.335251    -2.360521    -0.409365
    -2.632173    -0.575057    -0.409192
    -2.632245     0.532427    -0.409280
    -1.335204     2.317532    -0.409192
     0.773770     2.338759    -0.415464
     2.488561    -0.021538    -0.415454
     0.773978    -2.382053    -0.415564
    -2.000626    -1.480166    -0.415461
    -2.000682     1.437284    -0.415468
     2.287481     0.528405    -1.351247
     1.234578    -2.020427    -1.351795
    -1.515008    -1.806639    -1.351416
    -2.161229     0.874433    -1.351164
     0.188830     2.317490    -1.351121
     2.287587    -0.571099    -1.351411
     0.188788    -2.360225    -1.351797
    -2.161195    -0.917060    -1.351253
    -1.514952     1.763897    -1.351123
     1.234494     1.977773    -1.351159
     0.768826     0.532459    -2.511063
     0.768888    -0.574741    -2.511153
    -0.284212    -0.916915    -2.511154
    -0.934959    -0.021135    -2.511065
    -0.284152     0.874541    -2.511032
     1.525501     1.082143    -1.933157
     1.525642    -1.124551    -1.933443
    -0.573269    -1.806530    -1.933446
    -1.870219    -0.021195    -1.933162
    -0.573137     1.763940    -1.933087
     1.540516    -0.021234    -1.949087
     0.480825    -1.479818    -1.949297
    -1.233817    -0.922671    -1.949091
    -1.233773     0.880146    -1.948973
     0.480810     1.437249    -1.948970
     0.300664     0.884688     3.712302
     0.958035    -0.019532     3.712385
     0.300167    -0.923834     3.713031
    -0.763595    -0.578925     3.712382
    -0.763259     0.538998     3.712300
     0.593439     1.784902     3.126714
     1.905494    -0.019981     3.126839
     0.592789    -1.824427     3.129634
    -1.529840    -1.136190     3.126834
    -1.529250     1.095197     3.126711
     1.260901     0.890765     3.145382
     1.261083    -0.930825     3.146043
    -0.473119    -1.494302     3.146041
    -1.543677    -0.020499     3.145378
    -0.472270     1.453482     3.145339
     0.883114     2.676015     2.534407
     2.843065    -0.020303     2.534498
     0.883569    -2.719353     2.544110
    -2.288158    -1.687541     2.534491
    -2.287385     1.645856     2.534403
     1.553075     1.791165     2.557361
     2.208768    -0.931030     2.557927
    -0.180000    -2.396897     2.558947
    -2.309548    -0.577958     2.557379
    -1.238709     2.009452     2.557362
     2.208172     0.889941     2.557385
     1.554479    -1.833329     2.558950
    -1.239690    -2.051503     2.557922
    -2.309292     0.536204     2.557355
    -0.178998     2.353773     2.557363
     1.831783     2.675417     1.947921
     3.136082    -0.922956     1.948013
     0.116373    -3.286034     1.952030
    -3.054939    -1.129800     1.947910
    -1.993706     2.547745     1.947958
     2.490129     1.783173     1.952933
     2.491603    -1.825826     1.953523
    -0.942558    -2.941655     1.953519
    -3.062684    -0.021048     1.952925
    -0.941621     2.897998     1.952993
     3.135571     0.881622     1.947918
     1.837332    -2.726860     1.952032
    -1.994646    -2.590034     1.948006
    -3.054520     1.087759     1.947914
     0.115407     3.233038     1.947961
     2.799385     2.007769     0.062345
     2.799920    -2.050179     0.061820
    -1.060115    -3.304382     0.061814
    -3.444887    -0.021121     0.062336
    -1.059744     3.261551     0.062448
     2.326157     2.352307     1.009175
     2.981635    -1.493494     1.008965
    -0.474213    -3.306358     1.009173
    -3.264676    -0.577993     1.009161
    -1.533654     2.917994     1.009249
     2.980910     1.451324     1.009170
     2.327075    -2.396163     1.009177
    -1.534339    -2.960825     1.008959
    -3.264556     0.535772     1.009167
    -0.474408     3.262165     1.009251
     1.650142     3.232369     0.999867
     0.589728     3.576871     0.999911
     3.609207     0.536700     0.999813
     3.609461    -0.578163     0.999647
     1.647803    -3.277044     1.001110
     0.593099    -3.619739     1.001109
    -2.580279    -2.589335     0.999639
    -3.235375    -1.687243     0.999803
    -3.234936     1.645108     0.999860
    -2.579537     2.547113     0.999907
     2.126781     2.896913     0.057492
     0.006982     3.585582     0.057582
     3.437259     1.093428     0.057482
     3.437669    -1.135346     0.057029
     2.126481    -2.939411     0.056911
     0.007386    -3.627947     0.056908
    -2.113790    -2.939127     0.057022
    -3.423501    -1.135771     0.057473
    -3.423366     1.093558     0.057484
    -2.113204     2.896691     0.057579
     1.073533     3.261710     0.052854
     3.458952    -0.021003     0.052661
     1.073842    -3.304942     0.051283
    -2.786004    -2.050116     0.052653
    -2.785693     2.007769     0.052849
     2.592475     2.546587    -0.885073
    -0.575689     3.575853    -0.884942
     3.247854     1.644537    -0.885063
     3.248224    -1.686539    -0.885789
     2.592613    -2.588661    -0.885958
    -0.575886    -3.618170    -0.885963
    -1.636540    -3.273697    -0.885796
    -3.594201    -0.578585    -0.885073
    -3.594201     0.536410    -0.885082
    -1.636092     3.231306    -0.884944
     1.546957     2.917341    -0.894043
     3.277521     0.535558    -0.894193
     1.547109    -2.959689    -0.895543
    -2.312111    -2.393962    -0.894444
    -2.966284     1.450898    -0.894049
     0.488122     3.261327    -0.893997
     3.277675    -0.577727    -0.894436
     0.488029    -3.303805    -0.895544
    -2.966360    -1.493205    -0.894201
    -2.311859     2.351556    -0.894001
     3.066570     1.087147    -1.833393
     2.006485    -2.588348    -1.834555
    -1.817365    -2.716093    -1.833891
    -3.119880     0.880798    -1.833259
    -0.101578     3.231211    -1.833166
     3.074597    -0.021025    -1.838445
     0.954755    -2.938422    -1.839562
    -2.475037    -1.824213    -1.838452
    -2.474894     1.781958    -1.838071
     0.954824     2.896343    -1.838066
     3.066764    -1.129140    -1.833885
    -0.101880    -3.273399    -1.834558
    -3.119911    -0.922966    -1.833402
    -1.817077     2.673811    -1.833168
     2.006318     2.546403    -1.833252
     0.773978     0.536515    -3.584205
     0.774014    -0.578224    -3.584364
    -0.286309    -0.922745    -3.584366
    -0.941508    -0.020882    -3.584207
    -0.286232     0.880945    -3.584156
     1.540618     1.093422    -3.009622
     1.540720    -1.135209    -3.010022
    -0.579201    -1.824014    -3.010025
    -1.889076    -0.020955    -3.009627
    -0.579012     1.782027    -3.009527
     1.554523    -0.020912    -3.026833
     0.485049    -1.492812    -3.027119
    -1.245335    -0.930642    -3.026837
    -1.245252     0.888676    -3.026647
     0.485085     1.450897    -3.026645
     2.299322     1.644593    -2.419262
     2.299518    -1.686413    -2.419949
    -0.869092    -2.715958    -2.419953
    -2.826852    -0.021005    -2.419269
    -0.868777     2.673826    -2.419127
     2.320722     0.535669    -2.441660
     1.251326    -2.049472    -2.442351
    -1.538057    -1.831408    -2.441874
    -2.192284     0.888625    -2.441494
     0.192469     2.351483    -2.441442
     2.320795    -0.577589    -2.441869
     0.192313    -2.393566    -2.442353
    -2.192355    -0.930721    -2.441666
    -1.537874     1.789260    -2.441444
     1.251278     2.007508    -2.441489
     0.006322    -0.019474     4.291867
     1.167734     3.551849     1.934162
     3.764146    -0.020385     1.934084
     1.171666    -3.606018     1.964971
    -3.033279    -2.229006     1.934075
    -3.032448     2.187125     1.934156
     3.044687     2.186103    -1.819913
     3.044944    -2.227925    -1.820858
    -1.153861    -3.592202    -1.820864
    -3.748158    -0.021029    -1.819922
    -1.153471     3.550020    -1.819757
     0.006762    -0.020794    -4.140136
     0.599949     1.805740     4.217639
     1.926915    -0.019135     4.217645
     0.598799    -1.842928     4.220751
    -1.547669    -1.148098     4.217640
    -1.546768     1.108228     4.217636
     1.274689     0.901462     4.235731
     1.274634    -0.939462     4.236501
    -0.479008    -1.509256     4.236499
    -1.561121    -0.019950     4.235727
    -0.477668     1.470090     4.235774
     0.893409     2.708410     3.626059
     2.876619    -0.019493     3.626159
     0.892626    -2.747232     3.633531
    -2.315783    -1.706610     3.626152
    -2.314757     1.666012     3.626055
     1.570561     1.812822     3.651441
     2.234027    -0.939867     3.652095
    -0.182986    -2.420961     3.653503
    -2.336552    -0.583882     3.651436
    -1.253361     2.033004     3.651446
     2.233498     0.901020     3.651442
     1.571036    -1.851044     3.653505
    -1.254933    -2.073500     3.652090
    -2.336170     0.543446     3.651436
    -0.180991     2.381439     3.651447
     1.184985     3.605367     3.026880
     3.820199    -0.019710     3.026966
    -3.079026    -2.261408     3.026956
    -3.077864     2.220281     3.026875
     1.859727     2.713072     3.051516
     3.180551    -0.936978     3.051849
     0.112836    -3.323933     3.055136
    -3.099864    -1.142889     3.051528
    -2.020533     2.586114     3.051549
     2.526996     1.810589     3.059613
     2.529052    -1.849958     3.060874
    -0.958673    -2.983191     3.060869
    -3.108628    -0.020539     3.059605
    -0.955798     2.941626     3.059676
     3.179607     0.897438     3.051537
     1.862468    -2.755442     3.055139
    -2.022383    -2.627517     3.051842
    -3.099264     1.101796     3.051509
     0.114555     3.279847     3.051552
     2.138947     3.604162     2.437450
     4.114552    -0.927224     2.437373
    -3.849658    -1.700077     2.437372
    -2.781893     3.126998     2.437490
     2.805530     2.705371     2.444148
     3.466605    -1.838751     2.444124
    -0.659470    -3.874705     2.444921
    -3.860156    -0.581148     2.444125
    -1.720997     3.483058     2.444246
     3.464514     1.798786     2.444135
     2.811013    -2.747074     2.444926
    -1.723755    -3.525203     2.444117
    -3.859905     0.539637     2.444139
    -0.654984     3.829427     2.444248
     4.113712     0.887383     2.437383
    -2.783737    -3.168617     2.437364
    -3.848926     1.658581     2.437442
     0.412585     4.164949     2.437495
     3.591954     2.583789    -0.414865
     3.592671    -2.625493    -0.416300
    -1.363301    -4.235789    -0.416307
    -4.424664    -0.020972    -0.414876
    -1.362517     4.193391    -0.414703
     3.123752     2.939103     0.539725
     3.786324    -2.070228     0.538597
    -0.775944    -4.248731     0.537637
    -4.254846    -0.583606     0.539670
    -1.845134     3.857927     0.539846
     3.785274     2.028792     0.539681
     3.125095    -2.981205     0.537643
    -1.846349    -3.900397     0.538589
    -4.254731     0.541684     0.539714
    -0.774893     4.205670     0.539847
     2.638804     3.277782     1.491957
     3.958700    -1.503894     1.491472
    -0.185088    -4.240790     1.490041
    -4.061846    -1.142516     1.491871
    -2.317084     3.501441     1.492040
     3.307214     2.376989     1.496320
     3.309531    -2.418125     1.494963
    -1.256129    -3.901600     1.494956
    -4.072755    -0.020912     1.496310
    -1.253754     3.858644     1.496453
     3.957651     1.463181     1.491882
     2.642412    -3.322078     1.490045
    -2.318689    -3.543545     1.491464
    -4.061474     1.100726     1.491947
    -0.183543     4.194672     1.492043
     1.956154     4.164136     1.484139
     0.889702     4.510596     1.484199
     4.589967     0.540343     1.483997
     4.590270    -0.580789     1.483689
     1.957112    -4.206846     1.478956
     0.889385    -4.553771     1.478955
    -3.372228    -3.167966     1.483678
    -4.030969    -2.260773     1.483985
    -4.030186     2.219054     1.484131
    -3.371052     3.126190     1.484193
     2.439183     3.828094     0.533035
     0.301436     4.522593     0.533114
     4.419429     1.103271     0.532877
     4.419904    -1.144227     0.532367
     2.439205    -3.869970     0.529107
     0.301356    -4.564601     0.529104
    -2.903216    -3.523657     0.532357
    -4.223879    -1.705115     0.532865
    -4.223441     1.663273     0.533025
    -2.902185     3.481672     0.533109
     1.376374     4.194033     0.528557
     4.439294    -0.020442     0.528158
     1.377096    -4.238261     0.522959
    -3.579448    -2.625894     0.528147
    -3.578704     2.584028     0.528550
     2.915407     3.481471    -0.419504
    -0.287557     4.522031    -0.419386
     4.236745     1.663088    -0.419606
     4.237303    -1.704420    -0.420485
     2.915757    -3.523173    -0.421664
    -0.288022    -4.564146    -0.421668
    -2.426213    -3.869532    -0.420494
    -4.405135    -1.144834    -0.419617
    -4.404971     1.102932    -0.419514
    -2.425347     3.827420    -0.419389
     1.858556     3.857640    -0.425978
     4.268100     0.541813    -0.426280
     1.858978    -3.899898    -0.429419
    -3.110388    -2.980596    -0.426578
    -3.771068     2.028461    -0.425986
     0.788577     4.205244    -0.425936
     4.268308    -0.583108    -0.426568
     0.788363    -4.247763    -0.429420
    -3.771432    -2.070393    -0.426291
    -3.109755     2.938597    -0.425942
     3.383543     3.125332    -1.370773
    -0.875629     4.509040    -1.370614
     4.042593     2.218295    -1.370817
     4.043078    -2.259763    -1.371915
     3.383967    -3.166939    -1.372365
    -0.876199    -4.551153    -1.372371
    -1.942656    -4.204649    -1.371923
    -4.574403    -0.581541    -1.370828
    -4.574365     0.539647    -1.370784
    -1.941949     4.162572    -1.370615
     2.329889     3.500316    -1.378400
     4.073742     1.100364    -1.378615
     2.330266    -3.542089    -1.380620
    -2.624781    -3.318435    -1.379205
    -3.942352     1.462338    -1.378409
     1.266995     3.857312    -1.382663
     4.084993    -0.020754    -1.383160
     1.266964    -3.899302    -1.385192
    -3.292624    -2.417891    -1.383170
    -3.292290     2.375908    -1.382670
     0.197230     4.193157    -1.378312
     4.074024    -1.141857    -1.379196
     0.196770    -4.235305    -1.380623
    -3.942499    -1.504275    -1.378626
    -2.624238     3.276405    -1.378316
     3.860281     1.657702    -2.324350
     2.794265    -3.166695    -2.325908
    -2.124475    -3.643842    -2.325161
    -4.097314     0.886050    -2.324206
    -0.398776     4.162436    -2.324070
     3.871107     0.539275    -2.331109
     1.733620    -3.522585    -2.332728
    -2.790505    -2.745293    -2.331397
    -3.448552     1.797199    -2.330732
     0.668279     3.827062    -2.330680
     3.871215    -0.580765    -2.331387
     0.668005    -3.868825    -2.332729
    -3.448762    -1.839098    -2.331119
    -2.790136     2.703353    -2.330685
     1.733572     3.480976    -2.330725
     3.860540    -1.699190    -2.325153
    -0.399261    -4.204336    -2.325913
    -4.097400    -0.927909    -2.324361
    -2.124000     3.601876    -2.324072
     2.793993     3.125175    -2.324196
     0.778248     0.539864    -4.678057
     0.778240    -0.581117    -4.678266
    -0.288025    -0.927569    -4.678267
    -0.946928    -0.020681    -4.678059
    -0.287942     0.886213    -4.678009
     1.553377     1.102927    -4.100853
     1.553431    -1.144235    -4.101309
    -0.584176    -1.838787    -4.101312
    -1.904982    -0.020764    -4.100858
    -0.583971     1.797291    -4.100748
     1.566331    -0.020679    -4.116489
     0.488623    -1.503806    -4.116811
    -1.255022    -0.937393    -4.116493
    -1.254923     0.895863    -4.116273
     0.488688     1.462398    -4.116270
     2.324268     1.662931    -3.512117
     2.324415    -1.704269    -3.512867
    -0.878735    -2.745037    -3.512872
    -2.857810    -0.020831    -3.512124
    -0.878381     2.703389    -3.511961
     2.344211     0.541723    -3.537135
     1.264025    -2.069720    -3.537856
    -1.553778    -1.849692    -3.537367
    -2.214810     0.897943    -3.536941
     0.194140     2.375863    -3.536884
     2.344263    -0.583139    -3.537362
     0.193944    -2.417411    -3.537857
    -2.214913    -0.939629    -3.537142
    -1.553553     1.808002    -3.536886
     1.264029     2.028288    -3.536936
     3.088675     2.218249    -2.913514
     3.088938    -2.259613    -2.914536
    -1.170825    -3.643696    -2.914542
    -3.802637    -0.020878    -2.913524
    -1.170327     3.601903    -2.913322
     3.109580     1.100361    -2.937864
     2.032016    -2.624939    -2.939021
    -1.844674    -2.751600    -2.938377
    -3.162376     0.895757    -2.937694
    -0.100679     3.276302    -2.937588
     3.118508    -0.020743    -2.946023
     0.968230    -2.979888    -2.947092
    -2.510725    -1.849795    -2.946031
    -2.510505     1.807965    -2.945598
     0.968351     2.938316    -2.945594
     3.109731    -1.141814    -2.938370
    -0.101025    -3.318007    -2.939024
    -3.162471    -0.937555    -2.937873
    -1.844307     2.709762    -2.937591
     2.031908     2.583485    -2.937686