
   0.0016075177   0.0012527964  -0.0018892104
   0.0010329816   0.0007957116   1.0175949335
   0.2825832069  -0.8658204675   0.4544098973
  -0.7361930609  -0.5348603129   0.4544336796
  -0.7361577749   0.5364098549   0.4544274509
   0.2832891941   0.8679546714   0.4539685845
   0.9129626155   0.0012884050   0.4540440738
  -0.2805076838  -0.8657099009  -0.4573292136
  -0.9102369547   0.0008313714  -0.4570539892
  -0.2799535692   0.8679837584  -0.4577255249
   0.7397593260   0.5374833345  -0.4582056701
   0.7389830351  -0.5343700051  -0.4574565291
   0.0017989331   0.0015927478  -1.0213370323
   0.0004975440   0.0003920450   2.0593833923
   0.5703487396   1.7533231974   0.9205371737
   1.8437225819   0.0006579185   0.9206526279
   0.5698123574  -1.7519595623   0.9206820726
  -1.4900403023  -1.0826004744   0.9206136465
  -1.4901508093   1.0833809376   0.9207425714
   1.4952082634   1.0862455368  -0.9245825410
   1.4919322729  -1.0826996565  -0.9222291112
  -0.5688210726  -1.7518126965  -0.9224430919
  -1.8422318697   0.0003820283  -0.9219037890
  -0.5687701702   1.7534544468  -0.9225339293
   0.0012737857   0.0018070791  -2.0635976791
   0.2888570428   0.8872432709   1.5073654652
   0.9330364466   0.0005884378   1.5074167252
   0.2885770798  -0.8861060143   1.5075832605
  -0.7535094023  -0.5474444032   1.5075471401
  -0.7535819411   0.5483285785   1.5075999498
   1.2216887474   0.8876554966   0.9310474992
   1.2210193872  -0.8858557343   0.9314381480
  -0.4654730856  -1.4339866638   0.9314544201
  -1.5076341629   0.0004576597   0.9315080643
  -0.4651957452   1.4350829124   0.9313880801
   1.0447491407   1.4362580776  -0.0021727600
   0.0013220117   1.7742354870  -0.0013944270
   1.6888232231   0.5498036742  -0.0020636476
   1.6878525019  -0.5469943285  -0.0011735782
   1.0430228710  -1.4338778257  -0.0009456285
   0.0004776877  -1.7725433111  -0.0008967182
  -1.0414692163  -1.4339342117  -0.0009648374
  -1.6857097149  -0.5474430919  -0.0007937662
  -1.6858100891   0.5483075976  -0.0006822834
  -1.0414094925   1.4350961447  -0.0010141998
   1.5109394789   0.0018756733  -0.9343674183
   0.4670248330  -1.4338136911  -0.9334084392
  -1.2196648121  -0.8860334158  -0.9333077669
  -1.2195397615   0.8873001337  -0.9333244562
   0.4686305225   1.4362555742  -0.9347134233
   0.7569236159   0.5499364734  -1.5114922523
   0.7556224465  -0.5467479825  -1.5102367401
  -0.2870627046  -0.8853056431  -1.5104156733
  -0.9312066436   0.0007718920  -1.5098634958
  -0.2868111432   0.8878778219  -1.5109570026
   0.0000645668   0.0000714879   3.1196424961
   0.8622422814   2.6545381546   1.3957693577
   2.7910251617  -0.0002516854   1.3959374428
   0.8622757792  -2.6538534164   1.3951661587
  -2.2572100163  -1.6400235891   1.3949770927
  -2.2575006485   1.6402217150   1.3952651024
   2.2668373585   1.6467663050  -1.4007109404
   2.2582468987  -1.6414085627  -1.3951362371
  -0.8622242808  -2.6537990570  -1.3957438469
  -2.7908794880  -0.0000413517  -1.3950493336
  -0.8633033037   2.6549062729  -1.3953504562
   0.0009688403   0.0035197733  -3.1265902519
   0.2912319005   0.8960303068   2.5693881512
   0.9421315789   0.0001249486   2.5694289207
   0.2911450863  -0.8956430554   2.5694096088
  -0.7617557645  -0.5534436703   2.5693430901
  -0.7618448734   0.5537078381   2.5694253445
   0.5802721381   1.7857910395   1.9916378260
   1.8776500225   0.0000603158   1.9917354584
   0.5801398754  -1.7851853371   1.9914113283
  -1.5183246136  -1.1031531096   1.9912685156
  -1.5185310841   1.1034516096   1.9914640188
   1.2412326336   0.9018465281   2.0074086189
   1.2409943342  -0.9012995958   2.0074064732
  -0.4736807644  -1.4583693743   2.0072178841
  -1.5333530903   0.0001740336   2.0072634220
  -0.4736993015   1.4588375092   2.0073676109
   1.5224641562   1.7859424353   1.4097783566
   2.1686689854  -0.8957257271   1.4097263813
  -0.1817402691  -2.3387370110   1.4092763662
  -2.2802886963  -0.5495721698   1.4092662334
  -1.2273865938   1.9993309975   1.4094461203
   2.1689543724   0.8960993886   1.4098347425
   1.5221173763  -1.7851346731   1.4094661474
  -1.2272942066  -1.9989100695   1.4091982841
  -2.2804093361   0.5498819947   1.4093784094
  -0.1817136556   2.3393912315   1.4096156359
   2.0094947815   1.4599915743   0.4730420709
   2.0081551075  -1.4585800171   0.4737786949
  -0.7665789723  -2.3598055840   0.4735310674
  -2.4812781811   0.0001361325   0.4737318158
  -0.7666155696   2.3606135845   0.4736456275
   1.3430092335   2.3400256634   0.4672497809
   0.2891176641   2.6819691658   0.4675754011
   2.6405363083   0.5541575551   0.4674156010
   2.6400866508  -0.5538401008   0.4678144753
   1.3422753811  -2.3389034271   0.4674251974
   0.2890380621  -2.6808989048   0.4673946500
  -1.8093059063  -1.9988960028   0.4672334194
  -2.4602360725  -1.1031737328   0.4673598111
  -2.4605026245   1.1034106016   0.4676110148
  -1.8096492290   1.9993672371   0.4674425423
   1.8140791655   2.0023591518  -0.4704326689
  -0.2892226875   2.6821079254  -0.4679941237
   2.4650373459   1.1064585447  -0.4702979028
   2.4615423679  -1.1039324999  -0.4677120745
   1.8102629185  -1.9996165037  -0.4678226709
  -0.2890026569  -2.6809024811  -0.4680744410
  -1.3417565823  -2.3387372494  -0.4681558907
  -2.6391651630  -0.5535260439  -0.4677868783
  -2.6393103600   0.5536466241  -0.4676623642
  -1.3423691988   2.3395562172  -0.4679251611
   0.7683314085   2.3617010117  -0.4752545357
   2.4837059975   0.0008609834  -0.4749314785
   0.7670730352  -2.3600509167  -0.4742959142
  -2.0073180199  -1.4584163427  -0.4743443727
  -2.0076720715   1.4588811398  -0.4741458297
   2.2853899002   0.5526986718  -1.4121961594
   1.2281913757  -1.9996865988  -1.4097872972
  -1.5218945742  -1.7852270603  -1.4100408554
  -2.1685402393   0.8960887194  -1.4096326828
   0.1823152602   2.3401882648  -1.4106355906
   2.2822673321  -0.5498276949  -1.4101891518
   0.1822331101  -2.3389549255  -1.4100397825
  -2.1683685780  -0.8957634568  -1.4097021818
  -1.5224899054   1.7860358953  -1.4097872972
   1.2318898439   2.0023703575  -1.4125758410
   0.7637250423   0.5545825958  -2.5740196705
   0.7622373700  -0.5534308553  -2.5717272758
  -0.2904267609  -0.8940742016  -2.5726943016
  -0.9415211082   0.0002969387  -2.5714924335
  -0.2916482389   0.8969747424  -2.5738182068
   1.5234024525   1.1065427065  -1.9949681759
   1.5194066763  -1.1039341688  -1.9923102856
  -0.5797488689  -1.7846378088  -1.9928213358
  -1.8772367239   0.0000853669  -1.9919794798
  -0.5806565285   1.7863439322  -1.9928493500
   1.5358421803   0.0008784112  -2.0096633434
   0.4744152725  -1.4584488869  -2.0088589191
  -1.2405560017  -0.9011988044  -2.0087256432
  -1.2409362793   0.9020487666  -2.0088140965
   0.4753360152   1.4600013494  -2.0103199482
   0.2928157151   0.9018622637   3.6425848007
   0.9481660128  -0.0001702102   3.6426200867
   0.2928255796  -0.9020327330   3.6424722672
  -0.7673150301  -0.5574873686   3.6423840523
  -0.7673938870   0.5572799444   3.6424875259
   0.5855845809   1.8032611609   3.0682272911
   1.8958995342  -0.0002791682   3.0683169365
   0.5856480598  -1.8032655716   3.0678110123
  -1.5338128805  -1.1144113541   3.0676341057
  -1.5340068340   1.1142783165   3.0678591728
   1.2520363331   0.9096989632   3.0853044987
   1.2519942522  -0.9098885059   3.0851144791
  -0.4783493280  -1.4720036983   3.0848250389
  -1.5477503538  -0.0000556838   3.0848667622
  -0.4784633815   1.4719548225   3.0850799084
   0.8751693964   2.6953790188   2.4782264233
   2.8338294029  -0.0005610700   2.4783811569
   0.8753855228  -2.6952123642   2.4773316383
  -2.2924180031  -1.6656079292   2.4770781994
  -2.2927489281   1.6654701233   2.4774217606
   1.5446319580   1.8106201887   2.5005202293
   2.1991717815  -0.9100524783   2.5001766682
  -0.1857245117  -2.3727302551   2.4995574951
  -2.3138260841  -0.5566840172   2.4995279312
  -1.2446748018   2.0286214352   2.4998474121
   2.1992652416   0.9095671177   2.5005729198
   1.5446232557  -1.8106378317   2.4998631477
  -1.2444280386  -2.0286197662   2.4994661808
  -2.3139464855   0.5565932989   2.4996497631
  -0.1859138459   2.3728418350   2.5000772476
   1.8235254288   2.6954674721   1.8927904367
   3.1268978119  -0.9026452899   1.8922977448
   0.1082515940  -3.2525644302   1.8911794424
  -3.0596146584  -1.1082396507   1.8910897970
  -1.9997761250   2.5674672127   1.8914860487
   2.4817886353   1.8031661510   1.8977519274
   2.4817438126  -1.8035796881   1.8966785669
  -0.9480062127  -2.9175639153   1.8959629536
  -3.0676474571  -0.0000744344   1.8960901499
  -0.9483556747   2.9177050591   1.8965816498
   3.1269814968   0.9013567567   1.8929096460
   1.8237466812  -2.6953141689   1.8914752007
  -1.9993975163  -2.5675163269   1.8910096884
  -3.0598695278   1.1080725193   1.8913285732
   0.1078379303   3.2528693676   1.8921194077
   2.7948400974   2.0305330753   0.0057393732
   2.7925128937  -2.0299165249   0.0054342248
  -1.0666254759  -3.2824990749   0.0047227363
  -3.4516508579  -0.0001607851   0.0050822985
  -1.0675655603   3.2830924988   0.0052419184
   2.3190517426   2.3735218048   0.9536002278
   2.9733366966  -1.4728738070   0.9527445436
  -0.4813390076  -3.2824733257   0.9518528581
  -3.2704641819  -0.5567411184   0.9519588351
  -1.5405473709   2.9385955334   0.9522393942
   2.9739637375   1.4721014500   0.9536778927
   2.3186573982  -2.3732638359   0.9523186684
  -1.5400130749  -2.9383616447   0.9517653584
  -3.2706141472   0.5565429330   0.9520872235
  -0.4819096625   3.2829773426   0.9525457025
   1.6423187256   3.2534513474   0.9443530440
   0.5815402865   3.5978004932   0.9440622330
   3.6017336845   0.5565462708   0.9445840120
   3.6014328003  -0.5587622523   0.9443505406
   1.6426700354  -3.2528975010   0.9430371523
   0.5822950006  -3.5971338749   0.9429136515
  -2.5854349136  -2.5675213337   0.9426679015
  -3.2408063412  -1.6656560898   0.9427788854
  -3.2412242889   1.6654380560   0.9431529641
  -2.5860517025   2.5675139427   0.9431099296
   2.1203222275   2.9197471142   0.0013287633
  -0.0014320583   3.6073851585   0.0009191025
   3.4321482182   1.1142389774   0.0015430606
   3.4304492474  -1.1162098646   0.0012431502
   2.1197555065  -2.9185168743   0.0004575444
  -0.0003137089  -3.6064608097   0.0001094997
  -2.1196503639  -2.9175972939  -0.0000484658
  -3.4299960136  -1.1145335436   0.0002432212
  -3.4302992821   1.1142122746   0.0004894529
  -2.1206204891   2.9178724289   0.0004404140
   1.0657351017   3.2840924263  -0.0038128223
   3.4528255463  -0.0013494634  -0.0034689773
   1.0663514137  -3.2828664780  -0.0045122192
  -2.7921843529  -2.0287020206  -0.0047039096
  -2.7927999496   2.0286705494  -0.0043240772
   2.5940713882   2.5758485794  -0.9456067681
  -0.5845561028   3.5981547832  -0.9420516491
   3.2515573502   1.6709780693  -0.9454650283
   3.2414681911  -1.6679433584  -0.9417611361
   2.5858724117  -2.5693392754  -0.9420331120
  -0.5829557776  -3.5972115993  -0.9426454902
  -1.6429810524  -3.2526626587  -0.9427165389
  -3.6015677452  -0.5576784611  -0.9421969056
  -3.6017253399   0.5571554303  -0.9420903325
  -1.6445235014   3.2532444000  -0.9421365857
   1.5408000946   2.9416801929  -0.9522354603
   3.2741229534   0.5562121868  -0.9518492818
   1.5401105881  -2.9394304752  -0.9514212012
  -2.3188076019  -2.3728959560  -0.9517621398
  -2.9739468098   1.4719971418  -0.9512987137
   0.4798702598   3.2842543125  -0.9515026212
   3.2720351219  -0.5586487651  -0.9510737658
   0.4810239375  -3.2829582691  -0.9516520500
  -2.9734294415  -1.4722068310  -0.9515416026
  -2.3197979927   2.3730750084  -0.9513305426
   3.0702612400   1.1117221117  -1.8964520693
   1.9997496605  -2.5695474148  -1.8904006481
  -1.8244134188  -2.6954932213  -1.8909481764
  -3.1280195713   0.9018355012  -1.8903319836
  -0.1105498523   3.2539091110  -1.8909265995
   3.0701649189  -0.0019561013  -1.8963503838
   0.9479968548  -2.9188547134  -1.8955832720
  -2.4824430943  -1.8036303520  -1.8956112862
  -2.4833705425   1.8035141230  -1.8953225613
   0.9469658136   2.9199793339  -1.8968797922
   3.0607810020  -1.1108053923  -1.8905301094
  -0.1086480618  -3.2531807423  -1.8909134865
  -3.1276516914  -0.9023485780  -1.8904029131
  -1.8259915113   2.6959097385  -1.8904111385
   2.0061759949   2.5759313107  -1.8968174458
   0.7715793848   0.5572875738  -3.6516077518
   0.7654712796  -0.5603520274  -3.6441879272
  -0.2922434211  -0.8978247046  -3.6465723515
  -0.9493005872  -0.0023285754  -3.6439404488
  -0.2985773981   0.9051497579  -3.6514515877
   1.5357229710   1.1147921085  -3.0708096027
   1.5337073803  -1.1170614958  -3.0679504871
  -0.5859503746  -1.8024531603  -3.0688331127
  -1.8972806931  -0.0008969254  -3.0675754547
  -0.5889534950   1.8048248291  -3.0689299107
   1.5489577055  -0.0022550060  -3.0870015621
   0.4776815176  -1.4735170603  -3.0859487057
  -1.2528146505  -0.9106974602  -3.0858085155
  -1.2547953129   0.9096537828  -3.0861091614
   0.4770224690   1.4723303318  -3.0881538391
   2.3008711338   1.6712174416  -2.4845921993
   2.2928521633  -1.6682993174  -2.4767735004
  -0.8759177923  -2.6951730251  -2.4774265289
  -2.8348755836  -0.0004736873  -2.4765603542
  -0.8782887459   2.6963675022  -2.4770328999
   2.3168821335   0.5560816526  -2.5018579960
   1.2445354462  -2.0304853916  -2.4994487762
  -1.5453344584  -1.8109815121  -2.4997916222
  -2.2008399963   0.9097495675  -2.4993777275
   0.1838866025   2.3740420341  -2.5008285046
   2.3151414394  -0.5590332747  -2.5002343655
   0.1854448318  -2.3736517429  -2.4998235703
  -2.2000813484  -0.9103657007  -2.4993174076
  -1.5469458103   1.8111646175  -2.4994950294
   1.2450132370   2.0308089256  -2.5024437904
  -0.0002630958  -0.0001678835   4.1984019279
   1.1594376564   3.5718023777   1.8792580366
   3.7552118301  -0.0010633910   1.8794907331
   1.1599795818  -3.5715072155   1.8778557777
  -3.0377504826  -2.2071685791   1.8775490522
  -3.0382082462   2.2069342136   1.8779956102
   3.0638153553   2.2257733345  -1.8927356005
   3.0382664204  -2.2099156380  -1.8766154051
  -1.1607007980  -3.5716273785  -1.8774601221
  -3.7561056614  -0.0003992589  -1.8766900301
  -1.1628996134   3.5724575520  -1.8767594099
   0.0055243396   0.0187320039  -4.2173199654
   0.2942013144   0.9067270756   4.7364716530
   0.9531980157  -0.0003510098   4.7365098000
   0.2942582071  -0.9073039293   4.7362747192
  -0.7718755603  -0.5608032346   4.7361807823
  -0.7719497085   0.5602689981   4.7362928391
   0.5901718140   1.8180348873   4.1595177650
   1.9113559723  -0.0004726628   4.1596040726
   0.5903342366  -1.8184967041   4.1590108871
  -1.5468758345  -1.1239067316   4.1588158607
  -1.5470299721   1.1234471798   4.1590561867
   1.2612632513   0.9164070487   4.1750307083
   1.2613296509  -0.9170531034   4.1747522354
  -0.4822645783  -1.4834836721   4.1744141579
  -1.5598654747  -0.0002301514   4.1744556427
  -0.4823930860   1.4830552340   4.1747183800
   0.8844318390   2.7244338989   3.5711424351
   2.8643109798  -0.0007132357   3.5712883472
   0.8847448230  -2.7247369289   3.5701746941
  -2.3176331520  -1.6839333773   3.5698873997
  -2.3179152012   1.6835063696   3.5702569485
   1.5598311424   1.8288125992   3.5960845947
   2.2213113308  -0.9193561077   3.5956680775
  -0.1876851320  -2.3970904350   3.5949840546
  -2.3375959396  -0.5626782775   3.5949473381
  -1.2577265501   2.0490462780   3.5953214169
   2.2212553024   0.9184107184   3.5961356163
   1.5600045919  -1.8293640614   3.5953376293
  -1.2574809790  -2.0493879318   3.5948858261
  -2.3376979828   0.5622622967   3.5950741768
  -0.1879275143   2.3967874050   3.5955719948
   1.1761120558   3.6232872009   2.9729132652
   3.8093059063  -0.0010874328   2.9731218815
   1.1766302586  -3.6233668327   2.9714801311
  -3.0819246769  -2.2392654419   2.9711179733
  -3.0823552608   2.2388100624   2.9715995789
   1.8504097462   2.7308950424   2.9973363876
   3.1689846516  -0.9175311327   2.9967839718
   0.1071103588  -3.2976653576   2.9956130981
  -3.1028416157  -1.1213600636   2.9955036640
  -2.0256485939   2.6042599678   2.9959774017
   2.5169076920   1.8286951780   3.0053780079
   2.5170171261  -1.8295818567   3.0042741299
  -0.9618003964  -2.9595375061   3.0034871101
  -3.1118035316  -0.0002143380   3.0036113262
  -0.9621895552   2.9593093395   3.0041828156
   3.1689634323   0.9159967899   2.9974505901
   1.8507245779  -2.7312946320   2.9959664345
  -2.0252504349  -2.6045880318   2.9954249859
  -3.1030786037   1.1209275723   2.9957573414
   0.1066727564   3.2975282669   2.9966146946
   2.1298289299   3.6233384609   2.3843286037
   4.1040229797  -0.9083277583   2.3837268353
   0.4051730633  -4.1838850975   2.3819861412
  -3.8534486294  -1.6787575483   2.3818306923
  -2.7878301144   3.1458895206   2.3823835850
   2.7963368893   2.7244405746   2.3910331726
   3.4551093578  -1.8192739487   2.3897595406
  -0.6617787480  -3.8483681679   2.3884999752
  -3.8642790318  -0.5603044033   2.3885595798
  -1.7275507450   3.5019242764   2.3892021179
   3.4551429749   1.8176366091   2.3910968304
   2.7965488434  -2.7252006531   2.3892800808
  -1.7269494534  -3.5021507740   2.3884098530
  -3.8644108772   0.5597801805   2.3886852264
  -0.6624666452   3.8483090401   2.3895812035
   4.1040601730   0.9059537649   2.3845210075
   2.1303021908  -3.6235747337   2.3823392391
  -2.7872757912  -3.1462550163   2.3817329407
  -3.8538181782   1.6782394648   2.3821921349
   0.4044139683   4.1839542389   2.3834688663
   3.5900921822   2.6082801819  -0.4664619565
   3.5848588943  -2.6070055962  -0.4703710973
  -1.3696444035  -4.2144951820  -0.4714878500
  -4.4317831993  -0.0004204830  -0.4709869623
  -1.3715001345   4.2149801254  -0.4706011713
   3.1164708138   2.9610800743   0.4881649017
   3.7775988579  -2.0513226986   0.4847305417
  -0.7820214033  -4.2261643410   0.4833818078
  -4.2609748840  -0.5628220439   0.4836484790
  -1.8530306816   3.8785665035   0.4841173589
   3.7792036533   2.0489149094   0.4882682562
   3.1160624027  -2.9609827995   0.4842512906
  -1.8517793417  -3.8784465790   0.4833026528
  -4.2611312866   0.5621468425   0.4837669432
  -0.7834463120   4.2265939713   0.4844536483
   2.6302258968   3.2984158993   1.4390997887
   3.9490501881  -1.4849625826   1.4376336336
  -0.1907842904  -4.2144074440   1.4360505342
  -4.0668158531  -1.1214411259   1.4360798597
  -2.3239264488   3.5211517811   1.4365966320
   3.2991411686   2.3970034122   1.4436802864
   3.2987818718  -2.3981561661   1.4413886070
  -1.2603752613  -3.8784220219   1.4402898550
  -4.0780620575  -0.0002866199   1.4405384064
  -1.2612934113   3.8784687519   1.4412200451
   3.9497215748   1.4822521210   1.4392559528
   2.6305785179  -3.2983548641   1.4366339445
  -2.3231070042  -3.5213179588   1.4358795881
  -4.0671086311   1.1208724976   1.4363293648
  -0.1918587387   4.2146940231   1.4373596907
   1.9472392797   4.1847982407   1.4310686588
   0.8806687593   4.5309119225   1.4301489592
   4.5816917419   0.5587472916   1.4313846827
   4.5812735558  -0.5626286268   1.4305173159
   1.9481689930  -4.1843085289   1.4286489487
   0.8818763494  -4.5304417610   1.4283820391
  -3.3766193390  -3.1462881565   1.4280838966
  -4.0356492996  -2.2393546104   1.4282271862
  -4.0362067223   2.2387852669   1.4286845922
  -3.3774178028   3.1459221840   1.4287581444
   2.4305117130   3.8505051136   0.4805666506
   0.2923347056   4.5437717438   0.4783729017
   4.4131731987   1.1216601133   0.4808738530
   4.4117546082  -1.1262151003   0.4787688553
   2.4315192699  -3.8494079113   0.4773577750
   0.2938967943  -4.5430626869   0.4768787026
  -2.9084045887  -3.5021903515   0.4766629040
  -4.2296299934  -1.6840920448   0.4769419432
  -4.2300763130   1.6834526062   0.4772845805
  -2.9095568657   3.5020742416   0.4773998857
   1.3674322367   4.2158961296   0.4745149910
   4.4322104454  -0.0023621214   0.4749225080
   1.3687856197  -4.2148532867   0.4724414945
  -3.5848889351  -2.6046869755   0.4721409976
  -3.5856597424   2.6043174267   0.4726778865
   2.9086294174   3.5080564022  -0.4708603919
  -0.2970470190   4.5439720154  -0.4749091268
   4.2353048325   1.6821403503  -0.4705966711
   4.2298250198  -1.6868512630  -0.4745272398
   2.9081904888  -3.5040361881  -0.4752860367
  -0.2949926853  -4.5431199074  -0.4759914279
  -2.4321246147  -3.8484659195  -0.4761263430
  -4.4119820595  -1.1241364479  -0.4756780863
  -4.4122815132   1.1233438253  -0.4754598439
  -2.4338114262   3.8486473560  -0.4753164053
   1.8491034508   3.8819234371  -0.4798845947
   4.2635579109   0.5589035749  -0.4794425070
   1.8512667418  -3.8795340061  -0.4822308719
  -3.1165328026  -2.9597024918  -0.4826872349
  -3.7786521912   2.0491001606  -0.4821220934
   0.7790469527   4.2280578613  -0.4812510610
   4.2620496750  -0.5657844543  -0.4807785451
   0.7811764479  -4.2266654968  -0.4824886918
  -3.7779715061  -2.0496039391  -0.4825009704
  -3.1176810265   2.9595251083  -0.4820784926
  -0.8855580091   4.5314674377  -1.4265531301
   4.0360503197  -2.2426669598  -1.4262235165
   3.3767292500  -3.1490216255  -1.4266510010
  -0.8830634356  -4.5305905342  -1.4274295568
  -1.9491227865  -4.1840686798  -1.4275205135
  -4.5820875168  -0.5610635281  -1.4269340038
  -4.5822501183   0.5600784421  -1.4267716408
  -1.9514228106   4.1845355034  -1.4267331362
   2.3221852779   3.5295500755  -1.4348472357
   4.0747599602   1.1176249981  -1.4344301224
   2.3229107857  -3.5233404636  -1.4346303940
  -2.6314747334  -3.2979574203  -1.4352500439
  -3.9505159855   1.4830605984  -1.4346208572
   1.2562633753   3.8820939064  -1.4388184547
   4.0806789398  -0.0050837151  -1.4382731915
   1.2598050833  -3.8797090054  -1.4392353296
  -3.2996981144  -2.3974418640  -1.4394032955
  -3.3007898331   2.3970267773  -1.4389690161
   0.1870421171   4.2162756920  -1.4347404242
   4.0679430962  -1.1252324581  -1.4342788458
   0.1898557842  -4.2150673866  -1.4351353645
  -3.9499571323  -1.4838258028  -1.4348392487
  -2.6332058907   3.2979769707  -1.4345711470
   2.7872269154  -3.1493330002  -2.3803563118
  -2.1315815449  -3.6238644123  -2.3811028004
  -4.1060209274   0.9065977931  -2.3803751469
  -0.4094533622   4.1854767799  -2.3808410168
   3.8693385124   0.5531920195  -2.3897542953
   1.7265465260  -3.5044941902  -2.3872132301
  -2.7979466915  -2.7253339291  -2.3875470161
  -3.4576714039   1.8181625605  -2.3870356083
   0.6569955349   3.8509461880  -2.3882181644
   3.8659973145  -0.5655404329  -2.3876643181
   0.6609881520  -3.8499643803  -2.3874609470
  -3.4565811157  -1.8190485239  -2.3872990608
  -2.7996783257   2.7248735428  -2.3870596886
   1.7220196724   3.5083467960  -2.3903014660
   3.8543510437  -1.6831037998  -2.3804929256
  -0.4062782526  -4.1847653389  -2.3810579777
  -4.1055140495  -0.9077990651  -2.3804531097
  -2.1340272427   3.6239721775  -2.3803594112
   0.7730237246  -0.5694035888  -4.7370271683
  -0.2960879803  -0.9080764055  -4.7352819443
  -0.9611243010  -0.0042420849  -4.7365684509
   1.5487673283   1.1224813461  -4.1642770767
   1.5468006134  -1.1300923824  -4.1578750610
  -0.5917738676  -1.8189306259  -4.1582250595
  -1.9163274765  -0.0029656969  -4.1574025154
  -0.5971890688   1.8218935728  -4.1614832878
   1.5609506369  -0.0052495832  -4.1777129173
   0.4807990193  -1.4887323380  -4.1746211052
  -1.2650798559  -0.9204180241  -4.1745138168
  -1.2675750256   0.9157018065  -4.1766028404
   0.4788105488   1.4821517467  -4.1797995567
   2.3178884983   1.6829797029  -3.5764062405
   2.3176672459  -1.6884151697  -3.5690753460
  -0.8860463500  -2.7253103256  -3.5695645809
  -2.8673894405  -0.0013994679  -3.5686733723
  -0.8897236586   2.7266356945  -3.5695571899
   2.3386268616   0.5582212806  -3.5975122452
   1.2566967010  -2.0532855988  -3.5941245556
  -1.5620151758  -1.8310114145  -3.5945475101
  -2.2256369591   0.9179798365  -3.5943531990
   0.1837691516   2.3984885216  -3.5961647034
   2.3384673595  -0.5675222278  -3.5955944061
   0.1863186955  -2.3997893333  -3.5945918560
  -2.2239260674  -0.9208415151  -3.5939345360
  -1.5652283430   1.8297066689  -3.5942888260
   1.2545331717   2.0497355461  -3.5983181000
   3.0821344852  -2.2432689667  -2.9700741768
  -1.1778740883  -3.6238582134  -2.9707138538
  -3.8114655018  -0.0008158478  -2.9698286057
  -1.1811063290   3.6246767044  -2.9701933861
   3.1072101593   1.1175497770  -3.0011587143
   2.0250062943  -2.6078560352  -2.9944398403
  -1.8521828651  -2.7320599556  -2.9949514866
  -3.1718263626   0.9161797166  -2.9943695068
  -0.1114576608   3.2993805408  -2.9955034256
   3.1132829189  -0.0056197955  -3.0047104359
   0.9610657692  -2.9620065689  -3.0026628971
  -2.5187637806  -1.8302567005  -3.0026645660
  -2.5205883980   1.8290884495  -3.0024595261
   0.9571833611   2.9617583752  -3.0053296089
   3.1038355827  -1.1259485483  -2.9950571060
  -0.1082172766  -3.2991604805  -2.9949276447
  -3.1709375381  -0.9177453518  -2.9943413734
  -1.8547297716   2.7318418026  -2.9945046902
   2.0233850479   2.6087920666  -3.0016400814
