
  -0.0016062127  -0.0011649875   0.0009927114
  -0.0016885075  -0.0012209292   1.0199722052
   0.2799384296  -0.8679756522   0.4567241073
  -0.7397753596  -0.5374751091   0.4572055340
  -0.7389922142   0.5344606638   0.4567188323
   0.2805661261   0.8659531474   0.4562984109
   0.9102665186  -0.0007542491   0.4563016891
  -0.2833102942  -0.8679779768  -0.4546357393
  -0.9130440950  -0.0012246791  -0.4546390176
  -0.2826527655   0.8659508228  -0.4550131857
   0.7362469435   0.5349155068  -0.4550248384
   0.7362239361  -0.5364111662  -0.4550078809
  -0.0010407517  -0.0007579980  -1.0182313919
  -0.0008671256  -0.0006202316   2.0610454082
   0.5689142346   1.7521113157   0.9216279984
   1.8421559334  -0.0003536135   0.9216346145
   0.5686476827  -1.7533987761   0.9220274091
  -1.4951246977  -1.0862673521   0.9240363240
  -1.4918658733   1.0826518536   0.9220166802
   1.4900397062   1.0825768709  -0.9208936095
   1.4902452230  -1.0834412575  -0.9210150838
  -0.5703715086  -1.7534034252  -0.9209530354
  -1.8438389301  -0.0006278192  -0.9209596515
  -0.5699030161   1.7521066666  -0.9210257530
  -0.0004891891  -0.0003611914  -2.0598418713
   0.2872883976   0.8859562278   1.5089133978
   0.9313641191  -0.0005370549   1.5089167356
   0.2867273986  -0.8876545429   1.5093361139
  -0.7567418218  -0.5497979522   1.5098888874
  -0.7556138635   0.5470036268   1.5093306303
   1.2197442055   0.8862025142   0.9325435162
   1.2194768190  -0.8872529864   0.9326971769
  -0.4686834514  -1.4363464117   0.9337781072
  -1.5108830929  -0.0018832434   0.9337726831
  -0.4669953287   1.4339743853   0.9326884151
   1.0416105986   1.4340853691   0.0004059969
  -0.0005358904   1.7727863789   0.0003267080
   1.6857692003   0.5474780202   0.0004093388
   1.6858530045  -0.5483264923   0.0003354636
   1.0414611101  -1.4351383448   0.0005835351
  -0.0013648233  -1.7743259668   0.0008480334
  -1.0447949171  -1.4363487959   0.0016058692
  -1.6889096498  -0.5498018265   0.0016025237
  -1.6879084110   0.5469998121   0.0008392728
  -1.0430717468   1.4339720011   0.0005727113
   1.5077304840  -0.0004778086  -0.9318242669
   0.4652408063  -1.4351407290  -0.9317647815
  -1.2217569351  -0.8876607418  -0.9314542413
  -1.2211320400   0.8859499693  -0.9317735434
   0.4654599428   1.4340829849  -0.9318296909
   0.7535378933   0.5474742055  -1.5079796314
   0.7536439896  -0.5483303666  -1.5080176592
  -0.2888547182  -0.8872591853  -1.5078459978
  -0.9330911636  -0.0005447262  -1.5078493357
  -0.2886016965   0.8861963153  -1.5080230236
   0.0003708089   0.0002831829   3.1208052635
   0.8623070121   2.6540110111   1.3953250647
   2.7905750275  -0.0000196136   1.3953350782
   0.8630095124  -2.6546339989   1.3955453634
  -2.2665359974  -1.6467292309   1.4007939100
  -2.2580308914   1.6411051750   1.3955291510
   2.2569451332   1.6397650242  -1.3948663473
   2.2576220036  -1.6403079033  -1.3952763081
  -0.8622521758  -2.6546411514  -1.3959999084
  -2.7911612988   0.0002716897  -1.3960099220
  -0.8623813987   2.6540038586  -1.3952925205
  -0.0000293364  -0.0000310867  -3.1199791431
   0.2910469174   0.8958056569   2.5703396797
   0.9418891668  -0.0000008764   2.5703430176
   0.2911283672  -0.8960919380   2.5706529617
  -0.7627482414  -0.5541579127   2.5709340572
  -0.7622821331   0.5538017154   2.5706474781
   0.5799891353   1.7852619886   1.9919224977
   1.8771024942  -0.0000595441   1.9919291735
   0.5802726746  -1.7859826088   1.9923703671
  -1.5229417086  -1.1064734459   1.9944303036
  -1.5192663670   1.1037820578   1.9923595190
   1.2406721115   0.9014115334   2.0079147816
   1.2406448126  -0.9018440247   2.0081350803
  -0.4753942788  -1.4600285292   2.0090694427
  -1.5354837179  -0.0009421440   2.0090639591
  -0.4743348658   1.4586205482   2.0081262589
   1.5219161510   1.7853262424   1.4096167088
   2.1682205200  -0.8960247636   1.4096990824
  -0.1824481636  -2.3401298523   1.4103459120
  -2.2850458622  -0.5527732968   1.4122308493
  -1.2280766964   1.9995115995   1.4098254442
   2.1682362556   0.8957437277   1.4096200466
   1.5221468210  -1.7858422995   1.4098396301
  -1.2318416834  -2.0023829937   1.4122363329
  -2.2819828987   0.5496287942   1.4103349447
  -0.1821624190   2.3389964104   1.4096869230
   2.0074362755   1.4584931135   0.4740632474
   2.0075831413  -1.4588876963   0.4741082191
  -0.7683919072  -2.3617973328   0.4748961031
  -2.4836525917  -0.0009460493   0.4748871922
  -0.7671132088   2.3601503372   0.4740938246
   1.3419089317   2.3388659954   0.4678034484
   0.2889668941   2.6811146736   0.4677215815
   2.6390624046   0.5534893870   0.4678101838
   2.6391842365  -0.5536786318   0.4677337706
   1.3422607183  -2.3394834995   0.4679334760
   0.2891210020  -2.6820700169   0.4678628147
  -1.8140363693  -2.0023856163   0.4702211916
  -2.4649522305  -1.1064773798   0.4702178240
  -2.4614615440   1.1037781239   0.4678485096
  -1.8102052212   1.9995092154   0.4679171145
   1.8094332218   1.9989621639  -0.4674551785
  -0.2891170681   2.6811122894  -0.4676423669
   2.4602701664   1.1031626463  -0.4674517810
   2.4605481625  -1.1034731865  -0.4676280916
   1.8097119331  -1.9994188547  -0.4674980044
  -0.2891622782  -2.6820724010  -0.4678236246
  -1.3430377245  -2.3401346207  -0.4675362706
  -2.6406214237  -0.5541656017  -0.4675430357
  -2.6401593685   0.5537940264  -0.4678358138
  -1.3423311710   2.3389916420  -0.4675143659
   0.7666496038   2.3599758148  -0.4738192856
   2.4813780785  -0.0001428254  -0.4738103747
   0.7666423321  -2.3606977463  -0.4738027751
  -2.0095639229  -1.4600348473  -0.4732806981
  -2.0082530975   1.4586142302  -0.4738171697
   2.2803857327   0.5495256782  -1.4093506336
   1.2274812460  -1.9994212389  -1.4095715284
  -1.5225143433  -1.7859913111  -1.4100265503
  -2.1688177586   0.8957955241  -1.4098235369
   0.1817044467   2.3388612270  -1.4094557762
   2.2805426121  -0.5499387980  -1.4094448090
   0.1817561239  -2.3394882679  -1.4098113775
  -2.1690573692  -0.8961020708  -1.4100298882
  -1.5222486258   1.7852532864  -1.4095858335
   1.2273091078   1.9989597797  -1.4093561172
   0.7618119717   0.5534816980  -2.5696589947
   0.7619373798  -0.5536863804  -2.5697298050
  -0.2912026048  -0.8960348368  -2.5697498322
  -0.9421590567  -0.0000711423  -2.5697531700
  -0.2911289930   0.8957336545  -2.5697352886
   1.5183738470   1.1031587124  -1.9914795160
   1.5186607838  -1.1034771204  -1.9916410446
  -0.5802617669  -1.7858510017  -1.9919447899
  -1.8777506351  -0.0000124802  -1.9919514656
  -0.5801736116   1.7853176594  -1.9916518927
   1.5335032940  -0.0001467234  -2.0075109005
   0.4737749994  -1.4588940144  -2.0076572895
  -1.2412868738  -0.9018542767  -2.0077335835
  -1.2410817146   0.9014012814  -2.0076661110
   0.4737429321   1.4584867954  -2.0075163841
   0.2939550877   0.9027176499   3.6431601048
   0.9493576288   0.0006343279   3.6431634426
   0.2945943177  -0.9013292789   3.6435260773
  -0.7660298347  -0.5565381050   3.6439473629
  -0.7661959529   0.5587217808   3.6435205936
   0.5864187479   1.8036910295   3.0680766106
   1.8966125250   0.0003658030   3.0680835247
   0.5875731707  -1.8031743765   3.0686087608
  -1.5336488485  -1.1142487526   3.0703504086
  -1.5333646536   1.1160430908   3.0685977936
   1.2527220249   0.9101704359   3.0852777958
   1.2531381845  -0.9095395803   3.0855486393
  -0.4770114124  -1.4721137285   3.0865921974
  -1.5474810600   0.0012597110   3.0865867138
  -0.4777969420   1.4728857279   3.0855395794
   0.8760581017   2.6954596043   2.4772071838
   2.8342404366   0.0002555337   2.4772174358
   0.8775672317  -2.6955273151   2.4775922298
  -2.2999262810  -1.6709845066   2.4850590229
  -2.2924280167   1.6675924063   2.4775757790
   1.5451945066   1.8107960224   2.4996647835
   2.1998734474  -0.9096736312   2.4998030663
  -0.1841077656  -2.3735744953   2.5007910728
  -2.3158202171  -0.5563434362   2.5023176670
  -1.2443268299   2.0298013687   2.4999592304
   2.1996490955   0.9100176692   2.4996681213
   1.5459285975  -1.8106517792   2.4999737740
  -1.2447507381  -2.0305426121   2.5023231506
  -2.3143074512   0.5583906770   2.5007798672
  -0.1853659749   2.3733234406   2.4997906685
   1.8243365288   2.6953761578   1.8909462690
   3.1273481846  -0.9018336535   1.8910076618
   0.1102852821  -3.2535469532   1.8913350105
  -3.0695753098  -1.1118026972   1.8970957994
  -1.9994692802   2.5689849854   1.8911288977
   2.4821708202   1.8034137487   1.8958592415
   2.4826574326  -1.8032865524   1.8960058689
  -0.9469988346  -2.9197638035   1.8970623016
  -3.0695078373   0.0016162065   1.8970512152
  -0.9478557110   2.9184045792   1.8959881067
   3.1271965504   0.9021450281   1.8909530640
   1.8253738880  -2.6954545975   1.8911488056
  -2.0059442520  -2.5757637024   1.8971012831
  -3.0602366924   1.1102977991   1.8913185596
   0.1086971164   3.2529790401   1.8909920454
   2.7923238277   2.0287461281   0.0045984774
   2.7927248478  -2.0286900997   0.0046297777
  -1.0657763481  -3.2841756344   0.0037434006
  -3.4527816772   0.0012518623   0.0037310009
  -1.0664047003   3.2829403877   0.0046097427
   2.3188893795   2.3728837967   0.9517264962
   2.9736092091  -1.4719760418   0.9517636895
  -0.4799743891  -3.2841732502   0.9515953064
  -3.2738099098  -0.5563474298   0.9522503614
  -1.5400394201   2.9392268658   0.9517847896
   2.9733159542   1.4721436501   0.9517298937
   2.3194694519  -2.3729259968   0.9518048167
  -1.5407831669  -2.9416515827   0.9522593617
  -3.2717604637   0.5583867431   0.9515808225
  -0.4810452163   3.2829427719   0.9517457485
   1.6430978775   3.2526960373   0.9426415563
   0.5829221606   3.5973148346   0.9425842762
   3.6012370586   0.5575513840   0.9426516891
   3.6013779640  -0.5572286844   0.9425999522
   1.6442275047  -3.2529752254   0.9426427484
   0.5843758583  -3.5978925228   0.9424045682
  -2.5939025879  -2.5757660866   0.9457601905
  -3.2512626648  -1.6709884405   0.9457567930
  -3.2412238121   1.6675884724   0.9423847198
  -2.5856766701   2.5689826012   0.9426208138
   2.1197946072   2.9176030159  -0.0000486614
   0.0002554661   3.6066277027  -0.0001670365
   3.4298551083   1.1144615412  -0.0000418625
   3.4301848412  -1.1142603159  -0.0001492318
   2.1205334663  -2.9178075790  -0.0001213578
   0.0013681524  -3.6073577404  -0.0008363696
  -2.1202881336  -2.9197685719  -0.0013686902
  -3.4320709705  -1.1142565012  -0.0013755050
  -3.4303812981   1.1160353422  -0.0008541920
  -2.1197237968   2.9183998108  -0.0001433774
   1.0667219162   3.2826349735  -0.0048501920
   3.4516048431   0.0001287098  -0.0048378119
   1.0675162077  -3.2830779552  -0.0050551482
  -2.7948107719  -2.0305488110  -0.0057382868
  -2.7925159931   2.0297949314  -0.0050751916
   2.5854971409   2.5673596859  -0.9427558184
  -0.5823864937   3.5973100662  -0.9429336190
   3.2406666279   1.6655972004  -0.9427524209
   3.2412810326  -1.6655112505  -0.9429137707
   2.5861270428  -2.5675685406  -0.9428958893
  -0.5815592408  -3.5978972912  -0.9441269636
  -1.6423289776  -3.2535541058  -0.9444678426
  -3.6018192768  -0.5565497875  -0.9444779754
  -3.6015143394   0.5587100983  -0.9441426992
  -1.6427472830   3.2529716492  -0.9429178834
   1.5402333736   2.9384417534  -0.9519194961
   3.2705833912   0.5568216443  -0.9519105554
   1.5406181812  -2.9386861324  -0.9521424174
  -2.3191015720  -2.3735833168  -0.9537177682
  -2.9734671116   1.4728754759  -0.9525585771
   0.4813872278   3.2826325893  -0.9519459605
   3.2707281113  -0.5565617085  -0.9519315362
   0.4819407165  -3.2830803394  -0.9525406361
  -2.9740507603  -1.4721240997  -0.9537211657
  -2.3187801838   2.3733146191  -0.9521624446
   3.0595846176   1.1082748175  -1.8909211159
   1.9999167919  -2.5675709248  -1.8914086819
  -1.8235517740  -2.6955385208  -1.8929306269
  -3.1270747185   0.9027035832  -1.8922085762
  -0.1083079204   3.2526888847  -1.8912059069
   3.0677680969   0.0000540435  -1.8959759474
   0.9484545588  -2.9178125858  -1.8965936899
  -2.4818642139  -1.8031870127  -1.8978688717
  -2.4819128513   1.8036783934  -1.8966115713
   0.9480459094   2.9175982475  -1.8959870338
   3.0600278378  -1.1081467867  -1.8911894560
  -0.1077890322  -3.2529823780  -1.8921928406
  -3.1271121502  -0.9013433456  -1.8929374218
  -1.8238946199   2.6954483986  -1.8914284706
   1.9994980097   2.5673573017  -1.8909267187
   0.7674030066   0.5575397611  -3.6426098347
   0.7675147653  -0.5572403669  -3.6427085400
  -0.2927586138  -0.9018477201  -3.6428675652
  -0.9481644034   0.0002399780  -3.6428709030
  -0.2927816808   0.9021309614  -3.6427140236
   1.5339256525   1.1144537926  -3.0677344799
   1.5341742039  -1.1142680645  -3.0679731369
  -0.5855440497  -1.8032991886  -3.0684716702
  -1.8959734440   0.0003501975  -3.0684783459
  -0.5856387019   1.8034011126  -3.0679843426
   1.5479446650   0.0001208876  -3.0850391388
   0.4785714746  -1.4719864130  -3.0853109360
  -1.2520633936  -0.9096878767  -3.0855743885
  -1.2520471811   0.9100034833  -3.0853199959
   0.4784639180   1.4721333981  -3.0850446224
   2.2925002575   1.6655932665  -2.4769251347
   2.2929267883  -1.6655151844  -2.4773900509
  -0.8751462698  -2.6954658031  -2.4784052372
  -2.8339684010   0.0006187547  -2.4784154892
  -0.8754413128   2.6953649521  -2.4774065018
   2.3140733242   0.5568177104  -2.4995834827
   1.2448186874  -2.0286965370  -2.4999465942
  -1.5446695089  -1.8106645346  -2.5007426739
  -2.1993136406   0.9101561904  -2.5002593994
   0.1857939214   2.3728749752  -2.4997105598
   2.3141593933  -0.5565656424  -2.4996995926
   0.1859941334  -2.3729348183  -2.5002470016
  -2.1993653774  -0.9095537663  -2.5007460117
  -1.5447295904   1.8107833862  -2.4999611378
   1.2446581125   2.0287399292  -2.4995892048
   0.0014953141   0.0011042545   4.1993961334
   1.1607421637   3.5716722012   1.8774113655
   3.7555425167   0.0002395323   1.8774248362
   1.1624433994  -3.5719108582   1.8775235415
  -3.0632970333  -2.2256088257   1.8932183981
  -3.0378849506   2.2093393803   1.8775017262
   3.0361940861   2.2059214115  -1.8764679432
   3.0383667946  -2.2070367336  -1.8777993917
  -1.1594315767  -3.5719203949  -1.8793667555
  -3.7553772926   0.0010887852  -1.8793802261
  -1.1601083279   3.5716624260  -1.8778212070
   0.0003274884   0.0002240912  -4.1986689568
   3.8379728794   2.7884464264  -2.3719935417
   0.2963690758   0.9083971977   4.7368555069
   0.9555012584   0.0011805168   4.7368588448
   0.2972054183  -0.9058997035   4.7372636795
  -0.7690494061  -0.5587278008   4.7380757332
  -0.7697397470   0.5626227856   4.7372584343
   0.5919925570   1.8193751574   4.1591582298
   1.9132475853   0.0008255651   4.1591653824
   0.5934211612  -1.8176076412   4.1598081589
  -1.5438361168  -1.1216460466   4.1621170044
  -1.5452883244   1.1260703802   4.1597971916
   1.2630290985   0.9176630378   4.1747694016
   1.2637591362  -0.9159434438   4.1750593185
  -0.4792194664  -1.4822350740   4.1764545441
  -1.5577932596   0.0022927783   4.1764488220
  -0.4806092381   1.4849711657   4.1750502586
   0.8861078620   2.7253329754   3.5699043274
   2.8657534122   0.0005874854   3.5699148178
   0.8880745769  -2.7244534492   3.5705075264
  -2.3152678013  -1.6821267605   3.5773143768
  -2.3166954517   1.6865295172   3.5704908371
   1.5613256693   1.8297497034   3.5949738026
   2.2232005596  -0.9183553457   3.5951457024
  -0.1841901243  -2.3970165253   3.5965576172
  -2.3359944820  -0.5590109229   3.5985305309
  -1.2563467026   2.0512056351   3.5953640938
   2.2226557732   0.9195076823   3.5949771404
   1.5625669956  -1.8286921978   3.5953788757
  -1.2535257339  -2.0488996506   3.5985362530
  -2.3366312981   0.5655617118   3.5965464115
  -0.1864181757   2.3981969357   3.5951333046
   1.1778798103   3.6237268448   2.9708795547
   3.8103413582   0.0004580820   2.9708931446
   1.1801755428  -3.6233904362   2.9713416100
  -3.0813696384   2.2421171665   2.9713194370
   1.8518958092   2.7314848900   2.9952802658
   3.1704061031  -0.9163578749   2.9953603745
   0.1109152958  -3.2984750271   2.9961969852
  -3.1056780815  -1.1178182364   3.0022587776
  -2.0245382786   2.6066994667   2.9955859184
   2.5181322098   1.8295452595   3.0033051968
   2.5190298557  -1.8288203478   3.0034930706
  -0.9571347237  -2.9610936642   3.0057599545
  -3.1119508743   0.0047534718   3.0057487488
  -0.9609040618   2.9608929157   3.0034751892
   3.1700501442   0.9172027707   2.9952871799
   1.8534916639  -2.7309455872   2.9956061840
  -2.0228257179  -2.6082351208   3.0022644997
  -3.1027753353   1.1247860193   2.9961802959
   0.1081853732   3.2984230518   2.9953444004
   2.1314752102   3.6235239506   2.3813531399
   4.1050887108  -0.9066771865   2.3814043999
   0.4091617167  -4.1848726273   2.3816776276
  -2.7868416309   3.1484770775   2.3814775944
   2.7976043224   2.7249076366   2.3880214691
   3.4566617012  -1.8180338144   2.3881099224
  -0.6571672559  -3.8505201340   2.3887975216
  -3.8684194088  -0.5536979437   2.3908047676
  -1.7262847424   3.5036993027   2.3881411552
   3.4560363293   1.8186547756   2.3880248070
   2.7987568378  -2.7244799137   2.3881645203
  -1.7220125198  -3.5079705715   2.3908159733
  -3.8651490211   0.5648835897   2.3887808323
  -0.6608998179   3.8492977619   2.3880884647
   4.1048269272   0.9074411988   2.3813633919
   2.1331911087  -3.6233603954   2.3815031052
  -3.8536248207   1.6823433638   2.3816556931
   0.4062263966   4.1843647957   2.3813850880
   3.5850014687   2.6046590805  -0.4722931981
   3.5856204033  -2.6043474674  -0.4721335769
  -1.3674499989  -4.2159729004  -0.4744348526
  -4.4321937561   0.0022809375  -0.4744507670
  -1.3688683510   4.2149143219  -0.4721592963
   3.1166684628   2.9596250057   0.4827989936
   3.7783818245  -2.0490868092   0.4828317761
  -0.7791023850  -4.2279982567   0.4815202653
  -4.2633128166  -0.5590189099   0.4800492227
  -1.8512352705   3.8793575764   0.4827821553
   3.7778685093   2.0495622158   0.4828024209
   3.1174244881  -2.9594087601   0.4828079641
  -1.8490945101  -3.8819019794   0.4800617695
  -4.2618255615   0.5655537844   0.4815021753
  -0.7812209725   4.2266616821   0.4828081131
   2.6314947605   3.2978174686   1.4354817867
   3.9499444962  -1.4830547571   1.4355143309
  -0.1871912181  -4.2159676552   1.4352729321
  -4.0742068291  -1.1178221703   1.4351390600
  -2.3227052689   3.5228469372   1.4354951382
   3.2995309830   2.3972594738   1.4398436546
   3.3002090454  -2.3968458176   1.4398925304
  -1.2563177347  -3.8818993568   1.4391992092
  -4.0801362991   0.0047494797   1.4391845465
  -1.2597259283   3.8793599606   1.4398688078
   3.9495787621   1.4836322069   1.4354885817
   2.6326673031  -3.2976312637   1.4355208874
  -2.3221149445  -3.5293674469   1.4351481199
  -4.0674772263   1.1247819662   1.4352527857
  -0.1898800582   4.2149190903   1.4354928732
   1.9492022991   4.1840147972   1.4276778698
   0.8830127716   4.5305833817   1.4276069403
   4.5815634727   0.5608839989   1.4276914597
   4.5817003250  -0.5602180958   1.4276261330
   1.9510139227  -4.1840534210   1.4275996685
   0.8852831125  -4.5309910774   1.4272465706
  -4.0356702805   2.2421133518   1.4272209406
  -3.3763849735   3.1484744549   1.4275720119
   2.4322044849   3.8484475613   0.4762828648
   0.2949348092   4.5432004929   0.4761402011
   4.4116792679   1.1239374876   0.4762931168
   4.4119777679  -1.1234171391   0.4761615992
   2.4335758686  -3.8484101295   0.4760294557
   0.2969576120  -4.5437545776   0.4753429294
  -2.9085121155  -3.5079755783   0.4710100293
  -4.2350645065  -1.6821346283   0.4710031450
  -4.2296075821   1.6865216494   0.4753194153
  -2.9080462456   3.5036945343   0.4760017395
   1.3697022200   4.2145614624   0.4715521932
   4.4315438271   0.0003023585   0.4715680778
   1.3713665009  -4.2147989273   0.4711364508
  -3.5899381638  -2.6082415581   0.4666113853
  -3.5847425461   2.6066930294   0.4711107016
   2.9083333015   3.5022401810  -0.4762343168
  -0.2939822078   4.5431981087  -0.4767520130
   4.2295508385   1.6837420464  -0.4762274623
   4.2299938202  -1.6835147142  -0.4767285287
   2.9095084667  -3.5020263195  -0.4768554866
  -0.2923437953  -4.5437569618  -0.4781712592
  -2.4304888248  -3.8505272865  -0.4805105031
  -4.4131307602  -1.1216578484  -0.4805208147
  -4.4117102623   1.1260585785  -0.4781926572
  -2.4315414429   3.8492906094  -0.4768832326
   1.8519442081   3.8784992695  -0.4833702445
   4.2609534264   0.5627858639  -0.4833577275
   1.8530365229  -3.8785712719  -0.4837343991
  -3.1164684296  -2.9611024857  -0.4881316721
  -3.7776494026   2.0511951447  -0.4842085540
   0.7820576429   4.2263078690  -0.4833466709
   4.2611269951  -0.5622154474  -0.4833286107
   0.7834486961  -4.2266111374  -0.4841848612
  -3.7792155743  -2.0489101410  -0.4881351292
  -3.1161239147   2.9608840942  -0.4837602079
   3.3750846386   3.1465821266  -1.4254641533
  -0.8819993734   4.5305762291  -1.4282562733
   4.0355372429   2.2375483513  -1.4254606962
   4.0362863541  -2.2388567924  -1.4282306433
   3.3775038719  -3.1459901333  -1.4283237457
  -0.8806411028  -4.5309982300  -1.4300923347
  -1.9472390413  -4.1848826408  -1.4310767651
  -4.5817861557  -0.5587435365  -1.4310904741
  -4.5813660622   0.5626071095  -1.4301115274
  -1.9483091831   4.1843552589  -1.4283512831
   2.3234972954   3.5211937428  -1.4360024929
   4.0668568611   1.1216681004  -1.4359934330
   2.3240404129  -3.5212471485  -1.4363201857
  -2.6302635670  -3.2984864712  -1.4391446114
  -3.9492106438   1.4849569798  -1.4372912645
   1.2605514526   3.8784966469  -1.4402685165
   4.0782046318   0.0003337009  -1.4402538538
   1.2613831758  -3.8785736561  -1.4410539865
  -3.2992196083  -2.3970291615  -1.4436898232
  -3.2989530563   2.3981842995  -1.4410777092
   0.1907768548   4.2145566940  -1.4359982014
   4.0672392845  -1.1209305525  -1.4359780550
   0.1919121742  -4.2148036957  -1.4372698069
  -3.9498383999  -1.4822493792  -1.4391515255
  -2.6307370663   3.2984118462  -1.4363459349
   3.8529949188   1.6757322550  -2.3812749386
   2.7880144119  -3.1459925175  -2.3821420670
  -2.1298398972  -3.6234040260  -2.3844010830
  -4.1042242050   0.9083790779  -2.3834874630
  -0.4052435458   4.1840052605  -2.3819134235
   3.8643801212   0.5598435998  -2.3883085251
   1.7277023792  -3.5020313263  -2.3890671730
  -2.7963836193  -2.7244687080  -2.3910992146
  -3.4553112984   1.8193585873  -2.3895475864
   0.6617159247   3.8484404087  -2.3884413242
   3.8645730019  -0.5599096417  -2.3884248734
   0.6625733376  -3.8484175205  -2.3895263672
  -3.4552452564  -1.8176243305  -2.3911027908
  -2.7967362404   2.7253177166  -2.3890905380
   1.7266052961   3.5022351742  -2.3883194923
   3.8540062904  -1.6783435345  -2.3818914890
  -0.4043444395  -4.1840634346  -2.3834681511
  -4.1042113304  -0.9059178233  -2.3844113350
  -2.1304697990   3.6237132549  -2.3821678162
   2.7843606472   3.1465797424  -2.3812804222
   0.7719901204   0.5608683825  -4.7363567352
   0.7721123099  -0.5602337122  -4.7364459038
  -0.2941192687  -0.9066953063  -4.7366971970
  -0.9531912208   0.0004384922  -4.7367005348
  -0.2942039073   0.9074231386  -4.7364511490
   1.5469683409   1.1239256859  -4.1589279175
   1.5472246408  -1.1234289408  -4.1591281891
  -0.5901024938  -1.8180503845  -4.1597232819
  -1.9114073515   0.0005678309  -4.1597299576
  -0.5903145075   1.8186382055  -4.1591391563
   1.5600810051   0.0002905613  -4.1745786667
   0.4825268388  -1.4830690622  -4.1749119759
  -1.2612632513  -0.9163761139  -4.1752653122
  -1.2613612413   0.9171845913  -4.1749210358
   0.4823794961   1.4836179018  -4.1745839119
   2.3174746037   1.6837341785  -3.5700461864
   2.3181285858  -1.6835224628  -3.5702061653
  -0.8843759894  -2.7244949341  -3.5712976456
  -2.8644249439   0.0008059020  -3.5713078976
  -0.8847756982   2.7248926163  -3.5702226162
   2.3378984928   0.5627779961  -3.5949406624
   1.2579056025  -2.0490972996  -3.5954034328
  -1.5598421097  -1.8288371563  -3.5962917805
  -2.2214303017   0.9194893837  -3.5957391262
   0.1877695322   2.3972465992  -3.5951159000
   2.3379526138  -0.5622233748  -3.5951046944
   0.1880400181  -2.3968586922  -3.5957267284
  -2.2213332653  -0.9183736444  -3.5962951183
  -1.5600838661   1.8295285702  -3.5954179764
   1.2576930523   2.0495517254  -3.5949463844
   3.0797252655   2.2375445366  -2.9720039368
   3.0825481415  -2.2388606071  -2.9714190960
  -1.1760683060  -3.6233739853  -2.9730165005
  -3.8094496727   0.0011609012  -2.9730300903
  -1.1767181158   3.6235103607  -2.9714410305
   3.1031553745   1.1216641665  -2.9953024387
   2.0258457661  -2.6043539047  -2.9959137440
  -1.8504259586  -2.7309608459  -2.9974868298
  -3.1691727638   0.9176447392  -2.9967179298
  -0.1070885807   3.2978060246  -2.9956600666
   3.1120433807   0.0003297339  -3.0035429001
   0.9623373747  -2.9594175816  -3.0042123795
  -2.5169866085  -1.8287090063  -3.0055084229
  -2.5171875954   1.8297328949  -3.0042304993
   0.9619938731   2.9596159458  -3.0035541058
   3.1033177376  -1.1209346056  -2.9956433773
  -0.1065841541  -3.2976427078  -2.9967019558
  -3.1691014767  -0.9159616828  -2.9974937439
  -1.8508608341   2.7314696312  -2.9959337711
   2.0257000923   2.6046526432  -2.9953079224
