
   0.0000909410  -0.0000354319  -0.0000834770
   0.0000517694  -0.0000098634   1.0189913511
   0.2817132175  -0.8668705225   0.4556802809
  -0.7373372316  -0.5357570052   0.4556748569
  -0.7373298407   0.5357141495   0.4556810260
   0.2817174792   0.8668271899   0.4556847513
   0.9115684628  -0.0000106922   0.4557024240
  -0.2816184163  -0.8669160008  -0.4558136165
  -0.9114061594  -0.0000322011  -0.4557829499
  -0.2815984488   0.8668254614  -0.4557838738
   0.7374942303   0.5357453227  -0.4558060765
   0.7374905944  -0.5357909203  -0.4558146894
   0.0000622064  -0.0000330462  -1.0191555023
   0.0000002070   0.0000109315   2.0602738857
   0.5694580674   1.7525860071   0.9213865995
   1.8429800272   0.0000092979   0.9214825630
   0.5694597960  -1.7525973320   0.9213943481
  -1.4908323288  -1.0831477642   0.9213761687
  -1.4908207655   1.0831429958   0.9213738441
   1.4910190105   1.0832716227  -0.9214956760
   1.4910236597  -1.0832818747  -0.9215036035
  -0.5695040822  -1.7527717352  -0.9214960933
  -1.8427727222  -0.0000109987  -0.9213985205
  -0.5694427490   1.7525862455  -0.9214023948
   0.0000135477  -0.0000126236  -2.0605254173
   0.2881015241   0.8867078424   1.5085346699
   0.9323911071   0.0000090730   1.5085549355
   0.2881056964  -0.8867035508   1.5085393190
  -0.7542710304  -0.5479961634   1.5085295439
  -0.7542641759   0.5480062366   1.5085283518
   1.2204953432   0.8866950870   0.9323606491
   1.2204953432  -0.8866924644   0.9323678017
  -0.4661553502  -1.4347089529   0.9323336482
  -1.5085295439  -0.0000023800   0.9323193431
  -0.4661524594   1.4347029924   0.9323212504
   1.0424315929   1.4347401857  -0.0000412672
  -0.0000033235   1.7734006643  -0.0000027020
   1.6867053509   0.5480514765  -0.0000017443
   1.6867079735  -0.5480458736  -0.0000065743
   1.0424402952  -1.4347488880  -0.0000361736
  -0.0000209767  -1.7734538317  -0.0000260985
  -1.0423829556  -1.4347554445  -0.0000421589
  -1.6865992546  -0.5480033159  -0.0000063375
  -1.6865906715   0.5479983687  -0.0000130044
  -1.0423656702   1.4347043037  -0.0000155035
   1.5086503029  -0.0000051563  -0.9323915839
   0.4662082493  -1.4347952604  -0.9323878288
  -1.2204463482  -0.8867616653  -0.9323576689
  -1.2204364538   0.8866996765  -0.9323330522
   0.4662281573   1.4347414970  -0.9323626757
   0.7543224096   0.5480436087  -1.5086381435
   0.7543307543  -0.5480530858  -1.5086419582
  -0.2881205082  -0.8867505789  -1.5086383820
  -0.9323149323  -0.0000043627  -1.5086172819
  -0.2881005108   0.8866868615  -1.5086200237
  -0.0000544238   0.0000284083   3.1197910309
   0.8622322083   2.6538639069   1.3952450752
   2.7909650803   0.0000259691   1.3955582380
   0.8622459173  -2.6538469791   1.3952747583
  -2.2575199604  -1.6401245594   1.3952362537
  -2.2575023174   1.6401579380   1.3952164650
   2.2579536438   1.6405528784  -1.3954755068
   2.2579758167  -1.6405279636  -1.3954805136
  -0.8625152707  -2.6543960571  -1.3954595327
  -2.7904558182   0.0000174716  -1.3951674700
  -0.8623340726   2.6538674831  -1.3951749802
  -0.0000416610   0.0000150839  -3.1204349995
   0.2910234034   0.8959298134   2.5700504780
   0.9419903159   0.0000254316   2.5700771809
   0.2910283804  -0.8958868980   2.5700609684
  -0.7621450424  -0.5536633730   2.5700435638
  -0.7621409893   0.5537112951   2.5700373650
   0.5800823569   1.7855701447   1.9919368029
   1.8775037527   0.0000245953   1.9920097589
   0.5800956488  -1.7855404615   1.9919592142
  -1.5189043283  -1.1034839153   1.9919292927
  -1.5188920498   1.1035268307   1.9919146299
   1.2409565449   0.9016799331   2.0080511570
   1.2409623861  -0.9016408920   2.0080633163
  -0.4740674794  -1.4588731527   2.0080366135
  -1.5339983702   0.0000209786   2.0080068111
  -0.4740678072   1.4589074850   2.0080113411
   1.5221419334   1.7855635881   1.4097959995
   2.1685996056  -0.8958759308   1.4098567963
  -0.1819745749  -2.3392195702   1.4097878933
  -2.2809855938  -0.5497994423   1.4097402096
  -1.2277969122   1.9994242191   1.4097300768
   2.1685945988   0.8959155083   1.4098463058
   1.5221514702  -1.7855355740   1.4098205566
  -1.2278044224  -1.9993889332   1.4097729921
  -2.2809801102   0.5498347282   1.4097296000
  -0.1819843948   2.3392465115   1.4097414017
   2.0079793930   1.4589554071   0.4740787148
   2.0079982281  -1.4589254856   0.4740924835
  -0.7670325637  -2.3605418205   0.4740876257
  -2.4820415974   0.0000219975   0.4740519524
  -0.7670283318   2.3605525494   0.4740504622
   1.3422291279   2.3393006325   0.4677212536
   0.2889906466   2.6814634800   0.4677579701
   2.6396470070   0.5537608862   0.4678176641
   2.6396529675  -0.5537189841   0.4678176045
   1.3422602415  -2.3392763138   0.4677543938
   0.2889921963  -2.6814827919   0.4677682817
  -1.8100112677  -1.9994306564   0.4677296877
  -2.4609105587  -1.1034771204   0.4677546620
  -2.4608902931   1.1035250425   0.4677282274
  -1.8099856377   1.9994257689   0.4677261412
   1.8100243807   1.9995417595  -0.4677543044
  -0.2891311347   2.6814651489  -0.4676671624
   2.4609866142   1.1036555767  -0.4677121937
   2.4610023499  -1.1036196947  -0.4677149653
   1.8100608587  -1.9995120764  -0.4677389264
  -0.2891642153  -2.6815547943  -0.4677125216
  -1.3423317671  -2.3393344879  -0.4677320719
  -2.6395676136  -0.5536541343  -0.4676633179
  -2.6395528316   0.5537097454  -0.4676786363
  -1.3422920704   2.3392500877  -0.4676838517
   0.7669392228   2.3605990410  -0.4739890695
   2.4820594788   0.0000173839  -0.4739933014
   0.7669681311  -2.3605911732  -0.4739726484
  -2.0080547333  -1.4588766098  -0.4739788175
  -2.0080285072   1.4589086771  -0.4739917219
   2.2810945511   0.5499125123  -1.4097743034
   1.2278611660  -1.9995536804  -1.4097534418
  -1.5222529173  -1.7856556177  -1.4097176790
  -2.1685760021   0.8959278464  -1.4096608162
   0.1819301546   2.3393042088  -1.4096915722
   2.2811050415  -0.5498855114  -1.4097737074
   0.1818981916  -2.3393912315  -1.4097448587
  -2.1685912609  -0.8959243298  -1.4096806049
  -1.5222172737   1.7855712175  -1.4096635580
   1.2278517485   1.9995433092  -1.4097350836
   0.7620774508   0.5537592769  -2.5701830387
   0.7620963454  -0.5537098050  -2.5701887608
  -0.2911702096  -0.8959133029  -2.5701782703
  -0.9420455098   0.0000360104  -2.5701539516
  -0.2911567688   0.8959135413  -2.5701572895
   1.5189384222   1.1036536694  -1.9919912815
   1.5189682245  -1.1036131382  -1.9919959307
  -0.5802606344  -1.7856506109  -1.9919793606
  -1.8774752617   0.0000368118  -1.9919203520
  -0.5802231431   1.7855646610  -1.9919264317
   1.5339894295   0.0000182987  -2.0080287457
   0.4740019143  -1.4589290619  -2.0080165863
  -1.2410843372  -0.9016392827  -2.0079915524
  -1.2410751581   0.9016838074  -2.0079796314
   0.4739826322   1.4589564800  -2.0080013275
   0.2929131389   0.9019134045   3.6427817345
   0.9482023716   0.0000388421   3.6428179741
   0.2929178774  -0.9018395543   3.6427958012
  -0.7672671676  -0.5573400259   3.6427671909
  -0.7672652006   0.5574175715   3.6427578926
   0.5858085155   1.8034031391   3.0681023598
   1.8961136341   0.0000368178   3.0682229996
   0.5858210921  -1.8033401966   3.0681314468
  -1.5340955257  -1.1144802570   3.0680899620
  -1.5340884924   1.1145538092   3.0680696964
   1.2521979809   0.9099306464   3.0855867863
   1.2522042990  -0.9098632336   3.0856008530
  -0.4784439206  -1.4721754789   3.0855534077
  -1.5480406284   0.0000361528   3.0855162144
  -0.4784461856   1.4722418785   3.0855236053
   0.8756501675   2.6954183578   2.4773132801
   2.8341448307   0.0000371431   2.4776206017
   0.8756726384  -2.6953661442   2.4773561954
  -2.2928736210  -1.6657634974   2.4773044586
  -2.2928576469   1.6658357382   2.4772734642
   1.5449473858   1.8109358549   2.5000975132
   2.1995179653  -0.9099138975   2.5001695156
  -0.1856925786  -2.3731648922   2.5000953674
  -2.3144423962  -0.5567900538   2.5000360012
  -1.2448360920   2.0290629864   2.5000271797
   2.1995105743   0.9099796414   2.5001564026
   1.5449622869  -1.8108778000   2.5001266003
  -1.2448413372  -2.0289986134   2.5000765324
  -2.3144371510   0.5568606853   2.5000243187
  -0.1857039779   2.3732213974   2.5000419617
   1.8239758015   2.6954324245   1.8912985325
   3.1272461414  -0.9020003676   1.8914822340
   0.1085272729  -3.2527325153   1.8913078308
  -3.0600335598  -1.1083844900   1.8912341595
  -1.9998265505   2.5677030087   1.8912099600
   2.4820718765   1.8034539223   1.8963391781
   2.4820876122  -1.8033943176   1.8963661194
  -0.9481471181  -2.9178388119   1.8962808847
  -3.0680830479   0.0000359271   1.8961989880
  -0.9481523633   2.9179008007   1.8961988688
   3.1272380352   0.9020692110   1.8914704323
   1.8239973783  -2.6953818798   1.8913420439
  -1.9998453856  -2.5676376820   1.8912761211
  -3.0600228310   1.1084549427   1.8912099600
   0.1085028276   3.2527780533   1.8912342787
   2.7926852703   2.0291762352   0.0048413211
   2.7927262783  -2.0291187763   0.0048615313
  -1.0668280125  -3.2830650806   0.0048968387
  -3.4520781040   0.0000497687   0.0047477344
  -1.0668253899   3.2830972672   0.0047421250
   2.3189632893   2.3733155727   0.9521462321
   2.9736120701  -1.4723123312   0.9521407485
  -0.4813151062  -3.2830617428   0.9521844983
  -3.2711434364  -0.5567815304   0.9520873427
  -1.5404713154   2.9389376640   0.9520685673
   2.9735903740   1.4723726511   0.9521232843
   2.3189997673  -2.3732635975   0.9521837831
  -1.5404931307  -2.9388866425   0.9521643519
  -3.2711324692   0.5568653941   0.9520707130
  -0.4813374877   3.2830953598   0.9520852566
   1.6428656578   3.2528538704   0.9429622889
   0.5826203227   3.5972831249   0.9429814219
   3.6015269756   0.5575616956   0.9430068135
   3.6015346050  -0.5574917793   0.9430100918
   1.6429121494  -3.2528111935   0.9430221319
   0.5826436877  -3.5972826481   0.9430297017
  -2.5859339237  -2.5676743984   0.9429710507
  -3.2411632538  -1.6657561064   0.9429807663
  -3.2411320210   1.6658371687   0.9429343343
  -2.5858929157   2.5677044392   0.9429329634
   2.1199295521   2.9180684090   0.0000573707
  -0.0001302146   3.6067538261   0.0000869924
   3.4303390980   1.1146925688   0.0001026171
   3.4303576946  -1.1146277189   0.0001070919
   2.1199929714  -2.9180119038   0.0001031234
  -0.0001095397  -3.6068251133   0.0001312352
  -2.1201119423  -2.9179363251   0.0000916682
  -3.4302575588  -1.1144541502   0.0000929253
  -3.4302272797   1.1145588160   0.0000573500
  -2.1200311184   2.9179041386   0.0000531311
   1.0666060448   3.2831649780  -0.0045784037
   3.4520413876   0.0000318010  -0.0046392358
   1.0666761398  -3.2831344604  -0.0045088697
  -2.7928502560  -2.0289835930  -0.0045631109
  -2.7927951813   2.0290665627  -0.0046241996
   2.5859611034   2.5680475235  -0.9428425431
  -0.5828624368   3.5972871780  -0.9428181648
   3.2413868904   1.6660313606  -0.9428153038
   3.2414176464  -1.6659688950  -0.9428133965
   2.5860221386  -2.5679905415  -0.9428261518
  -0.5828493834  -3.5975558758  -0.9427858591
  -1.6432300806  -3.2529823780  -0.9427983761
  -3.6013357639  -0.5573185682  -0.9428084493
  -3.6013138294   0.5574252009  -0.9428207874
  -1.6430372000   3.2527837753  -0.9428287148
   1.5402470827   2.9390845299  -0.9519109726
   3.2711389065   0.5568518639  -0.9519432783
   1.5403345823  -2.9390392303  -0.9518831372
  -2.3192543983  -2.3731114864  -0.9518818855
  -2.9737417698   1.4722485542  -0.9519471526
   0.4811067283   3.2831671238  -0.9519414306
   3.2711501122  -0.5567910075  -0.9519419670
   0.4812371433  -3.2831377983  -0.9518692493
  -2.9737968445  -1.4721403122  -0.9519248009
  -2.3191483021   2.3732271194  -0.9519498944
   3.0602719784   1.1085102558  -1.8913222551
   1.9998474121  -2.5680270195  -1.8912911415
  -1.8243869543  -2.6955149174  -1.8912442923
  -3.1272094250   0.9019207954  -1.8910835981
  -0.1086834446   3.2528595924  -1.8911187649
   3.0682301521   0.0000305223  -1.8962333202
   0.9480903149  -2.9181094170  -1.8961813450
  -2.4822938442  -1.8033869267  -1.8961086273
  -2.4822065830   1.8034108877  -1.8960554600
   0.9480280280   2.9180719852  -1.8961310387
   3.0602958202  -1.1084508896  -1.8913196325
  -0.1085796356  -3.2530610561  -1.8912723064
  -3.1272397041  -0.9018540382  -1.8911032677
  -1.8241623640   2.6954255104  -1.8910894394
   1.9998017550   2.5680489540  -1.8912752867
   0.7672384977   0.5575693250  -3.6430201530
   0.7672576904  -0.5574703813  -3.6430337429
  -0.2932077348  -0.9020147920  -3.6430122852
  -0.9485481381   0.0000635494  -3.6429743767
  -0.2932009995   0.9020767212  -3.6429779530
   1.5340359211   1.1146974564  -3.0682148933
   1.5340781212  -1.1146017313  -3.0682244301
  -0.5861070752  -1.8034409285  -3.0681972504
  -1.8963192701   0.0000783179  -3.0680916309
  -0.5860934258   1.8034617901  -3.0680985451
   1.5479975939   0.0000452037  -3.0855050087
   0.4782960415  -1.4722772837  -3.0854909420
  -1.2525378466  -0.9098650813  -3.0854420662
  -1.2525340319   0.9100002050  -3.0854113102
   0.4782555699   1.4723793268  -3.0854537487
   2.2929000854   1.6660329103  -2.4775154591
   2.2929513454  -1.6659619808  -2.4775202274
  -0.8759481907  -2.6955306530  -2.4774887562
  -2.8341915607   0.0000652084  -2.4772138596
  -0.8759023547   2.6954395771  -2.4772233963
   2.3143787384   0.5568564534  -2.5000405312
   1.2446954250  -2.0291039944  -2.5000195503
  -1.5452589989  -1.8107799292  -2.4999792576
  -2.1998264790   0.9099512100  -2.4999172688
   0.1854685694   2.3733212948  -2.4999470711
   2.3143970966  -0.5567827821  -2.5000422001
   0.1855701059  -2.3732101917  -2.5000076294
  -2.1998548508  -0.9098144770  -2.4999325275
  -1.5452190638   1.8109481335  -2.4999206066
   1.2446217537   2.0291795731  -2.5000007153
  -0.0001040247   0.0000425930   4.1964597702
   1.1597526073   3.5697362423   1.8767714500
   3.7556076050   0.0000393435   1.8779572248
   1.1597796679  -3.5696961880   1.8768254519
  -3.0366163254  -2.2061235905   1.8767648935
  -3.0365917683   2.2061903477   1.8767250776
   3.0383670330   2.2076239586  -1.8777880669
   3.0384101868  -2.2075693607  -1.8777900934
  -1.1606675386  -3.5718615055  -1.8777525425
  -3.7534806728   0.0000454820  -1.8766144514
  -1.1599633694   3.5697426796  -1.8766255379
  -0.0000930295   0.0000425336  -4.1989712715
  -0.0001419503   0.0000543197   5.3043203354
   1.4659087658   4.5121378899   2.3722388744
   1.4659450054  -4.5120773315   2.3723104000
  -3.8382809162  -2.7885305882   2.3722357750
  -3.8382537365   2.7886247635   2.3721823692
  -4.7443947792   0.0000656072  -2.3720231056
  -1.4662011862   4.5121459961  -2.3720371723
   0.2952407300   0.9091868401   4.7343864441
   0.9557967782   0.0000501413   4.7344131470
   0.2952451706  -0.9090879560   4.7344021797
  -0.7734821439  -0.5618185997   4.7343668938
  -0.7734815478   0.5619201660   4.7343559265
   0.5907511115   1.8187108040   4.1589636803
   1.9122027159   0.0000472518   4.1590332985
   0.5907628536  -1.8186210394   4.1589956284
  -1.5471472740  -1.1239278316   4.1589460373
  -1.5471433401   1.1240255833   4.1589236259
   1.2615646124   0.9167531133   4.1751170158
   1.2615706921  -0.9166619182   4.1751317978
  -0.4820693731  -1.4832071066   4.1750712395
  -1.5596897602   0.0000480373   4.1750307083
  -0.4820727706   1.4832998514   4.1750397682
   0.8850549459   2.7244982719   3.5703580379
   2.8649590015   0.0000463796   3.5703353882
   0.8850755095  -2.7244181633   3.5704054832
  -2.3176326752  -1.6837209463   3.5703463554
  -2.3176226616   1.6838172674   3.5703115463
   1.5605372190   1.8293694258   3.5954685211
   2.2218372822  -0.9190179110   3.5955839157
  -0.1875462383  -2.3972580433   3.5954635143
  -2.3379588127  -0.5625066161   3.5953984261
  -1.2575807571   2.0496435165   3.5953910351
   2.2218301296   0.9191049933   3.5955693722
   1.5605515242  -1.8292871714   3.5954992771
  -1.2575823069  -2.0495538712   3.5954406261
  -2.3379549980   0.5626003146   3.5953865051
  -0.1875571460   2.3973412514   3.5954096317
   1.1762652397   3.6207413673   2.9723436832
   3.8098726273   0.0000474933   2.9715554714
   1.1762958765  -3.6206707954   2.9724049568
  -3.0800075531  -2.2376155853   2.9723336697
  -3.0799882412   2.2377121449   2.9722881317
   1.8512489796   2.7316415310   2.9957649708
   3.1696507931  -0.9168667793   2.9960086346
   0.1076142788  -3.2980623245   2.9957842827
  -3.1034445763  -1.1215610504   2.9957039356
  -2.0258109570   2.6049025059   2.9956803322
   2.5176227093   1.8294702768   3.0040013790
   2.5176393986  -1.8293899298   3.0040307045
  -0.9618246555  -2.9598069191   3.0039660931
  -3.1122391224   0.0000471970   3.0038845539
  -0.9618295431   2.9598872662   3.0038881302
   3.1696426868   0.9169543982   2.9959952831
   1.8512731791  -2.7315676212   2.9958117008
  -2.0258221626  -2.6048147678   2.9957458973
  -3.1034340858   1.1216558218   2.9956789017
   0.1075934619   3.2981343269   2.9957106113
   2.1322195530   3.6207575798   2.3815999031
   4.1046457291  -0.9071045518   2.3820891380
   0.4029641151  -4.1825318336   2.3816304207
  -3.8533473015  -1.6757444143   2.3815419674
  -2.7845993042   3.1468427181   2.3815047741
   2.7974200249   2.7245006561   2.3886332512
   3.4558196068  -1.8183801174   2.3887236118
  -0.6619197130  -3.8483817577   2.3886032104
  -3.8646388054  -0.5597417951   2.3885097504
  -1.7267184258   3.5024659634   2.3884961605
   3.4558007717   1.8184646368   2.3886961937
   2.7974462509  -2.7244241238   2.3886768818
  -1.7267258167  -3.5023834705   2.3885872364
  -3.8646335602   0.5598424077   2.3884973526
  -0.6619372368   3.8484530449   2.3885083199
   4.1046361923   0.9071961641   2.3820767403
   2.1322517395  -3.6206889153   2.3816602230
  -2.7846269608  -3.1467571259   2.3815832138
  -3.8533315659   1.6758426428   2.3815050125
   0.4029301703   4.1825895309   2.3815407753
   3.5853145123   2.6050810814  -0.4717694521
   3.5853714943  -2.6050033569  -0.4717463255
  -1.3696217537  -4.2148575783  -0.4716959596
  -4.4317808151   0.0000692689  -0.4720719159
  -1.3695985079   4.2148389816  -0.4720809758
   3.1166660786   2.9600732327   0.4833708704
   3.7781772614  -2.0496802330   0.4833304882
  -0.7818555236  -4.2266249657   0.4834345877
  -4.2613897324  -0.5624858737   0.4832705557
  -1.8519508839   3.8789331913   0.4832487702
   3.7781376839   2.0497610569   0.4833067954
   3.1167259216  -2.9600002766   0.4834145308
  -1.8520325422  -3.8788723946   0.4834161103
  -4.2613744736   0.5626155734   0.4832535684
  -0.7819253206   4.2266335487   0.4832642972
   2.6310582161   3.2982530594   1.4362148046
   3.9496896267  -1.4835623503   1.4361252785
  -0.1902145445  -4.2148027420   1.4362498522
  -4.0673251152  -1.1215513945   1.4361436367
  -2.3236644268   3.5216019154   1.4361113310
   3.2994441986   2.3975088596   1.4404523373
   3.2994813919  -2.3974316120   1.4404896498
  -1.2604408264  -3.8788683414   1.4404470921
  -4.0785803795   0.0000573907   1.4403337240
  -1.2604433298   3.8789312840   1.4403311014
   3.9496669769   1.4836473465   1.4361060858
   2.6311063766  -3.2981853485   1.4362714291
  -2.3237106800  -3.5215342045   1.4362133741
  -4.0673055649   1.1216626167   1.4361132383
  -0.1902573854   4.2148351669   1.4361408949
   1.9496523142   4.1826629639   1.4256390333
   0.8808752894   4.5298738480   1.4256503582
   4.5816059113   0.5607252121   1.4282401800
   4.5816140175  -0.5606325865   1.4282460213
   1.9497064352  -4.1826081276   1.4257159233
   0.8809078932  -4.5298480988   1.4257161617
  -3.3754255772  -3.1467826366   1.4256452322
  -4.0359373093  -2.2376139164   1.4256522655
  -4.0358996391   2.2377152443   1.4255938530
  -3.3753850460   3.1468441486   1.4255930185
   2.4321980476   3.8485884666   0.4762409627
   0.2941455841   4.5431547165   0.4763082266
   4.4119219780   1.1239857674   0.4766487777
   4.4119415283  -1.1238981485   0.4766573906
   2.4322650433  -3.8485226631   0.4763050973
   0.2941442430  -4.5431885719   0.4763194323
  -2.9085865021  -3.5024785995   0.4762685001
  -4.2298846245  -1.6837036610   0.4763159752
  -4.2298498154   1.6838253736   0.4762689173
  -2.9085392952   3.5024685860   0.4762659371
   1.3693199158   4.2149124146   0.4723075628
   4.4317827225   0.0000428235   0.4720444977
   1.3693871498  -4.2148828506   0.4724012315
  -3.5854413509  -2.6048202515   0.4723242223
  -3.5853807926   2.6049067974   0.4722432196
   2.9086253643   3.5025854111  -0.4764722288
  -0.2944662869   4.5431566238  -0.4760903120
   4.2299184799   1.6841716766  -0.4763862491
   4.2299494743  -1.6840866804  -0.4763769209
   2.9087007046  -3.5025115013  -0.4764324427
  -0.2946658134  -4.5432810783  -0.4763996601
  -2.4323046207  -3.8486599922  -0.4764243662
  -4.4117856026  -1.1239006519  -0.4760784209
  -4.4117546082   1.1240378618  -0.4761044085
  -2.4323637486   3.8484580517  -0.4761107564
   1.8516874313   3.8790993690  -0.4829810560
   4.2613792419   0.5626797676  -0.4830463231
   1.8517796993  -3.8790421486  -0.4829208851
  -3.1170034409  -2.9598038197  -0.4829469621
  -3.7782177925   2.0496518612  -0.4830824733
   0.7816175818   4.2267017365  -0.4830536842
   4.2613902092  -0.5625973940  -0.4830433726
   0.7817271948  -4.2266964912  -0.4829084277
  -3.7782764435  -2.0495250225  -0.4830328226
  -3.1168944836   2.9598932266  -0.4830846786
   3.3770110607   3.1467292309  -1.4280084372
  -0.8811860681   4.5298795700  -1.4254382849
   4.0361447334   2.2395913601  -1.4279867411
   4.0361886024  -2.2395067215  -1.4279792309
   3.3770844936  -3.1466555595  -1.4279931784
  -0.8827456832  -4.5306744576  -1.4279488325
  -1.9491425753  -4.1841430664  -1.4279521704
  -4.5804729462  -0.5617944002  -1.4254242182
  -4.5804481506   0.5619351268  -1.4254311323
  -1.9499047995   4.1825966835  -1.4254415035
   2.3232712746   3.5219619274  -1.4358391762
   4.0674309731   1.1215091944  -1.4358829260
   2.3233735561  -3.5219030380  -1.4358294010
  -2.6316330433  -3.2979400158  -1.4357962608
  -3.9498567581   1.4833126068  -1.4359449148
   1.2601085901   3.8791010380  -1.4401817322
   4.0786008835   0.0000410896  -1.4402481318
   1.2602839470  -3.8790459633  -1.4401738644
  -3.2998323441  -2.3971791267  -1.4401502609
  -3.2997033596   2.3973515034  -1.4401520491
   0.1899496317   4.2149162292  -1.4359638691
   4.0674552917  -1.1214264631  -1.4358789921
   0.1902925372  -4.2149376869  -1.4358060360
  -3.9499170780  -1.4831732512  -1.4359428883
  -2.6313166618   3.2981426716  -1.4359502792
   3.8540043831   1.6789236069  -2.3818678856
   2.7875761986  -3.1466813087  -2.3818368912
  -2.1313238144  -3.6235165596  -2.3817851543
  -4.1025276184   0.9092017412  -2.3813405037
  -0.4031985998   4.1826701164  -2.3813741207
   3.8647902012   0.5602365136  -2.3885264397
   1.7269843817  -3.5026063919  -2.3884770870
  -2.7974934578  -2.7248420715  -2.3884077072
  -3.4556913376   1.8187251091  -2.3883197308
   0.6617718935   3.8485932350  -2.3883867264
   3.8648021221  -0.5601487160  -2.3885247707
   0.6614535451  -3.8488006592  -2.3884677887
  -3.4557301998  -1.8187015057  -2.3883607388
  -2.7976045609   2.7245113850  -2.3883228302
   1.7269715071   3.5025882721  -2.3884418011
   3.8540408611  -1.6788368225  -2.3818628788
  -0.4057992101  -4.1842184067  -2.3818087578
  -4.1025533676  -0.9090926647  -2.3813552856
  -2.1324865818   3.6207520962  -2.3813493252
   2.7875213623   3.1467308998  -2.3818287849
   0.7715533376   0.5607414246  -4.7366275787
   0.7715669870  -0.5606094599  -4.7366466522
  -0.2948987782  -0.9071113467  -4.7366180420
  -0.9539635181   0.0000763481  -4.7365870476
  -0.2948939800   0.9072138667  -4.7365908623
   1.5467921495   1.1239981651  -4.1592836380
   1.5468257666  -1.1238715649  -4.1592984200
  -0.5910178423  -1.8184609413  -4.1592631340
  -1.9121240377   0.0000884814  -4.1592068672
  -0.5909932852   1.8184797764  -4.1592140198
   1.5598084927   0.0000636427  -4.1749906540
   0.4819214344  -1.4835289717  -4.1749758720
  -1.2621494532  -0.9168252349  -4.1749119759
  -1.2621562481   0.9169834256  -4.1748690605
   0.4818969965   1.4836606979  -4.1749248505
   2.3178122044   1.6841797829  -3.5702750683
   2.3178648949  -1.6840699911  -3.5702829361
  -0.8855162859  -2.7248475552  -3.5702445507
  -2.8647799492   0.0000894134  -3.5703005791
  -0.8853830099   2.7245140076  -3.5703110695
   2.3378517628   0.5626947284  -3.5954337120
   1.2574548721  -2.0496516228  -3.5954174995
  -1.5609024763  -1.8292979002  -3.5953674316
  -2.2223238945   0.9191421270  -3.5952568054
   0.1872113645   2.3975191116  -3.5952908993
   2.3378722668  -0.5625771284  -3.5954389572
   0.1872636676  -2.3973531723  -3.5954015255
  -2.2223372459  -0.9189590812  -3.5952754021
  -1.5609186888   1.8294945955  -3.5952603817
   1.2573901415   2.0497694016  -3.5953903198
   3.0822856426   2.2395949364  -2.9713807106
   3.0823481083  -2.2395071983  -2.9713852406
  -1.1775045395  -3.6235339642  -2.9713399410
  -3.8071508408   0.0000797997  -2.9721786976
  -1.1765861511   3.6207685471  -2.9721913338
   3.1033475399   1.1215159893  -2.9958286285
   2.0254895687  -2.6050088406  -2.9958062172
  -1.8517037630  -2.7313160896  -2.9957582951
  -3.1701440811   0.9167821407  -2.9955434799
  -0.1079180390   3.2982614040  -2.9955725670
   3.1122593880   0.0000509268  -3.0038580894
   0.9616684914  -2.9599974155  -3.0038127899
  -2.5180859566  -1.8291952610  -3.0037567616
  -2.5179774761   1.8293936253  -3.0037264824
   0.9615049958   2.9600791931  -3.0037817955
   3.1033804417  -1.1214177608  -2.9958312511
  -0.1076479554  -3.2980630398  -2.9957809448
  -3.1701884270  -0.9166204333  -2.9955546856
  -1.8515697718   2.7316582203  -2.9955499172
   2.0253975391   2.6050851345  -2.9957921505
