
  -2.2278249264   1.6245158911   0.2669772804
   2.3531670570   2.4517159462  -0.3231572211
   1.3824853897   2.7124397755   1.6751493216
   1.1530891657   0.7193549871   2.6362185478
  -0.2289623320   0.2314022034  -2.6172873974
   1.1604723930  -1.2737194300  -0.7552779317
   2.1923034191  -0.0166876856  -2.1062257290
   0.3959183693  -1.0201878548   0.8468256593
  -1.3828524351  -1.4494926929   0.3155947626
  -1.5218616724   1.4796677828   2.2962300777
   1.0308958292  -0.2863232195   3.0938749313
  -0.2395875901  -1.7617957592   1.3160306215
   2.8369393349   0.1597606093   1.8802649975
  -0.0018843975  -2.6916451454  -1.3311558962
  -2.7393467426   0.6199865341   0.1776949912
   0.0003478818  -0.2558593750   1.5200862885
   2.3520274162  -1.1180595160  -2.2380218506
   1.7790249586   0.1724148244   0.3230885863
   0.8862396479   2.4812726974   0.2000570148
   0.4845741093  -1.1556484699  -2.7663888931
   0.1765764505   0.6117298007   2.1393857002
   2.6603496075   1.8131831884   0.5449563265
  -2.3968856335   1.1646009684  -0.7512955070
  -0.0599869601  -0.1349335760   0.4733217955
   1.6368552446  -2.1850521564  -0.3958747685
   0.1117738113   0.7305988669   1.0690293312
  -2.3837375641  -1.5833446980  -0.0956342369
  -2.5638213158   1.0779893398   1.1859235764
  -0.7445431352  -0.7251136899  -0.1259966344
   0.5249313116  -1.2803152800   3.0063030720
  -0.3844422996   2.5233123302  -1.6642740965
  -1.3320788145  -0.8849532604  -2.6329178810
  -0.1727298945   0.1059746370  -1.5685690641
  -0.6355576515  -0.9842478633   1.9987366199
  -0.9172418118   0.3419846892   0.0074187932
  -1.5857664347  -2.3699362278  -0.2324985415
   2.9520502090   1.1652576923   1.4059447050
   0.4233628511   0.9752415419  -3.0890035629
   0.6945395470   1.5845903158  -0.3899450898
  -0.3467399180  -0.7683304548  -2.1596210003
  -1.1355077028   0.0091890432  -2.0243351460
   0.4716786742   0.8370776176  -2.0132434368
  -0.2860509455  -0.8738464117  -1.0989936590
  -1.1166119576  -2.5242424011  -1.2473078966
   2.5138685703  -0.6563193202  -1.2314053774
  -2.5083425045   0.9570159912   2.2795832157
   2.7603256702   0.2771234810   0.7868481874
  -2.4077301025  -0.0141962748   1.0562679768
  -0.2998274565  -1.6306729317   0.2360862195
  -1.0576144457  -0.1132857725  -0.9666587114
  -0.1181163639  -0.0163759813  -0.5469734073
   1.0032541752   0.9452860355   0.4641443789
   0.0709348917   1.6034274101  -1.3082971573
   1.8730680943   2.5892376900   0.6799873114
   0.2207628787  -2.6725416183   1.7126026154
  -2.8881468773   0.1534578502  -0.8361174464
  -0.6944044828  -0.8577338457   0.9285302758
   2.3477532864  -0.8421634436   1.8066591024
   1.6643171310  -0.2867805660  -0.6675356030
   0.2180697024   1.7111101151   0.5908164382
  -0.8678603768   0.2255688459   1.0635831356
  -0.7636424303   1.2249846458   0.5972470641
   0.3647707999  -2.1584899426  -2.2606370449
   1.1312625408   1.5826478004  -2.4525868893
   2.3561034203   0.4522930384  -1.0931825638
   0.9613525867  -0.1618551314   2.0047845840
   2.0020880699  -1.6591677666  -1.3215266466
  -1.3918532133   1.2422087193  -0.3175148964
  -2.5832414627  -0.4843263030   0.0436730981
   0.0619576834  -0.3797879219   2.5915417671
   1.0091018677  -2.1928155422  -1.3354747295
   0.7871476412  -1.7753379345   0.1525423229
   1.4865164757   0.8039072752  -0.5257813334
   2.1644344330  -1.1978365183  -0.3047844470
   1.2689143419   1.7180682421   2.1618549824
   1.0801879168   0.8349096179   1.5470571518
   0.3295350075  -0.8870124817  -0.2064225823
  -1.7306323051   0.7065372467   0.5843802691
   0.7255012989   2.3578298092  -1.7376872301
   0.4012660682   2.6025419235   1.1914632320
  -1.2065784931   0.1351787895  -3.1009702682
   0.0459835418   0.8389644027   0.0117273033
   2.4711701870   0.9189440012  -0.0717829540
  -0.1789089292  -1.8978010416   2.4059844017
  -0.7009714842   1.1057600975   1.6775099039
  -1.6206483841   0.9195524454  -2.4053108692
   1.5051897764  -0.7404891253  -1.6561441422
  -1.8969579935   0.2502309680  -0.4058659971
  -0.8644664288   2.6738390923  -0.6519688964
   2.2807779312  -0.7206330895   0.7106704116
   0.1677552313  -1.7850384712  -0.7599960566
  -0.8098044991   0.1038792953   2.1348366737
   0.2513434589   2.5270380974  -0.7321838737
   2.1586706638   1.5484932661  -0.9346979260
  -0.7538864613  -0.0197339412   3.2256400585
   1.3240845203  -2.8207592964   1.6222631931
  -2.0198507309  -0.2131644785  -1.3974112272
  -0.6413964033   0.9877910614   2.7692289352
  -1.9278513193  -1.7530587912  -1.1172902584
  -1.4920160770   2.6711661816  -1.5787091255
   1.1858385801   1.8213624954   1.0622179508
  -0.2876494825   0.3606209159  -3.7021064758
   0.4596973956  -1.1475189924   1.9170974493
  -2.3474395275  -0.1409628838   2.1530888081
  -0.2309982628   2.6534116268   0.2759315372
   0.1247798279  -0.5083450675   3.6966671944
   0.4731172621   2.4898736477   2.2856969833
   1.3583763838   2.3373749256  -0.7974351645
  -1.5184085369  -0.5012113452   1.5353680849
   1.2557605505  -2.6871237755   0.5308066010
   2.0172958374   1.0844568014  -1.9592497349
  -2.2327854633  -1.1031721830   0.9164899588
   0.5299776196  -1.2594760656  -1.6735848188
  -2.2343513966  -1.1067215204  -1.9910622835
  -0.5950435400   2.1141777039   1.2039179802
  -1.8682004213   2.1559286118  -0.6577126384
   1.8576731682   0.0575451590   1.3997222185
  -3.0131101608  -0.3163517118  -1.8448592424
   0.1576019824  -2.5429456234   0.6162741184
  -0.9312117100  -1.6201337576  -0.6772927642
   0.2895013392   1.6033540964   1.6686878204
  -2.1171753407  -0.0910642445  -2.4803054333
  -1.0207539797   1.7494333982  -1.2229059935
  -0.4042054713   1.7522439957  -0.3127521574
  -0.4588201642  -1.7519339323  -1.6651519537
   1.9347333908  -0.0634042025   2.4907352924
   0.8204263449   0.0755655542  -0.1211015433
   1.1598253250   1.4235490561  -1.3716768026
   0.6461441517  -0.2564861774  -2.1548094749
   0.6838852763  -0.3744114935  -1.0949913263
  -1.6305702925   0.4680150449   2.7554008961
  -0.5242117047  -1.6613112688  -2.7535231113
  -1.2393176556   2.1573765278   0.2790113389
  -2.7094614506  -0.9541077018  -0.9741097689
   0.8949448466  -0.0414038189   0.9347034693
   1.8423959017  -1.8366140127   1.7192082405
  -0.6936855912   1.1414544582  -3.0108129978
   1.3684123755  -0.9341135621   1.3225787878
   0.5999050140  -0.1336888373  -3.2326836586
   1.3006579876  -0.8098778725   0.2431878299
   1.7773495913  -1.7103325129   0.6231258512
  -1.5853768587   1.6044399738   1.1998851299
   1.3195424080   0.4818335176  -2.6161022186
   0.6316092014  -2.7028977871  -0.4004757404
  -1.5743849277  -0.3742912412   0.4546924233
  -1.7209212780  -0.8416859508  -0.5418454409
   1.3633830547  -1.6441878080  -2.2558505535
  -0.5268625617   1.9914591312   2.2996997833
   0.2406820804   0.4926218390   3.2294087410
  -1.2515218258  -0.9930278659  -1.5421098471
   1.6731376648   1.6933263540   0.0706559941
  -1.3346059322  -1.5879292488   1.3925185204
   1.9689854383   1.0493836403   0.9278962016
  -0.5643531680   0.8560264111  -0.8808992505
  -2.0139560699   1.6849888563  -1.6765848398
   1.4393659830  -1.0632988214   2.4123461246
  -1.4655262232  -0.6295313835   2.6266589165
   2.0557668209   0.9424365163   2.0268976688
  -2.1732070446  -1.2384699583   2.0139484406
   1.3473070860   0.3452568352  -1.5272145271
   0.5119406581   0.6941298842  -0.9569463134
  -0.4792456031  -2.5583181381  -0.3171945214
   0.0188162532   1.7640105486  -2.3930077553
  -0.6298693419   1.0013307333  -1.9359534979
  -0.8842544556  -2.5090415478   1.7928732634
  -1.6805313826   0.5885059237   1.6613321304
  -1.5355844498   0.7766300440  -1.3193091154
   0.8555031419  -1.9113636017   1.2263633013
  -2.0340797901  -2.1928551197   0.7909702659
   2.6531534195  -0.1896107793  -0.2187448591
  -0.6377279162  -2.6578598022  -2.2522737980
  -1.4410326481  -1.8887269497  -2.1271286011
  -0.9391192794  -2.3783900738   0.6946063042
   0.3574073017   1.4914284945   2.7612709999
   0.9243696332  -2.0504903793   2.3171894550
  -1.2824726105  -1.7243070602   2.4802720547
   1.4815200567  -0.6276207566  -2.7434158325
   1.8305996656   2.1775496006  -1.7942256927
  -1.0959507227   1.9130939245  -2.3013401031
   2.1661736965   1.9377785921   1.5403182507
  -2.5220148563   0.6871286631  -1.7655090094
  -0.4072121084  -0.6527881622  -3.2380738258
  -0.5786746740  -1.1160582304   3.0879318714
