
   0.0116866436  -0.0002493335  -0.0159840379
   0.0061046104  -0.0003924427   1.0157136917
   0.2954179049  -0.8791452646   0.4491295218
  -0.7352442145  -0.5388813019   0.4493480623
  -0.7352776527   0.5382072926   0.4494972527
   0.2953632772   0.8785353303   0.4493730068
   0.9331188202  -0.0002856198   0.4529534876
  -0.2784106731  -0.8808465600  -0.4727303088
  -0.9155257344  -0.0002146423  -0.4745957851
  -0.2784653902   0.8804563880  -0.4724863768
   0.7576519847   0.5463760495  -0.4722113013
   0.7576860189  -0.5467018485  -0.4723627269
   0.0042685512  -0.0001067722  -1.0470154285
  -0.0055390764  -0.0005391524   2.0717952251
   0.2886568606  -0.8942476511   1.5151220560
  -0.7592169642  -0.5496530533   1.5156948566
  -0.7592510581   0.5486820340   1.5158470869
   0.2886013389   0.8933418393   1.5153696537
   0.9403761029  -0.0004331195   1.5186686516
   1.2411298752  -0.9018013477   0.9443336725
   0.5799795985  -1.7784566879   0.9326696396
  -0.4655394554  -1.4424315691   0.9389208555
  -1.4993245602  -1.0863522291   0.9303193092
  -1.5154972076  -0.0004288621   0.9376457334
  -1.4993919134   1.0854974985   0.9306201339
  -0.4656290114   1.4416385889   0.9393203855
   0.5798690915   1.7777304649   0.9331622720
   1.2410738468   0.9011130333   0.9445834756
   1.8725515604  -0.0003243631   0.9435526729
   1.0647968054  -1.4617066383  -0.0034781799
   0.0032876611  -1.8018059731  -0.0016306698
  -1.0484050512  -1.4466712475  -0.0009646989
  -1.6978616714  -0.5493980050  -0.0017684997
  -1.6978957653   0.5487892032  -0.0016164295
  -1.0484949350   1.4461025000  -0.0005640278
   0.0031756754   1.8013027906  -0.0011316119
   1.0647058487   1.4612699747  -0.0030732839
   1.7194033861   0.5594645143   0.0006884223
   1.7194381952  -0.5598613620   0.0005333382
   0.4756873250  -1.4638051987  -0.9498150349
  -0.5831611753  -1.7854640484  -0.9328851104
  -1.2378430367  -0.9001891017  -0.9492596388
  -1.8716572523  -0.0001805868  -0.9351471066
  -1.2378989458   0.8998711705  -0.9490103722
  -0.5832720995   1.7851822376  -0.9323906302
   0.4755962789   1.4635940790  -0.9494096041
   1.5218774080   1.1068549156  -0.9394713640
   1.5398106575  -0.0000723466  -0.9501562119
   1.5219463110  -1.1070036888  -0.9397779703
  -0.2953919470  -0.9040463567  -1.5382397175
  -0.9496960640  -0.0000682076  -1.5396859646
  -0.2954481542   0.9039502144  -1.5379893780
   0.7678949833   0.5601836443  -1.5391143560
   0.7679298520  -0.5602132678  -1.5392694473
  -0.0035350227   0.0000392835  -2.1034114361
  -0.0176084060  -0.0006890066   3.1504495144
   0.2761032283  -0.9005731940   2.5937902927
  -0.7782216668  -0.5543876290   2.5915987492
  -0.7782560587   0.5531172752   2.5917520523
   0.2760473192   0.8993676305   2.5940396786
   0.9323714972  -0.0005829774   2.5979530811
   1.2349981070  -0.9072680473   2.0349020958
   0.5681355000  -1.7983738184   2.0183315277
  -0.4870392978  -1.4617205858   2.0280182362
  -1.5353193283  -1.1045616865   2.0131204128
  -1.5470092297  -0.0005803359   2.0240347385
  -1.5353878736   1.1034046412   2.0134263039
  -0.4871300459   1.4606245756   2.0284230709
   0.5680238008   1.7973458767   2.0188298225
   1.2349418402   0.9062770009   2.0351533890
   1.8842456341  -0.0004750012   2.0324175358
   2.1966021061  -0.9166175723   1.4549880028
   1.5400990248  -1.8172018528   1.4541913271
   0.8660531044  -2.7008624077   1.4361597300
  -0.1919781119  -2.3510284424   1.4377293587
  -1.2419388294  -2.0042588711   1.4339891672
  -2.2799565792  -1.6454738379   1.4216498137
  -2.2978465557  -0.5508881807   1.4297617674
  -2.2978808880   0.5498455167   1.4299142361
  -2.2800586224   1.6444345713   1.4221054316
  -1.2420632839   2.0032804012   1.4345443249
  -0.1921241283   2.3501143456   1.4383807182
   0.8658851981   2.7000143528   1.4369078875
   1.5399860144   1.8163908720   1.4546948671
   2.1965451241   0.9158471823   1.4552420378
   2.8335072994  -0.0003669613   1.4667098522
   2.0453493595  -1.4913696051   0.4944132864
   1.3638325930  -2.3880693913   0.4867557585
   0.2807337940  -2.7330212593   0.4916997850
  -0.7814758420  -2.3741126060   0.4941302538
  -1.8289129734  -2.0094316006   0.4879360795
  -2.4815964699  -1.1059257984   0.4868379533
  -2.4996969700  -0.0003972716   0.4892180562
  -2.4816651344   1.1051329374   0.4871441424
  -1.8290376663   2.0086789131   0.4884926677
  -0.7816233039   2.3734233379   0.4947879314
   0.2805639207   2.7323985100   0.4924568236
   1.3636840582   2.3875153065   0.4874173403
   2.0452566147   1.4908560514   0.4948265254
   2.6891548634   0.5655544996   0.4960362911
   2.6891901493  -0.5660282373   0.4958794713
   1.8470450640  -2.0456359386  -0.4719489515
   0.7773055434  -2.4132070541  -0.4747811556
  -0.3045319915  -2.7355308533  -0.4568209648
  -1.3685085773  -2.3673586845  -0.4532797933
  -2.0294120312  -1.4692550898  -0.4602051675
  -2.6732213497  -0.5584163070  -0.4551783204
  -2.6732559204   0.5578725338  -0.4550237954
  -2.0295033455   1.4687526226  -0.4597982764
  -1.3686555624   2.3668954372  -0.4526240230
  -0.3047019839   2.7351343632  -0.4560632706
   0.7771554589   2.4128830433  -0.4741127193
   1.8469177485   2.0453779697  -0.4713822901
   2.5123901367   1.1292040348  -0.4689387083
   2.5347888470  -0.0001071117  -0.4750736952
   2.5124604702  -1.1294213533  -0.4692516327
   1.2494869232  -2.0472757816  -1.4343106747
   0.1731592119  -2.3948121071  -1.4267811775
  -0.9105891585  -2.7220711708  -1.3941258192
  -1.5663698912  -1.8195748329  -1.4199634790
  -2.2185811996  -0.9154896140  -1.4201186895
  -2.8707790375  -0.0001489130  -1.3880649805
  -2.2186379433   0.9152411222  -1.4198651314
  -1.5664830208   1.8193669319  -1.4194595814
  -0.9107583761   2.7218968868  -1.3933719397
   0.1730102897   2.3947141171  -1.4261178970
   1.2493596077   2.0472471714  -1.4337435961
   2.3117067814   1.6839306355  -1.4245873690
   2.3306300640   0.5628095269  -1.4355688095
   2.3306651115  -0.5627704263  -1.4357247353
   2.3118116856  -1.6838957071  -1.4250538349
   0.4771033525  -1.4948428869  -2.0467743874
  -0.6062213778  -1.8289829493  -2.0215082169
  -1.2763307095  -0.9218292832  -2.0429208279
  -1.9294921160  -0.0000320822  -2.0206885338
  -1.2763880491   0.9218118787  -2.0426654816
  -0.6063351035   1.8290011883  -2.0210015774
   0.4770103693   1.4949356318  -2.0463604927
   1.5483313799   1.1307722330  -2.0325379372
   1.5644680262   0.0000805956  -2.0489790440
   1.5484017134  -1.1306165457  -2.0328509808
  -0.3063099682  -0.9178488255  -2.6216521263
  -0.9718210697   0.0000809488  -2.6218636036
  -0.3063670695   0.9180520177  -2.6213977337
   0.7729282975   0.5679566264  -2.6242580414
   0.7729636431  -0.5676854253  -2.6244153976
  -0.0083556073   0.0001903106  -3.1950461864
  -0.5038045645   1.4746369123   3.1240127087
  -3.0942816734  -1.1119077206   1.9282318354
  -1.2706918716  -2.0334429741   2.5376832485
  -1.5626118183   1.1161464453   3.1077642441
   0.2681369781  -0.9080174565   3.6912324429
  -3.0848169327  -2.2233963013   1.9255325794
  -3.4924061298  -0.0003645417   0.0306511354
  -3.0943508148   1.1106777191   1.9285396338
  -2.1621952057   2.9459829330   0.0380462296
  -2.1620123386  -2.9466314316   0.0372299887
  -2.0311541557  -2.5796101093   1.9346065521
   0.2680806220   0.9065072536   3.6914837360
  -2.3243906498   1.6696559191   2.5183062553
  -3.0228679180   1.4922630787  -0.9196485877
  -3.4761090279   1.1211482286   0.0329688229
  -2.3656773567  -2.4039108753  -0.9188490510
   1.8857380152  -0.0006271674   3.1301493645
  -3.1004052162  -0.0006155844   1.9309427738
   0.5598371029   1.8125240803   3.1188275814
   0.0802210048  -3.2789332867   1.9495024681
   0.9291290641  -0.0007352799   3.6962125301
  -3.2805685997  -1.6735198498   0.9789445400
  -3.3025305271  -0.5584318042   0.9829452634
  -3.0849549770   2.2221672535   1.9261482954
  -0.7953065634  -0.5600186586   3.6860556602
  -0.2117905468   2.3805098534   2.5442917347
  -1.5728321075  -2.9537575245   0.9928216338
  -2.6237437725   2.5839087963   0.9823493958
  -0.0270471238  -0.0008433616   4.2622575760
  -3.2806725502   1.6725411415   0.9794079065
  -0.9775056243   2.9304440022   1.9449323416
  -2.8295783997  -2.0430955887   0.0315800533
  -1.1065382957   3.3151357174   0.0454907529
  -1.5730154514   2.9528806210   0.9936398864
   1.2312421799   0.9125218987   3.1355276108
  -1.1063325405  -3.3157207966   0.0445720926
  -2.0313141346   2.5784440041   1.9353210926
  -3.4760396481  -1.1218768358   0.0326583050
   1.2312989235  -0.9138182998   3.1352744102
  -0.7953413129   0.5584439635   3.6862106323
   0.5599496961  -1.8138574362   3.1183252335
  -3.0227754116  -1.4926997423  -0.9200618267
   2.1910212040  -0.9161984324   2.5644240379
  -1.5625424385  -1.1176084280   3.1074547768
  -2.3400647640   0.5565627813   2.5316739082
  -2.3242869377  -1.6710017920   2.5178434849
  -1.2708181143   2.0321569443   2.5382463932
  -0.5157864690   3.3079106808   1.0013610125
   1.5266102552   1.8218735456   2.5611352921
  -0.5155810118  -3.3087239265   1.0004442930
  -0.9773235917  -2.9315474033   1.9441201687
  -0.5037129521  -1.4760376215   3.1236038208
  -3.3025650978   0.5574507713   0.9830997586
   2.1909642220   0.9151198864   2.5646779537
  -2.6235835552  -2.5848474503   0.9816334248
  -2.8297052383   2.0424072742   0.0321458541
  -2.3400301933  -0.5579132438   2.5315196514
   0.8517083526  -2.7179963589   2.5383677483
   1.5267235041  -1.8229923248   2.5606303215
  -2.3658263683   2.4035146236  -0.9181832075
  -1.5729312897  -0.0007327218   3.1179673672
  -0.2116426975  -2.3817319870   2.5436317921
   0.8515396714   2.7168416977   2.5391206741
   0.0800173432   3.2778940201   1.9504110813
