
   0.0122049823  -0.0001260751  -0.0158586651
   0.0055251629  -0.0003155253   1.0158073902
   0.2956997752  -0.8792829514   0.4491012394
  -0.7345631123  -0.5379655957   0.4504519403
  -0.7346949577   0.5383685827   0.4497779906
   0.2961413264   0.8783070445   0.4497625232
   0.9332659245  -0.0004747342   0.4525980353
  -0.2779892683  -0.8804122806  -0.4726830125
  -0.9142762423  -0.0010219947  -0.4748786688
  -0.2786234021   0.8802415729  -0.4723698199
   0.7577968240   0.5466674566  -0.4723532498
   0.7580115795  -0.5465381145  -0.4725345969
   0.0055577205   0.0001901446  -1.0469907522
  -0.0063019060  -0.0005384492   2.0720791817
   0.2883431315  -0.8943588734   1.5150672197
  -0.7592995167  -0.5496065021   1.5166455507
  -0.7593249083   0.5489590764   1.5162976980
   0.2884742916   0.8933215141   1.5156365633
   0.9380835891  -0.0006325850   1.5176177025
   1.2419017553  -0.9015254974   0.9449920654
   0.5798606277  -1.7785038948   0.9322699308
  -0.4656801224  -1.4421322346   0.9390667677
  -1.4993851185  -1.0852147341   0.9315088987
  -1.5150490999  -0.0000498940   0.9389979839
  -1.4994161129   1.0852069855   0.9308089614
  -0.4654640555   1.4415012598   0.9391993284
   0.5807093978   1.7770838737   0.9335991740
   1.2423568964   0.9001954794   0.9455670714
   1.8725304604  -0.0007241838   0.9416040182
   1.0646409988  -1.4617979527  -0.0035257135
   0.0020453548  -1.8022408485  -0.0021374945
  -1.0483088493  -1.4436820745   0.0002072210
  -1.6963133812  -0.5485621095  -0.0005479991
  -1.6961715221   0.5474323630  -0.0009414604
  -1.0493354797   1.4454016685  -0.0009201262
   0.0029994461   1.8006869555  -0.0008517959
   1.0652074814   1.4610565901  -0.0025990759
   1.7192894220   0.5594879985   0.0000468614
   1.7193398476  -0.5602257848  -0.0001374623
   0.4762682319  -1.4632769823  -0.9497231245
  -0.5821622610  -1.7839787006  -0.9335423112
  -1.2382371426  -0.9018754959  -0.9493653178
  -1.8679053783  -0.0017552491  -0.9369042516
  -1.2384052277   0.8988467455  -0.9491642118
  -0.5841447115   1.7845001221  -0.9323670268
   0.4753302038   1.4636815786  -0.9491490722
   1.5218397379   1.1073222160  -0.9396335483
   1.5399149656   0.0002111336  -0.9505388141
   1.5222281218  -1.1069129705  -0.9400317669
  -0.2944213152  -0.9034075141  -1.5382320881
  -0.9474206567  -0.0010524098  -1.5400511026
  -0.2953702211   0.9037926793  -1.5378892422
   0.7685173750   0.5607956052  -1.5393561125
   0.7688740492  -0.5599250793  -1.5395389795
  -0.0018508998   0.0004103141  -2.1035850048
  -0.0181176327  -0.0007489015   3.1508052349
   0.2756596804  -0.9007112384   2.5937926769
  -0.7784333825  -0.5545373559   2.5924310684
  -0.7784128785   0.5534259081   2.5922758579
   0.2757309675   0.8993194103   2.5942952633
   0.9310839772  -0.0008066608   2.5976717472
   1.2344313860  -0.9072191715   2.0351960659
   0.5679609179  -1.7984652519   2.0179164410
  -0.4872657061  -1.4619170427   2.0281374454
  -1.5353875160  -1.1044398546   2.0141916275
  -1.5468051434  -0.0003574161   2.0252103806
  -1.5353677273   1.1037089825   2.0137708187
  -0.4871561527   1.4608591795   2.0284445286
   0.5683232546   1.7970780134   2.0191056728
   1.2345938683   0.9056807160   2.0357201099
   1.8773230314  -0.0008431689   2.0275824070
   2.1985106468  -0.9135394692   1.4586448669
   1.5405542850  -1.8163591623   1.4544937611
   0.8656012416  -2.7006502151   1.4351727962
  -0.1926382780  -2.3510158062   1.4368926287
  -1.2425774336  -2.0036609173   1.4340072870
  -2.2804636955  -1.6442695856   1.4225931168
  -2.2977411747  -0.5503166318   1.4316568375
  -2.2977097034   0.5498924255   1.4314157963
  -2.2804563046   1.6438664198   1.4219605923
  -1.2423932552   2.0030276775   1.4339692593
  -0.1920479983   2.3497350216   1.4378273487
   0.8667384982   2.6990022659   1.4371130466
   1.5413708687   1.8146464825   1.4557064772
   2.1989474297   0.9117314219   1.4591546059
   2.8353812695  -0.0010160047   1.4530699253
   2.0453183651  -1.4910329580   0.4954987168
   1.3633089066  -2.3881678581   0.4864708781
   0.2786591053  -2.7330851555   0.4905286431
  -0.7833366394  -2.3730618954   0.4938177168
  -1.8301196098  -2.0067310333   0.4883809686
  -2.4816644192  -1.1038384438   0.4879134595
  -2.4988489151  -0.0005701645   0.4917068183
  -2.4815859795   1.1027945280   0.4873464704
  -1.8306279182   2.0071449280   0.4876293540
  -0.7828400731   2.3725035191   0.4940060377
   0.2803875506   2.7315189838   0.4927224219
   1.3644002676   2.3869020939   0.4880998135
   2.0458858013   1.4897847176   0.4963408709
   2.6889984608   0.5661955476   0.4937157631
   2.6889674664  -0.5675643086   0.4935265481
   1.8465174437  -2.0457320213  -0.4717363119
   0.7753484845  -2.4136247635  -0.4746345282
  -0.3109526038  -2.7365829945  -0.4583405852
  -1.3676763773  -2.3582296371  -0.4512813091
  -2.0312905312  -1.4668779373  -0.4590977728
  -2.6678247452  -0.5538781881  -0.4529965222
  -2.6675999165   0.5513269901  -0.4532535970
  -2.0314345360   1.4654401541  -0.4597986639
  -1.3713632822   2.3649215698  -0.4538227320
  -0.3060894608   2.7341315746  -0.4557822943
   0.7768619657   2.4126451015  -0.4734746516
   1.8471040726   2.0453367233  -0.4706810117
   2.5122423172   1.1296049356  -0.4693462253
   2.5346901417  -0.0002383682  -0.4757758975
   2.5124018192  -1.1301184893  -0.4696858823
   1.2500396967  -2.0471837521  -1.4340076447
   0.1752037108  -2.3937320709  -1.4267442226
  -0.9013154507  -2.7156047821  -1.4014025927
  -1.5673950911  -1.8243939877  -1.4179644585
  -2.2209246159  -0.9185390472  -1.4183212519
  -2.8516218662  -0.0022657593  -1.4033524990
  -2.2215187550   0.9139652848  -1.4184906483
  -1.5678660870   1.8174917698  -1.4196568727
  -0.9121567011   2.7207815647  -1.3933761120
   0.1721115857   2.3945300579  -1.4256289005
   1.2489745617   2.0477497578  -1.4332530499
   2.3115396500   1.6847417355  -1.4245004654
   2.3306558132   0.5633469224  -1.4357994795
   2.3308575153  -0.5626392365  -1.4359827042
   2.3120813370  -1.6841033697  -1.4250975847
   0.4780718982  -1.4943048954  -2.0468320847
  -0.6051511168  -1.8268973827  -2.0226938725
  -1.2765403986  -0.9238500595  -2.0416693687
  -1.9238723516  -0.0019212409  -2.0238206387
  -1.2767356634   0.9207730889  -2.0422234535
  -0.6071411967   1.8284281492  -2.0209021568
   0.4767850339   1.4953072071  -2.0461745262
   1.5485810041   1.1317100525  -2.0327136517
   1.5650312901   0.0006533279  -2.0493540764
   1.5491899252  -1.1304954290  -2.0331006050
  -0.3052885830  -0.9172399044  -2.6216654778
  -0.9695662856  -0.0008828323  -2.6223430634
  -0.3062110543   0.9179579616  -2.6212635040
   0.7737631798   0.5688300729  -2.6245989799
   0.7741766572  -0.5673847795  -2.6247980595
  -0.0067178118   0.0006028056  -3.1954236031
  -0.5038212538   1.4751222134   3.1240675449
  -3.0943038464  -1.1113110781   1.9305783510
  -1.2708911896  -2.0337331295   2.5377852917
  -1.5624160767   1.1168264151   3.1081991196
   0.2677472234  -0.9083274007   3.6912722588
  -3.0854480267  -2.2224597931   1.9267477989
  -3.4903559685  -0.0010191547   0.0392124318
  -3.0942730904   1.1107614040   1.9301389456
  -2.1654477119   2.9430310726   0.0359080210
  -2.1652593613  -2.9405791759   0.0391564555
  -2.0319242477  -2.5789639950   1.9345467091
   0.2677656710   0.9065337181   3.6917338371
  -2.3242256641   1.6701759100   2.5183804035
  -3.0264997482   1.4841082096  -0.9170973897
  -3.4745676517   1.1165070534   0.0363433100
  -2.3701519966  -2.3989372253  -0.9164490700
   1.8811355829  -0.0010050981   3.1302084923
  -3.1001257896  -0.0002694527   1.9335386753
   0.5598529577   1.8124281168   3.1189501286
   0.0793779567  -3.2790532112   1.9475476742
   0.9279969335  -0.0010058652   3.6966493130
  -3.2811906338  -1.6716673374   0.9806767702
  -3.3023707867  -0.5579327345   0.9862481356
  -3.0853271484   2.2219243050   1.9258608818
  -0.7953943610  -0.5602474809   3.6867873669
  -0.2116775066   2.3808338642   2.5438039303
  -1.5751906633  -2.9521572590   0.9919879436
  -2.6253750324   2.5822610855   0.9810742140
  -0.0274834353  -0.0009482947   4.2627353668
  -3.2811141014   1.6706986427   0.9799479246
  -0.9778170586   2.9303150177   1.9436179399
  -2.8318972588  -2.0395212173   0.0324462466
  -1.1095836163   3.3133311272   0.0439387783
  -1.5748237371   2.9517188072   0.9920989871
   1.2307670116   0.9118720293   3.1359264851
  -1.1116627455  -3.3128771782   0.0445070565
  -2.0318191051   2.5782709122   1.9342879057
  -3.4747171402  -1.1185556650   0.0369310379
   1.2307109833  -0.9137610793   3.1354236603
  -0.7953815460   0.5587811470   3.6867313385
   0.5597183704  -1.8141251802   3.1178534031
  -3.0264816284  -1.4869878292  -0.9164386988
   2.1890108585  -0.9150453210   2.5659005642
  -1.5624564886  -1.1179101467   3.1084856987
  -2.3396053314   0.5569715500   2.5330221653
  -2.3242633343  -1.6709209681   2.5188803673
  -1.2708095312   2.0327017307   2.5378692150
  -0.5172282457   3.3070123196   0.9997420907
   1.5269154310   1.8209067583   2.5619137287
  -0.5183041692  -3.3082337379   0.9986066818
  -0.9782454371  -2.9314057827   1.9429984093
  -0.5038672090  -1.4765150547   3.1237170696
  -3.3023221493   0.5568741560   0.9859912395
   2.1890993118   0.9132100940   2.5663752556
  -2.6254003048  -2.5824329853   0.9821995497
  -2.8322203159   2.0382611752   0.0315702483
  -2.3396210670  -0.5576875806   2.5332245827
   0.8514220715  -2.7181882858   2.5373144150
   1.5266788006  -1.8226201534   2.5607748032
  -2.3704259396   2.3973701000  -0.9192221165
  -1.5726777315  -0.0005282302   3.1190946102
  -0.2119194716  -2.3822081089   2.5428826809
   0.8517453671   2.7166318893   2.5391187668
   0.0801309869   3.2775483131   1.9487961531
  -3.6614978313   0.5593765974  -0.9094445109
  -1.7001413107  -3.2953903675  -0.9073770046
  -3.6619911194  -0.5624505281  -0.9089365602
   2.8347675800  -0.0009270364   2.5568521023
