
  -0.0013715051  -0.0009567078  -0.0252221562
  -0.0024488701  -0.0007911396   1.0122531652
   0.2813330591  -0.8712434769   0.4462150335
  -0.7427241206  -0.5383287668   0.4450984299
  -0.7425101399   0.5373013020   0.4449127913
   0.2809988856   0.8692076802   0.4468691647
   0.9136732817  -0.0011137729   0.4467186034
  -0.2857837677  -0.8773544431  -0.4830761552
  -0.9235703349  -0.0004769508  -0.4836856425
  -0.2851218581   0.8758698106  -0.4832411110
   0.7446461916   0.5410985351  -0.4821183085
   0.7457168102  -0.5431519747  -0.4818655550
  -0.0003726730  -0.0013556801  -1.0602148771
  -0.0035327557  -0.0005757037   2.0705549717
   0.2864293158  -0.8903178573   1.5154609680
  -0.7601714134  -0.5500743985   1.5143197775
  -0.7599090338   0.5494471192   1.5141148567
   0.2862575650   0.8889693618   1.5159858465
   0.9327795506  -0.0008355028   1.5159604549
   1.2232613564  -0.8909689188   0.9394193888
   0.5694133043  -1.7604845762   0.9314234257
  -0.4702833593  -1.4401108027   0.9393432736
  -1.4995979071  -1.0878617764   0.9291674495
  -1.5171558857  -0.0000761432   0.9364313483
  -1.4989175797   1.0878013372   0.9287220836
  -0.4697782099   1.4393730164   0.9391196370
   0.5697088242   1.7589167356   0.9320157170
   1.2225586176   0.8892047405   0.9409649372
   1.8482397795  -0.0003389106   0.9323716760
   1.0506056547  -1.4448451996  -0.0037217708
  -0.0042868666  -1.7852411270  -0.0030691004
  -1.0482867956  -1.4458431005  -0.0042074313
  -1.7013478279  -0.5502020717  -0.0067223753
  -1.7009726763   0.5501575470  -0.0070098438
  -1.0469855070   1.4451719522  -0.0046570697
  -0.0027605540   1.7838143110  -0.0034323675
   1.0492248535   1.4418202639  -0.0022853310
   1.6946924925   0.5538693070  -0.0016676678
   1.6973576546  -0.5546187758  -0.0033044587
   0.4734471142  -1.4603838921  -0.9551597238
  -0.5792363286  -1.7815623283  -0.9415183067
  -1.2417856455  -0.9027723074  -0.9570299387
  -1.8762066364  -0.0001280982  -0.9419327378
  -1.2409894466   0.9019604325  -0.9573096633
  -0.5774806738   1.7802554369  -0.9421304464
   0.4743885696   1.4593775272  -0.9555154443
   1.5138342381   1.1003818512  -0.9398501515
   1.5340577364  -0.0001903680  -0.9542838931
   1.5173463821  -1.1033513546  -0.9382325411
  -0.2935371101  -0.9047776461  -1.5485792160
  -0.9514510036  -0.0006907040  -1.5487112999
  -0.2929033935   0.9026927948  -1.5486172438
   0.7688143253   0.5575348735  -1.5474596024
   0.7702423334  -0.5604026318  -1.5468341112
   0.0007029846  -0.0016130795  -2.1234796047
  -0.0046863439  -0.0005114318   3.1477119923
   0.2882934511  -0.8994275331   2.5918140411
  -0.7691588998  -0.5556562543   2.5906610489
  -0.7689580917   0.5552347302   2.5904636383
   0.2881327271   0.8983471990   2.5922369957
   0.9413791299  -0.0007854144   2.5923285484
   1.2415146828  -0.9048945904   2.0282087326
   0.5792923570  -1.7926234007   2.0156419277
  -0.4788365662  -1.4627704620   2.0277040005
  -1.5286256075  -1.1073522568   2.0133433342
  -1.5422558784   0.0000921260   2.0251734257
  -1.5280342102   1.1076127291   2.0128529072
  -0.4785427153   1.4623544216   2.0274894238
   0.5791324377   1.7915403843   2.0161929131
   1.2410150766   0.9033367038   2.0293643475
   1.8813017607  -0.0007415030   2.0165703297
   2.1751797199  -0.9000110626   1.4353078604
   1.5259277821  -1.7936683893   1.4348930120
   0.8638547063  -2.6691410542   1.4255615473
  -0.1856323183  -2.3488159180   1.4356609583
  -1.2358509302  -2.0073964596   1.4345159531
  -2.2730512619  -1.6493521929   1.4221411943
  -2.2937617302  -0.5519108772   1.4307281971
  -2.2933909893   0.5526938438   1.4304355383
  -2.2719154358   1.6502231359   1.4213267565
  -1.2347358465   2.0075786114   1.4337410927
  -0.1846737117   2.3483128548   1.4351305962
   0.8646714687   2.6678884029   1.4258887768
   1.5254718065   1.7923549414   1.4369952679
   2.1744310856   0.8992793560   1.4374582767
   2.8032181263   0.0003283225   1.4268604517
   2.0187017918  -1.4682824612   0.4925407767
   1.3495801687  -2.3537845612   0.4896926880
   0.2846971154  -2.6984329224   0.4903438389
  -0.7736414075  -2.3747432232   0.4943522811
  -1.8199915886  -2.0142114162   0.4880489707
  -2.4786326885  -1.1092561483   0.4855186045
  -2.4991335869   0.0004381156   0.4876147509
  -2.4777760506   1.1101628542   0.4849030674
  -1.8181020021   2.0144908428   0.4871651232
  -0.7713330388   2.3742396832   0.4932782054
   0.2874388099   2.6969673634   0.4894673526
   1.3505008221   2.3513722420   0.4906264842
   2.0170829296   1.4677426815   0.4963185787
   2.6522064209   0.5612209439   0.4920393527
   2.6539945602  -0.5581442714   0.4904985130
   1.8328911066  -2.0263316631  -0.4542319477
   0.7700980902  -2.3844361305  -0.4589456916
  -0.2991786897  -2.7093396187  -0.4514876902
  -1.3522914648  -2.3669791222  -0.4526359737
  -2.0260837078  -1.4754147530  -0.4619945288
  -2.6751320362  -0.5608010888  -0.4591473043
  -2.6746695042   0.5616102219  -0.4595017135
  -2.0245969296   1.4756900072  -0.4626175761
  -1.3494576216   2.3666651249  -0.4535491467
  -0.2951524556   2.7079229355  -0.4529791772
   0.7738918066   2.3823246956  -0.4591453075
   1.8300191164   2.0170426369  -0.4506619871
   2.4821007252   1.1210491657  -0.4493713677
   2.5042629242   0.0033855587  -0.4576795101
   2.4925398827  -1.1182178259  -0.4538676143
   1.2549579144  -2.0507750511  -1.4204450846
   0.1873931289  -2.4002459049  -1.4194282293
  -0.8825981021  -2.7162613869  -1.4029989243
  -1.5621768236  -1.8314713240  -1.4213359356
  -2.2201504707  -0.9210385680  -1.4242341518
  -2.8715567589   0.0002164274  -1.3928512335
  -2.2192888260   0.9209163785  -1.4246041775
  -1.5603636503   1.8307554722  -1.4220106602
  -0.8798563480   2.7148113251  -1.4042283297
   0.1898950040   2.3988802433  -1.4202378988
   1.2578767538   2.0516860485  -1.4190733433
   2.3088717461   1.6781753302  -1.4007515907
   2.3394618034   0.5629462004  -1.4177584648
   2.3374040127  -0.5604364872  -1.4196357727
   2.3235073090  -1.6886669397  -1.3871867657
   0.4878267348  -1.5014103651  -2.0469391346
  -0.5949491262  -1.8335381746  -2.0275855064
  -1.2753882408  -0.9282000661  -2.0488617420
  -1.9302716255  -0.0003453585  -2.0264251232
  -1.2746595144   0.9269345999  -2.0491290092
  -0.5932971239   1.8316984177  -2.0281023979
   0.4887588918   1.4999213219  -2.0467216969
   1.5590194464   1.1319935322  -2.0257556438
   1.5781302452  -0.0004898260  -2.0460186005
   1.5630869865  -1.1360148191  -2.0226161480
  -0.2986955941  -0.9242725372  -2.6300530434
  -0.9708297849  -0.0008987552  -2.6294579506
  -0.2981376052   0.9218626022  -2.6298444271
   0.7864530087   0.5692688823  -2.6286618710
   0.7879256010  -0.5726593137  -2.6275401115
  -1.5482628345  -1.1203098297   3.1074635983
   0.5843983293   3.6281552315   0.9858427048
  -2.0150945187   2.5864365101   1.9336988926
  -3.0925147533   0.0008316872   1.9328672886
  -3.0721085072  -2.2286274433   1.9269149303
   3.1450135708   0.9089170694   1.9393252134
  -2.3526637554  -2.4176008701  -0.9123225808
  -1.0752952099   3.3176836967   0.0435479730
  -1.2552678585  -2.0382494926   2.5376164913
  -0.4890027046  -3.3074524403   0.9932385087
  -3.0855786800  -1.1147266626   1.9304976463
   0.4810913801  -3.3388373852  -0.9092327952
   0.2900657058  -0.9083721638   3.6854052544
  -0.0032102689   3.6458435059   0.0418282039
   1.5657702684   2.9856960773  -0.9095569849
   1.8344295025  -2.7141911983   1.9358621836
   3.1458144188  -0.9091306329   1.9366505146
  -1.5478239059   1.1206433773   3.1069588661
  -2.3306035995   0.5599688292   2.5339429379
  -2.3309178352  -0.5589961410   2.5342333317
   0.2898432314   0.9072764516   3.6857724190
  -2.3497664928   2.4183127880  -0.9132545590
  -1.0797872543  -3.3179636002   0.0455872566
  -3.0705404282   2.2303857803   1.9256930351
  -2.6061604023   2.5937452316   0.9823671579
  -0.0084864488  -3.6475541592   0.0441957638
  -1.5605822802   0.0001172319   3.1194608212
   2.4960272312  -1.8159689903   1.9389607906
   1.5548338890  -2.9917094707  -0.9122488499
   0.1062175706   3.2748785019   1.9363933802
   2.4949543476   1.8150831461   1.9425206184
   1.9028129578  -0.0011374203   3.1107211113
  -2.1400969028  -2.9545807838   0.0418715551
   2.8218328953  -2.0513052940   0.0388987102
   2.1444458961   2.9476535320   0.0441699103
  -0.4859291017   3.3070614338   0.9914709926
  -1.5533194542  -2.9614496231   0.9920780063
  -3.0153391361   1.5066545010  -0.9179800153
  -0.9579027891  -2.9366889000   1.9400326014
   1.2541941404  -0.9149492383   3.1225299835
  -3.0170080662  -1.5054316521  -0.9172338247
   1.5496380329  -1.8205410242   2.5384645462
   1.2537009716   0.9131911397   3.1235454082
   2.3337931633   2.3903870583   0.9945454597
   0.9496662617  -0.0008993984   3.6859331131
   0.1050712392  -3.2751708031   1.9372963905
   2.2073798180  -0.9153016806   2.5388910770
   1.1685237885  -3.6072311401   1.9315387011
   0.5814451575  -3.6295862198   0.9871791005
   1.0716140270  -3.3181998730   0.0387854278
  -0.4852401912  -1.4787985086   3.1218636036
   2.1431219578  -2.9523999691   0.0401949473
   1.8340588808   2.7131679058   1.9382773638
   2.8186061382   2.0518004894   0.0477937050
   0.5853981376  -1.8139499426   3.1097900867
   0.8776168823   2.7113881111   2.5228621960
   1.5487811565   1.8190242052   2.5402603149
   2.8480317593  -0.0008301280   2.5237085819
  -0.1902458221  -2.3844816685   2.5387778282
   0.8779156208  -2.7122366428   2.5223982334
   0.5849161744   1.8130010366   3.1103565693
  -0.1900203526   2.3842978477   2.5383644104
  -0.4851666987   1.4784862995   3.1216495037
   1.6555780172  -3.2811589241   0.9859641790
  -3.2724442482  -1.6790891886   0.9805908799
  -3.4906756878   0.0008523682   0.0320158377
  -3.0848207474   1.1164104939   1.9298568964
  -2.8200302124  -2.0530502796   0.0345421545
  -1.2545888424   2.0386946201   2.5368638039
  -3.4706220627   1.1288433075   0.0333258025
  -3.2711303234   1.6808921099   0.9796072245
  -2.3110065460   1.6763415337   2.5180835724
  -0.7780089974  -0.5611476302   3.6842408180
  -2.0167033672  -2.5853950977   1.9349828959
  -0.7778848410   0.5607168674   3.6840496063
  -2.1366016865   2.9552655220   0.0405108370
  -3.4715960026  -1.1270898581   0.0340729170
   0.4890913963   3.3357176781  -0.9107309580
   1.0767019987   3.3154461384   0.0378157720
  -0.9564520717   2.9371140003   1.9387573004
   2.2066104412   0.9134799838   2.5406377316
   2.3344428539  -2.3908860683   0.9905838370
  -0.0059116459  -0.0005620758   4.2563767433
  -2.6085450649  -2.5925400257   0.9837008715
   1.6569073200   3.2794890404   0.9870121479
   2.9935402870  -1.4836105108   0.9909422994
   2.9918663502   1.4851970673   0.9954181314
  -2.8179976940   2.0543093681   0.0335336290
  -3.2980241776  -0.5598056316   0.9844424725
  -2.3119294643  -1.6752377748   2.5189201832
  -3.2976086140   0.5616033077   0.9840826988
  -1.5504873991   2.9618883133   0.9904653430
   1.1692194939   3.6063854694   1.9317793846
   3.3247110844  -0.5544568300  -0.9110670686
   3.6292593479   0.5666486025   0.9891659617
   3.3224580288   0.5743075013  -0.9070698023
   3.4639122486   1.1345728636   0.0466173813
   3.7893335819   0.0002828289   1.9331727028
   3.4689133167  -1.1271570921   0.0408923589
   3.4852614403   0.0051586321   0.0404064171
   3.6303186417  -0.5627265573   0.9871322513
  -0.5916768909   3.6554687023  -0.9047220945
  -1.6627092361   3.3101260662  -0.9045235515
   2.6279423237   2.6087903976  -0.9012115598
   3.2911496162   1.6996569633  -0.8991220593
  -0.5980946422  -3.6574900150  -0.9020290971
  -1.6671805382  -3.3099367619  -0.9031947851
