
  -0.0011313794  -0.0002095437  -0.0226015057
  -0.0022504374  -0.0001796739   1.0143857002
   0.2809671760  -0.8704294562   0.4481440485
  -0.7419496179  -0.5378876328   0.4470306039
  -0.7417823672   0.5377258062   0.4469997883
   0.2812378407   0.8699495792   0.4480941296
   0.9133318663  -0.0003382402   0.4488013983
  -0.2855185866  -0.8765375018  -0.4817769527
  -0.9220940471  -0.0000795155  -0.4824890792
  -0.2852460742   0.8761805296  -0.4818271101
   0.7449231148   0.5412809849  -0.4807057679
   0.7447546721  -0.5419583321  -0.4806746840
  -0.0000163163  -0.0002392969  -1.0558810234
  -0.0033919127  -0.0001491688   2.0721559525
   0.2862078249  -0.8900882006   1.5170127153
  -0.7598530054  -0.5500224233   1.5158741474
  -0.7596819401   0.5499273539   1.5158425570
   0.2864846289   0.8896679282   1.5169616938
   0.9328800440  -0.0003106467   1.5176849365
   1.2226172686  -0.8903337717   0.9416636825
   0.5693206191  -1.7599542141   0.9322906137
  -0.4702746272  -1.4400970936   0.9398526549
  -1.4992053509  -1.0874934196   0.9300390482
  -1.5162625313   0.0000535510   0.9386823773
  -1.4988671541   1.0875947475   0.9299767613
  -0.4698267579   1.4398789406   0.9397701025
   0.5698679686   1.7594124079   0.9321896434
   1.2228940725   0.8895893097   0.9416126013
   1.8480782509  -0.0004697063   0.9336199164
   1.0489763021  -1.4423544407  -0.0020081974
  -0.0036077099  -1.7841789722  -0.0031342960
  -1.0482057333  -1.4445887804  -0.0042713503
  -1.6985664368  -0.5491509438  -0.0049989223
  -1.6983956099   0.5492606759  -0.0050303349
  -1.0477566719   1.4444962740  -0.0043540774
  -0.0030529147   1.7837617397  -0.0032365306
   1.0494247675   1.4416098595  -0.0020908993
   1.6949163675   0.5528758168  -0.0013686531
   1.6947442293  -0.5538212061  -0.0013368716
   0.4737277627  -1.4593757391  -0.9553150535
  -0.5786498189  -1.7797669172  -0.9422491193
  -1.2414190769  -0.9017956257  -0.9571820498
  -1.8713426590   0.0000548776  -0.9436952472
  -1.2411386967   0.9017086625  -0.9572336078
  -0.5780964494   1.7794747353  -0.9423509836
   0.4741815031   1.4587554932  -0.9553986192
   1.5138665438   1.0993947983  -0.9400738478
   1.5340272188  -0.0004749885  -0.9542127848
   1.5135244131  -1.1003376245  -0.9400107861
  -0.2931123972  -0.9034642577  -1.5473152399
  -0.9492258430  -0.0001057728  -1.5480490923
  -0.2928315401   0.9030486941  -1.5473668575
   0.7689559460   0.5578702688  -1.5462110043
   0.7687823176  -0.5586161017  -1.5461790562
   0.0011231615  -0.0002696351  -2.1117660999
  -0.0045538568  -0.0001180872   3.1489024162
   0.2880839705  -0.8994097710   2.5930147171
  -0.7689704895  -0.5557700396   2.5918641090
  -0.7687976360   0.5557395816   2.5918323994
   0.2883636355   0.8990506530   2.5929632187
   0.9415524006  -0.0002811329   2.5936939716
   1.2412110567  -0.9046695828   2.0299985409
   0.5788345337  -1.7928215265   2.0163049698
  -0.4790043533  -1.4633061886   2.0281584263
  -1.5283620358  -1.1077892780   2.0140113831
  -1.5418746471   0.0000887185   2.0269691944
  -1.5280175209   1.1079616547   2.0139479637
  -0.4785492420   1.4631531239   2.0280745029
   0.5793921351   1.7923388481   2.0162022114
   1.2414923906   0.9039817452   2.0299468040
   1.8814982176  -0.0004438284   2.0176591873
   2.1747200489  -0.9000300169   1.4373100996
   1.5254187584  -1.7934249640   1.4366351366
   0.8639710546  -2.6688981056   1.4251458645
  -0.1856627613  -2.3490953445   1.4348046780
  -1.2359764576  -2.0076470375   1.4336613417
  -2.2729904652  -1.6490976810   1.4217312336
  -2.2932031155  -0.5520223379   1.4324785471
  -2.2930314541   0.5523992777   1.4324469566
  -2.2724776268   1.6494677067   1.4216369390
  -1.2353520393   2.0076951981   1.4335463047
  -0.1849321872   2.3488171101   1.4346698523
   0.8648011088   2.6682927608   1.4249927998
   1.5259765387   1.7926146984   1.4365322590
   2.1749999523   0.8990178108   1.4372584820
   2.8032329082  -0.0006040976   1.4271618128
   2.0172960758  -1.4675532579   0.4956361949
   1.3500686884  -2.3517541885   0.4899863303
   0.2860994339  -2.6972761154   0.4888480604
  -0.7733278871  -2.3738029003   0.4926506579
  -1.8204332590  -2.0124597549   0.4865550697
  -2.4778285027  -1.1073364019   0.4858196378
  -2.4975721836   0.0001932670   0.4907217026
  -2.4774839878   1.1077164412   0.4857562780
  -1.8198074102   2.0126352310   0.4864398539
  -0.7725897431   2.3736534119   0.4925146699
   0.2869381905   2.6967968941   0.4886933863
   1.3508000374   2.3509442806   0.4898514152
   2.0177524090   1.4665359259   0.4955519736
   2.6524958611   0.5587262511   0.4913080037
   2.6523220539  -0.5599413514   0.4913401306
   1.8298493624  -2.0164000988  -0.4513350427
   0.7729010582  -2.3822562695  -0.4596168399
  -0.2973478138  -2.7072031498  -0.4536108971
  -1.3525042534  -2.3641803265  -0.4547594488
  -2.0270633698  -1.4720108509  -0.4626646340
  -2.6668365002  -0.5545644164  -0.4562297463
  -2.6666641235   0.5549494028  -0.4562614560
  -2.0266058445   1.4721964598  -0.4627488554
  -1.3517692089   2.3641567230  -0.4548947513
  -0.2965060771   2.7068512440  -0.4537658989
   0.7736418247   2.3815712929  -0.4597533643
   1.8304765224   2.0153868198  -0.4514506459
   2.4824924469   1.1176698208  -0.4507211149
   2.5038323402  -0.0006116522  -0.4578174353
   2.4821443558  -1.1188859940  -0.4506569207
   1.2568278313  -2.0510699749  -1.4197452068
   0.1885840297  -2.3979799747  -1.4208881855
  -0.8815691471  -2.7131140232  -1.4053252935
  -1.5618025064  -1.8289436102  -1.4227935076
  -2.2218387127  -0.9201840162  -1.4235317707
  -2.8522572517   0.0001941146  -1.4075299501
  -2.2215526104   0.9203752279  -1.4235844612
  -1.5612337589   1.8289296627  -1.4228980541
  -0.8807256818   2.7128894329  -1.4054806232
   0.1893295795   2.3974215984  -1.4210253954
   1.2574654818   2.0501794815  -1.4198627472
   2.3084363937   1.6761189699  -1.4020091295
   2.3390870094   0.5609674454  -1.4186525345
   2.3389122486  -0.5621944070  -1.4186203480
   2.3079149723  -1.6773353815  -1.4019130468
   0.4877069592  -1.4988242388  -2.0474884510
  -0.5939617157  -1.8305059671  -2.0289824009
  -1.2737727165  -0.9261816740  -2.0494058132
  -1.9234898090   0.0000318962  -2.0304696560
  -1.2734847069   0.9260423183  -2.0494587421
  -0.5933926105   1.8301563263  -2.0290870667
   0.4881730080   1.4981371164  -2.0475742817
   1.5581809282   1.1306974888  -2.0267450809
   1.5766493082  -0.0005128552  -2.0463564396
   1.5578290224  -1.1317162514  -2.0266802311
  -0.2971970141  -0.9196498990  -2.6287872791
  -0.9650455117  -0.0001341958  -2.6295342445
  -0.2969110906   0.9191737771  -2.6288397312
   0.7838671207   0.5678216815  -2.6276633739
   0.7836904526  -0.5686338544  -2.6276307106
   0.0022987446  -0.0003009000  -3.2010974884
  -1.5479737520  -1.1211444139   3.1079790592
   0.5838223100   3.6280388832   0.9841312766
  -2.0161168575   2.5863726139   1.9326213598
  -3.0919675827   0.0003270681   1.9352010489
  -3.0719852448  -2.2290019989   1.9254072905
   3.1458082199   0.9082732201   1.9382401705
  -2.3551530838  -2.4111325741  -0.9145462513
  -1.0780807734   3.3158402443   0.0414716788
  -1.2554824352  -2.0395061970   2.5369381905
  -0.4884002507  -3.3069472313   0.9899801612
  -3.0851864815  -1.1152300835   1.9315742254
   0.4869224131  -3.3350679874  -0.9114525914
   0.2898305655  -0.9083895683   3.6863334179
  -0.0048807347   3.6448826790   0.0403228477
   1.5659257174   2.9840080738  -0.9104701877
   1.8338309526  -2.7143621445   1.9369286299
   3.1455254555  -0.9095585942   1.9382922649
  -1.5476250648   1.1213856936   3.1079149246
  -2.3302118778   0.5599952340   2.5357036591
  -2.3303861618  -0.5595434308   2.5357356071
   0.2901130617   0.9080926776   3.6862812042
  -2.3544034958   2.4113943577  -0.9146841168
  -1.0791116953  -3.3159205914   0.0416616313
  -3.0712919235   2.2296493053   1.9252797365
  -2.6081399918   2.5914552212   0.9807168841
  -0.0060141855  -3.6452965736   0.0405316465
  -1.5602225065   0.0001229730   3.1210076809
   2.4952967167  -1.8160467148   1.9412827492
   1.5649975538  -2.9849653244  -0.9102991223
   0.1059026793   3.2754943371   1.9348911047
   2.4958615303   1.8149636984   1.9411785603
   1.9030973911  -0.0004157757   3.1116709709
  -2.1407501698  -2.9513113499   0.0382079668
   2.8191342354  -2.0499730110   0.0458321311
   2.1452243328   2.9459011555   0.0426632538
  -0.4873718917   3.3067376614   0.9897906184
  -1.5534887314  -2.9606957436   0.9888207912
  -3.0207993984   1.4944782257  -0.9153767824
  -0.9581715465  -2.9375538826   1.9375882149
   1.2539174557  -0.9147307873   3.1240708828
  -3.0212638378  -1.4940093756  -0.9152913094
   1.5488985777  -1.8206670284   2.5399582386
   1.2542018890   0.9141018391   3.1240184307
   2.3347675800   2.3892831802   0.9928625822
   0.9498472214  -0.0002510124   3.6870193481
   0.1048838496  -3.2758343220   1.9350790977
   2.2070872784  -0.9150434732   2.5406424999
   1.1682270765  -3.6074600220   1.9300227165
   0.5826938748  -3.6285820007   0.9843392968
   1.0754441023  -3.3155155182   0.0367181040
  -0.4854924381  -1.4796006680   3.1222100258
   2.1443078518  -2.9469838142   0.0428322628
   1.8346750736   2.7134845257   1.9367729425
   2.8197717667   2.0486805439   0.0457145236
   0.5846899152  -1.8144558668   3.1103005409
   0.8779356480   2.7123682499   2.5218930244
   1.5494647026   1.8199126720   2.5398538113
   2.8483619690  -0.0005796574   2.5240979195
  -0.1907923520  -2.3856282234   2.5380971432
   0.8770918846  -2.7129147053   2.5220487118
   0.5852542520   1.8140341043   3.1101963520
  -0.1900503635   2.3854148388   2.5379602909
  -0.4850322902   1.4795125723   3.1221251488
   1.6562793255  -3.2799372673   0.9854878783
  -3.2722823620  -1.6777023077   0.9801231027
  -3.4877228737   0.0003342740   0.0389670618
  -3.0848395824   1.1158818007   1.9315104485
  -2.8215377331  -2.0486388206   0.0324762054
  -1.2548480034   2.0396237373   2.5368213654
  -3.4690217972   1.1226857901   0.0366575457
  -3.2717607021   1.6783577204   0.9800271392
  -2.3111248016   1.6767270565   2.5184819698
  -0.7778162956  -0.5613063574   3.6851711273
  -2.0169210434  -2.5860531330   1.9327694178
  -0.7776417136   0.5613414645   3.6851389408
  -2.1398327351   2.9515609741   0.0380390622
  -3.4693708420  -1.1220232248   0.0367217213
   0.4879593551   3.3344459534  -0.9116435647
   1.0764751434   3.3147649765   0.0365280397
  -0.9572579265   2.9375443459   1.9374197721
   2.2073717117   0.9140845537   2.5405900478
   2.3340241909  -2.3903706074   0.9929997325
  -0.0057498403  -0.0000860385   4.2572093010
  -2.6089456081  -2.5910060406   0.9808651805
   1.6572993994   3.2790603638   0.9852997661
   2.9924592972  -1.4844083786   0.9936842322
   2.9929208755   1.4831162691   0.9935990572
  -2.8209006786   2.0490996838   0.0323589891
  -3.2973814011  -0.5596469641   0.9868699312
  -2.3116462231  -1.6762821674   2.5185778141
  -3.2972073555   0.5603105426   0.9868378639
  -1.5525680780   2.9608173370   0.9886512160
   1.1693489552   3.6067891121   1.9298158884
   3.3219614029  -0.5675011873  -0.9084726572
   3.6295185089   0.5636437535   0.9875066280
   3.3221378326   0.5659973621  -0.9085052013
   3.4643480778   1.1296880245   0.0441392623
   3.7895157337  -0.0007430036   1.9327478409
   3.4639964104  -1.1311813593   0.0442041978
   3.4845485687  -0.0007500159   0.0392225273
   3.6293430328  -0.5651343465   0.9875390530
  -0.5942505598   3.6536450386  -0.9060708880
  -1.6662327051   3.3055207729  -0.9072176218
   2.6289415359   2.6058115959  -0.9025623798
   3.2912874222   1.6938717365  -0.9018213153
   3.2907602787  -1.6953654289  -0.9017240405
   2.6281306744  -2.6070992947  -0.9024129510
  -3.6588013172   0.5638798475  -0.9092887044
  -3.6589765549  -0.5632123947  -0.9092565179
  -0.5953866243  -3.6539299488  -0.9058616757
  -1.6672602892  -3.3054726124  -0.9070283771
