
   0.0224100016   0.0000900052   0.0015396613
   0.0118330196   0.0001030613   1.0261533260
   0.3061729372  -0.8759852052   0.4598059654
  -0.7288922668  -0.5388861299   0.4582450092
  -0.7287369370   0.5390749574   0.4581719339
   0.3062331676   0.8761994243   0.4597887397
   0.9460865259   0.0001051958   0.4624708593
  -0.2708119452  -0.8716126680  -0.4570754170
  -0.9050161839   0.0001291884  -0.4553827941
  -0.2707342505   0.8718531132  -0.4570937753
   0.7686302662   0.5425208211  -0.4575549066
   0.7686114311  -0.5423083305  -0.4575594962
   0.0129802506   0.0001254152  -1.0239504576
  -0.0051221219   0.0001348181   2.0760958195
   0.2922948301  -0.8948904276   1.5191441774
  -0.7576871514  -0.5504680872   1.5173006058
  -0.7575473189   0.5507653356   1.5172607899
   0.2923105955   0.8951597214   1.5191321373
   0.9469723701   0.0001369834   1.5236494541
   1.2533478737  -0.9019710422   0.9476804733
   0.5908371806  -1.7753655910   0.9315180182
  -0.4599953890  -1.4446312189   0.9372565746
  -1.4975543022  -1.0888302326   0.9257832766
  -1.5132285357   0.0001512569   0.9351751208
  -1.4969947338   1.0888952017   0.9254893064
  -0.4598594904   1.4449058771   0.9372121096
   0.5909004211   1.7756099701   0.9315035939
   1.2533824444   0.9021979570   0.9476720095
   1.8849124908   0.0001069718   0.9469038248
   1.0733458996  -1.4580926895   0.0002226755
   0.0052194414  -1.7849668264   0.0023346748
  -1.0457575321  -1.4417263269  -0.0001750000
  -1.6918489933  -0.5500897169   0.0014037589
  -1.6917306185   0.5504488349   0.0013250071
  -1.0455991030   1.4420239925  -0.0002330345
   0.0052717519   1.7852326632   0.0023537355
   1.0733929873   1.4583182335   0.0002213108
   1.7319154739   0.5591484904   0.0027687638
   1.7318991423  -0.5589416623   0.0027643316
   0.4781761169  -1.4454019070  -0.9394276142
  -0.5745107532  -1.7624868155  -0.9265918136
  -1.2247420549  -0.8909916282  -0.9348751903
  -1.8512775898   0.0001838390  -0.9235236049
  -1.2246918678   0.8913328648  -0.9348635674
  -0.5744006634   1.7627804279  -0.9265887141
   0.4782501757   1.4456645250  -0.9394038916
   1.5244718790   1.1030396223  -0.9380039573
   1.5465834141   0.0001054962  -0.9453386068
   1.5244326591  -1.1028240919  -0.9380187392
  -0.2896924615  -0.8913663626  -1.5171911716
  -0.9355683923   0.0001735163  -1.5148923397
  -0.2896420360   0.8916626573  -1.5171889067
   0.7666103840   0.5553787947  -1.5197056532
   0.7665935755  -0.5551215410  -1.5197159052
  -0.0033999241   0.0001511423  -2.0742201805
  -0.0225463547   0.0001643206   3.1513733864
   0.2735447288  -0.9035215974   2.5927298069
  -0.7817446589  -0.5560927391   2.5880804062
  -0.7816292644   0.5564924479   2.5880310535
   0.2735355794   0.9038636684   2.5926969051
   0.9321269989   0.0001690152   2.5996837616
   1.2382507324  -0.9096350670   2.0359992981
   0.5689321160  -1.8031195402   2.0117728710
  -0.4872871935  -1.4681100845   2.0209329128
  -1.5369893312  -1.1086949110   2.0031692982
  -1.5501116514   0.0003374189   2.0170133114
  -1.5367307663   1.1090985537   2.0029327869
  -0.4873256385   1.4684964418   2.0208861828
   0.5689123273   1.8034201860   2.0117518902
   1.2382553816   0.9099355936   2.0359797478
   1.8905651569   0.0001467706   2.0353715420
   2.2066295147  -0.9185128212   1.4566228390
   1.5492801666  -1.8209744692   1.4502651691
   0.8755273819  -2.6993818283   1.4186351299
  -0.1855661720  -2.3585221767   1.4200525284
  -1.2397444248  -2.0109682083   1.4167212248
  -2.2816219330  -1.6511416435   1.4039318562
  -2.2990210056  -0.5521618724   1.4148538113
  -2.2988116741   0.5527830124   1.4147483110
  -2.2794966698   1.6502490044   1.4027117491
  -1.2396088839   2.0111670494   1.4165874720
  -0.1855028272   2.3587956429   1.4200216532
   0.8755974770   2.6996378899   1.4186145067
   1.5493215322   1.8212145567   1.4502483606
   2.2066607475   0.9187414646   1.4566037655
   2.8427696228   0.0001010981   1.4657846689
   2.0533657074  -1.4964009523   0.4882656038
   1.3646956682  -2.3938462734   0.4712196290
   0.2792049050  -2.7044084072   0.4744279981
  -0.7789179087  -2.3740346432   0.4768863618
  -1.8275080919  -2.0093734264   0.4692285061
  -2.4790408611  -1.1081937551   0.4703337550
  -2.4974210262   0.0003780865   0.4758534133
  -2.4786698818   1.1086835861   0.4702711403
  -1.8272444010   2.0095930099   0.4692134559
  -0.7789430022   2.3743283749   0.4769635201
   0.2792048156   2.7046759129   0.4744743109
   1.3647481203   2.3940792084   0.4712173045
   2.0534086227   1.4966132641   0.4882618189
   2.6990785599   0.5675439835   0.4909506142
   2.6990599632  -0.5673547387   0.4909524024
   1.8406568766  -2.0488781929  -0.4839037061
   0.7625682950  -2.3833689690  -0.4805117548
  -0.3045173287  -2.6991868019  -0.4698017240
  -1.3605113029  -2.3514974117  -0.4713312387
  -2.0233397484  -1.4645439386  -0.4754572511
  -2.6579163074  -0.5557484627  -0.4683905542
  -2.6577947140   0.5562718511  -0.4684445560
  -2.0232572556   1.4650080204  -0.4753742218
  -1.3603616953   2.3518171310  -0.4713145494
  -0.3044642508   2.6994774342  -0.4697211981
   0.7626234889   2.3836278915  -0.4804564416
   1.8407225609   2.0490899086  -0.4838838279
   2.5138378143   1.1336494684  -0.4852574766
   2.5426783562   0.0000936559  -0.4866546988
   2.5137991905  -1.1334609985  -0.4852685630
   1.2325226068  -2.0273823738  -1.4342116117
   0.1710433960  -2.3557999134  -1.4234004021
  -0.8842792511  -2.6739101410  -1.4071786404
  -1.5402244329  -1.7948838472  -1.4168214798
  -2.1865410805  -0.9001215100  -1.4148995876
  -2.8146982193   0.0002361173  -1.4012827873
  -2.1864886284   0.9005743265  -1.4148616791
  -1.5401446819   1.7952703238  -1.4167610407
  -0.8841357827   2.6742346287  -1.4071413279
   0.1711512953   2.3561031818  -1.4233459234
   1.2326083183   2.0276455879  -1.4341616631
   2.2874047756   1.6879919767  -1.4541770220
   2.3228321075   0.5611664057  -1.4530446529
   2.3228127956  -0.5609669089  -1.4530544281
   2.2873406410  -1.6877917051  -1.4542009830
   0.4661313593  -1.4704035521  -2.0259902477
  -0.5975769162  -1.7955833673  -2.0056843758
  -1.2563754320  -0.9054788351  -2.0174028873
  -1.8949469328   0.0002219108  -2.0009498596
  -1.2563279867   0.9058675766  -2.0173790455
  -0.5974899530   1.7959207296  -2.0056571960
   0.4661973417   1.4707027674  -2.0259566307
   1.5251845121   1.1216650009  -2.0259678364
   1.5355930328   0.0001245654  -2.0352513790
   1.5251473188  -1.1214144230  -2.0259921551
  -0.3083367646  -0.9009855390  -2.5887119770
  -0.9593433142   0.0001928929  -2.5858807564
  -0.3082909882   0.9013273716  -2.5886991024
   0.7516515255   0.5606573820  -2.5947239399
   0.7516306043  -0.5603612661  -2.5947365761
  -0.0193648059   0.0001713170  -3.1496205330
  -1.5688111782  -1.1227563620   3.0943768024
  -0.3232099712  -0.9091958404  -3.6816942692
   2.3060452938  -0.5632006526  -2.5656952858
  -3.0964617729   1.1160418987   1.9033559561
  -0.1388280690   3.2862038612  -1.9158248901
   0.8487336636  -2.7273142338   2.5193603039
  -1.5804042816   0.0003086323   3.1085298061
  -2.3502578735  -2.3877859116  -0.9586329460
  -0.6160851717  -1.8181909323  -3.0980529785
  -3.1635930538   0.9095166922  -1.9035731554
  -3.3030092716  -0.5593746901   0.9569254518
  -0.9079826474   2.7196319103  -2.5018179417
  -2.2301518917  -0.9152584672  -2.5160899162
  -0.5083908439   3.3117311001   0.9614561200
  -3.6394801140  -0.5614327788  -0.9473087788
  -1.8573460579  -2.7188000679  -1.9076225758
  -3.4842073917   0.0003877935   0.0052683176
   0.4545862079   1.4873331785  -3.1203513145
   0.2594190240  -0.9105411172   3.6884312630
   1.0383845568  -3.3343904018  -0.0155643485
   1.5270111561   0.0001407763  -3.1360859871
  -1.2737709284  -2.0443720818   2.5193212032
   0.4525825381  -3.3187270164  -0.9686989784
  -2.1534614563   2.9399142265  -0.0013449355
  -3.4660241604  -1.1218850613   0.0010265593
  -0.0328697786  -3.6443383694  -0.0003506802
  -2.8695061207   0.0002613013  -2.4953174591
   1.2304843664   2.0550727844  -2.5398399830
  -1.5681862831  -2.9602303505   0.9585941434
  -1.5752140284  -1.8223654032  -2.5185327530
   0.8487111926   2.7276132107   2.5193443298
  -1.0965827703   3.3080239296   0.0050142477
   0.1615657955  -2.3942189217  -2.5284228325
   0.9271742105  -2.9548652172  -1.9302947521
  -1.6774275303  -3.2797248363  -0.9535775781
  -0.2140582055   2.3950467110   2.5245900154
  -2.1538267136  -2.9394595623  -0.0010178036
  -3.2779383659   1.6776293516   0.9486626387
  -2.6222925186  -2.5871443748   0.9508521557
  -3.0050704479  -1.4807389975  -0.9571469426
  -3.0049383640   1.4813414812  -0.9570823908
   1.2267802954  -0.9168697596   3.1358914375
   2.3060653210   0.5634383559  -2.5656821728
  -1.2739739418   2.0448234081   2.5191230774
  -0.9780768752   0.0002073112  -3.6788144112
   1.5190347433  -2.9909923077  -0.9782167077
   2.1896643639  -0.9180337787   2.5688567162
  -0.6161451340   3.6320207119  -0.9544606209
   0.2594402432   0.9109435678   3.6883730888
   1.5238364935  -1.8278529644   2.5585031509
   0.7410234809  -0.5639402270  -3.6917617321
  -1.8572195768   2.7192010880  -1.9075596333
   0.9189572334   0.0001924811   3.6986749172
  -2.3302049637  -1.6798624992   2.4960494041
   0.5545201302  -3.6445600986   0.9536624551
  -2.2301015854   0.9157335162  -2.5160586834
  -0.9081082344  -2.7192544937  -2.5018706322
  -1.5683914423   2.9603912830   0.9587829113
  -3.0840368271   2.2298319340   1.8952537775
   1.8809964657   0.0001749293   3.1339550018
  -3.1636631489  -0.9089808464  -1.9036006927
  -0.5083101392  -3.3114590645   0.9614261389
  -0.0328435823   3.6446292400  -0.0002634352
  -2.5158371925   1.8170359135  -1.9095338583
  -1.2821458578  -0.9157473445  -3.1091349125
  -3.0972657204  -1.1178305149   1.9038134813
  -2.3275957108   1.6785696745   2.4969687462
   0.7410476208   0.5642678738  -3.6917471886
   1.5238251686   1.8281786442   2.5584664345
  -3.1029949188   0.0000862135   1.9075427055
  -2.3457012177   0.5607432723   2.5156497955
  -1.2820999622   0.9161670208  -3.1091105938
   1.0384125710   3.3346490860  -0.0154721178
  -0.5102869868  -1.4843055010   3.1136827469
  -2.0327498913  -2.5885176659   1.9057868719
   0.1616742313   2.3945524693  -2.5283617973
  -2.3456652164  -0.5597218275   2.5158431530
  -0.6159973145   1.8185689449  -3.0980169773
   0.4526642859   3.3190083504  -0.9686039686
   1.2267812490   0.9172248244   3.1358597279
   1.5191092491   2.9912486076  -0.9781098962
   2.1896648407   0.9183597565   2.5688295364
   1.5162787437  -1.1313577890  -3.1216545105
  -0.8016232848  -0.5606418252   3.6807901859
   0.5531753302  -1.8219239712   3.1095933914
  -1.9283846617   0.0002328946  -3.0924606323
  -2.3501596451   2.3882207870  -0.9585328102
  -0.5102906823   1.4847791195   3.1135928631
  -0.9734750986  -2.9429528713   1.9119929075
  -2.0299599171   2.5890388489   1.9053118229
  -0.3231649995   0.9095715880  -3.6816763878
  -1.0966236591  -3.3077285290   0.0048614508
  -3.4658608437   1.1222904921   0.0005896876
  -2.5159294605  -1.8165526390  -1.9095897675
  -0.9730611444   2.9433374405   1.9119156599
   1.5163241625   1.1316415071  -3.1216263771
  -0.1389632374  -3.2858633995  -1.9159034491
  -0.6162620187  -3.6317076683  -0.9545677900
  -2.6205437183   2.5877716541   0.9483984113
  -3.3028280735   0.5605252385   0.9570721984
  -3.2783985138  -1.6786900759   0.9512811303
  -0.2139905393  -2.3947153091   2.5246160030
  -0.8014480472   0.5609949827   3.6808342934
   0.0869608968   3.2899143696   1.9136869907
  -1.5751239061   1.8227831125  -2.5184798241
   0.9272955060   2.9551613331  -1.9302114248
  -3.6394073963   0.5619938374  -0.9474290609
   0.0868193805  -3.2896115780   1.9137187004
  -1.6772109270   3.2801120281  -0.9536222219
  -2.8236236572   2.0416352749  -0.0048631243
  -2.8237879276  -2.0411057472  -0.0051408042
   0.4545178711  -1.4870024920  -3.1203882694
  -1.5683095455   1.1229804754   3.0945096016
   1.2303943634  -2.0547850132  -2.5398952961
  -3.8061964512   0.0002664418  -1.8939248323
   0.5544939637   3.6448335648   0.9536975622
   0.5531628132   1.8222835064   3.1095557213
