
   0.0153370583  -0.0008489973  -0.0096156262
   0.0085489415  -0.0004623324   1.0188758373
   0.2915944457  -0.8729045391   0.4528709650
  -0.7346414924  -0.5371567607   0.4537012577
  -0.7344145775   0.5368379951   0.4538414776
   0.2912608683   0.8711436391   0.4531362355
   0.9365109205  -0.0007192219   0.4470571876
  -0.2749892175  -0.8724139929  -0.4639321268
  -0.9076333642   0.0000264671  -0.4635834694
  -0.2749652863   0.8714011908  -0.4630783498
   0.7632922530   0.5375785232  -0.4717527032
   0.7628276944  -0.5414661169  -0.4717322588
   0.0188446864  -0.0002388218  -1.0378199816
   0.0009651835   0.0001425261   2.0707058907
   0.2901389897  -0.8926165104   1.5162254572
  -0.7572602034  -0.5491728187   1.5151877403
  -0.7567390800   0.5496416688   1.5152276754
   0.2907568812   0.8921554685   1.5160510540
   0.9455912709  -0.0000411565   1.5117555857
   1.2326295376  -0.8923255801   0.9367066622
   0.5700182915  -1.7660772800   0.9292692542
  -0.4686712623  -1.4418374300   0.9373657703
  -1.4997074604  -1.0867855549   0.9263193607
  -1.5154005289   0.0004388731   0.9363157153
  -1.4989211559   1.0877616405   0.9264483452
  -0.4680156708   1.4417020082   0.9375557303
   0.5706646442   1.7645235062   0.9284729362
   1.2333997488   0.8913733363   0.9356800914
   1.8774678707  -0.0005443849   0.9210560322
   1.0550645590  -1.4486802816  -0.0047287075
  -0.0015871302  -1.7859898806   0.0001947778
  -1.0486133099  -1.4413505793  -0.0009767544
  -1.6942150593  -0.5486930013  -0.0008841321
  -1.6937309504   0.5501027703  -0.0009099746
  -1.0476922989   1.4419641495  -0.0004250266
  -0.0013569403   1.7853320837   0.0011428148
   1.0535885096   1.4448963404  -0.0045747440
   1.7254816294   0.5556578636  -0.0095916456
   1.7245743275  -0.5577750802  -0.0092356941
   0.4755584598  -1.4481699467  -0.9425110817
  -0.5766884685  -1.7647405863  -0.9263294935
  -1.2268182039  -0.8917425275  -0.9383068681
  -1.8518198729   0.0010459622  -0.9272735119
  -1.2258803844   0.8928680420  -0.9380386472
  -0.5749415159   1.7650414705  -0.9252383709
   0.4754868448   1.4451519251  -0.9400038123
   1.5234656334   1.0984668732  -0.9414117336
   1.5478234291  -0.0031824650  -0.9567806721
   1.5226253271  -1.1064493656  -0.9414713979
  -0.2869417071  -0.8914567232  -1.5221191645
  -0.9294127226   0.0008202223  -1.5221645832
  -0.2852205634   0.8920720816  -1.5215691328
   0.7802528739   0.5561057925  -1.5390642881
   0.7792435288  -0.5573082566  -1.5388554335
   0.0156937279   0.0003281175  -2.0914568901
  -0.0052224561   0.0006385600   3.1438786983
   0.2862894535  -0.9015657902   2.5891375542
  -0.7709506154  -0.5550191402   2.5868043900
  -0.7703717351   0.5563538671   2.5867867470
   0.2872595489   0.9022811055   2.5886528492
   0.9450283051   0.0006259027   2.5866317749
   1.2431865931  -0.9078189731   2.0254821777
   0.5738241673  -1.7989231348   2.0107409954
  -0.4827054739  -1.4657434225   2.0220561028
  -1.5322920084  -1.1070834398   2.0052537918
  -1.5453660488   0.0007562722   2.0199582577
  -1.5312455893   1.1085559130   2.0052974224
  -0.4812916815   1.4664521217   2.0219175816
   0.5756503344   1.7988772392   2.0095169544
   1.2443648577   0.9085355997   2.0241150856
   1.8927538395   0.0006121189   2.0066187382
   2.1796197891  -0.9041293263   1.4312672615
   1.5220526457  -1.8008072376   1.4299137592
   0.8553967476  -2.6803834438   1.4168180227
  -0.1924269199  -2.3546013832   1.4243612289
  -1.2414966822  -2.0091786385   1.4215966463
  -2.2788174152  -1.6478608847   1.4076191187
  -2.2979385853  -0.5510416627   1.4197471142
  -2.2974658012   0.5529917479   1.4197849035
  -2.2774775028   1.6498283148   1.4077526331
  -1.2400149107   2.0101356506   1.4217590094
  -0.1906276792   2.3543727398   1.4240704775
   0.8568366766   2.6772167683   1.4138562679
   1.5238560438   1.8005300760   1.4269448519
   2.1809928417   0.9042809606   1.4284551144
   2.8387880325  -0.0006150731   1.4161285162
   2.0182173252  -1.4799491167   0.4864946008
   1.3402976990  -2.3647837639   0.4783217907
   0.2776457071  -2.7030465603   0.4784669876
  -0.7803713083  -2.3739097118   0.4810371101
  -1.8275729418  -2.0086977482   0.4733380079
  -2.4793319702  -1.1065930128   0.4728393257
  -2.4980349541   0.0012250306   0.4784407020
  -2.4783158302   1.1090112925   0.4728415012
  -1.8259065151   2.0104029179   0.4737187624
  -0.7787837982   2.3746113777   0.4817553759
   0.2790566385   2.7027633190   0.4789310396
   1.3406212330   2.3625097275   0.4760604203
   2.0188155174   1.4794496298   0.4829687774
   2.6949572563   0.5751261115   0.4793236852
   2.6943063736  -0.5768038034   0.4803001583
   1.8239014149  -2.0378038883  -0.4677931368
   0.7623002529  -2.3851952553  -0.4723564982
  -0.3049844205  -2.7025113106  -0.4643363953
  -1.3608933687  -2.3535025120  -0.4664245248
  -2.0250582695  -1.4649513960  -0.4736710787
  -2.6588096619  -0.5541259646  -0.4679699838
  -2.6582441330   0.5572491288  -0.4679929912
  -2.0234930515   1.4671672583  -0.4735394716
  -1.3585511446   2.3549008369  -0.4657579660
  -0.3030591607   2.7030243874  -0.4629944861
   0.7621098161   2.3839650154  -0.4705343843
   1.8163394928   2.0295591354  -0.4697635174
   2.5124940872   1.1409207582  -0.4717906117
   2.5427861214  -0.0010240871  -0.4834897220
   2.5111727715  -1.1407220364  -0.4713223875
   1.2333772182  -2.0372171402  -1.4234093428
   0.1707736701  -2.3636720181  -1.4141955376
  -0.8847255111  -2.6766793728  -1.3991378546
  -1.5423818827  -1.7977231741  -1.4135710001
  -2.1881461143  -0.9003750086  -1.4147508144
  -2.8144435883   0.0019609784  -1.4017417431
  -2.1867918968   0.9034194946  -1.4146513939
  -1.5396045446   1.7998417616  -1.4131966829
  -0.8808623552   2.6779997349  -1.3979239464
   0.1741985530   2.3630294800  -1.4113324881
   1.2328279018   2.0298163891  -1.4139429331
   2.2974786758   1.6874210835  -1.4196019173
   2.3327689171   0.5653631687  -1.4417345524
   2.3318359852  -0.5757106543  -1.4414787292
   2.2935028076  -1.7135627270  -1.4181171656
   0.4667831361  -1.4791388512  -2.0237307549
  -0.5988780856  -1.7996286154  -2.0018823147
  -1.2560608387  -0.9068000913  -2.0185000896
  -1.8910359144   0.0018478156  -2.0024139881
  -1.2538212538   0.9096443057  -2.0181822777
  -0.5944827199   1.8014810085  -2.0007195473
   0.4711033702   1.4801423550  -2.0213632584
   1.5457706451   1.1413630247  -2.0360410213
   1.5694792271  -0.0005669742  -2.0583786964
   1.5441619158  -1.1401990652  -2.0360002518
  -0.3058218956  -0.9029528499  -2.5903086662
  -0.9484424591   0.0018336668  -2.5906391144
  -0.3021822870   0.9053885341  -2.5895056725
   0.7765346169   0.5759868026  -2.6248443127
   0.7750324607  -0.5759627819  -2.6251816750
   0.0028049615   0.0006702616  -3.1726987362
  -2.3186328411   1.6779171228   2.5028505325
   0.5788925886   1.8205053806   3.1024613380
  -1.2848562002  -0.9168763757  -3.1070516109
   0.8655064106  -2.7242400646   2.5122201443
  -0.4924146831  -1.4819749594   3.1144986153
  -0.6080425382   3.6368155479  -0.9382805228
  -3.0046525002   1.4845715761  -0.9536247253
  -1.5535953045   1.1228109598   3.0969452858
   3.1433784962  -0.9208674431   1.9397486448
  -0.7826969624  -0.5606004596   3.6774716377
   2.1157331467   2.9702124596   0.0137543250
  -3.1651153564  -0.9081192613  -1.9017355442
  -0.3296231031  -0.9192065597  -3.6797635555
  -2.8674688339   0.0027666159  -2.4942128658
  -3.4657783508  -1.1198436022   0.0045911921
  -2.8240382671  -2.0411155224   0.0006027201
  -2.6188616753  -2.5861363411   0.9558199644
  -1.8616212606  -2.7206869125  -1.8987443447
  -2.3513906002  -2.3904075623  -0.9521296620
  -0.9695139527  -2.9416184425   1.9201402664
  -0.9053260684   2.7283020020  -2.4908256531
  -0.9118550420  -2.7258636951  -2.4922096729
  -1.9244626760   0.0029623604  -3.0902860165
  -1.5792775154  -1.8265507221  -2.5130894184
   1.2305281162   2.0892112255  -2.5162518024
   2.4843046665  -1.8283841610   1.9399085045
  -0.1983828098   2.3922193050   2.5269334316
  -0.6247575283  -1.8267148733  -3.0908153057
  -0.9759590626   0.0029337262  -3.6782801151
  -0.7821046710   0.5626161098   3.6774091721
  -3.0995125771   0.0014125361   1.9152892828
   0.2848922014  -0.9097834826   3.6807181835
  -2.6166517735   2.5886156559   0.9560844898
  -0.1351837963  -3.2957079411  -1.8981233835
  -3.6389527321   0.5639623404  -0.9452959299
  -0.3240380585   0.9230269790  -3.6782467365
   0.4617886841  -3.3237118721  -0.9484429955
   0.5679818988   3.6362869740   0.9646540880
   2.1185443401  -2.9732019901   0.0184673201
   0.5660928488  -3.6371393204   0.9658337831
   2.8012437820   2.0885124207   0.0253033228
   0.5765199661  -1.8197747469   3.1037032604
  -0.9674990773   2.9421660900   1.9202507734
   0.9344994426   2.9707374573  -1.8976008892
  -0.1298095733   3.2963876724  -1.8954036236
  -0.5031254292  -3.3104519844   0.9692295790
  -2.3484199047   2.3932046890  -0.9520741105
   0.1548326761  -2.4123287201  -2.5144767761
  -3.0064744949  -1.4807888269  -0.9535686970
  -3.4646871090   1.1237179041   0.0045822784
   0.9481697083   0.0010914854   3.6799325943
  -3.4841160774   0.0019850619   0.0090030879
  -1.6774276495  -3.2822649479  -0.9415559173
  -0.4907354414   1.4834066629   3.1141958237
   0.4450803101  -1.5137377977  -3.1162986755
   0.1624438763   2.4142117500  -2.5109696388
  -2.0269906521  -2.5865929127   1.9132586718
   0.0938520879  -3.2852442265   1.9196263552
  -2.5189473629  -1.8180742264  -1.9049010277
  -1.5546911955  -1.1207907200   3.0969367027
   2.4870483875   1.8288064003   1.9347501993
   2.2040121555  -0.9182952642   2.5380451679
  -2.0249638557   2.5883431435   1.9135069847
  -2.5156865120   1.8219118118  -1.9049243927
   0.2860481739   0.9113278985   3.6801025867
  -3.6395709515  -0.5592488647  -0.9452772141
   1.8234128952   2.7270820141   1.9245377779
   1.6348457336  -3.2986662388   0.9709327817
  -1.8569548130   2.7235219479  -1.8984298706
   1.9031077623   0.0013294531   3.1030550003
   0.0937423036   3.2833940983   1.9187710285
  -2.3201575279  -1.6757036448   2.5027737617
   2.8532798290   0.0012534218   2.5176455975
  -3.0923364162   1.1164008379   1.9111813307
  -1.5665370226   0.0010667347   3.1118714809
  -3.0932767391  -1.1136041880   1.9111009836
   0.8679401278   2.7222893238   2.5107471943
  -0.0225928612  -3.6445019245   0.0120896772
  -1.2624024153   2.0433647633   2.5242497921
  -0.6178984642   1.8301844597  -3.0893168449
   1.2503530979  -0.9167413712   3.1199069023
  -1.2644449472  -2.0419909954   2.5242295265
  -3.2753462791   1.6783739328   0.9547848701
   2.3189072609   2.4132504463   0.9783856273
   2.9857461452  -1.5149160624   0.9944606423
  -2.3378956318   0.5610634089   2.5220077038
  -2.3384089470  -0.5587270856   2.5219933987
  -0.6116074324  -3.6354906559  -0.9397848845
   3.1450052261   0.9214890003   1.9349217415
  -0.0202165246   3.6451649666   0.0133043882
  -1.6735999584   3.2841942310  -0.9409844279
   1.5312794447   2.9887866974  -0.9457278848
  -1.2811785936   0.9218593240  -3.1067168713
   0.4528901279   1.5172183514  -3.1124567986
  -3.1635329723   0.9129123688  -1.9017349482
   1.8195877075  -2.7293939590   1.9290416241
  -1.5659703016  -2.9596927166   0.9664060473
  -3.2768540382  -1.6751842499   0.9547360539
   2.8049097061  -2.0855386257   0.0358974785
  -2.1496441364   2.9427053928   0.0074029844
  -1.5744785070   1.8303284645  -2.5126762390
   1.5434541702   1.8289459944   2.5324449539
   1.6378421783   3.2955970764   0.9648408294
   0.9307322502  -2.9719674587  -1.9049445391
  -3.3013887405   0.5615307689   0.9629755616
   0.4642636478   3.3237965107  -0.9460080266
   2.9865725040   1.5160969496   0.9872392416
  -2.2316410542  -0.9153265953  -2.5143997669
   2.2057445049   0.9203376174   2.5354132652
   1.0533200502  -3.3241274357   0.0083245002
   2.3174560070  -2.4133794308   0.9844022989
  -1.0906471014   3.3113234043   0.0146922264
  -2.2291855812   0.9201417565  -2.5142791271
   1.0543979406   3.3235332966   0.0088914903
   1.5339350700  -2.9901838303  -0.9493435621
  -1.0933765173  -3.3100340366   0.0136738624
   1.2518361807   0.9186168909   3.1183776855
  -2.8219888210   2.0440912247   0.0006554442
  -0.5002881885   3.3110573292   0.9699589014
   1.2213772535  -2.0844736099  -2.5262806416
  -0.2011815608  -2.3914985657   2.5275130272
  -1.5635818243   2.9612586498   0.9669296145
  -3.3019053936  -0.5582427979   0.9629592896
  -2.1523995399  -2.9405195713   0.0070532439
   1.5408934355  -1.8274991512   2.5355491638
  -3.0807442665  -2.2265701294   1.9030444622
  -3.0789370537   2.2293047905   1.9032233953
  -3.8053789139   0.0028105504  -1.8928227425
  -0.0092056803   0.0010133496   4.2497959137
  -1.1943033934   3.6192891598  -1.8871701956
   1.1544679403   3.6182305813   1.9133923054
   2.5910127163   2.6364252567  -0.9385879040
  -1.1997932196  -3.6173162460  -1.8882300854
   1.9987643957   2.6366825104  -1.8969043493
