
  -0.0701553747   0.0509707555  -0.0165617391
  -0.0697809085   0.0506994314   1.0028570890
   0.2121173292   0.9177221060   0.4394394159
   0.8407120705   0.0522002205   0.4393205047
   0.2101500183  -0.8156948686   0.4393211305
  -0.8072569966  -0.4853277206   0.4394403994
  -0.8069556952   0.5862873197   0.4395935833
   0.6678159833   0.5865898728  -0.4723306000
   0.6664310694  -0.4841903746  -0.4732372165
  -0.3515132070  -0.8163977861  -0.4723296165
  -0.9811068177   0.0502963103  -0.4722843468
  -0.3510145545   0.9175448418  -0.4722849429
  -0.0696274415   0.0505864881  -1.0358126163
   0.2191240340   0.9371661544   1.4924917221
   0.8624868393   0.0513549894   1.4927284718
   0.2176833898  -0.8361417055   1.4927290678
  -0.8235834837  -0.4979990721   1.4924926758
  -0.8235000372   0.5983082056   1.4926133156
   1.1512336731   0.9380804896   0.9163951278
   1.1471742392  -0.8334693909   0.9162083268
  -0.5364148617  -1.3847708702   0.9163967967
  -1.5777723789   0.0501121543   0.9163758755
  -0.5352188349   1.4850654602   0.9163748622
   0.9734763503   1.4852300882  -0.0162067059
  -0.0688477755   1.8239006996  -0.0163633972
   1.6170866489   0.5995987654  -0.0164650436
   1.6141865253  -0.4941683114  -0.0178123116
   0.9687944055  -1.3824752569  -0.0178116839
  -0.0705433562  -1.7232271433  -0.0164634008
  -1.1117156744  -1.3847935200  -0.0162046757
  -1.7559072971  -0.4981399477  -0.0163617544
  -1.7558547258   0.5980767608  -0.0162079576
  -1.1113952398   1.4851000309  -0.0162085854
   1.4388694763   0.0510936268  -0.9496331215
   0.3960429132  -1.3842356205  -0.9496321082
  -1.2897744179  -0.8367603421  -0.9488592148
  -1.2895174026   0.9368875623  -0.9488788843
   0.3972420692   1.4852210283  -0.9488608837
   0.6852825284   0.5982459188  -1.5252268314
   0.6847846508  -0.4975257814  -1.5259921551
  -0.3572019637  -0.8366123438  -1.5252257586
  -1.0015050173   0.0499602258  -1.5251600742
  -0.3569990396   0.9370475411  -1.5251606703
  -0.0690949261   0.0502017699   2.0443661213
   0.5008358359   1.8030148745   0.9053990245
   1.7718621492   0.0523327589   0.9049456716
   0.4977663755  -1.7013114691   0.9049469233
  -1.5600006580  -1.0334861279   0.9054010510
  -1.5600690842   1.1334559917   0.9055098295
   1.4220304489   1.1335575581  -0.9378721714
   1.4197149277  -1.0314829350  -0.9389427304
  -0.6386446953  -1.7027213573  -0.9378701448
  -1.9121335745   0.0498948544  -0.9379454851
  -0.6383370161   1.8031272888  -0.9379467368
  -0.0687585473   0.0499544628  -2.0770709515
   0.2228773832   0.9457906485   2.5540907383
   0.8731487989   0.0503109321   2.5544228554
   0.2219718099  -0.8459582329   2.5544235706
  -0.8306252956  -0.5042328835   2.5540919304
  -0.8307141066   0.6035502553   2.5542039871
   0.5122392774   1.8354908228   1.9760576487
   1.8079146147   0.0509704724   1.9759566784
   0.5102035403  -1.7351773977   1.9759579897
  -1.5873625278  -1.0543661118   1.9760596752
  -1.5877245665   1.1535495520   1.9761726856
   1.1727011204   0.9520721436   1.9921604395
   1.1701018810  -0.8501265645   1.9928039312
  -0.5430871844  -1.4095102549   1.9921621084
  -1.6027143002   0.0496840291   1.9922176600
  -0.5425184369   1.5089199543   1.9922165871
   1.4542541504   1.8358386755   1.3940340281
   2.0941152573  -0.8423264027   1.3939342499
  -0.2508344650  -2.2896571159   1.3937379122
  -2.3496191502  -0.5003400445   1.3939236403
  -1.2965047359   2.0495123863   1.3939814568
   2.1000812054   0.9461040497   1.3937355280
   1.4482197762  -1.7313259840   1.3939349651
  -1.2965942621  -1.9503833055   1.3940367699
  -2.3498437405   0.5997141004   1.3939825296
  -0.2502219677   2.3892350197   1.3939216137
   1.2743153572   2.3891663551   0.4519118071
   0.2209181190   2.7315351963   0.4516453147
   2.5702223778   0.6048143506   0.4513473511
   2.5665335655  -0.4990975857   0.4491014779
   1.2677750587  -2.2866871357   0.4491027594
   0.2190326601  -2.6313240528   0.4513496459
  -1.8784447908  -1.9502403736   0.4519148767
  -2.5295755863  -1.0541985035   0.4516479969
  -2.5298712254   1.1534293890   0.4517757893
  -1.8787513971   2.0496196747   0.4517751634
   1.7417877913   2.0493333340  -0.4837174416
  -0.3574684858   2.7317557335  -0.4840833545
   2.3924176693   1.1541140079  -0.4841022491
   2.3880145550  -1.0485315323  -0.4856468737
   1.7351514101  -1.9471215010  -0.4856462479
  -0.3583276868  -2.6319661140  -0.4840995669
  -1.4107878208  -2.2898192406  -0.4837143719
  -2.7085177898  -0.5041893721  -0.4840810597
  -2.7085821629   0.6034044027  -0.4839779735
  -1.4108723402   2.3895506859  -0.4839792252
   0.6987124085   2.4107184410  -0.4902348220
   2.4122321606   0.0523254201  -0.4914462268
   0.6956582069  -2.3103382587  -0.4914445579
  -2.0768144131  -1.4094704390  -0.4902321100
  -2.0768427849   1.5089126825  -0.4902839661
   1.9396899939   1.5093170404   0.4581888616
   1.9299764633  -1.4022082090   0.4556129575
  -0.8360460401  -2.3111598492   0.4581915736
  -2.5509788990   0.0496184379   0.4580227733
  -0.8354878426   2.4107916355   0.4580211043
   2.2124388218   0.6001871824  -1.4264942408
   1.1580694914  -1.9490803480  -1.4267162085
  -1.5908716917  -1.7360130548  -1.4260795116
  -2.2374253273   0.9457166791  -1.4262877703
   0.1134732515   2.3895304203  -1.4262088537
   2.2115480900  -0.4990897775  -1.4267172813
   0.1128705740  -2.2896237373  -1.4264922142
  -2.2375135422  -0.8463285565  -1.4262065887
  -1.5908352137   1.8356724977  -1.4262883663
   1.1594371796   2.0494661331  -1.4260821342
   0.6940066218   0.6031299829  -2.5866596699
   0.6939474344  -0.5041836500  -2.5870304108
  -0.3591518104  -0.8464196920  -2.5866587162
  -1.0104306936   0.0495145172  -2.5866293907
  -0.3593340516   0.9456730485  -2.5866298676
   1.4506102800   1.1531661749  -2.0083603859
   1.4503118992  -1.0537136793  -2.0085408688
  -0.6484627128  -1.7359628677  -2.0083584785
  -1.9463111162   0.0495810434  -2.0084881783
  -0.6486007571   1.8357279301  -2.0084896088
   1.4654635191   0.0497735180  -2.0249226093
   0.4055157006  -1.4091209173  -2.0249216557
  -1.3096460104  -0.8520952463  -2.0245625973
  -1.3096321821   0.9515010715  -2.0246601105
   0.4056849778   1.5088578463  -2.0245642662
  -0.0683899522   0.0496903285   3.1039586067
   0.7945049405   2.7037224770   1.3794336319
   2.7204151154   0.0489691757   1.3780022860
   0.7940855622  -2.6023988724   1.3780040741
  -2.3258748055  -1.5911163092   1.3794367313
  -2.3267042637   1.6904488802   1.3796764612
   2.1893458366   1.6900160313  -1.4114943743
   2.1879971027  -1.5896723270  -1.4098075628
  -0.9307540655  -2.6044375896  -1.4114912748
  -2.8598449230   0.0495839529  -1.4119160175
  -0.9309014082   2.7045495510  -1.4119178057
  -0.0679365173   0.0493564755  -3.1364214420
   0.2254004478   0.9512722492   3.6268022060
   0.8802902102   0.0494748540   3.6270294189
   0.2249745131  -0.8524907827   3.6270301342
  -0.8350581527  -0.5083253384   3.6268033981
  -0.8352363110   0.6068366170   3.6269631386
   0.5186097026   1.8527857065   3.0522007942
   1.8279321194   0.0493828095   3.0519995689
   0.5178999901  -1.7537235022   3.0520009995
  -1.6018416882  -1.0657682419   3.0522029400
  -1.6023377180   1.1641675234   3.0524244308
   1.1848973036   0.9593820572   3.0695943832
   1.1834803820  -0.8598458171   3.0701270103
  -0.5462697148  -1.4233673811   3.0695960522
  -1.6161381006   0.0492570102   3.0697910786
  -0.5462598205   1.5218197107   3.0697898865
   0.8086061478   2.7448043823   2.4615435600
   2.7656037807   0.0474995784   2.4598491192
   0.8094480038  -2.6449205875   2.4598510265
  -2.3605878353  -1.6172213554   2.4615466595
  -2.3614017963   1.7156587839   2.4618418217
   1.4780417681   1.8602896929   2.4842748642
   2.1292257309  -0.8593189716   2.4843394756
  -0.2529505491  -2.3244554996   2.4839332104
  -2.3825697899  -0.5078036785   2.4843299389
  -1.3128969669   2.0788426399   2.4844157696
   2.1325232983   0.9588708878   2.4839308262
   1.4752311707  -1.7594660521   2.4843401909
  -1.3124970198  -1.9805613756   2.4842777252
  -2.3828032017   0.6062414050   2.4844167233
  -0.2533052862   2.4228804111   2.4843277931
   1.7569684982   2.7447683811   1.8755781651
   3.0536692142  -0.8534780741   1.8743337393
   0.0441537648  -3.2029953003   1.8742501736
  -3.1281104088  -1.0594950914   1.8755147457
  -2.0682327747   2.6177835464   1.8756662607
   2.4150803089   1.8519525528   1.8803026676
   2.4075529575  -1.7491863966   1.8793014288
  -1.0150066614  -2.8691618443   1.8803060055
  -3.1364958286   0.0493106544   1.8805260658
  -1.0161293745   2.9677476883   1.8805240393
   3.0598740578   0.9477919936   1.8742471933
   1.7553453445  -2.6404693127   1.8743350506
  -2.0674929619  -2.5191566944   1.8755818605
  -3.1287791729   1.1580651999   1.8756672144
   0.0409984700   3.3024134636   1.8755116463
   1.5757303238   3.3021473885   0.9273017049
   0.5152135491   3.6469476223   0.9270854592
   3.5324752331   0.6046590209   0.9261125922
   3.5294678211  -0.5077933073   0.9227401614
   1.5736094713  -3.1998043060   0.9227420688
   0.5165340304  -3.5464320183   0.9261155128
  -2.6535983086  -2.5190300941   0.9273058176
  -3.3092415333  -1.6169683933   0.9270891547
  -3.3100738525   1.7156302929   0.9270704985
  -2.6545324326   2.6179065704   0.9270698428
   2.0525419712   2.9672422409  -0.0156511851
  -0.0678398907   3.6567137241  -0.0160471164
   3.3620495796   1.1639739275  -0.0162227135
   3.3561656475  -1.0599853992  -0.0179162882
   2.0452210903  -2.8643476963  -0.0179150123
  -0.0680710748  -3.5571870804  -0.0162193738
  -2.1877419949  -2.8690140247  -0.0156470556
  -3.4987041950  -1.0654705763  -0.0160437748
  -3.4990985394   1.1641639471  -0.0160212275
  -2.1884694099   2.9680917263  -0.0160225052
   0.9991343617   3.3328225613  -0.0205412004
   3.3824350834   0.0511823706  -0.0220689233
   0.9965557456  -3.2327022552  -0.0220666025
  -2.8609511852  -1.9801349640  -0.0205374416
  -2.8614237309   2.0789437294  -0.0207720753
   2.5181810856   2.6170592308  -0.9587402940
  -0.6508074999   3.6475934982  -0.9591724873
   3.1733431816   1.7154597044  -0.9590576887
   3.1706242561  -1.6122186184  -0.9562111497
   2.5130896568  -2.5172383785  -0.9562105536
  -0.6508793235  -3.5481364727  -0.9590539336
  -1.7108080387  -3.2036509514  -0.9587361813
  -3.6701784134  -0.5082182288  -0.9591695070
  -3.6703023911   0.6069420576  -0.9591333866
  -1.7114259005   3.3031070232  -0.9591352940
   1.4726760387   2.9886486530  -0.9680649638
   3.2028863430   0.6073246002  -0.9686679244
   1.4697927237  -2.8888785839  -0.9685367346
  -2.3872902393  -2.3241446018  -0.9680612087
  -3.0423841476   1.5219959021  -0.9683038592
   0.4134087265   3.3330652714  -0.9681813717
   3.2016775608  -0.5051411390  -0.9685384035
   0.4121487439  -3.2337999344  -0.9686651826
  -3.0421824455  -1.4231528044  -0.9681779742
  -2.3876554966   2.4231534004  -0.9683044553
   2.7251935005   2.0784621239  -0.0109852161
   2.7104718685  -1.9692710638  -0.0138643431
  -1.1346007586  -3.2340941429  -0.0109814582
  -3.5207979679   0.0493272059  -0.0112871239
  -1.1349027157   3.3332338333  -0.0112894485
   2.2519166470   2.4225373268   0.9365317225
   2.8911559582  -1.4131729603   0.9322215915
  -0.5485040545  -3.2340908051   0.9363768697
  -3.3396389484  -0.5077154636   0.9362359047
  -1.6086479425   2.9890410900   0.9361971617
   2.9063050747   1.5210510492   0.9363734722
   2.2374265194  -2.3129553795   0.9322221875
  -1.6080859900  -2.8903059959   0.9365354776
  -3.3398463726   0.6062481999   0.9361988306
  -0.5491417050   3.3330783844   0.9362332225
   2.9922206402   1.1580122709  -1.9074392319
   1.9320280552  -2.5180251598  -1.9048608541
  -1.8921884298  -2.6461815834  -1.9073747396
  -3.1959462166   0.9515788555  -1.9078421593
  -0.1766068488   3.3029901981  -1.9077299833
   2.9999699593   0.0495888740  -1.9121185541
   0.8798813820  -2.8684656620  -1.9121164083
  -2.5505449772  -1.7541629076  -1.9125113487
  -2.5507140160   1.8531990051  -1.9127820730
   0.8801420331   2.9677777290  -1.9125146866
   2.9918134212  -1.0593541861  -1.9048619270
  -0.1766862869  -3.2036182880  -1.9074361324
  -3.1959054470  -0.8527219892  -1.9077270031
  -1.8926109076   2.7454676628  -1.9078434706
   1.9319459200   2.6172933578  -1.9073784351
   0.6997970939   0.6062574983  -3.6591978073
   0.6999259591  -0.5085280538  -3.6592333317
  -0.3603375852  -0.8528942466  -3.6591966152
  -1.0160422325   0.0491226390  -3.6592903137
  -0.3606961370   0.9511300921  -3.6592907906
   1.4664707184   1.1634702682  -3.0843966007
   1.4670388699  -1.0658671856  -3.0837645531
  -0.6533619761  -1.7542321682  -3.0843944550
  -1.9643856287   0.0492665656  -3.0846681595
  -0.6538877487   1.8530139923  -3.0846693516
   1.4806398153   0.0487522483  -3.1019730568
   0.4111760259  -1.4232399464  -3.1019718647
  -1.3201938868  -0.8607198000  -3.1020390987
  -1.3204069138   0.9593285918  -3.1022112370
   0.4106271863   1.5215536356  -3.1020407677
   2.2250812054   1.7149751186  -2.4934501648
   2.2263596058  -1.6175450087  -2.4901432991
  -0.9434494972  -2.6461377144  -2.4934470654
  -2.9027564526   0.0493413061  -2.4940073490
  -0.9439318180   2.7454347610  -2.4940092564
   2.2467162609   0.6058367491  -2.5163528919
   1.1776489019  -1.9799790382  -2.5159149170
  -1.6131155491  -1.7616790533  -2.5164043903
  -2.2680852413   0.9594677091  -2.5167021751
   0.1176974177   2.4229443073  -2.5165638924
   2.2469842434  -0.5081636906  -2.5159158707
   0.1180891171  -2.3239703178  -2.5163509846
  -2.2679874897  -0.8606724739  -2.5165617466
  -1.6133884192   1.8605815172  -2.5167028904
   1.1769723892   2.0785515308  -2.5164070129
  -0.0678405836   0.0492919534   4.1805596352
   1.0926634073   3.6190917492   1.8610391617
   3.6854727268   0.0402679779   1.8573720455
   1.1005812883  -3.5175335407   1.8573745489
  -3.1043059826  -2.1575469971   1.8610432148
  -3.1069338322   2.2573184967   1.8621487617
   2.9688398838   2.2555487156  -1.8927761316
   2.9710347652  -2.1585822105  -1.8835170269
  -1.2277301550  -3.5205404758  -1.8927720785
  -3.8243327141   0.0493546687  -1.8942452669
  -1.2287278175   3.6219022274  -1.8942477703
  -0.0673365444   0.0489198118  -4.2128705978
   0.2280283421   0.9582411051   4.7183399200
   0.8884677887   0.0490492582   4.7183537483
   0.2279070169  -0.8601355553   4.7183542252
  -0.8408731222  -0.5129771233   4.7183408737
  -0.8410540223   0.6110641956   4.7185411453
   0.5237941742   1.8677452803   4.1429939270
   1.8450434208   0.0485080741   4.1424784660
   0.5240203738  -1.7697260380   4.1424798965
  -1.6144661903  -1.0753207207   4.1429958344
  -1.6149777174   1.1733516455   4.1432347298
   1.1946538687   0.9656801224   4.1589937210
   1.1942222118  -0.8676493764   4.1590809822
  -0.5492438078  -1.4345916510   4.1589956284
  -1.6273268461   0.0490132794   4.1593084335
  -0.5494847894   1.5325371027   4.1593070030
   0.8183174133   2.7735185623   3.5545289516
   2.7977731228   0.0460102633   3.5522685051
   0.8208060861  -2.6750543118   3.5522704124
  -2.3848950863  -1.6353296041   3.5545320511
  -2.3859841824   1.7335196733   3.5545883179
   1.4940013885   1.8781557083   3.5795359612
   2.1544394493  -0.8705904484   3.5786318779
  -0.2536555231  -2.3488945961   3.5791430473
  -2.4056208134  -0.5137936473   3.5797090530
  -1.3252226114   2.0990703106   3.5798652172
   2.1555490494   0.9670944810   3.5791406631
   1.4937433004  -1.7799617052   3.5786323547
  -1.3245559931  -2.0012598038   3.5795385838
  -2.4058489799   0.6117140651   3.5798661709
  -0.2547309697   2.4466555119   3.5797069073
   1.1096029282   3.6697518826   2.9566023350
   3.7399435043   0.0396657363   2.9514994621
   1.1179872751  -3.5691514015   2.9515020847
  -3.1472511292  -2.1893112659   2.9566063881
  -3.1505906582   2.2890377045   2.9558169842
   1.7848571539   2.7803442478   2.9800131321
   3.1022410393  -0.8719736338   2.9760627747
   0.0445050374  -3.2493617535   2.9787538052
  -3.1711347103  -1.0730255842   2.9800503254
  -2.0935182571   2.6545994282   2.9803106785
   2.4516806602   1.8770488501   2.9879615307
   2.4496614933  -1.7797794342   2.9857227802
  -1.0275636911  -2.9117250443   2.9879648685
  -3.1802713871   0.0489007682   2.9882979393
  -1.0292662382   3.0095083714   2.9882957935
   3.1040804386   0.9617869854   2.9787507057
   1.7879459858  -2.6809473038   2.9760639668
  -2.0927088261  -2.5566730499   2.9800169468
  -3.1716060638   1.1707375050   2.9803116322
   0.0405721180   3.3475141525   2.9800472260
   2.0656647682   3.6694767475   2.3658449650
   4.0344271660  -0.8765248656   2.3576843739
   0.3444129825  -4.1313743591   2.3625965118
  -3.9209945202  -1.6272238493   2.3658757210
  -2.8557627201   3.1963360310   2.3662989140
   2.7311086655   2.7721450329   2.3725953102
   3.3816745281  -1.7736389637   2.3662016392
  -0.7249177694  -3.7993428707   2.3716540337
  -3.9326250553  -0.5108650923   2.3728642464
  -1.7949550152   3.5521326065   2.3729183674
   3.3893775940   1.8635047674   2.3716499805
   2.7318298817  -2.6680741310   2.3662023544
  -1.7925027609  -3.4540781975   2.3725998402
  -3.9329495430   0.6094326377   2.3729202747
  -0.7293886542   3.8980159760   2.3728611469
   4.0356006622   0.9491147995   2.3625929356
   2.0803363323  -3.5661032200   2.3576862812
  -2.8515496254  -3.0984952450   2.3658497334
  -3.9223756790   1.7282677889   2.3663001060
   0.3359253109   4.2319297791   2.3658716679
   1.8829171658   4.2315921783   1.4099801779
   0.8139257431   4.5792140961   1.4098747969
   4.5121150017   0.6006757617   1.4071632624
   4.5111970901  -0.5301347375   1.4041490555
   1.8982295990  -4.1265792847   1.4041516781
   0.8230488896  -4.4768934250   1.4071668386
  -3.4426262379  -3.0983967781   1.4099853039
  -4.1035714149  -2.1891472340   1.4098795652
  -4.1046934128   2.2890605927   1.4123299122
  -3.4454481602   3.1964344978   1.4123293161
   2.3652744293   3.8974382877   0.4606276751
   0.2268809080   4.5927801132   0.4603299201
   4.3438820839   1.1693135500   0.4600636959
   4.3365974426  -1.0798534155   0.4563637972
   2.3670878410  -3.7906532288   0.4563657045
   0.2302548289  -4.4926142693   0.4600676894
  -2.9757702351  -3.4538869858   0.4606328905
  -4.2978816032  -1.6350274086   0.4603343308
  -4.2985348701   1.7335629463   0.4606142342
  -2.9770398140   3.5524466038   0.4606129527
   1.3023383617   4.2642326355   0.4565250576
   4.3625493050   0.0436854549   0.4554561973
   1.3065589666  -4.1625289917   0.4554591775
  -3.6530785561  -2.5563209057   0.4565298855
  -3.6539461613   2.6547448635   0.4560121894
   2.8412265778   3.5514426231  -0.4918516576
  -0.3621949255   4.5930838585  -0.4925900996
   4.1622805595   1.7320636511  -0.4919768274
   4.1569867134  -1.6326466799  -0.4840996861
   2.8373219967  -3.4490115643  -0.4840984046
  -0.3610708714  -4.4938020706  -0.4919724166
  -2.4996318817  -3.7996261120  -0.4918464422
  -4.4802060127  -1.0748780966  -0.4925861061
  -4.4805774689   1.1732847691  -0.4925832450
  -2.5004389286   3.8987143040  -0.4925851822
   1.7846016884   3.9283034801  -0.4989413917
   4.1933293343   0.6107359529  -0.4991313219
   1.7842738628  -3.8276662827  -0.4983331859
  -3.1845638752  -2.9111731052  -0.4989365339
  -3.8468427658   2.0992946625  -0.4992674887
   0.7143928409   4.2763390541  -0.4990080595
   4.1916980743  -0.5141277313  -0.4983355403
   0.7149694562  -4.1768207550  -0.4991279542
  -3.8462789059  -2.0008935928  -0.4990036190
  -3.1852910519   3.0098435879  -0.4992681444
   3.3078734875   3.1958584785  -1.4413247108
  -0.9504590034   4.5806074142  -1.4442925453
   3.9683663845   2.2867057323  -1.4414182901
   3.9711060524  -2.1923916340  -1.4238373041
   3.3122296333  -3.0992579460  -1.4238365889
  -0.9484902024  -4.4807739258  -1.4414135218
  -2.0172498226  -4.1335525513  -1.4413195848
  -4.6501250267  -0.5115512013  -1.4442889690
  -4.6502571106   0.6099599600  -1.4443126917
  -2.0171201229   4.2341661453  -1.4443151951
   2.2561855316   3.5709567070  -1.4520102739
   3.9997699261   1.1706812382  -1.4519917965
   2.2575960159  -3.4715664387  -1.4466072321
  -2.6989798546  -3.2492504120  -1.4520055056
  -4.0183949471   1.5330679417  -1.4522892237
   1.1929029226   3.9285786152  -1.4563651085
   4.0107197762   0.0487114936  -1.4552997351
   1.1930558681  -3.8294739723  -1.4552969933
  -3.3676714897  -2.3485202789  -1.4563606977
  -3.3681373596   2.4470913410  -1.4566746950
   0.1227089614   4.2647676468  -1.4521254301
   3.9992914200  -1.0743257999  -1.4466089010
   0.1226159409  -4.1657691002  -1.4519879818
  -4.0181155205  -1.4345941544  -1.4521213770
  -2.6997909546   3.3479728699  -1.4522905350
   3.5180642605   2.6537206173  -0.4878076613
   3.4996800423  -2.5426642895  -0.4819889665
  -1.4366929531  -4.1659245491  -0.4878028333
  -4.5004281998   0.0491816178  -0.4879510701
  -1.4374878407   4.2649617195  -0.4879540801
   3.0499467850   3.0086054802   0.4676581025
   3.6822392941  -1.9878587723   0.4652028680
  -0.8479059339  -4.1778397560   0.4675709605
  -4.3298001289  -0.5136463046   0.4673931003
  -1.9199965000   3.9290225506   0.4672912359
   3.7113425732   2.0974340439   0.4675665200
   3.0284435749  -2.8877322674   0.4652034938
  -1.9188644886  -3.8303833008   0.4676629305
  -4.3300342560   0.6118866205   0.4672935903
  -0.8494790792   4.2766098976   0.4673897326
   2.5645949841   3.3468515873   1.4205442667
   3.8612432480  -1.4298690557   1.4112019539
  -0.2532540560  -4.1657853127   1.4196486473
  -4.1354212761  -1.0728927851   1.4204195738
  -2.3915936947   3.5717699528   1.4202498198
   3.2333538532   2.4449622631   1.4246217012
   3.2091462612  -2.3315777779   1.4113852978
  -1.3261313438  -3.8306372166   1.4246261120
  -4.1469879150   0.0490019396   1.4246227741
  -1.3280962706   3.9288773537   1.4246200323
   3.8836367130   1.5281624794   1.4196445942
   2.5530800819  -3.2304029465   1.4112032652
  -2.3905372620  -3.4733097553   1.4205490351
  -4.1359982491   1.1708004475   1.4202514887
  -0.2575370967   4.2645626068   1.4204157591
   3.7857942581   1.7247965336  -2.3973906040
   2.7203230858  -3.0984559059  -2.3873655796
  -2.2000865936  -3.5716772079  -2.3975286484
  -4.1732206345   0.9565439820  -2.3983814716
  -0.4735385776   4.2340116501  -2.3982651234
   3.7971632481   0.6083289981  -2.4037790298
   1.6608082056  -3.4532663822  -2.4010272026
  -2.8654983044  -2.6754188538  -2.4046528339
  -3.5243301392   1.8680324554  -2.4050695896
   0.5937314034   3.8983895779  -2.4048182964
   3.7974684238  -0.5124030113  -2.4010293484
   0.5948347449  -3.7993023396  -2.4037756920
  -3.5241155624  -1.7693464756  -2.4048142433
  -2.8656866550   2.7745783329  -2.4050703049
   1.6589818001   3.5520002842  -2.4046571255
   3.7874326706  -1.6297038794  -2.3873667717
  -0.4705017805  -4.1334981918  -2.3973865509
  -4.1731166840  -0.8580259681  -2.3982615471
  -2.1993286610   3.6733760834  -2.3983833790
   2.7169978619   3.1961159706  -2.3975334167
   0.7063657045   0.6104790568  -4.7505955696
   0.7065962553  -0.5133751035  -4.7504129410
  -0.3623234928  -0.8604468703  -4.7505946159
  -1.0232212543   0.0488372520  -4.7507953644
  -0.3626438975   0.9580448866  -4.7507958412
   1.4799389839   1.1726102829  -4.1751036644
   1.4808281660  -1.0758864880  -4.1740350723
  -0.6578934193  -1.7698665857  -4.1751017570
  -1.9799872637   0.0490053780  -4.1754345894
  -0.6584612727   1.8679317236  -4.1754360199
   1.4928748608   0.0483814739  -4.1911206245
   0.4153087437  -1.4347624779  -4.1911196709
  -1.3290550709  -0.8678349257  -4.1914978027
  -1.3293451071   0.9658218026  -4.1917095184
   0.4146550894   1.5321787596  -4.1914997101
   2.2502329350   1.7325211763  -3.5863704681
   2.2522280216  -1.6363402605  -3.5826127529
  -0.9523651600  -2.6754813194  -3.5863673687
  -2.9331316948   0.0491267443  -3.5867221355
  -0.9531150460   2.7743887901  -3.5867240429
   2.2709259987   0.6109862328  -3.6113955975
   1.1914850473  -2.0014989376  -3.6105859280
  -1.6281580925  -1.7803888321  -3.6117351055
  -2.2900218964   0.9683254957  -3.6121468544
   0.1198767647   2.4465761185  -3.6119711399
   2.2717258930  -0.5146735311  -3.6105868816
   0.1206721291  -2.3485872746  -3.6113934517
  -2.2897899151  -0.8700488210  -3.6119687557
  -1.6285922527   1.8787062168  -3.6121473312
   1.1901173592   2.0986385345  -3.6117377281
   3.0124399662   2.2865922451  -2.9882531166
   3.0153937340  -2.1908116341  -2.9793426991
  -1.2437819242  -3.5716004372  -2.9882490635
  -3.8783128262   0.0491977185  -2.9879064560
  -1.2452601194   3.6732878685  -2.9879090786
   3.0360686779   1.1702657938  -3.0115995407
   1.9606856108  -2.5572788715  -3.0082125664
  -1.9190424681  -2.6825978756  -3.0118737221
  -3.2381596565   0.9662649632  -3.0124783516
  -0.1752635986   3.3476872444  -3.0123481750
   3.0454628468   0.0480326153  -3.0190663338
   0.8954188228  -2.9112520218  -3.0190641880
  -2.5857193470  -1.7804040909  -3.0202586651
  -2.5861065388   1.8789123297  -3.0205473900
   0.8942286968   3.0093383789  -3.0202622414
   3.0380010605  -1.0744800568  -3.0082135201
  -0.1747909635  -3.2491078377  -3.0115964413
  -3.2380003929  -0.8678126335  -3.0123453140
  -1.9196237326   2.7810757160  -3.0124795437
   1.9582809210   2.6540853977  -3.0118775368
  -0.0675358400   0.0490713269   5.2882628441
   1.3991904259   4.5610995293   2.3565058708
   4.6754016876   0.0341602899   2.3501198292
   1.4122961760  -4.4571237564   2.3501231670
  -3.9054856300  -2.7401680946   2.3565108776
   3.7706365585   2.8376405239  -2.3880505562
   3.7735123634  -2.7416160107  -2.3722896576
  -1.5335630178  -4.4629716873  -2.3880453110
  -0.0669684559   0.0486515984  -5.3204917908
   4.4882612228  -2.5705831051  -0.0031007393
   3.8317222595  -3.4742324352  -0.0031001007
   4.6698179245  -2.0117995739   0.9475539327
   4.0164914131  -2.9181482792   0.9481802583
   3.3563926220  -3.8195762634   0.9475551844
   4.1947398186  -2.3569607735   1.8977063894
   3.5378532410  -3.2610883713   1.8977069855
