
    -0.034858    -0.031448    -0.065823
    -0.035931    -0.032205     0.952752
     0.246068     0.835694     0.388755
     0.876635    -0.032206     0.388758
     0.247086    -0.898377     0.390405
    -0.772168    -0.567131     0.390579
    -0.772228     0.504617     0.390408
     0.702948     0.504617    -0.521319
     0.703074    -0.567133    -0.521188
    -0.316076    -0.898285    -0.520839
    -0.946124    -0.031034    -0.520819
    -0.316287     0.835921    -0.521183
    -0.034288    -0.031035    -1.084414
     0.250435     0.854478     1.440119
     0.895836    -0.033832     1.440125
     0.253002    -0.918765     1.443322
    -0.789519    -0.579705     1.443839
    -0.789822     0.516564     1.443318
     1.184466     0.854477     0.862864
     1.186181    -0.918766     0.866593
    -0.500600    -1.465939     0.867772
    -1.543082    -0.031077     0.867764
    -0.501453     1.404067     0.866581
     1.007739     1.404067    -0.066152
    -0.034777     1.743144    -0.065645
     1.652551     0.516567    -0.066146
     1.652880    -0.579712    -0.065641
     1.008420    -1.465942    -0.064853
    -0.034206    -1.804786    -0.064718
    -1.076666    -1.466012    -0.064580
    -1.721125    -0.578934    -0.064553
    -1.721171     0.517200    -0.064699
    -1.076769     1.404081    -0.064862
     1.474637    -0.031079    -0.997287
     0.432134    -1.466019    -0.997070
    -1.254781    -0.917798    -0.996970
    -1.254876     0.856026    -0.997050
     0.431931     1.404085    -0.997290
     0.720256     0.517200    -1.573641
     0.720366    -0.578938    -1.573533
    -0.322163    -0.917790    -1.573410
    -0.966567    -0.030771    -1.573397
    -0.322190     0.856017    -1.573532
    -0.036065    -0.032283     1.993824
     0.533732     1.721365     0.854230
     1.807841    -0.032285     0.854240
     0.535312    -1.783891     0.856791
    -1.525264    -1.114267     0.857186
    -1.525350     1.052391     0.856782
     1.456881     1.052395    -0.986346
     1.457202    -1.114275    -0.986086
    -0.603631    -1.784017    -0.986086
    -1.877241    -0.030789    -0.986000
    -0.603628     1.722225    -0.986085
    -0.033971    -0.030790    -2.125406
     0.252546     0.863883     2.500730
     0.905417    -0.034710     2.500737
     0.256257    -0.927585     2.505040
    -0.796366    -0.584661     2.505977
    -0.797225     0.522406     2.505030
     0.541402     1.752884     1.923020
     1.840176    -0.034711     1.923032
     0.545954    -1.817039     1.927661
    -1.553217    -1.134543     1.928458
    -1.553619     1.072768     1.927639
     1.201237     0.866677     1.934292
     1.206062    -0.934741     1.942102
    -0.508476    -1.490000     1.944130
    -1.568426    -0.031105     1.944113
    -0.510525     1.427927     1.942084
     1.486244     1.752884     1.339083
     2.134342    -0.927587     1.344336
    -0.215922    -2.370055     1.345886
    -2.314995    -0.580653     1.346158
    -1.262400     1.969044     1.345202
     2.132148     0.863882     1.339089
     1.488356    -1.817040     1.345232
    -1.261830    -2.030207     1.346183
    -2.315001     0.519071     1.345847
    -0.216866     2.308558     1.344314
     1.307748     2.308560     0.402058
     0.255000     2.651097     0.403246
     2.605475     0.522408     0.402069
     2.605937    -0.584668     0.403261
     1.308727    -2.370060     0.403609
     0.255203    -2.712515     0.403582
    -1.844009    -2.030409     0.403867
    -2.495059    -1.134263     0.403888
    -2.495068     1.072957     0.403570
    -1.843863     1.969077     0.403572
     1.776133     1.969049    -0.532698
    -0.323000     2.651659    -0.531975
     2.427318     1.072778    -0.532692
     2.427870    -1.134559    -0.531965
     1.776752    -2.030217    -0.531746
    -0.323027    -2.712743    -0.532012
    -1.376307    -2.370490    -0.531917
    -2.673886    -0.584369    -0.531857
    -2.673891     0.523107    -0.531970
    -1.376031     2.309168    -0.531769
     0.732877     2.330476    -0.538575
     2.448682    -0.031108    -0.538566
     0.733323    -2.391661    -0.538249
    -2.042291    -1.489875    -0.538149
    -2.042204     1.428504    -0.538270
     1.973744     1.427930     0.406739
     1.974655    -1.490007     0.409488
    -0.801014    -2.391650     0.410013
    -2.516331    -0.030705     0.409985
    -0.801102     2.330468     0.409465
     2.247468     0.519076    -1.473872
     1.194285    -2.030434    -1.473871
    -1.556318    -1.816695    -1.474036
    -2.202817     0.865426    -1.473995
     0.148129     2.309184    -1.473734
     2.247742    -0.580665    -1.473726
     0.148115    -2.370508    -1.474044
    -2.202821    -0.926753    -1.474001
    -1.556185     1.755284    -1.473861
     1.193960     1.969097    -1.473876
     0.728369     0.523110    -2.634804
     0.728467    -0.584376    -2.634747
    -0.324897    -0.926746    -2.634750
    -0.975967    -0.030565    -2.634737
    -0.324893     0.865416    -2.634744
     1.485186     1.072967    -2.056382
     1.485464    -1.134280    -2.056229
    -0.614059    -1.816690    -2.056427
    -1.911630    -0.030565    -2.056382
    -0.613960     1.755279    -2.056231
     1.500446    -0.030708    -2.072495
     0.440385    -1.489898    -2.072517
    -1.275118    -0.932498    -2.072521
    -1.275111     0.871254    -2.072509
     0.440240     1.428523    -2.072495
    -0.033221    -0.030201     3.053786
     0.828265     2.621171     1.330814
     2.754615    -0.030203     1.330831
     0.828551    -2.684774     1.331283
    -2.291474    -1.670925     1.331824
    -2.291545     1.609675     1.331253
     2.223911     1.609686    -1.459436
     2.224388    -1.670944    -1.459114
    -0.896386    -2.685547    -1.459737
    -2.824728    -0.030600    -1.459453
    -0.896001     2.623881    -1.459120
    -0.033738    -0.030601    -3.185032
     0.258639     0.873234     3.573819
     0.916181    -0.031788     3.573826
     0.260939    -0.930800     3.578022
    -0.797818    -0.585701     3.579326
    -0.798852     0.527871     3.578010
     0.547764     1.770332     2.998133
     1.858724    -0.034035     2.998147
     0.552403    -1.833916     3.004165
    -1.566943    -1.144501     3.005304
    -1.567697     1.084136     3.004137
     1.210550     0.873456     3.007141
     1.218100    -0.942080     3.019788
    -0.511680    -1.502184     3.022544
    -1.581021    -0.030368     3.022524
    -0.513799     1.441661     3.019767
     0.839271     2.660228     2.412556
     2.795152    -0.031789     2.412575
     0.842213    -2.726155     2.413732
    -2.326417    -1.696286     2.414547
    -2.326706     1.635467     2.413689
     1.502909     1.773241     2.422423
     2.164580    -0.942081     2.434839
    -0.219330    -2.403591     2.436881
    -2.347908    -0.587404     2.437273
    -1.279545     1.998653     2.435827
     2.156647     0.873456     2.422430
     1.511212    -1.842474     2.435862
    -1.278438    -2.059398     2.437301
    -2.347968     0.526212     2.436837
    -0.221322     2.341810     2.434813
     1.790873     2.660228     1.824441
     3.091943    -0.930803     1.828391
     0.074993    -3.283176     1.827873
    -3.093568    -1.138959     1.828326
    -2.033638     2.537436     1.827552
     2.445001     1.770332     1.825594
     2.448318    -1.833919     1.832442
    -0.981737    -2.948260     1.833145
    -3.101584    -0.030561     1.833082
    -0.981829     2.887244     1.832403
     3.089213     0.873233     1.824453
     1.790604    -2.726158     1.827602
    -2.033429    -2.598118     1.828360
    -3.093547     1.077921     1.827807
     0.075973     3.220293     1.828361
     1.609718     3.220297     0.880466
     0.550859     3.565082     0.881974
     3.565897     0.527871     0.880484
     3.566611    -0.585708     0.881998
     1.609712    -3.283182     0.879376
     0.549193    -3.627995     0.879287
    -2.619647    -2.598384     0.879690
    -3.274951    -1.696384     0.879699
    -3.274912     1.635454     0.879239
    -2.619299     2.537501     0.879311
     2.086410     2.887252    -0.063847
    -0.032960     3.576595    -0.062662
     3.396457     1.084143    -0.063837
     3.397162    -1.144515    -0.062639
     2.087027    -2.948273    -0.063429
    -0.033652    -3.637752    -0.063773
    -2.153899    -2.948846    -0.063582
    -3.464271    -1.145096    -0.063585
    -3.464235     1.084131    -0.063818
    -2.153301     2.887943    -0.063484
     1.033365     3.252958    -0.067546
     3.418867    -0.030371    -0.067529
     1.033407    -3.313876    -0.068350
    -2.826867    -2.059842    -0.068222
    -2.826579     1.998858    -0.068424
     2.552469     2.537449    -1.006778
    -0.616070     3.567600    -1.006146
     3.207792     1.635482    -1.006774
     3.208428    -1.696310    -1.006129
     2.553094    -2.598139    -1.006226
    -0.616490    -3.628636    -1.006818
    -1.677004    -3.284060    -1.006759
    -3.635508    -0.587906    -1.006777
    -3.635479     0.526951    -1.006849
    -1.676276     3.222997    -1.006256
     1.506832     2.908966    -1.015441
     3.238018     0.526216    -1.015431
     1.507306    -2.969697    -1.015698
    -2.353272    -2.404124    -1.015852
    -3.007786     1.441965    -1.015944
     0.447811     3.253429    -1.015196
     3.238380    -0.587417    -1.015181
     0.447834    -3.314123    -1.015867
    -3.007970    -1.502962    -1.015898
    -2.352819     2.343188    -1.015735
     2.759278     1.998662    -0.060268
     2.760097    -2.059413    -0.058616
    -1.100563    -3.314103    -0.058925
    -3.486225    -0.030511    -0.059067
    -1.099946     3.253413    -0.058650
     2.285106     2.341814     0.885776
     2.940641    -1.502191     0.888921
    -0.514947    -3.313864     0.888570
    -3.305028    -0.587398     0.888682
    -1.573768     2.908945     0.888438
     2.939109     1.441664     0.885782
     2.286059    -2.403599     0.888486
    -1.574216    -2.969671     0.888751
    -3.305032     0.526338     0.888481
    -0.514202     3.252949     0.888888
     3.026731     1.077938    -1.954662
     1.966754    -2.598424    -1.954804
    -1.858245    -2.726548    -1.955361
    -3.161307     0.871531    -1.955180
    -0.142018     3.223022    -1.954460
     3.035051    -0.030566    -1.959477
     0.914754    -2.948888    -1.960061
    -2.516317    -1.834256    -1.960234
    -2.516054     1.773206    -1.960020
     0.914579     2.887979    -1.959487
     3.027203    -1.138985    -1.954445
    -0.142150    -3.284087    -1.955332
    -3.161383    -0.932533    -1.955223
    -1.857701     2.665445    -1.954800
     1.966263     2.537533    -1.954667
     0.733781     0.527056    -3.707360
     0.733859    -0.588019    -3.707350
    -0.326717    -0.932696    -3.707429
    -0.982220    -0.030431    -3.707410
    -0.326713     0.871691    -3.707340
     1.500602     1.084179    -3.132282
     1.500826    -1.145152    -3.132204
    -0.619664    -1.834309    -3.132533
    -1.930210    -0.030411    -3.132448
    -0.619589     1.773257    -3.132202
     1.514747    -0.030515    -3.149692
     0.444942    -1.503079    -3.149830
    -1.286314    -0.940578    -3.149885
    -1.286296     0.879679    -3.149805
     0.444820     1.442077    -3.149689
     2.259406     1.635481    -2.541139
     2.259834    -1.696420    -2.540964
    -0.909579    -2.726554    -2.541705
    -2.868271    -0.030430    -2.541448
    -0.909317     2.665450    -2.540970
     2.281179     0.526356    -2.563893
     1.211592    -2.059904    -2.564058
    -1.579108    -1.841701    -2.564298
    -2.233816     0.879628    -2.564205
     0.152060     2.343241    -2.563801
     2.281356    -0.587425    -2.563798
     0.152154    -2.404182    -2.564256
    -2.233880    -0.940527    -2.564257
    -1.578953     1.780826    -2.564049
     1.211286     1.998913    -2.563895
    -0.025833    -0.024819     4.131335
     1.130172     3.532985     1.819326
     3.715091    -0.024822     1.819349
     1.126408    -3.600227     1.813245
    -3.070153    -2.236644     1.813863
    -3.070167     2.175848     1.813189
     3.003183     2.175868    -1.940303
     3.003775    -2.236674    -1.939986
    -1.194359    -3.602974    -1.941832
    -3.787611    -0.030462    -1.940682
    -1.193221     3.539935    -1.939999
    -0.033575    -0.030463    -4.263399
     0.277263     0.888186     4.667193
     0.936144    -0.018681     4.667201
     0.269617    -0.932184     4.669368
    -0.798955    -0.586515     4.670433
    -0.797500     0.536567     4.669354
     0.562247     1.790032     4.087161
     1.881923    -0.026334     4.087175
     0.559842    -1.845923     4.095343
    -1.576783    -1.151638     4.096475
    -1.576832     1.094938     4.095312
     1.224741     0.883779     4.089018
     1.231565    -0.942600     4.109983
    -0.511966    -1.510770     4.112819
    -1.589290    -0.027971     4.112798
    -0.510144     1.454644     4.109962
     0.852868     2.684468     3.505919
     2.822397    -0.026335     3.505939
     0.852265    -2.753984     3.507148
    -2.349720    -1.713206     3.508113
    -2.350083     1.653643     3.507101
     1.518692     1.784788     3.505842
     2.187804    -0.947849     3.530622
    -0.219981    -2.426572     3.532933
    -2.369977    -0.592094     3.533377
    -1.289901     2.019454     3.531688
     2.172494     0.884913     3.505849
     1.527784    -1.858734     3.531724
    -1.289728    -2.078920     3.533404
    -2.370040     0.532711     3.532890
    -0.219642     2.365694     3.530594
     1.151164     3.577767     2.919391
     3.764160    -0.018683     2.919416
     1.143115    -3.650880     2.909101
    -3.113036    -2.267782     2.909892
    -3.113202     2.207403     2.909040
     1.809774     2.684317     2.918954
     3.133651    -0.942602     2.934446
     0.074427    -3.328085     2.932803
    -3.136430    -1.151763     2.933380
    -2.059060     2.574636     2.932413
     2.464882     1.784788     2.921073
     2.483963    -1.858735     2.940782
    -0.994921    -2.989815     2.941393
    -3.145188    -0.030244     2.941336
    -0.994427     2.928826     2.940740
     3.117953     0.883779     2.918967
     1.818121    -2.761813     2.932466
    -2.058858    -2.634908     2.933412
    -3.136450     1.091280     2.932738
     0.077630     3.263619     2.934414
     2.104706     3.577769     2.330077
     4.064183    -0.932188     2.324230
     0.369686    -4.212726     2.318374
    -3.886574    -1.706102     2.318929
    -2.817788     3.116588     2.318214
     2.762720     2.684469     2.325581
     3.420962    -1.845928     2.327097
    -0.695204    -3.878559     2.325601
    -3.897839    -0.590131     2.325786
    -1.759302     3.471875     2.325538
     3.412572     1.790032     2.325588
     2.764083    -2.753988     2.325594
    -1.760000    -3.532607     2.325847
    -3.897814     0.529429     2.325524
    -0.692702     3.816001     2.327051
     4.058820     0.888185     2.330096
     2.099095    -3.650883     2.318281
    -2.817888    -3.177036     2.318963
    -3.886545     1.645443     2.318292
     0.375081     4.145385     2.324193
     1.919427     4.145389     1.369749
     0.851801     4.493969     1.368922
     4.541413     0.536567     1.369772
     4.543028    -0.586522     1.368954
     1.916625    -4.212733     1.362327
     0.847672    -4.560325     1.362252
    -3.408904    -3.177299     1.362762
    -4.069451    -2.268101     1.362770
    -4.069396     2.207438     1.362186
    -3.408521     3.116643     1.362244
     2.399523     3.816010     0.415981
     0.263190     4.511192     0.416531
     4.376513     1.094942     0.415997
     4.377529    -1.151651     0.416563
     2.399337    -3.878573     0.413100
     0.260842    -4.573863     0.412745
    -2.942191    -3.533161     0.413052
    -4.263611    -1.714262     0.413095
    -4.263551     1.653528     0.412732
    -2.941564     3.472452     0.413025
     1.338117     4.183177     0.412654
     4.397728    -0.027975     0.412678
     1.336311    -4.245357     0.408891
    -3.619230    -2.635530     0.409108
    -3.618860     2.574792     0.408791
     2.875182     3.471889    -0.538685
    -0.326700     4.512983    -0.537925
     4.196219     1.653654    -0.538676
     4.196958    -1.713227    -0.537896
     2.875763    -3.532629    -0.539167
    -0.328063    -4.574156    -0.540118
    -2.465969    -3.879535    -0.539974
    -4.445727    -1.154458    -0.539647
    -4.445667     1.093695    -0.539817
    -2.465335     3.818645    -0.539221
     1.818988     3.848703    -0.545003
     4.228220     0.532712    -0.544987
     1.818937    -3.909435    -0.546444
    -3.150895    -2.990698    -0.546518
    -3.811985     2.019518    -0.546732
     0.749342     4.196666    -0.544734
     4.228626    -0.592106    -0.544711
     0.748581    -4.257461    -0.546579
    -3.812286    -2.080279    -0.546609
    -3.150272     2.929967    -0.546515
     3.342014     3.116607    -1.488695
    -0.913998     4.500135    -1.488183
     4.002582     2.207423    -1.488691
     4.003266    -2.267812    -1.488158
     3.342723    -3.177065    -1.488444
    -0.916229    -4.561676    -1.491782
    -1.982810    -4.215148    -1.491727
    -4.614542    -0.592307    -1.489251
    -4.614488     0.531539    -1.489294
    -1.982871     4.152871    -1.488476
     2.290273     3.491562    -1.498889
     4.034190     1.091291    -1.498879
     2.290849    -3.552117    -1.499321
    -2.665501    -3.328954    -1.499647
    -3.983830     1.453101    -1.499792
     1.227206     3.849161    -1.502859
     4.045795    -0.030249    -1.502843
     1.227367    -3.909709    -1.503804
    -3.333860    -2.428059    -1.504016
    -3.333365     2.367355    -1.503823
     0.157145     4.185220    -1.498593
     4.034754    -1.151784    -1.498572
     0.157022    -4.245887    -1.499625
    -3.984044    -1.513873    -1.499805
    -2.664615     3.268350    -1.499344
     3.552050     2.574650    -0.535391
     3.552848    -2.634931    -0.534761
    -1.403215    -4.245865    -0.535366
    -4.465851    -0.030402    -0.535750
    -1.402338     4.185200    -0.534801
     3.083366     2.928835     0.420562
     3.745524    -2.078935     0.421493
    -0.815332    -4.257444     0.419950
    -4.295249    -0.593007     0.419944
    -1.884698     3.849129     0.420358
     3.744070     2.019462     0.420567
     3.084165    -2.989831     0.420416
    -1.885624    -3.909671     0.420085
    -4.295246     0.532200     0.419790
    -0.814013     4.196651     0.421450
     2.598255     3.263623     1.376603
     3.915934    -1.510778     1.376265
    -0.223570    -4.245346     1.372932
    -4.100897    -1.152054     1.373219
    -2.356558     3.491532     1.372954
     3.264445     2.365698     1.377341
     3.266683    -2.426581     1.378086
    -1.293886    -3.909410     1.377347
    -4.112158    -0.030401     1.377256
    -1.292611     3.848684     1.378032
     3.912566     1.454646     1.376615
     2.598239    -3.328094     1.373022
    -2.357209    -3.552080     1.373280
    -4.100882     1.091289     1.372834
    -0.221002     4.183169     1.376224
     3.820077     1.645467    -2.444576
     2.751794    -3.177347    -2.444686
    -2.165056    -3.654504    -2.445769
    -4.136522     0.878882    -2.445291
    -0.436239     4.152898    -2.444335
     3.831591     0.529435    -2.451409
     1.693605    -3.533208    -2.451963
    -2.831354    -2.755731    -2.452408
    -3.489474     1.788574    -2.452153
     0.628589     3.818683    -2.451329
     3.831836    -0.590149    -2.451313
     0.628190    -3.879578    -2.452227
    -3.489723    -1.849432    -2.452364
    -2.831093     2.694555    -2.451938
     1.693307     3.472492    -2.451420
     3.820658    -1.706138    -2.444314
    -0.439184    -4.215178    -2.445730
    -4.136625    -0.939668    -2.445343
    -2.165719     3.590960    -2.444693
     2.751165     3.116682    -2.444581
     0.738270     0.530329    -4.800779
     0.738349    -0.591121    -4.800794
    -0.328277    -0.937717    -4.800901
    -0.987492    -0.030352    -4.800894
    -0.328284     0.876939    -4.800778
     1.513496     1.093558    -4.223235
     1.513679    -1.154335    -4.223204
    -0.624434    -1.849197    -4.223515
    -1.945817    -0.030338    -4.223482
    -0.624357     1.788340    -4.223196
     1.526720    -0.030407    -4.239020
     0.448693    -1.514224    -4.239208
    -1.295744    -0.947438    -4.239287
    -1.295740     0.886722    -4.239169
     0.448610     1.453444    -4.239015
     2.284258     1.653545    -3.634085
     2.284609    -1.714291    -3.633971
    -0.918984    -2.755725    -3.634415
    -2.898661    -0.030338    -3.634487
    -0.918677     2.694548    -3.633973
     2.304867     0.532274    -3.659149
     1.224460    -2.080392    -3.659358
    -1.594561    -1.860097    -3.659666
    -2.256114     0.888887    -3.659506
     0.153958     2.367492    -3.659078
     2.305006    -0.593092    -3.659080
     0.154002    -2.428202    -3.659604
    -2.256161    -0.949574    -3.659583
    -1.594483     1.799427    -3.659342
     1.224218     2.019621    -3.659149
     3.046669     2.207467    -3.035742
     3.047213    -2.268143    -3.035525
    -1.211018    -3.654503    -3.035420
    -3.841169    -0.030351    -3.036255
    -1.209754     3.590960    -3.035535
     3.070313     1.091329    -3.059111
     1.992899    -2.635594    -3.059297
    -1.885422    -2.762272    -3.059932
    -3.204108     0.886513    -3.059676
    -0.141090     3.268406    -3.058957
     3.079315    -0.030406    -3.067199
     0.928661    -2.990765    -3.067759
    -2.551975    -1.859995    -3.067953
    -2.551721     1.799325    -3.067738
     0.928391     2.930027    -3.067205
     3.070663    -1.152105    -3.058949
    -0.140970    -3.329015    -3.059881
    -3.204208    -0.947229    -3.059734
    -1.885027     2.701776    -3.059296
     1.992454     2.574847    -3.059114
    -0.020649    -0.021041     5.237114
     1.438664     4.470244     2.318489
     4.701803    -0.021044     2.318519
     1.432729    -4.542294     2.308897
    -3.871489    -2.818830     2.309593
    -3.871484     2.758297     2.308824
     3.804852     2.758321    -2.435348
     3.805538    -2.818866    -2.435004
    -4.778395    -0.030371    -2.435935
    -1.499179     4.482361    -2.435026
     1.538293     1.801921     4.604872
     2.194836     0.898274     4.604879
     1.832063     2.706048     4.017333
     2.490747     1.803590     4.020804
     3.145496     0.898274     4.017347
     2.782220     2.706048     3.430111
     3.439111     1.801923     3.430118