
    -0.411314     0.064042     0.812689
    -0.135758     0.910716     0.262956
     0.472219     0.064766     0.259638
    -0.137278    -0.782216     0.261846
    -1.127437    -0.459751     0.264359
    -1.126788     0.586334     0.264378
     0.308737     0.587185    -0.627407
     0.307482    -0.459083    -0.627669
    -0.682865    -0.783325    -0.625992
    -1.294074     0.063086    -0.624123
    -0.681930     0.909539    -0.625335
    -0.407379     0.063398    -1.175753
    -0.123343     0.947033     1.320632
     0.513889     0.065296     1.316393
    -0.124792    -0.818879     1.319012
    -1.158100    -0.483101     1.322951
    -1.157942     0.609741     1.323229
     0.801094     0.946127     0.744248
     0.798454    -0.815998     0.742712
    -0.871892    -1.366463     0.748693
    -1.906778     0.062987     0.750259
    -0.870765     1.492810     0.749397
     0.627963     1.492884    -0.181974
    -0.405854     1.830584    -0.180421
     1.263351     0.609807    -0.182525
     1.261499    -0.479579    -0.183375
     0.625279    -1.364572    -0.183066
    -0.407330    -1.704145    -0.181151
    -1.442661    -1.366824    -0.179027
    -2.083996    -0.483159    -0.179224
    -2.083813     0.608605    -0.179032
    -1.442100     1.492620    -0.178830
     1.090063     0.063757    -1.110687
     0.056922    -1.366849    -1.109652
    -1.619916    -0.820445    -1.108004
    -1.619407     0.946012    -1.107841
     0.058230     1.493333    -1.109105
     0.345198     0.609098    -1.683633
     0.344521    -0.482695    -1.684123
    -0.690952    -0.820681    -1.682438
    -1.332676     0.062702    -1.681858
    -0.690557     0.946615    -1.682174
    -0.408004     0.063719     1.868731
     0.159263     1.807406     0.736207
     1.413635     0.063923     0.730042
     0.156169    -1.679468     0.733788
    -1.887873    -1.015827     0.738730
    -1.887655     1.141377     0.738833
     1.075097     1.141244    -1.097457
     1.072116    -1.014000    -1.098097
    -0.970722    -1.682514    -1.096569
    -2.237070     0.062643    -1.095783
    -0.970091     1.808020    -1.096287
    -0.403251     0.062804    -2.230502
    -0.114154     0.957729     2.384934
     0.531816     0.065541     2.379056
    -0.115319    -0.830826     2.382691
    -1.162864    -0.490791     2.387492
    -1.162870     0.615919     2.387938
     0.174338     1.844573     1.808779
     1.457336     0.063198     1.797873
     0.171495    -1.716760     1.805262
    -1.918547    -1.040477     1.811954
    -1.918788     1.165449     1.812311
     0.827068     0.962535     1.818785
     0.824662    -0.831946     1.815785
    -0.878141    -1.394306     1.825752
    -1.933795     0.062634     1.828413
    -0.877397     1.520165     1.826962
     1.110826     1.842528     1.224749
     1.745211    -0.826659     1.218874
    -0.585400    -2.272627     1.228722
    -2.678683    -0.486808     1.231370
    -1.628143     2.059903     1.231027
     1.747072     0.953021     1.219743
     1.105909    -1.711412     1.220342
    -1.628384    -1.935066     1.230674
    -2.678838     0.611730     1.231453
    -0.583829     2.398239     1.229924
     0.935237     2.397393     0.286987
    -0.113025     2.740295     0.288319
     2.214408     0.613238     0.283735
     2.213071    -0.486742     0.283157
     0.931478    -2.269331     0.284604
    -0.114624    -2.614618     0.286890
    -2.208092    -1.935369     0.290105
    -2.858842    -1.040052     0.289530
    -2.858991     1.164698     0.289673
    -2.208307     2.060158     0.290027
     1.401155     2.058655    -0.645671
    -0.689765     2.741668    -0.645722
     2.043681     1.163965    -0.644661
     2.038706    -1.033702    -0.645244
     1.396933    -1.931161    -0.646303
    -0.690388    -2.616538    -0.645916
    -1.740954    -2.274735    -0.644372
    -3.037781    -0.490781    -0.645144
    -3.037766     0.615436    -0.645019
    -1.741005     2.399669    -0.644573
     0.362459     2.420965    -0.652740
     2.058903     0.064774    -0.652686
     0.360425    -2.294659    -0.653366
    -2.407184    -1.395275    -0.651368
    -2.407107     1.520147    -0.651336
     1.590903     1.517488     0.291122
     1.586285    -1.386469     0.289484
    -1.167958    -2.295845     0.295443
    -2.880726     0.062377     0.296016
    -1.167586     2.421111     0.295720
     1.868937     0.610807    -1.585805
     0.821736    -1.934319    -1.585821
    -1.921346    -1.721163    -1.585923
    -2.567202     0.957318    -1.586143
    -0.219509     2.400036    -1.586233
     1.867028    -0.484895    -1.585789
    -0.220195    -2.274927    -1.586297
    -2.567435    -0.832512    -1.586149
    -1.921138     1.846081    -1.586024
     0.823895     2.059374    -1.585574
     0.360247     0.615149    -2.745616
     0.359964    -0.490460    -2.746005
    -0.690527    -0.832804    -2.745013
    -1.341595     0.062282    -2.744951
    -0.690524     0.957661    -2.744934
     1.114490     1.163789    -2.167199
     1.112911    -1.038744    -2.167885
    -0.979391    -1.721432    -2.167491
    -2.276516     0.062305    -2.167667
    -0.979329     1.846484    -2.167551
     1.127222     0.062662    -2.184956
     0.071900    -1.395044    -2.184261
    -1.640817    -0.838482    -2.184096
    -1.640659     0.963331    -2.184109
     0.072457     1.520248    -2.184074
    -0.399035     0.062119     2.934751
     0.461049     2.710341     1.215110
     2.363198     0.061508     1.203948
     0.457179    -2.582147     1.211273
    -2.654999    -1.576620     1.217015
    -2.655339     1.701130     1.217096
     1.852623     1.698029    -1.568546
     1.847014    -1.572383    -1.568385
    -1.261157    -2.589327    -1.571204
    -3.188258     0.062296    -1.571505
    -1.261087     2.714104    -1.571398
    -0.399322     0.062210    -3.294320
    -0.101327     0.962513     3.459371
     0.552101     0.064983     3.452577
    -0.100446    -0.839831     3.456908
    -1.158700    -0.496120     3.462284
    -1.159199     0.617586     3.462805
     0.189578     1.862108     2.886913
     1.486351     0.061672     2.869351
     0.188528    -1.736195     2.882016
    -1.929265    -1.052979     2.889848
    -1.930102     1.176120     2.890320
     0.848690     0.970465     2.894938
     0.845686    -0.839499     2.889081
    -0.874813    -1.409478     2.904621
    -1.943607     0.061619     2.908012
    -0.875540     1.533288     2.906208
     0.479759     2.750827     2.298071
     2.413464     0.059800     2.279576
     0.477939    -2.622109     2.294196
    -2.689067    -1.604002     2.300589
    -2.689932     1.727714     2.300849
     1.139683     1.865358     2.313567
     1.783015    -0.839964     2.301740
    -0.583574    -2.307563     2.320014
    -2.710892    -0.494779     2.323616
    -1.642729     2.090476     2.322978
     1.785008     0.963510     2.302626
     1.135948    -1.734297     2.303961
    -1.642103    -1.966408     2.322175
    -2.711258     0.618664     2.323721
    -0.583359     2.432657     2.321848
     1.424844     2.747064     1.710349
     2.702860    -0.833862     1.698071
    -0.285722    -3.184680     1.713640
    -3.456440    -1.046106     1.715204
    -2.397197     2.629138     1.715087
     2.068565     1.851672     1.706942
     2.065252    -1.726623     1.704130
    -1.344583    -2.853915     1.719381
    -3.464833     0.062025     1.720278
    -1.345197     2.978013     1.719608
     2.704446     0.954146     1.698840
     1.417310    -2.613489     1.701961
    -2.396425    -2.505261     1.714964
    -3.456954     1.170090     1.715272
    -0.286068     3.310135     1.714107
     1.245989     3.307521     0.765618
     0.187658     3.654314     0.766659
     3.174061     0.612400     0.758388
     3.172881    -0.492375     0.758031
     1.243708    -3.178718     0.762027
     0.188392    -3.529008     0.765218
    -2.982026    -2.505653     0.766832
    -3.638230    -1.603558     0.766310
    -3.638798     1.727515     0.766346
    -2.982972     2.629620     0.766619
     1.720501     2.974378    -0.174922
    -0.396987     3.666921    -0.176803
     3.008658     1.167683    -0.175250
     3.005024    -1.043845    -0.175407
     1.716969    -2.846753    -0.175650
    -0.396522    -3.542396    -0.176875
    -2.516382    -2.855653    -0.175642
    -3.828254    -1.052339    -0.176765
    -3.828521     1.176425    -0.176714
    -2.517266     2.979835    -0.176156
     0.668355     3.342072    -0.181569
     3.024267     0.061850    -0.180754
     0.667342    -3.216063    -0.182393
    -3.190394    -1.966883    -0.181190
    -3.190888     2.091056    -0.181340
     2.185556     2.624015    -1.114376
    -0.979932     3.658832    -1.119432
     2.833583     1.722561    -1.110369
     2.823068    -1.592155    -1.109545
     2.180711    -2.497952    -1.111971
    -0.979583    -3.534384    -1.118985
    -2.039559    -3.190216    -1.118211
    -3.999791    -0.495328    -1.119610
    -3.999853     0.619468    -1.119565
    -2.040217     3.314565    -1.118884
     1.141147     2.998483    -1.127150
     2.850953     0.617399    -1.121436
     1.139303    -2.873166    -1.126311
    -2.716943    -2.310804    -1.128199
    -3.372323     1.534331    -1.128793
     0.083036     3.344306    -1.128538
     2.848009    -0.490424    -1.120147
     0.082552    -3.219311    -1.128201
    -3.372201    -1.410072    -1.128714
    -2.717290     2.435142    -1.128532
     2.381331     2.083984    -0.170333
     2.372890    -1.951053    -0.171520
    -1.463317    -3.220332    -0.171089
    -3.850589     0.062069    -0.171978
    -1.464179     3.344747    -0.171636
     1.911120     2.425834     0.770700
     2.548940    -1.396901     0.767024
    -0.877213    -3.219114     0.775578
    -3.668907    -0.494621     0.775552
    -1.937845     3.000612     0.775692
     2.552109     1.520837     0.768429
     1.903114    -2.292362     0.768029
    -1.936794    -2.876451     0.775927
    -3.669087     0.618711     0.775586
    -0.878336     3.343573     0.775448
     2.658110     1.164358    -2.060181
     1.601603    -2.502260    -2.061192
    -2.221590    -2.632611    -2.067146
    -3.525646     0.963997    -2.067976
    -0.505938     3.314464    -2.067122
     2.662156     0.060984    -2.065221
     0.550126    -2.854623    -2.070163
    -2.880424    -1.740883    -2.072627
    -2.880452     1.865231    -2.072846
     0.550523     2.978382    -2.070909
     2.654380    -1.040847    -2.058669
    -0.505806    -3.190168    -2.066535
    -3.525709    -0.839741    -2.067914
    -2.221826     2.756995    -2.067586
     1.603583     2.624846    -2.062736
     0.370218     0.618678    -3.817956
     0.370126    -0.495263    -3.818116
    -0.689575    -0.840105    -3.818051
    -1.345867     0.061925    -3.818396
    -0.689756     0.963988    -3.818141
     1.136668     1.174531    -3.241993
     1.136250    -1.051500    -3.242266
    -0.982384    -1.741149    -3.243625
    -2.294454     0.062022    -3.244353
    -0.982730     1.865361    -3.243908
     1.149268     0.061622    -3.260544
     0.081537    -1.410062    -3.260718
    -1.650175    -0.847859    -3.261614
    -1.650258     0.971999    -3.261729
     0.081376     1.533903    -3.260898
     1.896279     1.723432    -2.647649
     1.894802    -1.600452    -2.647389
    -1.272185    -2.632692    -2.652952
    -3.232598     0.062065    -2.653990
    -1.272595     2.757104    -2.653427
     1.914014     0.616704    -2.673009
     0.847577    -1.965993    -2.673987
    -1.942882    -1.748421    -2.676315
    -2.598183     0.971987    -2.676781
    -0.211467     2.434851    -2.675840
     1.912929    -0.493765    -2.672971
    -0.211168    -2.310602    -2.675376
    -2.598208    -0.847738    -2.676695
    -1.943005     1.872772    -2.676564
     0.847669     2.089581    -2.674518
    -0.382057     0.058375     4.017368
     0.772342     3.624387     1.702801
     3.323855     0.058691     1.683255
     0.768830    -3.493060     1.697177
    -3.434086    -2.145213     1.701639
    -3.434954     2.268964     1.701662
     2.647834     2.259699    -2.042389
     2.636959    -2.135798    -2.039067
    -1.556828    -3.508870    -2.053082
    -4.153642     0.062064    -2.054284
    -1.557259     3.633176    -2.053712
    -0.396388     0.061782    -4.373731
    -0.082658     0.961827     4.553366
     0.590370     0.059503     4.547615
    -0.073433    -0.848366     4.551769
    -1.149965    -0.502414     4.555606
    -1.153760     0.618918     4.555284
     0.207079     1.874850     3.978321
     1.519461     0.059789     3.949077
     0.212923    -1.754276     3.970877
    -1.933351    -1.063381     3.981638
    -1.935704     1.183399     3.981898
     0.873910     0.976820     3.980112
     0.871451    -0.847088     3.969468
    -0.863852    -1.422016     3.995376
    -1.948180     0.059473     3.998663
    -0.868692     1.542569     3.997030
     0.500369     2.778435     3.391743
     2.453553     0.057255     3.358790
     0.507607    -2.649731     3.388143
    -2.709459    -1.622837     3.394330
    -2.711194     1.744935     3.394656
     1.170874     1.881421     3.407822
     1.815832    -0.847874     3.383128
    -0.572083    -2.332324     3.416433
    -2.730375    -0.501856     3.420355
    -1.649783     2.110184     3.419651
     1.819260     0.966511     3.383826
     1.166629    -1.747320     3.385238
    -1.646838    -1.987690     3.418707
    -2.731031     0.623403     3.420457
    -0.576756     2.455640     3.418437
     0.796557     3.673754     2.793538
     3.380657     0.056666     2.765820
     0.793851    -3.536318     2.793577
    -3.476138    -2.177844     2.796016
    -3.477461     2.300870     2.796196
     1.457629     2.774384     2.812793
     2.749605    -0.846728     2.788179
    -0.277459    -3.228141     2.819578
    -3.497815    -1.060016     2.820935
    -2.420323     2.666255     2.820780
     2.111708     1.866204     2.799732
     2.107453    -1.746419     2.796768
    -1.352005    -2.895972     2.828095
    -3.507243     0.061383     2.829202
    -1.354493     3.019784     2.828624
     2.752321     0.962515     2.789094
     1.455291    -2.639951     2.792716
    -2.418490    -2.542997     2.820406
    -3.498617     1.182871     2.821031
    -0.280744     3.354292     2.820162
     1.757902     3.661514     2.209070
     3.670718    -0.840058     2.182082
     0.025545    -4.110139     2.208125
    -4.248948    -1.617139     2.206891
    -3.183077     3.207945     2.206772
     2.395678     2.756068     2.199039
     3.033788    -1.737296     2.190308
    -1.048738    -3.782444     2.213993
    -4.260235    -0.498530     2.213749
    -2.121261     3.562984     2.213528
     3.038074     1.854181     2.192610
     2.388313    -2.631629     2.192606
    -2.119068    -3.439498     2.213601
    -4.260545     0.621829     2.213767
    -1.052759     3.906493     2.213464
     3.672957     0.954356     2.183174
     1.739262    -3.520722     2.190992
    -3.181466    -3.084559     2.206745
    -4.249784     1.740471     2.206906
     0.018345     4.237041     2.206957
     1.564087     4.231391     1.258485
     0.494912     4.583284     1.253826
     4.143992     0.611257     1.239156
     4.142427    -0.497345     1.238669
     1.566669    -4.098148     1.246461
     0.501869    -4.456157     1.254985
    -3.771763    -3.084923     1.253063
    -4.431912    -2.177758     1.252618
    -4.432804     2.301247     1.252605
    -3.773123     3.208466     1.252777
     2.043276     3.899412     0.305941
    -0.097061     4.600841     0.302077
     3.981244     1.167177     0.303420
     3.977747    -1.051476     0.302398
     2.047573    -3.767998     0.307172
    -0.093582    -4.476129     0.303328
    -3.303589    -3.440992     0.301625
    -4.626838    -1.622411     0.300789
    -4.627430     1.746042     0.300735
    -3.304964     3.564687     0.301086
     0.979800     4.270122     0.299084
     3.994909     0.058029     0.297582
     0.982634    -4.143293     0.298443
    -3.981638    -2.543600     0.296486
    -3.982597     2.667240     0.296209
     2.518075     3.553870    -0.643651
    -0.688630     4.603841    -0.651722
     3.811583     1.725098    -0.635149
     3.802561    -1.604127    -0.635877
     2.519497    -3.425129    -0.636670
    -0.686939    -4.479507    -0.650736
    -2.827136    -3.787035    -0.651287
    -4.809751    -1.062164    -0.652647
    -4.810047     1.185913    -0.652690
    -2.828371     3.910949    -0.652096
     1.460029     3.935437    -0.655116
     3.829793     0.615340    -0.644776
     1.462812    -3.808847    -0.652228
    -3.513279    -2.898702    -0.658594
    -4.176312     2.112036    -0.659353
     0.388595     4.286199    -0.657536
     3.827803    -0.496522    -0.643919
     0.390301    -4.160982    -0.656629
    -4.175770    -1.988267    -0.659130
    -3.514176     3.022516    -0.659108
     2.989276     3.193696    -1.590477
    -1.277836     4.592171    -1.603695
     3.651827     2.283760    -1.575272
     3.620884    -2.153657    -1.572235
     2.979049    -3.072003    -1.578288
    -1.276870    -4.467943    -1.602693
    -2.343861    -4.122070    -1.602823
    -4.979732    -0.498792    -1.604495
    -4.979828     0.622625    -1.604529
    -2.344856     4.246153    -1.603744
     1.932407     3.577668    -1.605145
     3.651169     1.172476    -1.589945
     1.932194    -3.453403    -1.600670
    -3.027727    -3.236482    -1.611408
    -4.348154     1.545814    -1.612539
     0.866917     3.938656    -1.613728
     3.653434     0.059433    -1.588353
     0.867722    -3.814119    -1.611466
    -3.697164    -2.335934    -1.616414
    -3.697591     2.459844    -1.616791
    -0.204358     4.276233    -1.611133
     3.643544    -1.050107    -1.583773
    -0.203530    -4.151780    -1.609980
    -4.347952    -1.421940    -1.612395
    -3.028453     3.360460    -1.612071
     3.180999     2.653002    -0.634046
     3.167421    -2.513349    -0.632809
    -1.763680    -4.152804    -0.646425
    -4.830192     0.061902    -0.648101
    -1.765097     4.276957    -0.647453
     2.718617     3.005911     0.312350
     3.350095    -1.962685     0.309137
    -1.173643    -4.163819     0.309254
    -4.659249    -0.500835     0.307453
    -2.247736     3.941165     0.307832
     3.355546     2.082679     0.311265
     2.702600    -2.862697     0.311375
    -2.245981    -3.817279     0.308560
    -4.659428     0.624548     0.307449
    -1.176192     4.287922     0.308034
     2.236324     3.340134     1.255408
     3.517893    -1.404943     1.248581
    -0.576910    -4.149083     1.262981
    -4.464024    -1.059716     1.260737
    -2.719240     3.583738     1.260825
     2.883032     2.426598     1.257091
     2.877626    -2.305951     1.254071
    -1.652018    -3.816442     1.266031
    -4.475689     0.061797     1.265218
    -1.654888     3.940133     1.265421
     3.521717     1.521508     1.250308
     2.224193    -3.198638     1.253638
    -2.717431    -3.460127     1.261093
    -4.464500     1.183281     1.260738
    -0.582255     4.273594     1.261337
     3.469844     1.725951    -2.534756
     2.399777    -3.077259    -2.540815
    -2.526978    -3.561454    -2.557261
    -4.502814     0.969193    -2.558553
    -0.800759     4.245590    -2.557186
     3.470388     0.612389    -2.544027
     1.336386    -3.437207    -2.556596
    -3.194201    -2.663073    -2.564520
    -3.853770     1.880683    -2.565236
     0.267456     3.909030    -2.562618
     3.472166    -0.495873    -2.540950
     0.268227    -3.785545    -2.561061
    -3.853622    -1.756728    -2.564984
    -3.194556     2.787076    -2.565001
     1.334910     3.559617    -2.559304
     3.457664    -1.600962    -2.534027
    -0.800148    -4.121587    -2.556134
    -4.502783    -0.845258    -2.558457
    -2.527509     3.685512    -2.557969
     2.397232     3.198841    -2.546671
     0.377253     0.621782    -4.910735
     0.377252    -0.499023    -4.910662
    -0.689469    -0.845526    -4.911500
    -1.349556     0.061683    -4.912069
    -0.689636     0.968828    -4.911704
     1.153597     1.183811    -4.331750
     1.153530    -1.061838    -4.331569
    -0.985554    -1.756857    -4.334425
    -2.308690     0.061806    -4.335487
    -0.985920     1.880377    -4.334855
     1.165873     0.061170    -4.348289
     0.087838    -1.421999    -4.349422
    -1.657893    -0.855316    -4.350985
    -1.658069     0.978910    -4.351150
     0.087612     1.544925    -4.349891
     1.926824     1.741174    -3.738680
     1.927041    -1.620435    -3.737540
    -1.280058    -2.663028    -3.745429
    -3.262609     0.061890    -3.746918
    -1.280608     2.786859    -3.746083
     1.945301     0.622128    -3.765542
     0.865014    -1.987728    -3.768012
    -1.956750    -1.767828    -3.771639
    -2.619376     0.981206    -3.772276
    -0.207199     2.458983    -3.770859
     1.944845    -0.500693    -3.765578
    -0.206665    -2.335643    -3.770056
    -2.619257    -0.857405    -3.772143
    -1.957077     1.891658    -3.771985
     0.864413     2.109886    -3.769192
     2.694646     2.290833    -3.133585
     2.694534    -2.171022    -3.129833
    -1.572107    -3.561363    -3.146325
    -4.207947     0.061938    -3.148060
    -1.572757     3.685427    -3.147126
     2.713586     1.177120    -3.159469
     1.636373    -2.541053    -3.163568
    -2.247549    -2.669655    -3.171759
    -3.567843     0.979044    -3.172789
    -0.502406     3.359725    -3.171366
     2.720150     0.059601    -3.168006
     0.569290    -2.897516    -3.176599
    -2.915124    -1.767754    -3.180487
    -2.915316     1.891707    -3.180759
     0.568277     3.020468    -3.178132
     2.711766    -1.056363    -3.158848
    -0.501702    -3.235931    -3.170372
    -3.567802    -0.855133    -3.172689
    -2.247977     2.793664    -3.172289
     1.634520     2.662433    -3.166709
     4.297032     0.056025     2.168877
     1.107449    -4.419613     2.202502
     3.462280    -2.708744    -2.507142
     2.492667     0.054920     4.453890
     1.847302    -0.853858     4.477797
     1.852998     0.968277     4.480322
     1.197174    -1.763203     4.481048
     3.431329     0.054362     3.858838
     2.792270    -0.856298     3.883368
     2.154253     1.878098     3.899616
     2.146827    -1.762419     3.893394
     2.796812     0.966969     3.884303
     1.492834    -2.665699     3.890736
     4.366632     0.054317     3.260676
     3.726387    -0.853727     3.282383
     2.442328     2.781801     3.302888
     3.085165    -1.759834     3.294506
     3.091233     1.872197     3.296913
     2.435434    -2.661408     3.296403
     3.729772     0.964047     3.283579
     1.778934    -3.564040     3.290467
     4.657210    -0.844620     2.675335
     4.014667    -1.749936     2.683730
     3.375729     2.767585     2.693250
     3.368085    -2.652041     2.688553
     4.020008     1.861406     2.686204
     2.716926    -3.552629     2.690166
     4.660045     0.954071     2.676617
     5.131936     0.610337     1.730076
     5.130121    -0.501033     1.729517
     4.967854     1.170702     0.785799
     4.964105    -1.060135     0.784862
     4.977735     0.055422     0.779696
     4.799245     1.730731    -0.159247
     4.792082    -1.617456    -0.159430
     4.817142     0.614844    -0.166359
     4.815467    -0.502707    -0.166085
     4.614417    -2.174034    -1.104801
     4.643562     1.177725    -1.114701
     4.650666     0.056710    -1.114265
     4.639179    -1.060309    -1.111068
     4.470042     0.614653    -2.064661
     4.468810    -0.503546    -2.061191
     4.453179    -1.621105    -2.058002
     3.975879    -3.086353    -1.105139
     4.159314    -2.532942    -0.153424
     4.170049     2.651697    -0.153761
     3.512594    -3.440277    -0.150868
     4.334856    -1.976498     0.792338
     3.702944     3.003277     0.802248
     3.692388    -2.884316     0.798418
     4.341444     2.089199     0.795052
     3.036875    -3.785904     0.800566
     4.498330    -1.414579     1.735301
     3.217441     3.344949     1.752668
     3.859373    -2.321953     1.743298
     3.866348     2.435346     1.746690
     3.209252    -3.223197     1.746693
     4.502932     1.525775     1.737266
     2.548987    -4.123041     1.748633