
     0.040821     0.039390     0.459363
     0.040468     0.038890     1.474960
     0.322622     0.907386     0.911385
     0.953471     0.039044     0.911275
     0.322606    -0.829161     0.911680
    -0.697865    -0.497507     0.911913
    -0.697919     0.575665     0.911556
     0.778540     0.575949     0.003738
     0.778589    -0.496950     0.004363
    -0.241091    -0.828169     0.005156
    -0.871201     0.039270     0.005051
    -0.240802     0.907106     0.003893
     0.041511     0.040173    -0.555514
     0.328721     0.926455     1.961511
     0.973756     0.038617     1.961401
     0.328695    -0.849041     1.961626
    -0.714769    -0.509938     1.961792
    -0.714861     0.587271     1.961598
     1.262355     0.926680     1.384246
     1.262378    -0.849100     1.384289
    -0.426405    -1.397782     1.384707
    -1.470079     0.038800     1.384653
    -0.426429     1.475420     1.384398
     1.083693     1.476120     0.454042
     0.040881     1.814886     0.454105
     1.729168     0.587444     0.453946
     1.729326    -0.509617     0.454235
     1.083711    -1.397982     0.454565
     0.040753    -1.736904     0.455195
    -1.003643    -1.397418     0.455425
    -1.648092    -0.510280     0.455336
    -1.648210     0.587997     0.455028
    -1.003355     1.475258     0.454257
     1.548945     0.039345    -0.472971
     0.506722    -1.395733    -0.472010
    -1.179627    -0.847511    -0.471473
    -1.179394     0.925933    -0.472333
     0.507072     1.475262    -0.474112
     0.793940     0.587881    -1.045488
     0.794097    -0.507278    -1.044369
    -0.246082    -0.845042    -1.043016
    -0.888750     0.039993    -1.043265
    -0.245693     0.925759    -1.045177
     0.040273     0.038579     2.513629
     0.610536     1.794059     1.373036
     1.885860     0.038626     1.372753
     0.610501    -1.716520     1.373105
    -1.452692    -1.046027     1.373393
    -1.452789     1.123408     1.373069
     1.531075     1.123179    -0.465753
     1.530954    -1.044579    -0.464707
    -0.529111    -1.713020    -0.462571
    -1.801534     0.038609    -0.462792
    -0.528619     1.792101    -0.465641
     0.041130     0.039468    -1.592414
     0.331535     0.935258     3.021176
     0.983174     0.038348     3.021053
     0.331523    -0.858395     3.021163
    -0.722682    -0.515818     3.021278
    -0.722767     0.592619     3.021192
     0.620956     1.826236     2.441566
     1.919944     0.038307     2.441240
     0.620911    -1.749251     2.441370
    -1.480504    -1.066342     2.441552
    -1.480693     1.143169     2.441439
     1.282865     0.941298     2.458259
     1.282842    -0.864439     2.458150
    -0.434499    -1.422325     2.458370
    -1.495858     0.038449     2.458365
    -0.434580     1.499298     2.458361
     1.564154     1.826434     1.857967
     2.211540    -0.858602     1.857575
    -0.142042    -2.303749     1.857835
    -2.243711    -0.512061     1.857868
    -1.189373     2.040318     1.857926
     2.211491     0.935382     1.857766
     1.564139    -1.749407     1.857619
    -1.189257    -1.963401     1.857914
    -2.243833     0.589019     1.857821
    -0.142038     2.380789     1.858052
     1.383510     2.381264     0.916616
     0.329988     2.723464     0.916670
     2.683017     0.592285     0.916278
     2.683091    -0.515546     0.916321
     1.383314    -2.303994     0.916534
     0.329912    -2.646379     0.916973
    -1.772618    -1.962991     0.917180
    -2.423547    -1.066968     0.917097
    -2.423793     1.143777     0.916878
    -1.772546     2.039764     0.916529
     1.850551     2.039776    -0.019077
    -0.248764     2.721517    -0.019026
     2.502157     1.142447    -0.019021
     2.502026    -1.065415    -0.018879
     1.850129    -1.962365    -0.018754
    -0.248720    -2.644049    -0.017120
    -1.303661    -2.301107    -0.017066
    -2.600137    -0.516451    -0.017276
    -2.600284     0.592839    -0.017398
    -1.303215     2.378402    -0.018916
     0.807829     2.401902    -0.023180
     2.524140     0.038580    -0.022892
     0.807543    -2.323840    -0.021959
    -1.969133    -1.421276    -0.021393
    -1.969215     1.498482    -0.022265
     2.050437     1.499340     0.922690
     2.050414    -1.422187     0.922581
    -0.727844    -2.324690     0.923307
    -2.444711     0.038463     0.923162
    -0.727764     2.401872     0.922814
     2.318903     0.588444    -0.955711
     1.266290    -1.959838    -0.954872
    -1.480972    -1.744341    -0.953445
    -2.125265     0.933629    -0.953897
     0.222716     2.378068    -0.957326
     2.318893    -0.510591    -0.955225
     0.222003    -2.297943    -0.953484
    -2.125491    -0.857134    -0.953598
    -1.480656     1.822510    -0.955506
     1.267246     2.038929    -0.957425
     0.798909     0.590109    -2.102823
     0.799046    -0.512294    -2.102126
    -0.248887    -0.852559    -2.100994
    -0.896474     0.038999    -2.101242
    -0.248978     0.930638    -2.102566
     1.554494     1.142533    -1.533872
     1.554681    -1.061836    -1.531942
    -0.537503    -1.739197    -1.528747
    -1.828846     0.038704    -1.529086
    -0.536183     1.821568    -1.533631
     1.569172     0.039847    -1.544676
     0.513333    -1.414230    -1.543147
    -1.194830    -0.858656    -1.542280
    -1.194563     0.938404    -1.543706
     0.513846     1.496148    -1.546834
     0.040156     0.038350     3.571589
     0.903507     2.696164     1.843374
     2.834546     0.038235     1.842827
     0.903431    -2.619210     1.842980
    -2.220572    -1.603985     1.843215
    -2.220786     1.680686     1.843072
     2.296080     1.678036    -0.948841
     2.294969    -1.600847    -0.948350
    -0.821553    -2.610981    -0.943740
    -2.745732     0.037789    -0.944091
    -0.822160     2.690505    -0.948778
     0.039890     0.037854    -2.648181
     0.333431     0.941100     4.092714
     0.989459     0.038171     4.092579
     0.333443    -0.864623     4.092618
    -0.727923    -0.519736     4.092700
    -0.727989     0.596185     4.092679
     0.626607     1.843612     3.516659
     1.938390     0.038120     3.516313
     0.626605    -1.767049     3.516340
    -1.495610    -1.077415     3.516472
    -1.495776     1.153884     3.516459
     1.294031     0.949246     3.534706
     1.294031    -0.872815     3.534532
    -0.438884    -1.435750     3.534664
    -1.509901     0.038254     3.534682
    -0.438973     1.512301     3.534785
     0.916715     2.736768     2.924330
     2.877467     0.038033     2.923732
     0.916667    -2.660152     2.923720
    -2.255352    -1.629333     2.923874
    -2.255642     1.705744     2.923888
     1.587097     1.851355     2.947637
     2.242535    -0.872909     2.947167
    -0.145910    -2.337801     2.947284
    -2.277268    -0.519152     2.947327
    -1.206424     2.069757     2.947551
     2.242540     0.949211     2.947433
     1.587075    -1.774839     2.947176
    -1.206222    -1.993222     2.947343
    -2.277377     0.595665     2.947315
    -0.145972     2.414420     2.947698
     1.866145     2.736775     2.336714
     3.170821    -0.864910     2.335911
     0.148477    -3.218199     2.335993
    -3.023548    -1.071279     2.336028
    -1.962339     2.608684     2.336352
     2.524956     1.843587     2.341470
     2.524942    -1.767233     2.340841
    -0.909234    -2.882845     2.340975
    -3.031659     0.038246     2.340938
    -0.909387     2.959360     2.341561
     3.170808     0.940999     2.336230
     1.866076    -2.660194     2.335892
    -1.962025    -2.532300     2.336073
    -3.023798     1.147716     2.336034
     0.148502     3.294818     2.336768
     1.684241     3.294882     1.387856
     0.623461     3.639419     1.387891
     3.645190     0.595521     1.387081
     3.645144    -0.519597     1.386981
     1.683862    -3.218207     1.387016
     0.623391    -3.562833     1.387292
    -2.549056    -2.531721     1.387404
    -3.204350    -1.629709     1.387330
    -3.204741     1.705868     1.387272
    -2.549316     2.607842     1.387202
     2.160615     2.958245     0.443394
     0.039974     3.646895     0.443427
     3.472131     1.152401     0.442780
     3.471798    -1.076513     0.442462
     2.159686    -2.881708     0.442479
     0.040169    -3.570439     0.443276
    -2.082235    -2.880470     0.443242
    -3.391713    -1.077943     0.443054
    -3.392088     1.153662     0.443015
    -2.082343     2.956426     0.442756
     1.107505     3.324737     0.440197
     3.494946     0.037996     0.439513
     1.107012    -3.247661     0.439948
    -2.754993    -1.992288     0.440230
    -2.755436     2.068407     0.439802
     2.624805     2.604474    -0.503484
    -0.543814     3.633280    -0.503453
     3.279620     1.702352    -0.503806
     3.278249    -1.626721    -0.504719
     2.622864    -2.528403    -0.504662
    -0.542339    -3.556536    -0.502602
    -1.603594    -3.211498    -0.502617
    -3.558541    -0.520452    -0.502953
    -3.558730     0.595440    -0.503045
    -1.603836     3.288082    -0.503815
     1.580112     2.978453    -0.508044
     3.310751     0.594385    -0.508309
     1.578670    -2.901159    -0.507954
    -2.279491    -2.333453    -0.507164
    -2.932941     1.510086    -0.507532
     0.521394     3.322216    -0.508021
     3.310682    -0.518253    -0.508230
     0.520979    -3.244110    -0.507062
    -2.932451    -1.434634    -0.507285
    -2.279920     2.409887    -0.508350
     2.834631     2.068591     0.447473
     2.834069    -1.992377     0.446631
    -1.027947    -3.246715     0.447217
    -3.414269     0.037897     0.446949
    -1.028157     3.323123     0.447498
     2.361556     2.414180     1.396688
     3.016863    -1.435701     1.395854
    -0.442029    -3.248327     1.396113
    -3.234692    -0.519257     1.395998
    -1.502526     2.980065     1.396451
     3.016976     1.511908     1.396377
     2.361314    -2.337647     1.395847
    -1.502309    -2.903705     1.396132
    -3.234850     0.595547     1.395993
    -0.442051     3.324902     1.396754
     3.094275     1.142995    -1.449196
     2.033118    -2.526489    -1.448264
    -1.781774    -2.648324    -1.446108
    -3.077942     0.938574    -1.446673
    -0.068288     3.286915    -1.449027
     3.100755     0.038349    -1.450375
     0.984373    -2.873930    -1.449825
    -2.436980    -1.761309    -1.450135
    -2.437130     1.836426    -1.450514
     0.986875     2.953958    -1.452989
     3.093646    -1.066681    -1.448551
    -0.067480    -3.205712    -1.446080
    -3.078021    -0.864041    -1.446381
    -1.782927     2.726527    -1.449092
     2.036342     2.603724    -1.449122
     0.800524     0.589730    -3.172220
     0.800332    -0.516112    -3.171588
    -0.251521    -0.857720    -3.170740
    -0.901643     0.036987    -3.170970
    -0.251880     0.931578    -3.172041
     1.563309     1.145761    -2.606447
     1.562927    -1.069585    -2.605344
    -0.542166    -1.751769    -2.602633
    -1.841988     0.037462    -2.603037
    -0.542206     1.829423    -2.606146
     1.575863     0.038007    -2.618801
     0.514328    -1.422584    -2.617312
    -1.201952    -0.864338    -2.616656
    -1.202321     0.940780    -2.618011
     0.514217     1.498628    -2.619672
     2.322526     1.701820    -2.031277
     2.322324    -1.621757    -2.029359
    -0.831315    -2.639682    -2.021925
    -2.775832     0.037115    -2.022371
    -0.830127     2.725266    -2.031118
     2.340431     0.594775    -2.042340
     1.278139    -1.979058    -2.041109
    -1.494578    -1.760097    -2.038973
    -2.144250     0.941429    -2.039880
     0.226858     2.404607    -2.046882
     2.340252    -0.516543    -2.041869
     0.223518    -2.318788    -2.039270
    -2.144462    -0.865501    -2.039132
    -1.494444     1.840369    -2.041875
     1.279124     2.063019    -2.047003
     0.040102     0.038187     4.649011
     1.201604     3.613939     2.323044
     3.799712     0.037927     2.322174
     1.201504    -3.537351     2.322174
    -3.001570    -2.171442     2.322359
    -3.001942     2.247702     2.322351
     3.073797     2.239339    -1.447775
     3.070170    -2.165026    -1.450113
    -1.117449    -3.519716    -1.439506
    -3.701285     0.037065    -1.440004
    -1.122088     3.601572    -1.447690
     0.038486     0.036013    -3.719636
     0.335132     0.946238     5.185294
     0.995032     0.038057     5.185139
     0.335174    -0.870038     5.185145
    -0.732458    -0.523124     5.185209
    -0.732530     0.599367     5.185217
     0.631433     1.858361     4.607029
     1.954055     0.038002     4.606676
     0.631482    -1.782100     4.606655
    -1.508365    -1.086767     4.606765
    -1.508500     1.163010     4.606798
     1.303502     0.956009     4.623552
     1.303537    -0.879854     4.623347
    -0.442534    -1.447061     4.623444
    -1.521714     0.038134     4.623470
    -0.442621     1.523338     4.623620
     0.926129     2.765610     4.016630
     2.907955     0.037920     4.016034
     0.926153    -2.689282     4.015966
    -2.280099    -1.647384     4.016099
    -2.280347     1.723597     4.016169
     1.602554     1.869570     4.042756
     2.264804    -0.882097     4.042267
    -0.147627    -2.361913     4.042346
    -2.300694    -0.525052     4.042393
    -1.219145     2.090053     4.042657
     2.264779     0.958124     4.042552
     1.602590    -1.793365     4.042264
    -1.218960    -2.013772     4.042400
    -2.300786     0.601324     4.042395
    -0.147716     2.438235     4.042807
     1.218196     3.664834     3.416471
     3.853382     0.037820     3.415643
     1.218161    -3.588437     3.415558
    -3.044985    -2.203040     3.415723
    -3.045359     2.279171     3.415806
     1.893525     2.772458     3.441461
     3.213409    -0.879996     3.440657
     0.147467    -3.263387     3.440700
    -3.066839    -1.084341     3.440745
    -1.988042     2.645737     3.441104
     2.560797     1.869467     3.449449
     2.560799    -1.793413     3.448816
    -0.922915    -2.925056     3.448929
    -3.076005     0.038124     3.448914
    -0.923117     3.001365     3.449528
     3.213401     0.955832     3.440995
     1.893508    -2.696199     3.440623
    -1.987712    -2.569504     3.440777
    -3.067069     1.160562     3.440769
     0.147403     3.339763     3.441502
     2.172993     3.664634     2.825538
     4.148261    -0.870212     2.824403
     0.445550    -4.149447     2.824465
    -3.817362    -1.641790     2.824509
    -2.750393     3.187110     2.824875
     2.839865     2.765273     2.832036
     3.498975    -1.782164     2.831063
    -0.622368    -3.813824     2.831174
    -3.828348    -0.522497     2.831139
    -1.689092     3.543487     2.831851
     3.499054     1.857964     2.831766
     2.839744    -2.689221     2.831036
    -1.688684    -3.467279     2.831198
    -3.828487     0.598635     2.831157
    -0.622576     3.890150     2.832104
     4.148294     0.945849     2.824761
     2.172843    -3.588367     2.824366
    -2.749870    -3.110982     2.824564
    -3.817718     1.717933     2.824529
     0.445502     4.225866     2.825571
     1.990161     4.225508     1.870424
     0.922792     4.572183     1.870405
     4.625015     0.598632     1.869203
     4.624884    -0.523269     1.868948
     1.989759    -4.149078     1.868996
     0.922737    -4.495726     1.869179
    -3.339716    -3.110394     1.869286
    -3.999045    -2.202845     1.869192
    -3.999548     2.278692     1.869129
    -3.340273     3.186261     1.869276
     2.472979     3.888616     0.916784
     0.333940     4.583252     0.916778
     4.453836     1.161353     0.915317
     4.453357    -1.086193     0.914827
     2.471831    -3.812418     0.914815
     0.334130    -4.506935     0.915202
    -2.870643    -3.465162     0.915122
    -4.191427    -1.647084     0.914950
    -4.191952     1.722500     0.914935
    -2.871374     3.540625     0.915208
     1.410111     4.256361     0.913266
     4.474729     0.037685     0.911581
     1.409576    -4.179664     0.911718
    -3.547824    -2.568321     0.911774
    -3.548453     2.643991     0.911619
     2.947714     3.538996    -0.040270
    -0.255914     4.579207    -0.040277
     4.268574     1.719472    -0.042437
     4.267098    -1.644731    -0.043450
     2.945205    -3.463377    -0.043346
    -0.255028    -4.503005    -0.043260
    -2.392448    -3.808139    -0.043285
    -4.369765    -1.086307    -0.043582
    -4.370134     1.161078    -0.043748
    -2.393914     3.883112    -0.042524
     1.891919     3.918445    -0.044480
     4.301619     0.599720    -0.046843
     1.890163    -3.841652    -0.046946
    -3.077635    -2.921000    -0.046779
    -3.738732     2.087227    -0.046922
     0.821452     4.266038    -0.044481
     4.301497    -0.524494    -0.046977
     0.821089    -4.188735    -0.046454
    -3.737876    -2.012157    -0.046883
    -3.078456     2.996429    -0.047167
     3.411769     3.178322    -0.996859
    -0.843645     4.559950    -0.996805
     4.070372     2.269797    -1.000527
     4.066975    -2.195266    -1.002223
     3.406696    -3.103678    -1.002119
    -0.841023    -4.482503    -1.002466
    -1.907101    -4.135890    -1.002408
    -4.531381    -0.523475    -1.002863
    -4.531564     0.597490    -1.003098
    -1.910512     4.211781    -1.000562
     2.361145     3.557352    -1.002189
     4.102307     1.155659    -1.006354
     2.356981    -3.480842    -1.006227
    -2.589829    -3.253211    -1.004843
    -3.903600     1.519699    -1.005531
     1.299001     3.915059    -1.004515
     4.113462     0.037660    -1.007661
     1.296282    -3.836691    -1.008045
    -3.255309    -2.355870    -1.009274
    -3.256847     2.430234    -1.008772
     0.229277     4.249472    -1.002182
     4.101725    -1.080611    -1.006601
     0.230242    -4.170361    -1.004801
    -3.903003    -1.445613    -1.005077
    -2.591124     3.328866    -1.006433
     3.625980     2.641529    -0.036739
     3.623873    -2.566938    -0.039125
    -1.330334    -4.175771    -0.040128
    -4.391210     0.037390    -0.040540
    -1.332153     4.251558    -0.036775
     3.159011     2.999626     0.922986
     3.820139    -2.013052     0.921241
    -0.743050    -4.191009     0.921193
    -4.224153    -0.525143     0.920929
    -1.814692     3.918648     0.922384
     3.820947     2.088249     0.922423
     3.157976    -2.924033     0.921229
    -1.813686    -3.842973     0.921173
    -4.224351     0.600554     0.920924
    -0.743565     4.267082     0.922982
     2.673771     3.339116     1.878456
     3.993178    -1.447008     1.877145
    -0.151065    -4.180369     1.877268
    -4.031114    -1.084264     1.877157
    -2.286393     3.562538     1.877804
     3.342789     2.437421     1.882520
     3.342412    -2.361636     1.881455
    -1.221906    -3.844200     1.881577
    -4.042554     0.037948     1.881445
    -1.222348     3.920369     1.882559
     3.993444     1.522529     1.877772
     2.673331    -3.262969     1.877099
    -2.285749    -3.486563     1.877283
    -4.031415     1.160148     1.877182
    -0.151186     4.256747     1.878492
     3.880755     1.705005    -1.963025
     2.810370    -3.099652    -1.962826
    -2.087891    -3.561417    -1.951993
    -4.040954     0.946130    -1.953068
    -0.368594     4.208641    -1.954772
     3.889345     0.591510    -1.959688
     1.753314    -3.453495    -1.958835
    -2.747689    -2.673380    -1.962196
    -3.401141     1.848067    -1.962854
     0.699387     3.878246    -1.956571
     3.888800    -0.516219    -1.959459
     0.697829    -3.794479    -1.961969
    -3.400297    -1.775096    -1.962327
    -2.751000     2.746482    -1.959736
     1.762294     3.533267    -1.956595
     3.878305    -1.630098    -1.963377
    -0.357779    -4.124043    -1.952258
    -4.040898    -0.873117    -1.952369
    -2.089535     3.643082    -1.962792
     2.820694     3.173350    -1.954838
     0.801753     0.589299    -4.254138
     0.801449    -0.519722    -4.253179
    -0.253869    -0.862448    -4.252258
    -0.906211     0.035035    -4.252500
    -0.254364     0.932305    -4.253958
     1.567320     1.145459    -3.690153
     1.566428    -1.074601    -3.688665
    -0.545769    -1.760486    -3.686074
    -1.850991     0.035710    -3.686505
    -0.546706     1.831787    -3.689816
     1.579139     0.035595    -3.700630
     0.514007    -1.428754    -3.699036
    -1.207363    -0.868972    -3.698445
    -1.208197     0.940802    -3.699876
     0.513877     1.499469    -3.702058
     2.332340     1.704367    -3.118844
     2.330854    -1.629805    -3.117427
    -0.837147    -2.655620    -3.109726
    -2.792567     0.035839    -3.110254
    -0.837449     2.733106    -3.118469
     2.349472     0.593568    -3.131351
     1.280914    -1.988699    -3.129660
    -1.502094    -1.769624    -3.128078
    -2.156107     0.943229    -3.129355
     0.223188     2.404521    -3.133548
     2.349103    -0.519735    -3.130850
     0.222482    -2.330800    -3.128528
    -2.155420    -0.870400    -3.128242
    -1.503516     1.844386    -3.130665
     1.281163     2.061132    -3.133696
     3.103154     2.263127    -2.555147
     3.100518    -2.188138    -2.556374
    -1.126806    -3.545634    -2.528678
    -3.728629     0.035776    -2.529256
    -1.132457     3.638003    -2.554879
     3.115667     1.151741    -2.548527
     2.047061    -2.545587    -2.547503
    -1.791292    -2.664022    -2.543358
    -3.095928     0.940968    -2.544250
    -0.063418     3.318550    -2.554814
     3.116309     0.037814    -2.551280
     0.987864    -2.889196    -2.550159
    -2.449057    -1.770402    -2.549997
    -2.450155     1.844230    -2.550951
     0.996648     2.984966    -2.564464
     3.114675    -1.076018    -2.547933
    -0.070487    -3.223928    -2.543511
    -3.095624    -0.868660    -2.543644
    -1.796120     2.745959    -2.548227
     2.050498     2.632500    -2.554993
    -1.418599    -4.445056    -1.968122
    -4.674282     0.036568    -1.968737
     0.037302     0.034262    -4.806423
     0.802630     0.588936    -5.356986
     0.802578    -0.522684    -5.355623
    -0.255442    -0.865956    -5.354865
    -0.909643     0.033526    -5.355029
    -0.256028     0.932766    -5.356858
     1.574848     1.149134    -4.788339
     1.574269    -1.082340    -4.785923
    -0.549861    -1.771790    -4.783974
    -1.862564     0.034251    -4.784386
    -0.551387     1.839588    -4.787973
     1.585266     0.033644    -4.795160
     0.515302    -1.436999    -4.793463
    -1.214349    -0.874818    -4.792895
    -1.215261     0.943246    -4.794427
     0.514901     1.504085    -4.797278
     2.345514     1.709482    -4.215395
     2.344711    -1.641583    -4.212330
    -0.843595    -2.674335    -4.207917
    -2.812076     0.034625    -4.208486
    -0.845821     2.745457    -4.214795
     2.360797     0.593392    -4.228728
     1.286483    -2.000369    -4.226457
    -1.511473    -1.781242    -4.225046
    -2.169974     0.946338    -4.226555
     0.221673     2.413119    -4.231840
     2.360405    -0.524700    -4.227862
     0.222305    -2.345246    -4.225602
    -2.168818    -0.876615    -4.225222
    -1.513639     1.851234    -4.227867
     1.286558     2.067439    -4.232021
    -1.137013    -3.575344    -3.626590
    -3.759819     0.034666    -3.627223
     3.132024     1.156981    -3.649653
     2.058745    -2.560374    -3.647515
    -1.804258    -2.683322    -3.645215
    -3.118597     0.945687    -3.646505
    -0.072847     3.322556    -3.654691
     3.136018     0.035687    -3.656291
     0.992968    -2.909329    -3.654287
    -2.466175    -1.783340    -3.653426
    -2.468263     1.854311    -3.655294
     0.994858     2.981324    -3.664325
     3.131635    -1.085793    -3.648408
    -0.072299    -3.247052    -3.645626
    -3.117601    -0.875682    -3.645518
    -1.806989     2.759816    -3.648805
     2.059427     2.630539    -3.655006
    -2.093510    -3.586154    -3.055771
    -4.066765     0.941040    -3.056986
     3.905515     0.595827    -3.069500
     1.760686    -3.469384    -3.067907
    -2.757827    -2.686392    -3.068235
    -3.417587     1.851031    -3.069397
     3.905216    -0.522556    -3.069059
     0.695852    -3.811341    -3.068505
    -3.415419    -1.781268    -3.068372
    -2.763268     2.758042    -3.068930
    -0.370250    -4.147331    -3.056112
    -4.065820    -0.871366    -3.056170