
    -0.372921     0.265572     0.222212
    -0.369674     0.263141     1.240788
    -0.087559     1.131396     0.676559
     0.538242     0.266245     0.678828
    -0.091813    -0.601133     0.678857
    -1.108094    -0.273547     0.676545
    -1.107571     0.799228     0.676095
     0.364185     0.802280    -0.233139
     0.361186    -0.267771    -0.231463
    -0.655589    -0.601215    -0.233245
    -1.282448     0.263065    -0.236411
    -0.651619     1.131335    -0.236406
    -0.373744     0.266213    -0.796935
    -0.077979     1.148654     1.728601
     0.564018     0.262552     1.730601
    -0.080236    -0.624674     1.730651
    -1.121497    -0.288206     1.728604
    -1.121855     0.809522     1.728498
     0.852731     1.151115     1.153176
     0.847462    -0.620766     1.154687
    -0.836070    -1.173945     1.153149
    -1.876891     0.260750     1.151539
    -0.833381     1.697351     1.151550
     0.674885     1.699341     0.220410
    -0.366151     2.036501     0.217912
     1.313522     0.813614     0.222567
     1.308239    -0.280283     0.222811
     0.665904    -1.164572     0.222839
    -0.372935    -1.507395     0.222392
    -1.412691    -1.174039     0.220268
    -2.055027    -0.288247     0.217906
    -2.055156     0.809446     0.218026
    -1.410134     1.697274     0.218025
     1.130792     0.266200    -0.706937
     0.091147    -1.164647    -0.707037
    -1.591150    -0.624844    -0.714105
    -1.588201     1.148491    -0.715746
     0.097506     1.699295    -0.714003
     0.381206     0.813602    -1.285890
     0.378484    -0.280318    -1.281711
    -0.661090    -0.620894    -1.285999
    -1.302870     0.262388    -1.290665
    -0.657231     1.151020    -1.290652
    -0.365875     0.260295     2.281109
     0.204464     2.015610     1.140432
     1.470928     0.264391     1.142319
     0.198394    -1.487524     1.142318
    -1.858668    -0.824694     1.140413
    -1.858859     1.344983     1.140278
     1.119390     1.346998    -0.699673
     1.111801    -0.813161    -0.695420
    -0.940352    -1.487696    -0.699907
    -2.211152     0.260137    -0.705268
    -0.935838     2.015476    -0.705248
    -0.371092     0.264297    -1.838425
    -0.071371     1.155098     2.789214
     0.578534     0.258746     2.790385
    -0.072106    -0.637472     2.790393
    -1.125569    -0.296679     2.789207
    -1.126452     0.812767     2.789338
     0.218122     2.046064     2.210227
     1.512115     0.259530     2.210649
     0.216119    -1.525535     2.210667
    -1.883280    -0.847358     2.210217
    -1.884917     1.363827     2.210704
     0.878014     1.162125     2.227327
     0.875183    -0.640867     2.228267
    -0.838477    -1.201709     2.227293
    -1.899827     0.258524     2.227204
    -0.838545     1.719805     2.227225
     1.159778     2.047624     1.627898
     1.798243    -0.633219     1.627719
    -0.547575    -2.080436     1.627270
    -2.646944    -0.292351     1.627453
    -1.593471     2.260803     1.627812
     1.803771     1.157153     1.627336
     1.153374    -1.520696     1.627560
    -1.593658    -1.743239     1.627839
    -2.647727     0.809407     1.627799
    -0.545512     2.600709     1.627459
     0.980242     2.601309     0.685698
    -0.072911     2.943055     0.683892
     2.268948     0.815456     0.686310
     2.260032    -0.289151     0.685060
     0.968656    -2.067076     0.685042
    -0.079488    -2.416303     0.685917
    -2.176076    -1.743337     0.685559
    -2.826494    -0.847399     0.683896
    -2.827820     1.363749     0.684675
    -2.176165     2.260719     0.684675
     1.446118     2.259998    -0.249330
    -0.651720     2.942978    -0.252902
     2.090621     1.363842    -0.246934
     2.078461    -0.834930    -0.245589
     1.431306    -1.725810    -0.245589
    -0.656316    -2.416392    -0.247276
    -1.707747    -2.080630    -0.249625
    -3.005407    -0.296764    -0.252923
    -3.005949     0.812625    -0.252478
    -1.706979     2.600550    -0.252476
     0.404128     2.622622    -0.257917
     2.101210     0.263156    -0.251469
     0.393943    -2.086543    -0.251628
    -2.374505    -1.201850    -0.258028
    -2.374421     1.719629    -0.258664
     1.642693     1.721277     0.693246
     1.629396    -1.188931     0.692158
    -1.134447    -2.101143     0.693009
    -2.849179     0.258482     0.690851
    -1.131646     2.622733     0.690842
     1.903314     0.809492    -1.184273
     0.852332    -1.725857    -1.182346
    -1.888041    -1.525819    -1.193560
    -2.533752     1.154833    -1.196231
    -0.182048     2.601233    -1.195381
     1.899655    -0.284384    -1.182289
    -0.186921    -2.067204    -1.184457
    -2.535341    -0.637717    -1.195487
    -1.886434     2.045796    -1.196223
     0.862730     2.260021    -1.193341
     0.393794     0.815501    -2.347494
     0.390769    -0.289263    -2.339837
    -0.659006    -0.633453    -2.347593
    -1.308041     0.259228    -2.353558
    -0.655790     1.156948    -2.353539
     1.148797     1.363955    -1.770653
     1.141799    -0.834970    -1.761281
    -0.947371    -1.520946    -1.770864
    -2.244152     0.258466    -1.777865
    -0.944377     2.047428    -1.777839
     1.157414     0.263168    -1.778569
     0.102233    -1.189060    -1.778652
    -1.608950    -0.641134    -1.791076
    -1.606494     1.161834    -1.794049
     0.107546     1.721301    -1.790975
    -0.362333     0.257647     3.339306
     0.501123     2.915079     1.612395
     2.421882     0.259255     1.609893
     0.497516    -2.390372     1.609661
    -2.622318    -1.384930     1.612371
    -2.623878     1.900711     1.612944
     1.890350     1.896312    -1.176005
     1.876189    -1.368605    -1.167964
    -1.224645    -2.390632    -1.176331
    -3.155958     0.257422    -1.181849
    -1.225224     2.914868    -1.181818
    -0.363735     0.258963    -2.898149
    -0.066631     1.158816     3.860947
     0.588583     0.255848     3.861099
    -0.066319    -0.646224     3.861041
    -1.127691    -0.302447     3.860919
    -1.128711     0.814322     3.861363
     0.226569     2.061529     3.285639
     1.536454     0.255277     3.284231
     0.227761    -1.547635     3.284122
    -1.895337    -0.860375     3.285616
    -1.897508     1.372871     3.286502
     0.893388     1.167109     3.303446
     0.892587    -0.653622     3.303184
    -0.838398    -1.218062     3.303356
    -1.910997     0.256421     3.304332
    -0.840161     1.730998     3.304363
     0.516848     2.954572     2.693990
     2.473741     0.253290     2.688473
     0.519945    -2.438684     2.688176
    -2.654866    -1.412335     2.693966
    -2.657807     1.925268     2.695172
     1.186577     2.069449     2.717068
     1.838718    -0.653772     2.714241
    -0.544432    -2.119265     2.715458
    -2.678331    -0.301261     2.717985
    -1.608512     2.289217     2.718473
     1.841087     1.166517     2.715622
     1.185655    -1.552836     2.714249
    -1.605839    -1.775763     2.716988
    -2.679409     0.814740     2.718448
    -0.546983     2.633302     2.718008
     1.465611     2.955050     2.107045
     2.762332    -0.647025     2.099222
    -0.248469    -2.996968     2.101273
    -3.423809    -0.853758     2.107582
    -2.364440     2.828154     2.108439
     2.123288     2.061359     2.110563
     2.119313    -1.543970     2.105155
    -1.308535    -2.663974     2.110493
    -3.433025     0.256843     2.113130
    -1.310824     3.178492     2.113133
     2.767225     1.156538     2.101505
     1.464549    -2.432202     2.098827
    -2.362043    -2.314627     2.106975
    -3.425642     1.367202     2.108429
    -0.251818     3.513109     2.107578
     1.284873     3.512301     1.158658
     0.223928     3.857394     1.157681
     3.235995     0.810755     1.151895
     3.221052    -0.299899     1.149032
     1.276228    -2.978104     1.148813
     0.223236    -3.333922     1.150927
    -2.948250    -2.314725     1.158542
    -3.604247    -1.412380     1.157693
    -3.606915     1.925191     1.159095
    -2.950975     2.828070     1.159096
     1.762249     3.175012     0.215149
    -0.359340     3.866919     0.213623
     3.064973     1.366463     0.213835
     3.044960    -0.850723     0.213357
     1.745080    -2.640246     0.213265
    -0.358055    -3.343605     0.213249
    -2.480252    -2.664184     0.214875
    -3.793688    -0.860443     0.213621
    -3.795565     1.372736     0.214633
    -2.483774     3.178325     0.214629
     0.708569     3.542996     0.209421
     3.068446     0.255602     0.209705
     0.699963    -3.004039     0.209463
    -3.155677    -1.775909     0.209317
    -3.158274     2.289041     0.210129
     2.228323     2.819142    -0.728579
    -0.942670     3.857241    -0.730425
     2.876735     1.914044    -0.725545
     2.855125    -1.396547    -0.721494
     2.205281    -2.291110    -0.721518
    -0.936876    -3.334091    -0.725940
    -1.997956    -2.997264    -0.728980
    -3.964848    -0.302577    -0.730457
    -3.965712     0.814129    -0.730045
    -2.004998     3.512876    -0.730040
     1.182724     3.196352    -0.738852
     2.888726     0.808636    -0.731397
     1.168165    -2.658237    -0.730312
    -2.679676    -2.119534    -0.739102
    -3.338437     1.730743    -0.739148
     0.122322     3.542951    -0.739335
     2.883970    -0.296673    -0.730271
     0.118315    -3.004088    -0.731570
    -3.336883    -1.218250    -0.739451
    -2.682901     2.633028    -0.739146
     2.432466     2.284438     0.220628
     2.409752    -1.756158     0.218163
    -1.426337    -3.026092     0.220225
    -3.817500     0.256344     0.218979
    -1.428823     3.544316     0.218968
     1.960218     2.632197     1.167921
     2.593642    -1.205689     1.159313
    -0.841999    -3.025996     1.165579
    -3.636322    -0.301290     1.167696
    -1.904288     3.200309     1.168206
     2.612880     1.728843     1.165917
     1.943424    -2.100694     1.159207
    -1.902586    -2.684851     1.167743
    -3.637319     0.814698     1.168219
    -0.842665     3.544394     1.167669
     2.684047     1.354701    -1.666825
     1.623992    -2.291109    -1.662068
    -2.179356    -2.439076    -1.678665
    -3.490117     1.158489    -1.679919
    -0.468788     3.512191    -1.679535
     2.685825     0.255058    -1.668224
     0.582146    -2.640272    -1.668256
    -2.842971    -1.547985    -1.684172
    -2.844398     2.061160    -1.684958
     0.588687     3.175053    -1.683951
     2.675561    -0.843740    -1.662080
    -0.464278    -2.978236    -1.666989
    -3.490321    -0.646523    -1.679648
    -2.185447     2.954218    -1.679905
     1.641338     2.819236    -1.678339
     0.410027     0.811235    -3.419746
     0.405859    -0.300243    -3.407261
    -0.649927    -0.647563    -3.419831
    -1.304746     0.252685    -3.427884
    -0.648515     1.155870    -3.427860
     1.172490     1.366910    -2.847840
     1.163574    -0.850827    -2.831113
    -0.942843    -1.544414    -2.848021
    -2.257177     0.254894    -2.855759
    -0.944950     2.060968    -2.855727
     1.177479     0.255670    -2.849897
     0.115542    -1.205869    -2.849958
    -1.612890    -0.654141    -2.869994
    -1.612143     1.165982    -2.874168
     0.118724     1.729096    -2.869895
     1.928499     1.914317    -2.259598
     1.914642    -1.396584    -2.243368
    -1.229907    -2.432549    -2.259873
    -3.197230     0.255513    -2.265829
    -1.236083     2.954764    -2.265793
     1.938820     0.808757    -2.268251
     0.875025    -1.756195    -2.264984
    -1.905021    -1.553223    -2.285733
    -2.561961     1.166704    -2.289293
    -0.174959     2.632218    -2.287510
     1.935490    -0.296661    -2.264963
    -0.175251    -2.100835    -2.268372
    -2.562587    -0.653951    -2.287617
    -1.906377     2.069027    -2.289284
     0.883558     2.284700    -2.285533
    -0.359682     0.255664     4.414549
     0.801443     3.829222     2.092302
     3.389632     0.250266     2.079934
     0.806427    -3.308579     2.078702
    -3.398815    -1.953145     2.092274
    -3.401800     2.465809     2.093575
     2.676748     2.447653    -1.661939
     2.651731    -1.932178    -1.647439
    -1.506077    -3.308921    -1.662315
    -4.116424     0.255389    -1.665210
    -1.520091     3.828949    -1.665173
    -0.350026     0.249024    -3.974417
    -0.062693     1.164580     4.951621
     0.598517     0.254267     4.950861
    -0.061838    -0.655218     4.950759
    -1.132032    -0.308033     4.951577
    -1.132930     0.817298     4.952297
     0.233051     2.075121     4.375829
     1.556150     0.252907     4.372841
     0.235884    -1.565671     4.372606
    -1.906322    -0.870851     4.375793
    -1.908290     1.380585     4.376975
     0.904892     1.171974     4.391910
     0.905700    -0.663267     4.390405
    -0.839595    -1.230534     4.391776
    -1.920357     0.254888     4.393424
    -0.841712     1.740264     4.393457
     0.527696     2.981943     3.786538
     2.510104     0.249784     3.778531
     0.534338    -2.472619     3.777861
    -2.677512    -1.431310     3.786507
    -2.680584     1.941687     3.788097
     1.204294     2.085693     3.811686
     1.867603    -0.667529     3.806169
    -0.542537    -2.145958     3.809402
    -2.699635    -0.308475     3.813237
    -1.619200     2.308143     3.813835
     1.866978     1.172887     3.809699
     1.207436    -1.576408     3.806327
    -1.615802    -1.797751     3.811582
    -2.700761     0.818852     3.813804
    -0.546908     2.655728     3.813276
     0.819247     3.878899     3.187743
     3.452853     0.244517     3.171992
     0.832523    -3.369643     3.169388
    -3.440409    -1.985654     3.187707
    -3.444220     2.496521     3.189499
     1.495268     2.988956     3.211159
     2.816687    -0.669294     3.198061
    -0.242693    -3.047772     3.203923
    -3.465804    -0.868289     3.212502
    -2.389118     2.864567     3.213540
     2.163088     2.084214     3.217480
     2.166690    -1.578407     3.206637
    -1.317541    -2.709118     3.217322
    -3.475936     0.255472     3.221460
    -1.323021     3.219686     3.221476
     2.816572     1.167286     3.204547
     1.502443    -2.477309     3.198694
    -2.384869    -2.353514     3.211080
    -3.467928     1.379216     3.213522
    -0.251241     3.557539     3.212516
     1.776049     3.878322     2.595799
     3.744756    -0.665890     2.571940
     0.060621    -3.930427     2.579912
    -4.215454    -1.423024     2.596847
    -3.148513     3.406610     2.598085
     2.442156     2.979742     2.600830
     3.102633    -1.570360     2.578863
    -1.012878    -3.596802     2.596032
    -4.227948    -0.305325     2.604417
    -2.088975     3.762466     2.604879
     3.101341     2.069415     2.596059
     2.448654    -2.469626     2.579042
    -2.083329    -3.250991     2.600813
    -4.228963     0.816325     2.604894
    -1.021996     4.108308     2.604387
     3.748400     1.154114     2.580899
     1.786182    -3.356701     2.572858
    -3.144120    -2.895240     2.595733
    -4.218175     1.934014     2.598085
     0.044808     4.441989     2.596822
     1.593752     4.440145     1.639580
     0.524016     4.788737     1.639484
     4.221332     0.800852     1.618790
     4.193541    -0.315412     1.611404
     1.593095    -3.900269     1.610793
     0.533356    -4.266732     1.616378
    -3.735148    -2.895330     1.639486
    -4.397177    -1.985697     1.639504
    -4.400884     2.496451     1.641186
    -3.739724     3.406528     1.641183
     2.077771     4.103051     0.688834
    -0.063032     4.802189     0.689214
     4.054556     1.359347     0.675018
     4.018211    -0.867810     0.673689
     2.062336    -3.560996     0.673390
    -0.046686    -4.282354     0.673807
    -3.265272    -3.251211     0.688606
    -4.591518    -1.431369     0.689238
    -4.594533     1.941570     0.690491
    -3.271757     3.762290     0.690483
     1.013676     4.473225     0.685235
     4.041135     0.240965     0.670373
     1.013941    -3.924729     0.670315
    -3.945989    -2.353665     0.685144
    -3.950315     2.864395     0.686705
     2.556344     3.750449    -0.266149
    -0.652143     4.802108    -0.264229
     3.873486     1.915538    -0.270621
     3.833674    -1.418429    -0.265892
     2.528479    -3.215254    -0.265942
    -0.630743    -4.282435    -0.271170
    -2.782277    -3.597137    -0.266518
    -4.773614    -0.870945    -0.264231
    -4.775637     1.380422    -0.263576
    -2.793948     4.108058    -0.263583
     1.498071     4.134359    -0.271811
     3.870190     0.797768    -0.275106
     1.485038    -3.585713    -0.272576
    -3.474266    -2.709403    -0.272060
    -4.142652     2.307900    -0.270396
     0.425629     4.485101    -0.271278
     3.863881    -0.311616    -0.272690
     0.431721    -3.934214    -0.275074
    -4.139118    -1.797934    -0.271383
    -3.480418     3.219410    -0.270397
     3.026669     3.383217    -1.218903
    -1.239338     4.788517    -1.214433
     3.678153     2.466163    -1.211082
     3.639666    -1.964442    -1.203120
     2.987646    -2.861965    -1.203134
    -1.214470    -4.266979    -1.211446
    -2.287805    -3.930833    -1.219356
    -4.942236    -0.308208    -1.214465
    -4.943278     0.817075    -1.214296
    -2.309886     4.441688    -1.214288
     1.972690     3.770449    -1.226842
     3.680313     1.351551    -1.218611
     1.948658    -3.231552    -1.212908
    -2.981656    -3.048171    -1.227220
    -4.313151     1.739958    -1.224986
     0.906048     4.134359    -1.229855
     3.683284     0.244433    -1.218691
     0.900370    -3.585711    -1.218540
    -3.657253    -2.146287    -1.230107
    -3.662375     2.655370    -1.229257
    -0.166750     4.473126    -1.225155
     3.670206    -0.862029    -1.213029
    -0.153544    -3.924792    -1.218590
    -4.310862    -1.230770    -1.225275
    -2.992875     3.557186    -1.224983
     3.232575     2.847469    -0.261569
     3.194362    -2.326521    -0.261341
    -1.714746    -3.961008    -0.261984
    -4.795714     0.254788    -0.259860
    -1.729615     4.475130    -0.259875
     2.763107     3.211436     0.694986
     3.387071    -1.779080     0.680929
    -1.129090    -3.972681     0.689827
    -4.625403    -0.308512     0.696797
    -2.213836     4.139802     0.697260
     3.424893     2.293931     0.690230
     2.733460    -2.678811     0.680956
    -2.205701    -3.627225     0.694723
    -4.626494     0.818793     0.697288
    -1.141392     4.487285     0.696752
     2.276123     3.554446     1.649558
     3.565459    -1.223008     1.621724
    -0.539587    -3.960808     1.639276
    -4.430810    -0.868305     1.650886
    -2.687085     3.782392     1.651838
     2.945428     2.649660     1.650522
     2.919990    -2.126633     1.625292
    -1.614930    -3.627117     1.650505
    -4.443469     0.255457     1.655703
    -1.621687     4.139887     1.655657
     3.596024     1.729246     1.639389
     2.260036    -3.019594     1.621942
    -2.681999    -3.270460     1.649460
    -4.432892     1.379181     1.651859
    -0.549060     4.475287     1.650831
     3.477034     1.897876    -2.157084
     2.404460    -2.861914    -2.146742
    -2.470037    -3.370123    -2.173329
    -4.463815     1.164216    -2.171307
    -0.760743     4.440009    -2.171019
     3.478033     0.796051    -2.158002
     1.360921    -3.215175    -2.155003
    -3.147572    -2.473067    -2.178955
    -3.816510     2.074707    -2.178439
     0.306163     4.103081    -2.178170
     3.473077    -0.308095    -2.155135
     0.312357    -3.560945    -2.157906
    -3.812870    -1.566069    -2.178400
    -3.157682     2.981506    -2.178433
     1.374442     3.750583    -2.178606
     3.459489    -1.409786    -2.146821
    -0.735868    -3.900342    -2.157131
    -4.462945    -0.655561    -2.171132
    -2.491780     3.878488    -2.171288
     2.437030     3.383378    -2.172904
     0.433386     0.804582    -4.507158
     0.428525    -0.316725    -4.485915
    -0.636377    -0.667684    -4.507231
    -1.295980     0.243239    -4.521443
    -0.636775     1.150497    -4.521416
     1.202905     1.360931    -3.938465
     1.187319    -0.868100    -3.907829
    -0.927741    -1.571480    -3.938624
    -2.262977     0.249424    -3.948143
    -0.941482     2.068225    -3.948107
     1.200180     0.241525    -3.926037
     0.135997    -1.223119    -3.926072
    -1.609296    -0.669556    -3.960644
    -1.612330     1.166165    -3.965872
     0.134536     1.730474    -3.960547
     1.967399     1.916338    -3.354361
     1.944711    -1.418460    -3.322584
    -1.219753    -2.470196    -3.354600
    -3.221950     0.252590    -3.360241
    -1.240869     2.979238    -3.360200
     1.969353     0.798112    -3.350336
     0.897969    -1.779009    -3.346276
    -1.907106    -1.578843    -3.383134
    -2.578953     1.172364    -3.386705
    -0.166108     2.649972    -3.384461
     1.964239    -0.311471    -3.346279
    -0.155692    -2.126648    -3.350409
    -2.576707    -0.667787    -3.384569
    -1.916948     2.083510    -3.386694
     0.907297     2.294646    -3.382944
     2.721158     2.466603    -2.759225
     2.696069    -1.964439    -2.729959
    -1.510222    -3.357093    -2.759540
    -4.167440     0.253906    -2.762142
    -1.534356     3.877983    -2.762097
     2.728378     1.351744    -2.758558
     1.654573    -2.326430    -2.752708
    -2.196817    -2.477751    -2.785603
    -3.530293     1.171563    -2.786412
    -0.464440     3.554456    -2.785656
     2.729568     0.244542    -2.761636
     0.605639    -2.678707    -2.761614
    -2.872062    -1.576794    -2.793859
    -2.877403     2.085209    -2.794811
     0.607147     3.211705    -2.793648
     2.718581    -0.861984    -2.752752
    -0.447718    -3.019603    -2.758642
    -3.529142    -0.663618    -2.785771
    -2.210219     2.988465    -2.786395
     1.672704     2.847897    -2.785305
    -0.358072     0.254438     5.520932
     1.109150     4.770063     2.586490
     4.381843     0.238209     2.557487
     1.137783    -4.255852     2.545983
    -4.198430    -2.536623     2.586469
    -4.202506     3.047452     2.588276
     3.494365     2.996932    -2.167179
     3.438360    -2.503807    -2.133769
    -1.775843    -4.256291    -2.167606
    -5.105221     0.254128    -2.161550
    -1.824440     4.769737    -2.161509
    -0.319230     0.226686    -5.080832
     5.190240    -0.333455     2.081989
     5.007459    -0.887730     1.137659
     2.385645    -4.498382     1.141323
     5.031526     0.228239     1.135200
     1.332678    -4.862685     1.141384
     4.824456    -1.441066     0.194665
     2.855690    -4.151153     0.195549
     4.864689     0.786999     0.184685
     1.805975    -4.521888     0.189474
     4.853279    -0.328205     0.188288
     0.749336    -4.876698     0.186534
     4.634836    -1.992550    -0.748789
     3.321699    -3.800025    -0.748547
     4.682774     1.346680    -0.766541
     2.274576    -4.173625    -0.756869
     4.682196     0.231425    -0.763902
     1.221128    -4.531863    -0.763202
     4.666759    -0.881207    -0.757399
     0.160794    -4.876719    -0.765767
     4.439335    -2.540921    -1.690392
     3.782849    -3.444493    -1.690340
     4.486115     1.906579    -1.714960
     2.736861    -3.813429    -1.700238
     4.490220     0.790194    -1.712787
     1.686435    -4.173584    -1.708472
     4.485113    -0.321723    -1.708858
     0.630550    -4.521852    -1.712363
     4.467063    -1.432090    -1.700478
    -0.432392    -4.862739    -1.714545
     3.988829    -2.903938    -0.744010
     4.187284    -2.356872     0.201549
     3.529800    -3.261861     0.201766
     4.374205    -1.802639     1.146436
     3.725559    -2.712788     1.149371
     3.060188    -3.610973     1.147275
     4.552869    -1.244908     2.092512
     3.908717    -2.155169     2.096629
     3.250981    -3.059907     2.097044
     2.581222    -3.956054     2.094824
     3.195678    -3.444406    -2.640323
     4.284689     1.346253    -2.656765
     2.147119    -3.799880    -2.648925
     4.280683     0.234508    -2.654437
     1.094352    -4.150974    -2.654148
     4.272005    -0.875299    -2.649157
     0.038281    -4.498215    -2.656490
     4.257901    -1.982440    -2.640444
     1.211959    -0.886020    -5.003846
     1.221721     0.228079    -5.022771
     0.155411    -1.239496    -5.022763
     1.975040    -1.440505    -4.415525
     2.001114     0.787181    -4.446407
     0.922213    -1.801801    -4.438005
     1.993383    -0.327500    -4.438028
    -0.135488    -2.153546    -4.446421
     2.734432    -1.992324    -3.823550
     2.771523     1.346929    -3.857839
     1.684216    -2.356478    -3.848134
     2.768946     0.231810    -3.858836
     0.629925    -2.712275    -3.858784
     2.756295    -0.880905    -3.848193
    -0.429771    -3.059254    -3.857854
     3.489268    -2.540832    -3.227503
     3.532204     1.906733    -3.257667
     2.441328    -2.903746    -3.247724
     3.532040     0.790373    -3.262655
     1.390129    -3.261579    -3.259961
     3.526192    -0.321561    -3.260101
     0.334478    -3.610657    -3.262534
     3.510648    -1.431967    -3.247811
    -0.727142    -3.955702    -3.257659
     4.247204    -3.091571    -2.633818