
     0.415327    -0.301752    -0.150410
     0.415133    -0.301611     0.868124
     0.697856     0.565679     0.304783
     1.324454    -0.298615     0.307329
     0.693280    -1.167353     0.307330
    -0.322342    -0.838505     0.304784
    -0.319376     0.232040     0.302619
     1.150635     0.237660    -0.605369
     1.149422    -0.835103    -0.605549
     0.129539    -1.167761    -0.605368
    -0.495721    -0.304287    -0.605302
     0.136207     0.565488    -0.605303
     0.412461    -0.299671    -1.168603
     0.702089     0.586009     1.356794
     1.344030    -0.297390     1.361261
     0.698165    -1.186348     1.361262
    -0.340369    -0.848812     1.356795
    -0.337659     0.245325     1.352119
     1.632961     0.589732     0.784772
     1.629607    -1.183977     0.786141
    -0.056253    -1.735275     0.784773
    -1.089600    -0.301870     0.777480
    -0.049610     1.129555     0.777478
     1.454897     1.138679    -0.149403
     0.416263     1.472959    -0.150174
     2.097019     0.252848    -0.147451
     2.096595    -0.844804    -0.148083
     1.451341    -1.732921    -0.148082
     0.407544    -2.072517    -0.147449
    -0.633359    -1.735561    -0.149401
    -1.272234    -0.851060    -0.150172
    -1.266820     0.243589    -0.150973
    -0.623137     1.129544    -0.150973
     1.918439    -0.296372    -1.081801
     0.874697    -1.732960    -1.081800
    -0.811149    -1.188913    -1.081375
    -0.801490     0.582315    -1.077318
     0.880063     1.138843    -1.081376
     1.163940     0.252313    -1.657622
     1.163296    -0.845185    -1.658544
     0.119713    -1.184943    -1.657621
    -0.520819    -0.301393    -1.655891
     0.125698     0.588463    -1.655891
     0.411628    -0.299063     1.909080
     0.982013     1.452977     0.770606
     2.252749    -0.295352     0.775642
     0.977037    -2.051221     0.775643
    -1.078403    -1.382945     0.770608
    -1.070899     0.778053     0.765034
     1.900793     0.789248    -1.070176
     1.899900    -1.380357    -1.071134
    -0.163241    -2.051653    -1.070174
    -1.428106    -0.304244    -1.067694
    -0.151958     1.452225    -1.067695
     0.407109    -0.295784    -2.209041
     0.698978     0.599236     2.417853
     1.348354    -0.293657     2.423889
     0.695951    -1.191613     2.423889
    -0.353909    -0.849940     2.417854
    -0.350904     0.254948     2.409625
     0.987736     1.486698     1.840892
     2.285093    -0.293217     1.848087
     0.985002    -2.082641     1.848088
    -1.108704    -1.398807     1.840894
    -1.101797     0.800503     1.830006
     1.649740     0.606656     1.861461
     1.647300    -1.196831     1.864424
    -0.067164    -1.756461     1.861463
    -1.117406    -0.297839     1.848235
    -0.062036     1.154755     1.848234
     1.929223     1.491247     1.263682
     2.574937    -1.190028     1.266272
     0.222922    -2.636935     1.265698
    -1.863142    -0.844844     1.253621
    -0.811817     1.691374     1.250773
     2.576761     0.602850     1.265695
     1.927487    -2.081169     1.266273
    -0.822094    -2.295620     1.263685
    -1.859457     0.249420     1.250774
     0.227750     2.033026     1.253619
     1.749171     2.046015     0.319665
     0.698397     2.382799     0.317690
     3.046987     0.261629     0.322871
     3.047095    -0.847733     0.322036
     1.747849    -2.635994     0.322037
     0.692750    -2.978704     0.322873
    -1.405350    -2.295815     0.319668
    -2.050358    -1.400542     0.317693
    -2.038044     0.799620     0.314868
    -1.390275     1.691198     0.314867
     2.217728     1.708260    -0.615677
     0.123285     2.382509    -0.614271
     2.868044     0.812173    -0.614224
     2.868534    -1.398824    -0.615918
     2.216788    -2.295876    -0.615918
     0.113854    -2.978648    -0.614221
    -0.939334    -2.637067    -0.615674
    -2.227804    -0.853490    -0.614269
    -2.218775     0.251787    -0.613531
    -0.925106     2.032372    -0.613532
     1.177088     2.066665    -0.622334
     2.890381    -0.293700    -0.621640
     1.172504    -2.658157    -0.621638
    -1.601773    -1.758114    -0.622331
    -1.586842     1.152907    -0.618878
     2.416229     1.166905     0.328174
     2.415531    -1.754984     0.328183
    -0.363134    -2.658563     0.328177
    -2.060524    -0.299399     0.321620
    -0.351994     2.052194     0.321619
     2.687831     0.257029    -1.558664
     1.633913    -2.295670    -1.559617
    -1.119225    -2.084431    -1.557754
    -1.750079     0.592606    -1.546795
     0.592526     2.045764    -1.555836
     2.688219    -0.844542    -1.559618
     0.586138    -2.635707    -1.558662
    -1.762536    -1.195705    -1.555834
    -1.104408     1.481296    -1.546795
     1.636550     1.708571    -1.557757
     1.165670     0.262059    -2.718576
     1.165346    -0.846675    -2.720008
     0.110979    -1.189601    -2.718575
    -0.537798    -0.296249    -2.715483
     0.115559     0.603020    -2.715483
     1.924690     0.812277    -2.140404
     1.925007    -1.398600    -2.142414
    -0.177759    -2.081499    -2.140402
    -1.468383    -0.299696    -2.134776
    -0.168730     1.489124    -2.134777
     1.940281    -0.293662    -2.158402
     0.878869    -1.754571    -2.158400
    -0.836809    -1.199631    -2.155475
    -0.827188     0.600985    -2.147155
     0.882326     1.166558    -2.155477
     0.403377    -0.293068     2.968365
     1.265510     2.356570     1.246084
     3.197220    -0.292454     1.251830
     1.266139    -2.950362     1.251832
    -1.850165    -1.931792     1.246087
    -1.836248     1.334112     1.235556
     2.663793     1.349799    -1.543064
     2.664073    -1.935561    -1.545033
    -0.460576    -2.950530    -1.543061
    -2.378067    -0.299411    -1.536521
    -0.450110     2.354197    -1.536523
     0.398706    -0.289679    -3.267797
     0.688920     0.614014     3.489704
     1.344201    -0.286542     3.497991
     0.687902    -1.189861     3.497991
    -0.371071    -0.844940     3.489705
    -0.366955     0.266611     3.476587
     0.982082     1.510792     2.917649
     2.297351    -0.289171     2.925851
     0.984943    -2.095548     2.925852
    -1.133366    -1.400874     2.917651
    -1.124571     0.817050     2.899227
     1.652716     0.620228     2.940170
     1.652254    -1.200429     2.944464
    -0.079151    -1.763484     2.940172
    -1.138487    -0.289535     2.918972
    -0.076447     1.172239     2.918971
     1.269506     2.398881     2.329170
     3.238000    -0.290179     2.335789
     1.276578    -2.989847     2.335791
    -1.889169    -1.948666     2.329173
    -1.875569     1.362681     2.310068
     1.945183     1.519251     2.355715
     2.602681    -1.201505     2.359435
     0.215158    -2.667255     2.357778
    -1.899728    -0.843000     2.336894
    -0.835788     1.722484     2.332711
     2.603198     0.619605     2.357776
     1.946975    -2.104007     2.359435
    -0.843795    -2.319453     2.355718
    -1.896451     0.262606     2.332712
     0.214692     2.067253     2.336891
     2.219807     2.404951     1.748263
     3.531124    -1.193543     1.749712
     0.509485    -3.547636     1.749584
    -2.644822    -1.389557     1.734985
    -1.584517     2.257211     1.728175
     2.883832     1.513480     1.754084
     2.885334    -2.096314     1.754778
    -0.548248    -3.210377     1.754087
    -2.646583    -0.289635     1.735280
    -0.542381     2.606554     1.735278
     3.531442     0.611736     1.749581
     2.226308    -2.989470     1.749713
    -1.601282    -2.854332     1.748267
    -2.636377     0.809448     1.728176
     0.504251     2.944774     1.734982
     2.038650     2.963117     0.798237
     0.977850     3.300850     0.794856
     4.006129     0.267528     0.800061
     4.006644    -0.849152     0.799360
     2.045717    -3.548139     0.799362
     0.983532    -3.892724     0.800064
    -2.188111    -2.854526     0.798242
    -2.837120    -1.950012     0.794860
    -2.815507     1.362245     0.787799
    -2.165613     2.256748     0.787799
     2.521268     2.629520    -0.145590
     0.399778     3.310514    -0.144462
     3.834952     0.825316    -0.144331
     3.836094    -1.407722    -0.146066
     2.524245    -3.213330    -0.146065
     0.400147    -3.902293    -0.144328
    -1.721704    -3.210436    -0.145585
    -3.024947    -1.403220    -0.144458
    -3.004331     0.815680    -0.145914
    -1.704149     2.605227    -0.145915
     1.467679     2.992247    -0.151047
     3.858505    -0.291435    -0.150046
     1.469518    -3.579596    -0.150044
    -2.392257    -2.320503    -0.151043
    -2.369165     1.721297    -0.149777
     2.989358     2.279734    -1.089479
    -0.180591     3.299519    -1.082546
     3.645336     1.377216    -1.088783
     3.646956    -1.959992    -1.091403
     2.991037    -2.862789    -1.091403
    -0.183336    -3.892504    -1.088780
    -1.244391    -3.547527    -1.089475
    -3.193834    -0.847859    -1.082543
    -3.179085     0.263588    -1.080516
    -1.233082     2.942035    -1.080518
     1.944173     2.650441    -1.098526
     3.677080     0.266160    -1.099254
     1.944586    -3.235134    -1.100238
    -1.919935    -2.668052    -1.098522
    -2.550658     1.169444    -1.087126
     0.884130     2.991970    -1.096505
     3.677706    -0.849697    -1.100240
     0.883150    -3.579359    -1.099251
    -2.572321    -1.765430    -1.096502
    -1.900406     2.064439    -1.087126
     3.197053     1.741008    -0.139863
     3.198916    -2.324147    -0.141596
    -0.667850    -3.578580    -0.139859
    -3.027902    -0.291753    -0.141394
    -0.658203     2.969862    -0.141396
     2.720813     2.085019     0.808804
     3.379421    -1.765919     0.808460
    -0.081556    -3.578659     0.809259
    -2.849075    -0.844205     0.799489
    -1.127738     2.624132     0.797266
     3.378305     1.183435     0.809256
     2.723790    -2.668318     0.808460
    -1.142190    -3.231954     0.808808
    -2.844187     0.261639     0.797268
    -0.077529     2.970506     0.799486
     3.464073     0.818606    -2.039535
     2.404063    -2.862451    -2.041395
    -1.425666    -2.990692    -2.038112
    -2.708953     0.606177    -2.018025
     0.292299     2.961253    -2.032906
     3.472873    -0.291789    -2.045725
     1.350686    -3.212731    -2.045722
    -2.083277    -2.097718    -2.041529
    -2.065661     1.500788    -2.021079
     1.351276     2.629544    -2.041532
     3.465249    -1.401852    -2.041396
     0.291919    -3.547494    -2.039531
    -2.725993    -1.193075    -2.032903
    -1.413625     2.389045    -2.018026
     2.403759     2.280064    -2.038116
     1.162084     0.271121    -3.790510
     1.162329    -0.844483    -3.792469
     0.101251    -1.188992    -3.790509
    -0.554966    -0.287558    -3.786653
     0.101987     0.616661    -3.786653
     1.933614     0.826670    -3.216210
     1.934745    -1.405675    -3.218842
    -0.188690    -2.094434    -3.216208
    -1.496761    -0.290533    -3.208131
    -0.186215     1.513281    -3.208132
     1.948411    -0.289764    -3.236455
     0.877674    -1.763510    -3.236454
    -0.855604    -1.201011    -3.231880
    -0.847147     0.615486    -3.218505
     0.877829     1.184859    -3.231882
     2.695140     1.377685    -2.625149
     2.696776    -1.959322    -2.628056
    -0.477411    -2.988961    -2.625146
    -2.428532    -0.290429    -2.615290
    -0.474247     2.399416    -2.615292
     2.717695     0.266611    -2.650167
     1.647558    -2.322991    -2.651308
    -1.147069    -2.104822    -2.647244
    -1.787046     0.613037    -2.626682
     0.587688     2.083911    -2.644272
     2.718418    -0.849077    -2.651309
     0.586253    -2.667071    -2.650165
    -1.800312    -1.202892    -2.644269
    -1.135264     1.510139    -2.626682
     1.647337     1.741352    -2.647246
     0.388786    -0.282466     4.044295
     1.546178     3.275233     1.731319
     4.157434    -0.290371     1.734921
     1.560882    -3.864222     1.734924
    -2.637133    -2.482606     1.731323
    -2.612658     1.898206     1.712746
     3.439694     1.918051    -2.023677
     3.441242    -2.500208    -2.026623
    -0.761249    -3.864057    -2.023673
    -3.343929    -0.286955    -2.010940
    -0.760424     3.268937    -2.010943
     0.387451    -0.281503    -4.343506
     0.674367     0.634783     4.576862
     1.334678    -0.276544     4.591331
     0.675451    -1.183893     4.591332
    -0.395319    -0.837516     4.576863
    -0.390571     0.283769     4.554991
     0.965816     1.538524     4.008019
     2.302364    -0.283230     4.018122
     0.980842    -2.102151     4.018123
    -1.164766    -1.393973     4.008022
    -1.149302     0.835018     3.975502
     1.648133     0.636199     4.030688
     1.651753    -1.200065     4.036072
    -0.095756    -1.764061     4.030690
    -1.162178    -0.274613     3.994668
    -0.097959     1.190160     3.994667
     1.258069     2.437144     3.423670
     3.262044    -0.286870     3.430161
     1.280862    -3.013735     3.430163
    -1.929092    -1.949612     3.423673
    -1.906625     1.385245     3.388791
     1.946157     1.545432     3.453035
     2.619082    -1.206723     3.456855
     0.205637    -2.684260     3.454694
    -1.931295    -0.831434     3.418525
    -0.859816     1.745965     3.413585
     2.616430     0.633915     3.454691
     1.957007    -2.117992     3.456856
    -0.868393    -2.328468     3.453037
    -1.926207     0.278202     3.413586
     0.193938     2.093701     3.418523
     1.548963     3.323893     2.828354
     4.208068    -0.288613     2.831935
     1.574858    -3.912920     2.831938
    -2.682550    -2.500291     2.828358
    -2.657888     1.931069     2.794616
     2.236183     2.444219     2.855235
     3.570970    -1.206312     2.856369
     0.504633    -3.589357     2.855803
    -2.690183    -1.385453     2.826242
    -1.616286     2.293232     2.818444
     2.912072     1.542825     2.863860
     2.918018    -2.120060     2.864811
    -0.567429    -3.246302     2.863864
    -2.691432    -0.278124     2.828313
    -0.567187     2.645651     2.828311
     3.569623     0.629244     2.855800
     2.250767    -3.023418     2.856370
    -1.633567    -2.882040     2.855239
    -2.680452     0.828532     2.818445
     0.486331     2.986648     2.826239
     2.509855     3.336220     2.242607
     4.504678    -1.199235     2.240927
     0.801427    -4.475218     2.240909
    -3.438614    -1.932213     2.224299
    -2.365916     2.828444     2.210616
     3.187774     2.438842     2.248632
     3.857357    -2.109755     2.248105
    -0.265744    -4.138174     2.248247
    -3.439567    -0.830064     2.223930
    -1.322214     3.181777     2.219920
     3.853517     1.531510     2.248243
     3.198490    -3.016609     2.248106
    -1.334395    -3.785396     2.248636
    -3.434635     0.274276     2.219922
    -0.273448     3.527728     2.223927
     4.503841     0.620723     2.240906
     2.532568    -3.913615     2.240929
    -2.397341    -3.417963     2.242612
    -3.421119     1.376081     2.210617
     0.775051     3.867406     2.224295
     2.328079     3.896771     1.288164
     1.254706     4.233717     1.279503
     4.983300     0.273098     1.283850
     4.984057    -0.852143     1.283448
     2.350599    -4.476790     1.283451
     1.280198    -4.823790     1.283854
    -2.986629    -3.418305     1.288169
    -3.638775    -2.501589     1.279507
    -3.600566     1.930689     1.266307
    -2.948833     2.827725     1.266306
     2.822966     3.562596     0.335419
     0.671099     4.249373     0.338324
     4.814720     0.835754     0.333286
     4.816056    -1.415422     0.332046
     2.834393    -4.142949     0.332048
     0.692986    -4.837332     0.333290
    -2.515881    -3.785705     0.335425
    -3.834011    -1.951385     0.338329
    -3.793397     1.384632     0.328847
    -2.489090     3.179858     0.328846
     1.755457     3.927308     0.330281
     4.836604    -0.289903     0.328630
     1.770312    -4.510297     0.328633
    -3.192623    -2.883147     0.330286
    -3.154650     2.291985     0.324648
     3.306166     3.216249    -0.619773
     0.086569     4.248471    -0.608899
     4.632491     1.396114    -0.620572
     4.634489    -1.976424    -0.622852
     3.311830    -3.796909    -0.622850
     0.103739    -4.837185    -0.620568
    -2.037170    -4.138229    -0.619768
    -4.013784    -1.395186    -0.608895
    -3.976090     0.834052    -0.611077
    -2.021913     3.523747    -0.611079
     2.246695     3.592946    -0.626270
     4.666133     0.273356    -0.628524
     2.254181    -4.174592    -0.629396
    -2.722825    -3.247019    -0.626265
    -3.345393     1.744176    -0.617830
     1.169834     3.939003    -0.622515
     4.666854    -0.853830    -0.629398
     1.181941    -4.522227    -0.628521
    -3.384714    -2.329801    -0.622511
    -2.692596     2.642674    -0.617831
     3.776022     2.860144    -1.570902
    -0.494765     4.229540    -1.555980
     4.437985     1.950407    -1.571149
     4.440374    -2.531013    -1.574340
     3.779289    -3.440919    -1.574339
    -0.483531    -4.823486    -1.571144
    -1.553300    -4.475047    -1.570897
    -4.175422    -0.836455    -1.555976
    -4.151121     0.281488    -1.548209
    -1.550483     3.860963    -1.548211
     2.723089     3.235819    -1.581000
     4.471213     0.833138    -1.583046
     2.726902    -3.816775    -1.584872
    -2.235963    -3.589739    -1.580996
    -3.519374     1.187611    -1.558175
     1.655926     3.592816    -1.582894
     4.483484    -0.290464    -1.588383
     1.661723    -4.174288    -1.588380
    -2.905260    -2.685125    -1.582889
    -2.874596     2.088513    -1.561079
     0.579779     3.925910    -1.573867
     4.472629    -1.413987    -1.584874
     0.589323    -4.509831    -1.583042
    -3.554600    -1.764580    -1.573863
    -2.217036     2.980128    -1.558176
     3.987112     2.318610    -0.616262
     3.990482    -2.899252    -0.619068
    -0.973039    -4.508460    -0.616257
    -3.999784    -0.276285    -0.605859
    -0.973243     3.889396    -0.605862
     3.515297     2.674705     0.341299
     4.183255    -2.342972     0.338887
    -0.384881    -4.520589     0.340676
    -3.830632    -0.832860     0.340886
    -1.445308     3.551157     0.336804
     4.180399     1.762987     0.340671
     3.520999    -3.254490     0.338887
    -1.457505    -4.169776     0.341304
    -3.823975     0.277199     0.336806
    -0.391637     3.900515     0.340883
     3.022259     3.013910     1.296607
     4.354036    -1.775074     1.294200
     0.207510    -4.508656     1.294924
    -3.641373    -1.386315     1.285181
    -1.909568     3.197640     1.276946
     3.698255     2.111715     1.299762
     3.703230    -2.690550     1.298493
    -0.865532    -4.169805     1.299766
    -3.644294    -0.278796     1.283852
    -0.861001     3.552083     1.283849
     4.352111     1.195903     1.294920
     3.033671    -3.592402     1.294201
    -1.932464    -3.805689     1.296612
    -3.631226     0.827980     1.276948
     0.193215     3.891548     1.285177
     4.255361     1.387840    -2.529189
     3.187499    -3.440512    -2.531763
    -1.736196    -3.913083    -2.527464
    -3.677053     0.628139    -2.495195
    -0.022080     3.891853    -2.517221
     4.267403     0.270423    -2.537384
     2.128191    -3.796279    -2.538354
    -2.402549    -3.014363    -2.533021
    -3.034540     1.522657    -2.497749
     1.053236     3.561308    -2.529831
     4.268122    -0.850913    -2.538357
     1.061515    -4.142108    -2.537381
    -3.061537    -2.102197    -2.529827
    -2.385862     2.415488    -2.497750
     2.124397     3.216449    -2.533025
     4.257113    -1.968313    -2.531764
    -0.004933    -4.475957    -2.529185
    -3.708196    -1.181655    -2.517218
    -1.733673     3.302976    -2.495197
     3.185044     2.860430    -2.527469
     1.157734     0.281813    -4.880751
     1.160182    -0.842925    -4.882829
     0.089737    -1.188160    -4.880750
    -0.577953    -0.272464    -4.876828
     0.080527     0.633858    -4.876829
     1.938673     0.839674    -4.306617
     1.940751    -1.410040    -4.309515
    -0.199496    -2.103266    -4.306615
    -1.526749    -0.275576    -4.294459
    -0.209708     1.537178    -4.294460
     1.952725    -0.284675    -4.326106
     0.874166    -1.769186    -4.326105
    -0.873525    -1.197297    -4.320754
    -0.870868     0.632719    -4.298825
     0.868759     1.200754    -4.320756
     2.714455     1.397645    -3.718080
     2.716766    -1.973847    -3.721509
    -0.490426    -3.013500    -3.718077
    -2.470142    -0.271599    -3.706211
    -0.505015     2.433169    -3.706213
     2.736012     0.275589    -3.746132
     1.655313    -2.339943    -3.747415
    -1.167894    -2.116120    -3.742334
    -1.817552     0.635014    -3.705182
     0.575888     2.112114    -3.738856
     2.736936    -0.851215    -3.747416
     0.583374    -2.687267    -3.746130
    -1.830782    -1.200387    -3.738853
    -1.165593     1.532360    -3.705182
     1.651646     1.764649    -3.742337
     3.479931     1.950867    -3.119554
     3.482341    -2.530068    -3.123196
    -0.780025    -3.912466    -3.119549
    -3.403422    -0.273849    -3.103306
    -0.791275     3.321467    -3.103309
     3.504574     0.833811    -3.145159
     2.427257    -2.897882    -3.147283
    -1.456446    -3.022492    -3.142653
    -2.754380     0.633241    -3.105419
     0.280887     3.009325    -3.136825
     3.514307    -0.289548    -3.154846
     1.361358    -3.252831    -3.154844
    -2.124024    -2.116782    -3.148981
    -2.107926     1.531494    -3.110403
     1.356815     2.674186    -3.148985
     3.506112    -1.412964    -3.147284
     0.289972    -3.590712    -3.145156
    -2.775241    -1.197078    -3.136822
    -1.453402     2.423885    -3.105421
     2.424490     2.319163    -3.142657
     0.357438    -0.259690     5.150315
     1.815546     4.222587     2.236108
     5.146000    -0.289174     2.231066
     1.865228    -4.804774     2.231069
    -3.454879    -3.031539     2.236113
    -3.399962     2.470216     2.196774
     4.238952     2.501282    -2.518275
     4.241295    -3.081480    -2.522010
    -1.068950    -4.804425    -2.518270
    -4.340926    -0.248349    -2.493474
    -1.105232     4.205206    -2.493477
     0.379572    -0.275779    -5.447483
    -1.175095     0.853759     5.071061
    -1.184949    -0.260469     5.090896
    -0.118446     1.207447     5.090895
    -1.937965     1.408016     4.481394
    -1.964254    -0.819664     4.514152
    -0.885114     1.769479     4.505009
    -1.956387     0.294997     4.505010
     0.172560     2.121411     4.514149
    -2.697208     1.959637     3.887917
    -2.734532    -1.379597     3.925134
    -1.646955     2.323954     3.913678
    -2.731858    -0.264510     3.925283
    -0.592626     2.679892     3.925280
    -2.719147     0.848208     3.913679
     0.467058     3.027018     3.925131
    -3.451850     2.507916     3.290312
    -3.494950    -1.939685     3.324572
    -2.403876     2.870967     3.311605
    -3.494726    -0.823350     3.328487
    -1.352601     3.228901     3.324899
    -3.488842     0.288615     3.324901
    -0.296879     3.578114     3.328484
    -3.473289     1.399044     3.311606
     0.764750     3.923295     3.324568
    -3.157898     3.411183     2.702327
    -4.246848    -1.379485     2.721876
    -2.109358     3.766666     2.712049
    -4.242780    -0.267657     2.718453
    -1.056537     4.117836     2.718450
    -4.234139     0.842154     2.712051
    -0.000382     4.465279     2.721871
    -4.220072     1.949225     2.702328
    -4.400533     2.507310     1.750976
    -3.744435     3.410352     1.750975
    -4.594786     1.958997     0.808064
    -3.282987     3.764535     0.808062
    -3.949405     2.869408     0.803522
    -4.782464     1.407570    -0.137876
    -2.816545     4.113428    -0.137878
    -4.146027     2.321970    -0.144404
    -3.489520     3.225575    -0.144405
    -4.964563     0.852950    -1.085134
    -2.345343     4.458000    -1.085137
    -4.329708     1.766630    -1.093098
    -3.681930     2.675076    -1.095095
    -3.018122     3.571874    -1.093099
    -4.503648     1.200270    -2.041473
    -3.856573     2.112797    -2.041710
    -3.201140     3.014923    -2.041711
    -2.533234     3.912315    -2.041475
    -4.988658    -0.261020    -1.079395
    -1.293341     4.825153    -1.079398
    -4.824593    -0.819820    -0.122635
    -1.767880     4.485549    -0.128573
    -4.812316     0.295238    -0.128570
    -0.711191     4.841798    -0.122639
    -4.643884    -1.380079     0.830814
    -2.236534     4.138784     0.818189
    -4.642976    -0.264624     0.826601
    -1.183090     4.497506     0.826598
    -4.627345     0.848112     0.818191
    -0.122510     4.843064     0.830809
    -4.447685    -1.940172     1.780168
    -2.698803     3.779596     1.762075
    -4.451750    -0.823617     1.777024
    -1.648404     4.139848     1.771721
    -4.446613     0.288439     1.771724
    -0.592363     4.488379     1.777020
    -4.428585     1.398752     1.762076
     0.470800     4.829548     1.780163
    -4.019036     1.546366    -2.984811
    -3.366684     2.446035    -2.985462
    -2.712638     3.344472    -2.984812
    -1.854045     0.656861    -4.797300
    -1.197648     1.560315    -4.797300
    -2.800868     0.660536    -4.200441
    -2.148537     1.560999    -4.204308
    -1.493728     2.459661    -4.200442
    -3.740084     0.655142    -3.593232
    -3.087907     1.558088    -3.599712
    -2.436050     2.455293    -3.599713
    -1.778832     3.354576    -3.593234
    -4.209286     3.058224     2.694747