
    -0.012127    -0.016692     0.010025
    -0.012185    -0.016771     1.112172
    -0.012018    -0.944628     0.560675
     0.870447    -0.303550     0.560861
     0.533269     0.733982     0.560901
    -0.557676     0.734042     0.560861
    -0.894681    -0.303336     0.560675
    -0.012267    -0.944792    -0.540680
     0.870357    -0.303618    -0.540749
     0.533248     0.733953    -0.540756
    -0.557712     0.733936    -0.540749
    -0.894760    -0.303623    -0.540680
    -0.012256    -0.016869    -1.092052
    -0.012296    -1.875619     0.010029
     1.755685    -0.591222     0.010032
     1.080366     1.486996     0.010099
    -1.104821     1.487059     0.010032
    -1.780020    -0.591292     0.010029
    -0.012089    -0.945832     1.662116
    -0.012496    -0.946013    -1.641984
     0.871294    -0.304009     1.662351
     0.871144    -0.304068    -1.642211
     0.533742     0.734632     1.662413
     0.533717     0.734598    -1.642231
    -0.558374     0.734706     1.662351
    -0.558384     0.734546    -1.642211
    -0.895804    -0.303775     1.662116
    -0.895850    -0.304218    -1.641984
     0.875715    -1.238619     1.110656
     0.875302    -1.238712    -1.090633
     0.874869    -1.237674     0.010002
     1.424064     0.449814     1.110866
     1.424023     0.449777    -1.090704
     1.422975     0.449499     0.010062
    -0.012261     1.493365     1.110866
    -0.012283     1.493315    -1.090704
    -0.012224     1.492232     0.010062
    -1.448607     0.450100     1.110656
    -1.448568     0.449679    -1.090633
    -1.447448     0.449588     0.010002
    -0.899637    -1.238244     1.110238
    -0.900201    -1.239020    -1.090074
    -0.899283    -1.237756     0.010222
    -0.011756    -1.876248     1.109139
    -0.012676    -1.876534    -1.089230
     1.756440    -0.591484     1.109659
     1.756269    -0.591541    -1.089577
     1.080771     1.487553     1.109767
     1.080761     1.487540    -1.089551
    -1.105304     1.487695     1.109659
    -1.105305     1.487515    -1.089577
    -1.780785    -0.590972     1.109139
    -1.780773    -0.591935    -1.089230
    -0.012382    -0.017042     2.213988
    -0.012422    -0.017098    -2.193810
    -0.012564    -2.810574    -0.537887
    -0.011962    -2.810656     0.557614
     2.644794    -0.880106    -0.537996
     2.644903    -0.880044     0.558001
     1.629854     2.243301    -0.537886
     1.629854     2.243301     0.558150
    -1.654316     2.243382    -0.537996
    -1.654291     2.243505     0.558001
    -2.669133    -0.880463    -0.537887
    -2.669397    -0.879916     0.557614
    -0.012363    -0.948164     2.763216
    -0.012678    -0.948212    -2.742968
    -0.011902    -1.879785     2.209221
    -0.012892    -1.879950    -2.189156
     0.872942    -0.304965     2.763400
     0.872869    -0.304857    -2.743252
     1.759342    -0.592735     2.209729
     1.759173    -0.592681    -2.189625
     0.534695     0.735945     2.763476
     0.534742     0.736008    -2.743269
     1.082525     1.489967     2.209871
     1.082553     1.490006    -2.189618
    -0.559793     0.735978     2.763400
    -0.559668     0.735942    -2.743252
    -1.107390     1.490068     2.209729
    -1.107287     1.489925    -2.189625
    -0.897937    -0.304757     2.763216
    -0.897886    -0.305071    -2.742968
    -1.784104    -0.592204     2.209221
    -1.783955    -0.593197    -2.189156
     0.877413    -1.241516     2.210920
     0.876962    -1.241454    -2.190848
     1.426971     0.450588     2.211201
     1.426953     0.450624    -2.190986
    -0.012423     1.496369     2.211201
    -0.012383     1.496364    -2.190986
    -1.451888     0.450820     2.210920
    -1.451689     0.450410    -2.190848
    -0.901653    -1.241018     2.210597
    -0.902237    -1.241823    -2.190212
     1.766418    -1.532738     1.657614
     1.765945    -1.532760    -1.637646
     1.763797    -1.529772    -0.539082
     1.764015    -1.529725     0.558992
     0.880346    -2.176725     1.657356
     0.879428    -2.176674    -1.637536
     0.877805    -2.173400    -0.539078
     0.878211    -2.173413     0.558813
     1.978838     1.205970     1.657910
     1.978858     1.205979    -1.637661
     1.975445     1.204665    -0.538992
     1.975442     1.204676     0.559194
     2.317436     0.164073     1.657854
     2.317393     0.164050    -1.637683
     2.313841     0.163265    -0.539026
     2.313865     0.163296     0.559141
    -0.560083     2.254714     1.657854
    -0.560092     2.254666    -1.637683
    -0.559742     2.251046    -0.539026
    -0.559719     2.251078     0.559141
     0.535452     2.254652     1.657910
     0.535454     2.254674    -1.637661
     0.535259     2.251021    -0.538992
     0.535270     2.251022     0.559194
    -2.342231     0.164615     1.657356
    -2.341898     0.163757    -1.637536
    -2.338283     0.163225    -0.539078
    -2.338421     0.163607     0.558813
    -2.003573     1.206322     1.657614
    -2.003448     1.205865    -1.637646
    -1.999942     1.204745    -0.539082
    -1.999965     1.204968     0.558992
    -0.903487    -2.175958     1.656765
    -0.905124    -2.177283    -1.636449
    -0.903004    -2.174020    -0.538015
    -0.902486    -2.173788     0.559291
    -1.790267    -1.531675     1.656765
    -1.791021    -1.533641    -1.636449
    -1.788573    -1.530616    -0.538015
    -1.788512    -1.530052     0.559291
    -0.011183    -2.811613     1.653681
    -0.012932    -2.811656    -1.634247
     2.645807    -0.880481     1.654684
     2.645579    -0.880557    -1.634637
     1.630364     2.244002     1.654864
     1.630382     2.244028    -1.634569
    -1.654986     2.244229     1.654684
    -1.654988     2.243988    -1.634637
    -2.670547    -0.879471     1.653681
    -2.670048    -0.881148    -1.634247
    -0.012639    -0.017396     3.315792
    -0.012582    -0.017317    -3.295599
    -0.012370    -3.750793    -1.084176
    -0.011495    -3.750650     0.008898
    -0.010951    -3.751378     1.102465
     3.539010    -1.170705    -1.083760
     3.539067    -1.170473     0.009965
     3.539240    -1.170515     1.103728
     2.182513     3.003971    -1.083607
     2.182462     3.003900     0.010160
     2.182500     3.003952     1.103942
    -2.207020     3.004031    -1.083760
    -2.206817     3.004157     0.009965
    -2.206910     3.004309     1.103728
    -3.563394    -1.170822    -1.084176
    -3.563529    -1.169946     0.008898
    -3.564389    -1.169653     1.102465
    -0.012790    -0.952440     3.865065
    -0.012859    -0.952285    -3.844802
    -0.012645    -1.886687     3.309331
    -0.013099    -1.886617    -3.289130
    -0.012326    -2.820160     2.753349
    -0.013244    -2.820060    -2.733735
     0.876277    -0.306609     3.865215
     0.876367    -0.306244    -3.845112
     1.765161    -0.595153     3.309731
     1.765146    -0.594845    -3.289650
     2.653343    -0.883360     2.754251
     2.653202    -0.883251    -2.734188
     0.536692     0.738693     3.865341
     0.536862     0.738926    -3.845122
     1.086104     1.494894     3.309922
     1.086226     1.495061    -3.289643
     1.635028     2.250422     2.754471
     1.635108     2.250533    -2.734143
    -0.562387     0.738642     3.865215
    -0.562067     0.738840    -3.845112
    -1.111488     1.494856     3.309731
    -1.111190     1.494937    -3.289650
    -1.660053     2.250507     2.754251
    -1.659905     2.250407    -2.734188
    -0.901872    -0.306484     3.865065
    -0.901703    -0.306502    -3.844802
    -1.790439    -0.595044     3.309331
    -1.790232    -0.595454    -3.289130
    -2.678323    -0.883199     2.753349
    -2.677944    -0.884042    -2.733735
     0.880271    -1.246621     3.310332
     0.880067    -1.246201    -3.290275
     1.432095     0.451987     3.310682
     1.432171     0.452195    -3.290436
    -0.012676     1.501675     3.310682
    -0.012501     1.501812    -3.290436
    -1.457626     0.451961     3.310332
    -1.457163     0.451897    -3.290275
    -0.905322    -1.246068     3.310278
    -0.905709    -1.246601    -3.289618
     1.772090    -1.538534     2.755382
     1.771767    -1.538247    -2.735387
     0.882933    -2.184762     2.755145
     0.882325    -2.184272    -2.735244
     1.985635     1.209853     2.755752
     1.985706     1.209966    -2.735452
     2.325307     0.164533     2.755690
     2.325315     0.164647    -2.735468
    -0.562078     2.262342     2.755690
    -0.561972     2.262385    -2.735468
     0.537045     2.262316     2.755752
     0.537130     2.262418    -2.735452
    -2.350673     0.164591     2.755145
    -2.350020     0.164165    -2.735244
    -2.010838     1.209926     2.755382
    -2.010466     1.209707    -2.735387
    -0.907182    -2.183542     2.755122
    -0.908454    -2.184873    -2.734198
    -1.796338    -1.537532     2.755122
    -1.797211    -1.539153    -2.734198
     2.662475    -1.829764     2.199938
     2.662035    -1.829779    -2.179995
     2.655626    -1.823520    -1.084010
     2.655674    -1.822104     0.009923
     2.656039    -1.823356     1.103897
     1.777161    -2.479731     2.200841
     1.776483    -2.479564    -2.181051
     1.771067    -2.471438    -1.085288
     1.769866    -2.469050     0.009801
     1.771743    -2.471319     1.104958
     0.885581    -3.121234     2.199304
     0.884682    -3.120680    -2.179935
     0.881443    -3.112330    -1.084044
     0.880978    -3.111733     0.009544
     0.882526    -3.112445     1.103219
     2.538108     1.966434     2.200289
     2.538177     1.966490    -2.179957
     2.530363     1.962096    -1.083889
     2.529115     1.962303     0.010134
     2.530331     1.962095     1.104177
     2.882550     0.923587     2.201347
     2.882593     0.923611    -2.181081
     2.873254     0.920681    -1.085186
     2.870618     0.919890     0.010093
     2.873235     0.920714     1.105398
     3.216970    -0.122502     2.200179
     3.216912    -0.122538    -2.180024
     3.208006    -0.123367    -1.083967
     3.207156    -0.124123     0.010029
     3.208061    -0.123276     1.104059
    -1.110604     3.021665     2.200179
    -1.110620     3.021599    -2.180024
    -1.108656     3.012873    -1.083967
    -1.109113     3.011831     0.010029
    -1.108586     3.012953     1.104059
    -0.012372     3.026872     2.201347
    -0.012363     3.026920    -2.181081
    -0.012264     3.017133    -1.085186
    -0.012202     3.014382     0.010093
    -0.012227     3.017125     1.105398
     1.085872     3.021545     2.200289
     1.085904     3.021629    -2.179957
     1.084140     3.012839    -1.083889
     1.084722     3.011716     0.010134
     1.084149     3.012808     1.104177
    -3.242129    -0.122276     2.199304
    -3.241325    -0.122959    -2.179935
    -3.232383    -0.123460    -1.084044
    -3.231671    -0.123717     0.009544
    -3.232827    -0.122465     1.103219
    -2.907537     0.923902     2.200841
    -2.907169     0.923309    -2.181051
    -2.897767     0.920670    -1.085288
    -2.895125     0.920265     0.009801
    -2.897863     0.921349     1.104958
    -2.562958     1.966737     2.199938
    -2.562837     1.966314    -2.179995
    -2.554904     1.962153    -1.084010
    -2.553572     1.962636     0.009923
    -2.554875     1.962597     1.103897
    -0.908286    -3.119318     2.198976
    -0.910878    -3.121411    -2.178559
    -0.906891    -3.113068    -1.082500
    -0.905468    -3.112806     0.011123
    -0.905618    -3.113518     1.104279
    -1.800010    -2.477500     2.200655
    -1.802454    -2.480864    -2.178905
    -1.796640    -2.472862    -1.082932
    -1.795158    -2.470822     0.012064
    -1.796109    -2.472131     1.105949
    -2.685973    -1.827753     2.198976
    -2.687162    -1.830865    -2.178559
    -2.680459    -1.824494    -1.082500
    -2.680650    -1.823060     0.011123
    -2.681280    -1.823423     1.104279
    -0.012232    -3.750729     2.196476
    -0.013018    -3.749600    -2.177958
     3.538062    -1.170450     2.198025
     3.537800    -1.170573    -2.178000
     2.181775     3.002955     2.198263
     2.181825     3.003024    -2.177893
    -2.206484     3.003209     2.198025
    -2.206521     3.002921    -2.178000
    -3.563376    -1.170671     2.196476
    -3.562059    -1.171070    -2.177958
    -0.012942    -0.017813     4.419452
    -0.012743    -0.017539    -4.399272
    -0.011948    -4.702270    -1.657224
    -0.010666    -4.699498    -0.545651
    -0.007401    -4.699051     0.557953
    -0.006558    -4.703113     1.671285
     4.443756    -1.464692    -1.654950
     4.441258    -1.463595    -0.542598
     4.441411    -1.463403     0.562442
     4.444108    -1.464312     1.674892
     2.741684     3.773603    -1.654738
     2.740052     3.771357    -0.542344
     2.740044     3.771346     0.562712
     2.741655     3.773562     1.675137
    -2.766200     3.773649    -1.654950
    -2.764384     3.771613    -0.542598
    -2.764249     3.771817     0.562442
    -2.765947     3.774101     1.674892
    -4.468433    -1.464443    -1.657224
    -4.466193    -1.462368    -0.545651
    -4.466776    -1.459123     0.557953
    -4.470901    -1.459577     1.671285
    -0.013458    -0.955508     4.981865
    -0.013047    -0.954809    -4.962076
    -0.013928    -1.900179     4.416851
    -0.013325    -1.899292    -4.397363
    -0.014891    -2.842612     3.854846
    -0.013590    -2.841524    -3.836202
    -0.016329    -3.788714     3.291251
    -0.013645    -3.787678    -3.274342
     0.877960    -0.307787     4.982430
     0.878275    -0.307133    -4.962456
     1.776509    -0.599408     4.418017
     1.776733    -0.598847    -4.398001
     2.672941    -0.890232     3.856957
     2.673025    -0.889892    -3.836905
     3.573013    -1.182237     3.294933
     3.572947    -1.182185    -3.274866
     0.537758     0.740161     4.982639
     0.538070     0.740590    -4.962418
     1.093136     1.504572     4.418265
     1.093380     1.504908    -4.397979
     1.647173     2.267139     3.857223
     1.647354     2.267387    -3.836872
     2.203417     3.032743     3.295209
     2.203551     3.032927    -3.274799
    -0.564027     0.739878     4.982430
    -0.563503     0.740380    -4.962456
    -1.119042     1.504334     4.418017
    -1.118578     1.504720    -4.398001
    -1.672644     2.267021     3.856957
    -1.672347     2.267206    -3.836905
    -2.228494     3.032807     3.294933
    -2.228425     3.032760    -3.274866
    -0.904584    -0.308067     4.981865
    -0.904046    -0.307460    -4.962076
    -1.802874    -0.600433     4.416851
    -1.802217    -0.599586    -4.397363
    -2.698883    -0.892577     3.854846
    -2.698251    -0.891003    -3.836202
    -3.598236    -1.186305     3.291251
    -3.598080    -1.183433    -3.274342
     0.885135    -1.254799     4.415611
     0.885350    -1.253972    -4.395666
     1.440700     0.454477     4.416091
     1.440908     0.454892    -4.395839
    -0.012967     1.510628     4.416091
    -0.012636     1.510954    -4.395839
    -1.466906     0.454060     4.415611
    -1.466187     0.454520    -4.395666
    -0.911895    -1.255115     4.414740
    -0.911401    -1.254435    -4.394950
     1.782699    -1.547950     3.856737
     1.782757    -1.547320    -3.836758
     0.886816    -2.199044     3.856431
     0.887025    -2.197963    -3.836547
     1.997365     1.217459     3.857165
     1.997519     1.217731    -3.836835
     2.339370     0.164775     3.857087
     2.339491     0.165089    -3.836845
    -0.566194     2.275791     3.857087
    -0.565933     2.276003    -3.836845
     0.540654     2.275822     3.857165
     0.540865     2.276053    -3.836835
    -2.365457     0.163871     3.856431
    -2.364493     0.164404    -3.836547
    -2.023072     1.217106     3.856737
    -2.022491     1.217355    -3.836758
    -0.914683    -2.199498     3.854764
    -0.913644    -2.198595    -3.835482
    -1.809195    -1.549597     3.854764
    -1.808657    -1.548330    -3.835482
     2.681005    -1.839827     3.297026
     2.680865    -1.839536    -3.277042
     1.786120    -2.494017     3.299668
     1.785998    -2.493356    -3.279772
     0.887122    -3.143476     3.296469
     0.887425    -3.142225    -3.276804
     2.553026     1.981375     3.297401
     2.553148     1.981550    -3.277032
     2.898412     0.928513     3.300173
     2.898502     0.928672    -3.279868
     3.237893    -0.126245     3.297278
     3.237913    -0.126127    -3.277075
    -1.120629     3.040407     3.297278
    -1.120523     3.040464    -3.277075
    -0.012589     3.043480     3.300173
    -0.012466     3.043614    -3.279868
     1.095473     3.040350     3.297401
     1.095601     3.040520    -3.277032
    -3.263759    -0.127683     3.296469
    -3.262663    -0.127008    -3.276804
    -2.923892     0.928009     3.299668
    -2.923226     0.928097    -3.279772
    -2.578255     1.981251     3.297026
    -2.577935     1.981207    -3.277042
    -0.916936    -3.144020     3.293265
    -0.914409    -3.143030    -3.275443
    -1.814382    -2.497282     3.295353
    -1.812475    -2.494657    -3.277712
    -2.706793    -1.843613     3.293265
    -2.706632    -1.840904    -3.275443
     3.588157    -2.129263     2.733652
     3.587834    -2.129330    -2.713691
     3.551946    -2.121728    -1.623441
     3.551854    -2.118915    -0.534963
     3.552133    -2.118724     0.554823
     3.552500    -2.121438     1.643344
     2.686605    -2.787066     2.741640
     2.686139    -2.786922    -2.721833
     2.669868    -2.774658    -1.625827
     2.665739    -2.768762    -0.535026
     2.666196    -2.768553     0.554669
     2.670676    -2.774416     1.645545
     1.787678    -3.440283     2.741392
     1.787168    -3.439896    -2.721833
     1.781425    -3.420086    -1.625907
     1.778134    -3.413815    -0.535204
     1.778883    -3.413576     0.554407
     1.782637    -3.419930     1.645262
     0.883417    -4.094758     2.732496
     0.882995    -4.094214    -2.713687
     0.887903    -4.056747    -1.623816
     0.886615    -4.055961    -0.535836
     0.887969    -4.055738     0.553566
     0.890052    -4.057132     1.641939
     3.108962     2.754469     2.733989
     3.109073     2.754570    -2.713584
     3.090869     2.722469    -1.623285
     3.088339     2.722930    -0.534759
     3.088317     2.722933     0.555099
     3.090806     2.722453     1.643650
     3.455848     1.693856     2.742084
     3.455937     1.693919    -2.721750
     3.439301     1.681883    -1.625673
     3.432497     1.679337    -0.534765
     3.432473     1.679361     0.555041
     3.439237     1.681906     1.645976
     3.799203     0.637313     2.742031
     3.799233     0.637318    -2.721794
     3.778651     0.637502    -1.625725
     3.771624     0.635775    -0.534824
     3.771615     0.635832     0.554982
     3.778633     0.637591     1.645920
     4.142097    -0.424596     2.733813
     4.142029    -0.424679    -2.713685
     4.108377    -0.409126    -1.623420
     4.106691    -0.410753    -0.534939
     4.106736    -0.410644     0.554911
     4.108495    -0.408934     1.643462
    -1.683792     3.808162     2.733813
    -1.683850     3.808071    -2.713685
    -1.658659     3.780872    -1.623420
    -1.659686     3.778766    -0.534939
    -1.659595     3.778843     0.554911
    -1.658513     3.781044     1.643462
    -0.567896     3.810198     2.742031
    -0.567901     3.810228    -2.721794
    -0.561366     3.790710    -1.625725
    -0.560837     3.783493    -0.534824
    -0.560780     3.783502     0.554982
    -0.561275     3.790720     1.645920
     0.543038     3.810137     2.742084
     0.543071     3.810241    -2.721750
     0.536765     3.790699    -1.625673
     0.536446     3.783442    -0.534765
     0.536476     3.783426     0.555041
     0.536806     3.790646     1.645976
     1.658935     3.807976     2.733989
     1.658997     3.808113    -2.713584
     1.634092     3.780880    -1.623285
     1.635313     3.778616    -0.534759
     1.635321     3.778596     0.555099
     1.634096     3.780815     1.643650
    -4.167337    -0.425169     2.732496
    -4.166689    -0.425402    -2.713687
    -4.132573    -0.409156    -1.623816
    -4.131427    -0.410138    -0.535836
    -4.131634    -0.408782     0.553566
    -4.133603    -0.407231     1.641939
    -3.824326     0.637078     2.741392
    -3.823801     0.636713    -2.721833
    -3.803186     0.637372    -1.625907
    -3.796204     0.636181    -0.535204
    -3.796208     0.636967     0.554407
    -3.803412     0.638574     1.645262
    -3.480863     1.693864     2.741640
    -3.480583     1.693465    -2.721833
    -3.463891     1.681780    -1.625827
    -3.457007     1.679676    -0.535026
    -3.456949     1.680174     0.554669
    -3.463910     1.682624     1.645545
    -3.133850     2.754563     2.733652
    -3.133814     2.754235    -2.713691
    -3.115494     2.722452    -1.623441
    -3.112791     2.723234    -0.534963
    -3.112695     2.723558     0.554823
    -3.115389     2.723069     1.643344
    -0.916568    -4.097835     2.728197
    -0.909650    -4.095226    -2.712008
    -0.913068    -4.057294    -1.622142
    -0.910302    -4.056766    -0.534184
    -0.908789    -4.057826     0.555111
    -0.911658    -4.061266     1.643765
    -1.820548    -3.450028     2.733234
    -1.813715    -3.441435    -2.718933
    -1.807168    -3.421600    -1.622605
    -1.803165    -3.415908    -0.531442
    -1.802923    -3.417089     0.558356
    -1.807011    -3.423056     1.648448
    -2.718592    -2.797561     2.733234
    -2.712531    -2.788406    -2.718933
    -2.695691    -2.776051    -1.622605
    -2.691514    -2.770484    -0.531442
    -2.692712    -2.770619     0.558356
    -2.697124    -2.776351     1.648448
    -3.614039    -2.138008     2.728197
    -3.613695    -2.130622    -2.712008
    -3.576563    -2.122151    -1.622142
    -3.576916    -2.119358    -0.534184
    -3.578391    -2.118245     0.555111
    -3.580776    -2.122037     1.643765
     4.458807    -2.426185    -1.097017
     4.459148    -2.424199     0.009952
     4.459456    -2.425701     1.116925
     3.592156    -3.085426    -2.161965
     3.572619    -3.084448    -1.072526
     3.573465    -3.080122     0.009844
     3.573531    -3.083965     1.092233
     3.592870    -3.085187     2.181721
     2.692860    -3.741154    -2.166501
     2.687029    -3.731764    -1.076374
     2.685996    -3.728744     0.009658
     2.688386    -3.731224     1.095752
     2.693768    -3.741040     2.185991
     1.791273    -4.393756    -2.162312
     1.797932    -4.374145    -1.073065
     1.795472    -4.372823     0.009230
     1.800093    -4.373623     1.091685
     1.792503    -4.393819     2.181304
     0.898655    -5.013877    -1.100034
     0.899271    -5.013399     0.006568
     0.902073    -5.013925     1.113578
     3.660821     3.490669    -1.096831
     3.659206     3.491136     0.010192
     3.660777     3.490680     1.117221
     4.019759     2.463282    -2.161759
     4.012938     2.444443    -1.072277
     4.009201     2.445970     0.010177
     4.012883     2.444489     1.092639
     4.019659     2.463300     2.182136
     4.365544     1.405429    -2.166209
     4.354861     1.402131    -1.076008
     4.351729     1.401229     0.010124
     4.354816     1.402238     1.096266
     4.365477     1.405499     2.186486
     4.707589     0.346356    -2.161893
     4.690963     0.357931    -1.072428
     4.688834     0.354736     0.010035
     4.690965     0.358125     1.092518
     4.707602     0.346503     2.182029
     5.021121    -0.695410    -1.097169
     5.020164    -0.696477     0.009866
     5.021242    -0.695117     1.116933
    -2.212985     4.560477    -1.097169
    -2.213704     4.559237     0.009866
    -2.212743     4.560683     1.116933
    -1.125319     4.584214    -2.161893
    -1.109173     4.571978    -1.072428
    -1.111554     4.568966     0.010035
    -1.108989     4.572040     1.092518
    -1.125183     4.584271     2.182029
    -0.012383     4.586180    -2.166209
    -0.012219     4.575002    -1.076008
    -0.012109     4.571744     0.010124
    -0.012103     4.574992     1.096266
    -0.012296     4.586138     2.186486
     1.100548     4.584213    -2.161759
     1.084739     4.571904    -1.072277
     1.087346     4.568823     0.010177
     1.084799     4.571866     1.092639
     1.100596     4.584124     2.182136
     2.188570     4.560323    -1.096831
     2.189512     4.558931     0.010192
     2.188593     4.560284     1.117221
    -5.046180    -0.694700    -1.100034
    -5.045916    -0.693966     0.006568
    -5.047283    -0.691464     1.113578
    -4.732244     0.345858    -2.162312
    -4.715650     0.358252    -1.073065
    -4.713633     0.356320     0.009230
    -4.715822     0.360468     1.091685
    -4.732684     0.347008     2.181304
    -4.390188     1.404983    -2.166501
    -4.379456     1.402340    -1.076374
    -4.376265     1.402290     0.009658
    -4.379361     1.403797     1.095752
    -4.390360     1.405882     2.185991
    -4.044451     2.462896    -2.161965
    -4.037483     2.444617    -1.072526
    -4.033631     2.446759     0.009844
    -4.037306     2.445634     1.092233
    -4.044444     2.463649     2.181721
    -3.685285     3.490846    -1.097017
    -3.683501     3.491784     0.009952
    -3.685025     3.491613     1.116925
    -0.921466    -5.014398    -1.100012
    -0.917844    -5.014164     0.005272
    -0.910254    -5.019459     1.108109
    -1.817098    -4.394993    -2.157464
    -1.822209    -4.375812    -1.067015
    -1.817583    -4.375574     0.018295
    -1.816543    -4.381038     1.108956
    -2.719023    -3.742413    -2.162488
    -2.712362    -3.733245    -1.071819
    -2.710594    -3.730811     0.015846
    -2.712988    -3.734106     1.107756
    -3.618374    -3.086289    -2.157464
    -3.598552    -3.085223    -1.067015
    -3.599755    -3.080750     0.018295
    -3.605273    -3.081450     1.108956
    -4.484228    -2.425899    -1.100012
    -4.485125    -2.422382     0.005272
    -4.492506    -2.416799     1.108109