
     0.363465     0.010777     1.513760
     0.638791     0.858097     0.965991
     1.251237     0.010814     0.964718
     0.638657    -0.836624     0.966340
    -0.352598    -0.512496     0.967095
    -0.352545     0.533893     0.967001
     1.083220     0.534067     0.079218
     1.082985    -0.512508     0.079669
     0.091784    -0.836396     0.080870
    -0.517920     0.010678     0.081273
     0.091800     0.857878     0.080722
     0.365243     0.010876    -0.464741
     0.646882     0.894934     2.019823
     1.289205     0.010823     2.019365
     0.646761    -0.873354     2.020135
    -0.389460    -0.535305     2.021020
    -0.389457     0.556799     2.020954
     1.577132     0.894894     1.444860
     1.576913    -0.873273     1.445336
    -0.101957    -1.420437     1.446669
    -1.135410     0.010680     1.446762
    -0.101848     1.441826     1.446417
     1.399414     1.441791     0.518075
     0.363201     1.779710     0.520356
     2.041644     0.556821     0.517913
     2.041509    -0.535412     0.518455
     1.399090    -1.420457     0.518909
     0.363106    -1.758287     0.520710
    -0.671366    -1.418605     0.521441
    -1.306712    -0.534079     0.519819
    -1.306744     0.555299     0.519803
    -0.671470     1.439908     0.521373
     1.862322     0.010587    -0.406303
     0.826877    -1.418812    -0.404609
    -0.844097    -0.870074    -0.403055
    -0.844136     0.891318    -0.403139
     0.826984     1.440218    -0.405043
     1.110558     0.556009    -0.974641
     1.110249    -0.534010    -0.973983
     0.077412    -0.869950    -0.972523
    -0.559899     0.010728    -0.973596
     0.077653     0.891668    -0.972767
     0.358771     0.010824     2.567309
     0.927237     1.757705     1.433294
     2.195192     0.010794     1.432255
     0.926994    -1.736246     1.433877
    -1.118365    -1.067265     1.433829
    -1.118383     1.088573     1.433761
     1.843222     1.088987    -0.397968
     1.842699    -1.067890    -0.396449
    -0.201183    -1.732570    -0.392681
    -1.457942     0.010573    -0.393943
    -0.201538     1.753854    -0.392705
     0.360132     0.010882    -1.517701
     0.645984     0.906669     3.080715
     1.297637     0.010877     3.080604
     0.645879    -0.884973     3.080997
    -0.405640    -0.542249     3.081318
    -0.405640     0.563865     3.081261
     0.935627     1.796161     2.502327
     2.234112     0.010845     2.501967
     0.935392    -1.774576     2.502859
    -1.159555    -1.090989     2.501718
    -1.159575     1.112403     2.501659
     1.597979     0.912640     2.519294
     1.597807    -0.890959     2.519704
    -0.117338    -1.448211     2.519714
    -1.173449     0.010720     2.519534
    -0.117245     1.469721     2.519475
     1.879126     1.796067     1.919301
     2.525655    -0.884946     1.919606
     0.175584    -2.328830     1.920549
    -1.914337    -0.537233     1.918196
    -0.867949     2.009099     1.919021
     2.525887     0.906554     1.919076
     1.878768    -1.774512     1.920063
    -0.867972    -1.987808     1.919199
    -1.914368     0.558492     1.918183
     0.175776     2.350202     1.920149
     1.698276     2.350013     0.978822
     0.647322     2.692442     0.980949
     2.996570     0.563650     0.978365
     2.996515    -0.542507     0.978929
     1.697955    -2.328829     0.979813
     0.647232    -2.671032     0.981437
    -1.443669    -1.985065     0.979831
    -2.084739    -1.087672     0.977387
    -2.084833     1.108767     0.977387
    -1.443876     2.006267     0.979781
     2.164484     2.008860     0.043788
     0.071210     2.689518     0.049421
     2.815669     1.112457     0.043564
     2.815394    -1.091707     0.045245
     2.163941    -1.988176     0.045514
     0.071684    -2.668221     0.049448
    -0.976704    -2.322818     0.050257
    -2.256693    -0.539938     0.048106
    -2.256756     0.560933     0.048109
    -0.977173     2.344031     0.050282
     1.124790     2.370535     0.041811
     2.838160     0.010385     0.040009
     1.124647    -2.349223     0.042427
    -1.631507    -1.440337     0.044127
    -1.631692     1.461419     0.044095
     2.365461     1.469592     0.984826
     2.365065    -1.448311     0.985898
    -0.405578    -2.349021     0.988168
    -2.103624     0.010556     0.984478
    -0.405670     2.370309     0.988012
     2.632477     0.558591    -0.892683
     1.582158    -1.985926    -0.890352
    -1.149774    -1.764200    -0.885106
    -1.788745     0.899956    -0.885847
     0.540849     2.344160    -0.888044
     2.631924    -0.538467    -0.891681
     0.541545    -2.323026    -0.888179
    -1.788643    -0.878913    -0.885812
    -1.150133     1.785324    -0.885185
     1.582392     2.007063    -0.891236
     1.112621     0.561701    -2.034875
     1.112464    -0.539848    -2.034294
     0.067127    -0.878702    -2.032957
    -0.577505     0.010706    -2.034073
     0.067351     0.900345    -2.033141
     1.868577     1.110670    -1.467412
     1.867273    -1.088714    -1.465170
    -0.217974    -1.764018    -1.461076
    -1.501351     0.010564    -1.462922
    -0.218119     1.785418    -1.461168
     1.882543     0.011097    -1.479360
     0.829255    -1.440486    -1.476769
    -0.870856    -0.884362    -1.475745
    -0.870827     0.905654    -1.475814
     0.830058     1.462492    -1.477470
     0.354153     0.010891     3.629853
     1.218216     2.664789     1.904779
     3.147209     0.010747     1.903931
     1.217907    -2.643358     1.905514
    -1.894492    -1.625168     1.900262
    -1.894578     1.646386     1.900214
     2.608130     1.647501    -0.885680
     2.607269    -1.626975    -0.882062
    -0.499204    -2.633573    -0.874275
    -2.405094     0.010465    -0.873966
    -0.500041     2.654750    -0.874149
     0.353057     0.010685    -2.579113
     0.644478     0.913577     4.152570
     1.301334     0.010965     4.152785
     0.644376    -0.891720     4.152832
    -0.416512    -0.546347     4.152244
    -0.416503     0.568128     4.152194
     0.938101     1.815474     3.577350
     2.251441     0.010936     3.577454
     0.937873    -1.793741     3.577853
    -1.183614    -1.102822     3.574910
    -1.183619     1.124393     3.574855
     1.606793     0.921714     3.595789
     1.606646    -0.899884     3.596158
    -0.127567    -1.462485     3.595156
    -1.196574     0.010795     3.593984
    -0.127467     1.484145     3.594923
     1.228819     2.707766     2.985450
     3.191066     0.010866     2.985232
     1.228482    -2.686174     2.986145
    -1.943019    -1.652117     2.978047
    -1.943068     1.673463     2.977999
     1.900444     1.823174     3.009087
     2.556292    -0.899900     3.009488
     0.165933    -2.364169     3.008968
    -1.961520    -0.544714     3.004334
    -0.894486     2.040360     3.006500
     2.556490     0.921656     3.009032
     1.900131    -1.801474     3.009772
    -0.894538    -2.018922     3.006683
    -1.961537     0.566094     3.004320
     0.166133     2.385687     3.008570
     2.179719     2.707684     2.397902
     3.484685    -0.891798     2.398112
     0.461638    -3.244158     2.398543
    -2.703237    -1.092275     2.387543
    -1.649093     2.576452     2.391131
     2.839193     1.815321     2.402762
     2.838785    -1.793739     2.403600
    -0.595918    -2.908238     2.401438
    -2.710949     0.010588     2.393820
    -0.595821     2.929518     2.401147
     3.484916     0.913365     2.397585
     2.179280    -2.686176     2.398829
    -1.649035    -2.555234     2.391264
    -2.703309     1.113441     2.387536
     0.461903     3.265518     2.398016
     1.997216     3.265349     1.448980
     0.937128     3.610238     1.450593
     3.958940     0.567720     1.448290
     3.958931    -0.546744     1.448822
     1.996864    -3.244233     1.450018
     0.937018    -3.588825     1.451145
    -2.228234    -2.551199     1.441169
    -2.870282    -1.644970     1.437830
    -2.870439     1.665958     1.437849
    -2.228524     2.572309     1.441139
     2.473082     2.929081     0.504060
     0.354301     3.617661     0.508277
     3.785622     1.123840     0.503346
     3.785608    -1.103480     0.504809
     2.472654    -2.908608     0.505562
     0.354808    -3.596279     0.508303
    -1.762553    -2.900334     0.504764
    -3.049257    -1.096082     0.502434
    -3.049385     1.116947     0.502456
    -1.763103     2.921459     0.504794
     1.421015     3.295432     0.502670
     3.808923     0.010164     0.500758
     1.420939    -3.274124     0.503249
    -2.418419    -2.004346     0.500014
    -2.418702     2.025319     0.500011
     2.935795     2.575750    -0.443582
    -0.229015     3.602487    -0.434832
     3.591483     1.673495    -0.444123
     3.591583    -1.653328    -0.441114
     2.935036    -2.556320    -0.440659
    -0.227938    -3.581233    -0.435061
    -1.285847    -3.231197    -0.433463
    -3.214081    -0.542894    -0.432422
    -3.214160     0.563667    -0.432413
    -1.286739     3.252345    -0.433345
     1.892465     2.949296    -0.445964
     3.624302     0.565407    -0.448147
     1.892285    -2.928134    -0.445326
    -1.946123    -2.345076    -0.439570
    -2.591940     1.469965    -0.439781
     0.834957     3.291870    -0.443246
     3.623838    -0.546151    -0.447221
     0.835859    -3.270533    -0.443593
    -2.591703    -1.449091    -0.439774
    -1.946607     2.366057    -0.439574
     3.148283     2.039982     0.507917
     3.147751    -2.019389     0.509668
    -0.711202    -3.270308     0.512727
    -3.067740     0.010435     0.507381
    -0.711771     3.291541     0.512765
     2.675721     2.385467     1.457709
     3.331134    -1.462676     1.458521
    -0.126853    -3.273967     1.459761
    -2.894719    -0.542747     1.448217
    -1.185695     2.948708     1.456770
     3.331491     1.483815     1.457478
     2.675250    -2.364313     1.458884
    -1.185475    -2.927510     1.456866
    -2.894771     0.563742     1.448224
    -0.126925     3.295249     1.459523
     3.406024     1.113751    -1.388877
     2.345971    -2.553103    -1.385999
    -1.456467    -2.664147    -1.373673
    -2.742697     0.904252    -1.372217
     0.245191     3.252483    -1.380451
     3.413135     0.008524    -1.391167
     1.299293    -2.900942    -1.388045
    -2.105190    -1.777060    -1.376807
    -2.105590     1.797990    -1.376856
     1.297742     2.922069    -1.387045
     3.404686    -1.095048    -1.387608
     0.246521    -3.231274    -1.380875
    -2.742549    -0.883428    -1.372203
    -1.457248     2.685179    -1.373687
     2.346195     2.574455    -1.386983
     1.108972     0.564117    -3.105624
     1.109206    -0.542930    -3.105185
     0.057250    -0.883212    -3.103448
    -0.590986     0.010609    -3.103775
     0.057251     0.904528    -3.103528
     1.873258     1.118598    -2.541901
     1.872668    -1.097069    -2.539919
    -0.231763    -1.776760    -2.535282
    -1.526692     0.010531    -2.535730
    -0.231930     1.798148    -2.535362
     1.885557     0.010827    -2.554679
     0.824528    -1.449139    -2.551788
    -0.888893    -0.890054    -2.549593
    -0.888919     0.911281    -2.549636
     0.824944     1.470998    -2.552232
     2.634066     1.670337    -1.968081
     2.631109    -1.648138    -1.962148
    -0.518864    -2.663883    -1.953495
    -2.453033     0.010433    -1.952309
    -0.519654     2.685055    -1.953393
     2.651803     0.565516    -1.980482
     1.588558    -2.005239    -1.976849
    -1.177944    -1.783683    -1.971427
    -1.824273     0.911192    -1.971303
     0.535775     2.366574    -1.974237
     2.649917    -0.543986    -1.979130
     0.536022    -2.345062    -1.974194
    -1.824179    -0.890192    -1.971286
    -1.178273     1.804794    -1.971478
     1.590545     2.027985    -1.978360
     0.350649     0.010982     4.708371
     1.514333     3.584455     2.384349
     4.113180     0.010730     2.383601
     1.513943    -3.563030     2.385206
    -2.685559    -2.187831     2.367460
    -2.685702     2.208969     2.367430
     3.382509     2.212192    -1.389448
     3.381494    -2.192406    -1.380175
    -0.804399    -3.541857    -1.367475
    -3.362324     0.010353    -1.359131
    -0.805628     3.563005    -1.367281
     0.345660     0.010494    -3.652026
     0.643970     0.918885     5.245063
     1.304907     0.011082     5.245410
     0.643850    -0.896796     5.245320
    -0.424338    -0.549837     5.243769
    -0.424282     0.571796     5.243736
     0.940785     1.830828     4.667445
     2.265133     0.011066     4.667862
     0.940538    -1.808904     4.667936
    -1.201465    -1.112634     4.663393
    -1.201441     1.134395     4.663342
     1.613972     0.928984     4.684510
     1.613823    -0.906937     4.684861
    -0.134365    -1.473799     4.683217
    -1.213931     0.010897     4.680895
    -0.134248     1.495641     4.682989
     1.236159     2.737652     4.077441
     3.220338     0.011017     4.077717
     1.235788    -2.715880     4.078128
    -1.975854    -1.671351     4.067509
    -1.975865     1.692883     4.067462
     1.913753     1.842359     4.104128
     2.576774    -0.909211     4.104640
     0.160874    -2.388527     4.103330
    -1.994301    -0.550933     4.096163
    -0.912474     2.061494     4.100168
     2.576956     0.931208     4.104211
     1.913449    -1.820456     4.104786
    -0.912565    -2.039881     4.100353
    -1.994304     0.572506     4.096148
     0.161106     2.410215     4.102933
     1.529017     3.636299     3.477358
     4.166500     0.010912     3.477395
     1.528561    -3.614673     3.478228
    -2.743811    -2.222041     3.457805
    -2.743887     2.243331     3.457767
     2.205399     2.744757     3.502761
     3.526610    -0.907021     3.503177
     0.456799    -3.289622     3.502570
    -2.762078    -1.106716     3.487151
    -1.684701     2.614850     3.493610
     2.873720     1.842305     3.511037
     2.873351    -1.820482     3.511824
    -0.615940    -2.950808     3.508148
    -2.771233     0.010673     3.495272
    -0.615771     2.972259     3.507843
     3.526831     0.928874     3.502693
     2.204961    -2.723020     3.503656
    -1.684723    -2.593469     3.493756
    -2.762115     1.128048     3.487140
     0.457118     3.311147     3.502031
     2.485271     3.636254     2.886492
     4.461898    -0.897019     2.886521
     0.755957    -4.175233     2.886903
    -3.507896    -1.651607     2.859609
    -2.448164     3.150607     2.868233
     3.153003     2.737544     2.893077
     3.812406    -1.809021     2.893823
    -0.313586    -3.838957     2.891131
    -3.522720    -0.544915     2.865760
    -1.383315     3.511318     2.885311
     3.812847     1.830629     2.892944
     3.152474    -2.715958     2.894139
    -1.383339    -3.490092     2.885546
    -3.522759     0.566014     2.865763
    -0.313410     3.860245     2.890711
     4.462154     0.918573     2.885985
     2.484752    -3.614735     2.887594
    -2.448051    -3.129435     2.868337
    -3.508006     1.672697     2.859615
     0.756242     4.196595     2.886244
     2.302079     4.196515     1.930855
     1.234602     4.543257     1.932186
     4.938616     0.571316     1.929839
     4.938600    -0.550283     1.930393
     2.301577    -4.175396     1.932021
     1.234342    -4.521854     1.932750
    -3.027689    -3.124155     1.904086
    -3.669517    -2.205366     1.897316
    -3.669742     2.226243     1.897361
    -3.028052     3.145174     1.904073
     2.784300     3.859999     0.976270
     0.644969     4.554558     0.978926
     4.767079     1.133553     0.974959
     4.767136    -1.113269     0.976151
     2.783808    -3.839501     0.977576
     0.645355    -4.533096     0.978989
    -2.566133    -3.477818     0.961395
    -3.847889    -1.654837     0.959264
    -3.848078     1.675586     0.959303
    -2.566747     3.498838     0.961431
     1.721634     4.227753     0.974193
     4.788543     0.010136     0.971955
     1.721489    -4.206439     0.974707
    -3.213865    -2.565293     0.957190
    -3.214223     2.586165     0.957206
     3.257570     3.510928     0.017425
     0.053096     4.549678     0.021940
     4.580368     1.691527     0.016036
     4.580595    -1.671959     0.017932
     3.257213    -3.491379     0.019221
     0.054117    -4.528328     0.021711
    -2.090269    -3.820623     0.015076
    -4.019617    -1.100912     0.019346
    -4.019765     1.121557     0.019373
    -2.091202     3.841677     0.015182
     2.202275     3.890061     0.014747
     4.614945     0.571408     0.011892
     2.202052    -3.868941     0.015060
    -2.746210    -2.914643     0.011894
    -3.393822     2.034728     0.013668
     1.131926     4.237124     0.016683
     4.614734    -0.552213     0.012594
     1.132632    -4.215584     0.016209
    -3.393501    -2.013972     0.013651
    -2.746767     2.935530     0.011904
     3.718690     3.151047    -0.941843
    -0.538326     4.527097    -0.934419
     4.379420     2.241902    -0.942813
     4.380143    -2.223677    -0.939600
     3.719373    -3.132411    -0.938790
    -0.536889    -4.505851    -0.934708
    -1.602571    -4.149534    -0.928183
    -4.180811    -0.545051    -0.918286
    -4.180899     0.565610    -0.918275
    -1.603819     4.170616    -0.928041
     2.668762     3.529218    -0.945440
     4.414310     1.126883    -0.948480
     2.668465    -3.508281    -0.944798
    -2.263187    -3.249547    -0.931820
    -3.557841     1.475325    -0.927398
     1.606860     3.885468    -0.946120
     4.425386     0.008114    -0.951310
     1.608324    -3.863520    -0.948138
    -2.917413    -2.356735    -0.932526
    -2.917914     2.377513    -0.932530
     0.537879     4.218197    -0.940413
     4.413453    -1.108649    -0.947450
     0.539372    -4.196773    -0.941064
    -3.557575    -1.454660    -0.927404
    -2.264013     3.270469    -0.931802
     3.937191     2.614308     0.021007
     3.936579    -2.594446     0.023195
    -1.023582    -4.196650     0.025371
    -4.036294     0.010323     0.024206
    -1.024632     4.217842     0.025541
     3.471661     2.971969     0.982265
     4.133946    -2.040332     0.983396
    -0.433255    -4.215425     0.984173
    -3.872832    -0.546058     0.966973
    -1.508434     3.884178     0.978514
     4.134377     2.060782     0.981864
     3.471044    -2.951482     0.983835
    -1.507797    -3.863042     0.978475
    -3.872896     0.566803     0.966986
    -0.433822     4.236683     0.984163
     2.986698     3.311012     1.938902
     4.307249    -1.474098     1.939408
     0.159799    -4.206311     1.939754
    -3.691773    -1.100356     1.908283
    -1.979872     3.528144     1.928083
     3.656668     2.409924     1.943056
     3.656131    -2.388795     1.944270
    -0.913182    -3.868442     1.940321
    -3.701027     0.010435     1.911686
    -0.913358     3.889641     1.940141
     4.307580     1.495187     1.938431
     2.986141    -3.289908     1.940151
    -1.979565    -3.507024     1.928150
    -3.691878     1.121226     1.908302
     0.159803     4.227602     1.939398
     4.189311     1.676506    -1.904795
     3.122001    -3.125976    -1.895421
    -1.771186    -3.569332    -1.869878
    -3.706401     0.907728    -1.862133
    -0.056612     4.170832    -1.884958
     4.199163     0.561334    -1.903140
     2.067561    -3.478399    -1.903406
    -2.421755    -2.680183    -1.872344
    -3.069314     1.806081    -1.869927
     1.004737     3.842669    -1.899042
     4.197790    -0.549449    -1.907171
     1.007180    -3.820755    -1.900306
    -3.068888    -1.785367    -1.869899
    -2.422517     2.701013    -1.872389
     2.063254     3.501882    -1.898139
     4.187294    -1.660042    -1.897982
    -0.054889    -4.149448    -1.885359
    -3.706223    -0.887124    -1.862129
    -1.772317     3.590276    -1.869861
     3.121475     3.147388    -1.902306
     1.104935     0.565906    -4.187630
     1.105333    -0.545060    -4.187146
     0.048623    -0.886881    -4.184420
    -0.602570     0.010535    -4.183507
     0.048514     0.907942    -4.184426
     1.871787     1.122072    -3.625621
     1.872629    -1.101556    -3.623784
    -0.243218    -1.785023    -3.617673
    -1.545572     0.010489    -3.615551
    -0.243475     1.806280    -3.617685
     1.884332     0.010417    -3.637047
     0.818599    -1.454566    -3.633773
    -0.903305    -0.894072    -3.629224
    -0.903418     0.915176    -3.629247
     0.818428     1.476072    -3.634021
     2.638919     1.678349    -3.056988
     2.638088    -1.657259    -3.049767
    -0.534642    -2.679813    -3.039748
    -2.484938     0.010401    -3.034562
    -0.535409     2.701023    -3.039695
     2.656234     0.567229    -3.070083
     1.587408    -2.014436    -3.066565
    -1.197931    -1.794736    -3.057293
    -1.849222     0.917173    -3.056331
     0.527330     2.378311    -3.063430
     2.655121    -0.546865    -3.069466
     0.527743    -2.356552    -3.063400
    -1.849095    -0.896239    -3.056327
    -1.198280     1.815794    -3.057320
     1.587766     2.037057    -3.067230
     3.410571     2.235890    -2.496255
     3.404563    -2.213566    -2.470763
    -0.822922    -3.568980    -2.456576
    -3.414402     0.010317    -2.444453
    -0.824250     3.590050    -2.456393
     3.424527     1.123520    -2.489558
     2.352337    -2.566952    -2.484840
    -1.486474    -2.687404    -2.469502
    -2.784341     0.915064    -2.465994
     0.234790     3.270869    -2.477494
     3.424230     0.008887    -2.493001
     1.296371    -2.914927    -2.488351
    -2.141051    -1.794923    -2.473984
    -2.141461     1.815789    -2.474010
     1.295497     2.937427    -2.487671
     3.416835    -1.103145    -2.487172
     0.236134    -3.249403    -2.477816
    -2.784183    -0.894309    -2.465993
    -1.487277     2.708369    -2.469514
     2.356710     2.594615    -2.487379
    -3.510730    -2.759962     2.833357
    -3.510909     2.781033     2.833350
    -1.129277    -4.462127    -1.892788
    -4.331825     0.010244    -1.849739
    -1.130807     4.483259    -1.892637
     0.339088     0.010406    -4.738548
    -4.661041    -2.223016     1.424414
    -4.661297     2.243632     1.424457
    -4.023338    -3.136908     1.425026
    -4.023766     3.157660     1.425056
    -4.835260    -1.665493     0.477742
    -4.835472     1.686023     0.477783
    -3.557882    -3.490446     0.469677
    -4.204587     2.603281     0.472535
    -4.204200    -2.582633     0.472502
    -3.558491     3.511229     0.469677
    -5.003580    -1.106937    -0.467834
    -5.003743     1.127377    -0.467803
    -3.078551    -3.835075    -0.483459
    -4.376340     2.045681    -0.474749
    -3.734049    -2.933758    -0.481113
    -3.734615     2.954421    -0.481099
    -4.375999    -2.025135    -0.474776
    -3.079405     3.855898    -0.483490
    -5.165756    -0.546414    -1.413326
    -5.165851     0.566777    -1.413302
    -2.585128    -4.170569    -1.431963
    -4.535480     1.482195    -1.418926
    -3.245353    -3.271592    -1.431569
    -3.896804     2.390829    -1.427434
    -3.896292    -2.370263    -1.427438
    -3.246154     3.292290    -1.431585
    -4.535200    -1.461734    -1.418938
    -2.586244     4.191443    -1.432049
    -5.016686     0.010217    -0.462326
    -4.858413    -0.549496     0.484413
    -4.858483     0.570019     0.484429
    -4.685830    -1.108254     1.430706
    -4.696358     0.010307     1.433075
    -4.685952     1.128869     1.430737
    -4.502794    -1.668942     2.378773
    -4.518124    -0.549655     2.381075
    -4.518175     0.570344     2.381090
    -4.502947     1.689633     2.378816
    -4.689327     0.910158    -2.359379
    -2.743329    -3.599424    -2.375796
    -4.046398     1.816615    -2.367960
    -3.397135    -2.698809    -2.373670
    -3.397880     2.719426    -2.373712
    -4.045961    -1.796122    -2.367943
    -2.744396     3.620185    -2.375863
    -4.689129    -0.889777    -2.359379
     1.101513     0.567131    -5.290065
     1.101809    -0.546215    -5.289725
     0.042393    -0.889451    -5.286013
    -0.611087     0.010512    -5.283945
     0.042295     0.910487    -5.285870
     1.874880     1.127958    -4.723172
     1.875119    -1.106910    -4.722291
    -0.252818    -1.795741    -4.714381
    -1.563655     0.010470    -4.710368
    -0.252984     1.816876    -4.714286
     1.885935     0.010572    -4.731794
     0.814819    -1.461433    -4.728246
    -0.916156    -0.899093    -4.721642
    -0.916295     0.920134    -4.721647
     0.814748     1.482741    -4.728268
     2.647300     1.688050    -4.152235
     2.645448    -1.665923    -4.149560
    -0.548019    -2.698392    -4.136380
    -2.512714     0.010388    -4.128989
    -0.548609     2.719553    -4.136324
     2.662836     0.570204    -4.167573
     1.587800    -2.024951    -4.164378
    -1.214727    -1.806630    -4.151618
    -1.870810     0.923122    -4.150266
     0.521122     2.391582    -4.160395
     2.662113    -0.549433    -4.167576
     0.521435    -2.369928    -4.160459
    -1.870658    -0.902227    -4.150263
    -1.215050     1.827643    -4.151636
     1.587949     2.047128    -4.164363
     3.414097    -2.224141    -3.571892
    -0.842095    -3.599025    -3.552380
    -3.456742     0.010297    -3.539445
    -0.843290     3.620084    -3.552319
     3.436522     1.131638    -3.590832
     2.357006    -2.582885    -3.588899
    -1.509473    -2.709623    -3.567550
    -2.818715     0.923058    -3.563981
     0.225652     3.292986    -3.579664
     3.439340     0.009803    -3.598579
     1.294763    -2.933771    -3.592877
    -2.169554    -1.810326    -3.573821
    -2.169954     1.831138    -3.573832
     1.294343     2.956436    -3.592393
     3.430863    -1.108052    -3.591708
     0.226707    -3.271334    -3.579883
    -2.818547    -0.902350    -3.563989
    -1.510220     2.730541    -3.567572
     2.361961     2.608152    -3.588170
    -4.395411     0.010212    -2.943317
     3.123263    -3.141131    -3.006998
    -1.796815    -3.611402    -2.970872
    -3.756291     0.919946    -2.965107
    -0.070768     4.192072    -2.989064
     4.211409     0.567266    -3.013707
     2.064478    -3.491873    -3.011209
    -2.458935    -2.709869    -2.980171
    -3.113371     1.827591    -2.977492
     0.997431     3.857870    -3.006371
     4.207605    -0.550011    -3.015713
     0.999570    -3.835476    -3.007328
    -3.112934    -1.806949    -2.977479
    -2.459711     2.730626    -2.980211
     2.064184     3.517371    -3.008330
     4.198701    -1.664066    -3.009942
    -0.068765    -4.170530    -2.989434
    -3.756102    -0.899409    -2.965111
    -1.797960     3.632285    -2.970898
