
     0.123101     0.420416     0.449750
     0.397395     1.264797    -0.095159
     1.011037     0.420418    -0.097122
     0.396915    -0.421815    -0.097819
    -0.592442    -0.100128    -0.097752
    -0.594764     0.942916    -0.096375
     0.841877     0.940540    -0.982359
     0.842045    -0.102770    -0.984196
    -0.150613    -0.424162    -0.985088
    -0.764668     0.419560    -0.983840
    -0.151788     1.263458    -0.982319
     0.123007     0.417961    -1.532035
     0.407121     1.298359     0.959930
     1.046857     0.417352     0.957424
     0.407284    -0.461251     0.957334
    -0.624335    -0.125656     0.957640
    -0.625963     0.962276     0.958685
     1.336016     1.299432     0.389893
     1.332281    -0.460535     0.386961
    -0.338955    -1.003612     0.387099
    -1.371645     0.418677     0.387429
    -0.341653     1.845960     0.391269
     1.161105     1.844721    -0.534392
     0.121054     2.182852    -0.534299
     1.802785     0.962653    -0.536386
     1.800036    -0.127305    -0.537477
     1.156571    -1.005520    -0.537552
     0.122125    -1.340032    -0.537772
    -0.909364    -1.004777    -0.537655
    -1.549751    -0.125976    -0.537360
    -1.554112     0.962996    -0.537012
    -0.915999     1.846537    -0.536036
     1.625716     0.415710    -1.463280
     0.586359    -1.009370    -1.465005
    -1.090560    -0.464398    -1.464893
    -1.093987     1.299456    -1.463244
     0.586521     1.844727    -1.462090
     0.874172     0.959893    -2.037019
     0.873256    -0.131179    -2.038283
    -0.164308    -0.466895    -2.039608
    -0.806486     0.414600    -2.038164
    -0.165946     1.297884    -2.037037
     0.121517     0.414259     1.502601
     0.687783     2.158940     0.382884
     1.952208     0.417341     0.377489
     0.684230    -1.317038     0.377018
    -1.350673    -0.655650     0.377223
    -1.357466     1.494288     0.379019
     1.607464     1.492481    -1.449806
     1.604850    -0.662196    -1.450870
    -0.442460    -1.322895    -1.452360
    -1.710401     0.415047    -1.450745
    -0.446328     2.159902    -1.449943
     0.121488     0.412677    -2.585271
     0.408925     1.300139     2.019905
     1.055242     0.409147     2.018151
     0.408426    -0.479154     2.018119
    -0.634972    -0.139989     2.018409
    -0.636342     0.959051     2.018780
     0.695958     2.191408     1.453712
     1.985886     0.410759     1.446832
     0.694184    -1.358418     1.446278
    -1.382957    -0.683157     1.446659
    -1.388861     1.511645     1.449584
     1.353695     1.309634     1.463210
     1.351287    -0.482004     1.460439
    -0.348705    -1.033885     1.459713
    -1.399778     0.413332     1.461270
    -0.352107     1.866721     1.465973
     1.639503     2.192827     0.877051
     2.274360    -0.476215     0.870340
    -0.060683    -1.906888     0.869525
    -2.138673    -0.132650     0.870019
    -1.103764     2.408540     0.876907
     2.282475     1.305553     0.874040
     1.629413    -1.357498     0.869542
    -1.094554    -1.570928     0.869691
    -2.142361     0.960092     0.871276
    -0.061741     2.747630     0.878489
     1.462617     2.747319    -0.059660
     0.408412     3.090204    -0.059606
     2.757014     0.965425    -0.064142
     2.752292    -0.139161    -0.064955
     1.452035    -1.908413    -0.065939
     0.405452    -2.246825    -0.065548
    -1.671291    -1.571972    -0.065320
    -2.319177    -0.683003    -0.065683
    -2.331131     1.513046    -0.064477
    -1.686189     2.409781    -0.063640
     1.931721     2.408875    -0.995189
    -0.169904     3.092026    -0.995382
     2.582261     1.514505    -0.996751
     2.576432    -0.688854    -0.996068
     1.922400    -1.577794    -0.996003
    -0.167398    -2.250366    -0.995232
    -1.209923    -1.911585    -0.995119
    -2.505409    -0.139202    -0.995926
    -2.511901     0.964418    -0.996051
    -1.221819     2.750808    -0.996946
     0.887829     2.771944    -1.001765
     2.601761     0.412644    -1.003903
     0.883258    -1.931908    -1.003329
    -1.872845    -1.036380    -1.003163
    -1.885221     1.870739    -1.004028
     2.128156     1.869608    -0.056879
     2.116482    -1.035822    -0.061035
    -0.639081    -1.928281    -0.060308
    -2.343890     0.413695    -0.060645
    -0.646381     2.771960    -0.056300
     2.402614     0.960175    -1.936700
     1.345431    -1.583371    -1.936725
    -1.395579    -1.367263    -1.936572
    -2.046927     1.305491    -1.935947
     0.302134     2.749864    -1.936661
     2.400684    -0.139466    -1.935656
     0.302702    -1.919066    -1.936642
    -2.041880    -0.482885    -1.936688
    -1.402152     2.196414    -1.937094
     1.349046     2.409632    -1.936501
     0.883183     0.962065    -3.098022
     0.881937    -0.144755    -3.098487
    -0.170171    -0.485379    -3.099697
    -0.821208     0.408550    -3.098471
    -0.171596     1.304797    -3.098089
     1.640693     1.512431    -2.519345
     1.637893    -0.693774    -2.518468
    -0.457782    -1.370468    -2.520445
    -1.755568     0.408653    -2.518512
    -0.460996     2.195360    -2.519583
     1.655630     0.409504    -2.536743
     0.594425    -1.045960    -2.537667
    -1.118349    -0.489499    -2.537631
    -1.121446     1.311770    -2.536885
     0.594877     1.869410    -2.536849
     0.119533     0.405572     2.563939
     0.981344     3.058552     0.870467
     2.899556     0.410888     0.860411
     0.972416    -2.218967     0.857125
    -2.113526    -1.216154     0.857452
    -2.128059     2.045822     0.861958
     2.379511     2.049175    -1.921276
     2.374619    -1.231504    -1.917201
    -0.737698    -2.231922    -1.918631
    -2.667609     0.406551    -1.917323
    -0.743265     3.063937    -1.921729
     0.119968     0.407502    -3.647466
     0.408989     1.295103     3.090549
     1.058708     0.399183     3.088705
     0.407989    -0.493682     3.087834
    -0.641696    -0.152783     3.088097
    -0.643434     0.951746     3.089295
     0.700090     2.195596     2.527440
     1.999395     0.400492     2.521454
     0.697571    -1.383510     2.519196
    -1.399651    -0.702114     2.519642
    -1.404306     1.507258     2.522609
     1.360719     1.305895     2.538393
     1.358532    -0.498587     2.534659
    -0.354759    -1.054267     2.533094
    -1.414499     0.402619     2.535557
    -0.356689     1.863850     2.539446
     0.988615     3.092539     1.954654
     2.932776     0.400817     1.940445
     0.983577    -2.264965     1.935572
    -2.149257    -1.246929     1.936010
    -2.160707     2.062748     1.944317
     1.653464     2.207669     1.964858
     2.298981    -0.497766     1.957508
    -0.065543    -1.944235     1.954232
    -2.171445    -0.146776     1.956624
    -1.121339     2.429305     1.967881
     2.302867     1.307250     1.961037
     1.647744    -1.388526     1.955876
    -1.112167    -1.604152     1.954389
    -2.174970     0.958550     1.958759
    -0.068887     2.772190     1.969547
     1.942016     3.094076     1.373553
     3.222848    -0.491019     1.360646
     0.224030    -2.816722     1.355276
    -2.909934    -0.693524     1.356776
    -1.878309     2.968074     1.369892
     2.596440     2.203653     1.374116
     2.578806    -1.382155     1.362255
    -0.820038    -2.485687     1.359714
    -2.920734     0.405424     1.363028
    -0.828670     3.320987     1.375886
     3.236318     1.304077     1.367875
     1.924278    -2.264535     1.356207
    -1.859241    -2.139862     1.355536
    -2.918296     1.505177     1.361770
     0.226819     3.654484     1.372940
     1.763357     3.655687     0.427292
     0.702110     4.001140     0.426760
     3.716833     0.961268     0.421722
     3.710293    -0.153614     0.420375
     1.745725    -2.818866     0.415183
     0.692697    -3.159261     0.415392
    -2.439714    -2.141474     0.415712
    -3.091604    -1.247204     0.415563
    -3.115196     2.063391     0.419644
    -2.466161     2.969860     0.420739
     2.242416     3.324357    -0.520120
     0.118198     4.015159    -0.520888
     3.551808     1.521252    -0.522694
     3.543175    -0.708716    -0.518948
     2.224088    -2.493212    -0.520564
     0.115748    -3.171544    -0.519357
    -1.980241    -2.490496    -0.519152
    -3.287345    -0.702664    -0.520352
    -3.305613     1.515997    -0.519384
    -2.002401     3.325962    -0.523564
     1.187656     3.692264    -0.525038
     3.571252     0.406145    -0.526953
     1.175633    -2.849887    -0.525828
    -2.648741    -1.607350    -0.525573
    -2.673426     2.434872    -0.527868
     2.709527     2.975548    -1.465277
    -0.465342     4.007445    -1.466021
     3.365078     2.073508    -1.466223
     3.357173    -1.261745    -1.457751
     2.696477    -2.158242    -1.457365
    -0.462226    -3.168247    -1.454626
    -1.510750    -2.827550    -1.454530
    -3.472687    -0.154148    -1.457395
    -3.480186     0.959303    -1.458087
    -1.526223     3.662928    -1.467082
     1.662654     3.349316    -1.474858
     3.394636     0.963746    -1.475040
     1.651794    -2.516464    -1.468348
    -2.182252    -1.952040    -1.466286
    -2.856048     1.878315    -1.473205
     0.601272     3.694305    -1.475182
     3.392200    -0.151473    -1.472456
     0.595597    -2.854550    -1.466442
    -2.838077    -1.057833    -1.468228
    -2.202539     2.782295    -1.475960
     2.915974     2.436647    -0.517733
     2.895738    -1.612648    -0.517916
    -0.938291    -2.849604    -0.515688
    -3.313169     0.404420    -0.517806
    -0.949556     3.693329    -0.518312
     2.440201     2.778133     0.431737
     3.071289    -1.055874     0.424985
    -0.358635    -2.846083     0.423107
    -3.123237    -0.146860     0.423793
    -1.422227     3.346074     0.429821
     3.092943     1.877815     0.429663
     2.418015    -1.947284     0.423318
    -1.405140    -2.506040     0.423226
    -3.127774     0.958296     0.425505
    -0.363385     3.690824     0.431052
     3.184105     1.515046    -2.414331
     2.114864    -2.164409    -2.406978
    -1.701869    -2.283954    -2.405226
    -3.011540     1.302999    -2.408136
     0.010201     3.663142    -2.415481
     3.190865     0.404525    -2.417335
     1.064783    -2.509448    -2.412555
    -2.359055    -1.397191    -2.412495
    -2.366236     2.209852    -2.418110
     1.068979     3.328008    -2.420378
     3.179968    -0.708262    -2.407553
     0.011861    -2.840713    -2.405294
    -3.005794    -0.501010    -2.407025
    -1.707922     3.104506    -2.415171
     2.122500     2.976737    -2.415010
     0.887907     0.962195    -4.169831
     0.886769    -0.154031    -4.169324
    -0.174095    -0.497792    -4.169994
    -0.830335     0.403777    -4.169363
    -0.175088     1.307571    -4.169932
     1.656411     1.520356    -3.594500
     1.653673    -0.712346    -3.591697
    -0.466766    -1.398419    -3.592878
    -1.779042     0.402757    -3.591815
    -0.468760     2.210861    -3.594789
     1.670300     0.404179    -3.612336
     0.597739    -1.068358    -3.611851
    -1.134001    -0.505794    -3.611849
    -1.136164     1.315928    -3.612554
     0.598464     1.879899    -3.613345
     2.416322     2.072588    -3.002321
     2.411872    -1.266371    -2.994390
    -0.755989    -2.288469    -2.995587
    -2.718155     0.400057    -2.994613
    -0.758944     3.104321    -3.002868
     2.438286     0.962144    -3.025654
     1.363301    -1.625651    -3.022617
    -1.425389    -1.405040    -3.022541
    -2.084687     1.314810    -3.024016
     0.305005     2.782946    -3.026796
     2.437007    -0.154096    -3.023618
     0.304841    -1.967127    -3.022579
    -2.081018    -0.506770    -3.022632
    -1.429535     2.218764    -3.026152
     1.366657     2.437978    -3.026616
     0.117512     0.396661     3.636582
     1.280622     3.968791     1.371685
     3.856341     0.399971     1.355071
     1.263574    -3.130324     1.342354
    -2.884399    -1.782559     1.342784
    -2.911112     2.597848     1.354426
     3.162298     2.614737    -2.400779
     3.156426    -1.815962    -2.384794
    -1.037814    -3.155833    -2.384091
    -3.643542     0.392922    -2.385095
    -1.043759     3.981455    -2.401620
     0.118838     0.403645    -4.725669
     0.408637     1.289643     4.172670
     1.061201     0.390345     4.169648
     0.407683    -0.506189     4.167337
    -0.647327    -0.163775     4.167619
    -0.649084     0.945109     4.170589
     0.701961     2.191922     3.611381
     2.007567     0.390699     3.603994
     0.699566    -1.402661     3.598923
    -1.411341    -0.717256     3.599391
    -1.415578     1.501062     3.605649
     1.364834     1.299217     3.620415
     1.363140    -0.512486     3.614404
    -0.359350    -1.070746     3.612002
    -1.425066     0.392455     3.615427
    -0.360597     1.858502     3.621943
     0.993976     3.096731     3.043176
     2.950178     0.389790     3.027115
     0.989856    -2.296031     3.017667
    -2.171926    -1.269035     3.018194
    -2.179389     2.055287     3.028874
     1.660967     2.205893     3.054172
     2.312534    -0.514424     3.043710
    -0.068636    -1.970663     3.038560
    -2.192366    -0.160866     3.042170
    -1.129111     2.419894     3.054014
     2.314240     1.301611     3.050779
     1.657692    -1.411367     3.041204
    -1.124253    -1.627787     3.038722
    -2.195260     0.949562     3.045105
    -0.068775     2.766381     3.056595
     1.289791     4.002962     2.479628
     3.886256     0.389900     2.444941
     1.276609    -3.180324     2.427534
    -2.923943    -1.815616     2.428028
    -2.941837     2.615858     2.448360
     1.954710     3.110563     2.474444
     3.251951    -0.513336     2.457127
     0.221999    -2.859750     2.448113
    -2.947686    -0.711944     2.451285
    -1.900403     2.991343     2.478138
     2.608840     2.205745     2.475396
     2.604097    -1.411642     2.460179
    -0.832599    -2.525274     2.454921
    -2.958166     0.396365     2.461061
    -0.843022     3.347938     2.488967
     3.254633     1.299101     2.465643
     1.944490    -2.301607     2.450568
    -1.882393    -2.176102     2.448365
    -2.954944     1.505644     2.458409
     0.219487     3.683508     2.480454
     2.248121     4.008450     1.888230
     4.179509    -0.511779     1.858659
     0.513144    -3.734843     1.844277
    -3.688977    -1.260642     1.846940
    -2.668495     3.531568     1.872899
     2.910412     3.110348     1.886316
     3.533565    -1.405261     1.859763
    -0.537702    -3.405302     1.850665
    -3.702900    -0.158090     1.856351
    -1.609010     3.894587     1.880387
     3.561408     2.208389     1.887759
     2.880955    -2.297351     1.855577
    -1.588622    -3.063893     1.850781
    -3.706848     0.947050     1.860754
    -0.543802     4.242859     1.881435
     4.201806     1.300001     1.873914
     2.221616    -3.181076     1.846299
    -2.632456    -2.712901     1.844605
    -3.705636     2.048571     1.859550
     0.525495     4.574343     1.879866
     2.069593     4.578263     0.925129
     1.001218     4.926760     0.921275
     4.690682     0.952024     0.922688
     4.680527    -0.172467     0.916742
     2.042112    -3.738588     0.901629
     0.984217    -4.079943     0.901084
    -3.216490    -2.715129     0.901479
    -3.871741    -1.817275     0.902131
    -3.913821     2.615633     0.912112
    -3.262104     3.533541     0.917736
     2.553801     4.249880    -0.033443
     0.413262     4.946565    -0.035922
     4.530353     1.522102    -0.034812
     4.518834    -0.737123    -0.026972
     2.522890    -3.414896    -0.035377
     0.404205    -4.096541    -0.036380
    -2.757124    -3.069394    -0.036101
    -4.070620    -1.272837    -0.034960
    -4.112488     2.065026    -0.028973
    -2.794843     3.901267    -0.037999
     1.491090     4.619573    -0.039265
     4.547905     0.394064    -0.037948
     1.469154    -3.771966    -0.041774
    -3.427983    -2.180946    -0.041417
    -3.471773     2.997901    -0.040778
     3.031766     3.907469    -0.992196
    -0.176815     4.950786    -0.993925
     4.352814     2.087017    -0.993150
     4.340490    -1.291541    -0.974988
     3.002394    -3.085969    -0.975734
    -0.178198    -4.101661    -0.975682
    -2.289034    -3.415816    -0.975503
    -4.265389    -0.724932    -0.975473
    -4.293400     1.512449    -0.975887
    -2.317781     4.254244    -0.995181
     1.974647     4.287139    -0.999492
     4.384166     0.962703    -0.998231
     1.950178    -3.446235    -0.985663
    -2.966963    -2.534619    -0.984244
    -3.665827     2.445202    -0.993896
     0.902106     4.635879    -1.000143
     4.380707    -0.167989    -0.992313
     0.888191    -3.787114    -0.984491
    -3.625844    -1.634746    -0.985402
    -3.004114     3.362510    -1.000162
     3.500800     3.552843    -1.946972
    -0.765733     4.939444    -1.948243
     4.160354     2.644382    -1.947410
     4.150638    -1.853574    -1.920756
     3.486259    -2.763419    -1.915621
    -0.758037    -4.098763    -1.913299
    -1.818285    -3.754275    -1.913211
    -4.467276    -0.179819    -1.915627
    -4.470020     0.946506    -1.921328
    -1.833816     4.592109    -1.948919
     2.446847     3.930656    -1.955945
     4.192434     1.524586    -1.954774
     2.427349    -3.107908    -1.932554
    -2.492121    -2.875977    -1.925073
    -3.839231     1.878810    -1.944285
     1.381801     4.289286    -1.960843
     4.202435     0.398986    -1.955457
     1.365741    -3.452880    -1.930334
    -3.156979    -1.983622    -1.930163
    -3.188014     2.799655    -1.956750
     0.309280     4.625372    -1.956683
     4.188177    -0.728545    -1.943286
     0.303338    -3.784171    -1.925234
    -3.813115    -1.080701    -1.932437
    -2.518194     3.704759    -1.956203
     3.709664     3.010376    -0.989132
     3.679556    -2.198096    -0.975833
    -1.239151    -3.775768    -0.973774
    -4.291429     0.391186    -0.975779
    -1.253956     4.623792    -0.990962
     3.239483     3.362999    -0.029005
     3.859334    -1.641243    -0.025297
    -0.657475    -3.780823    -0.031359
    -4.103934    -0.163428    -0.028922
    -1.737302     4.284556    -0.032812
     3.900185     2.452105    -0.030087
     3.201975    -2.536820    -0.029361
    -1.712640    -3.437978    -0.031258
    -4.109374     0.947174    -0.025040
    -0.665255     4.633661    -0.032065
     2.751368     3.695100     0.931663
     4.027591    -1.078523     0.919911
    -0.072960    -3.767013     0.909439
    -3.904795    -0.713500     0.912576
    -2.209215     3.919557     0.924432
     3.417912     2.794949     0.933718
     3.379696    -1.977112     0.918829
    -1.128249    -3.434704     0.912957
    -3.918539     0.393815     0.919532
    -1.144416     4.280996     0.928624
     4.064747     1.880731     0.928484
     2.717658    -2.864995     0.911959
    -2.177314    -3.083303     0.909646
    -3.914910     1.501128     0.920325
    -0.072759     4.616606     0.926748
     3.978446     2.082523    -2.902332
     2.899046    -2.762937    -2.877036
    -2.014432    -3.216376    -2.875428
    -3.993209     1.299299    -2.885668
    -0.287821     4.593347    -2.904198
     3.988623     0.961024    -2.906653
     1.837897    -3.109813    -2.887035
    -2.683395    -2.328752    -2.883531
    -3.344164     2.216927    -2.902092
     0.781228     4.258027    -2.910874
     3.986430    -0.164325    -2.901114
     0.779741    -3.453723    -2.883641
    -3.337394    -1.428732    -2.886972
    -2.684372     3.128843    -2.907773
     1.848874     3.911105    -2.910596
     3.972183    -1.288065    -2.884927
    -0.283222    -3.778777    -2.875508
    -3.992001    -0.524494    -2.877123
    -2.016847     4.030326    -2.903528
     2.910783     3.553997    -2.903408
     0.891736     0.963127    -5.262102
     0.891224    -0.160393    -5.260691
    -0.176884    -0.506623    -5.260789
    -0.837522     0.401175    -5.260753
    -0.177448     1.310463    -5.262234
     1.668515     1.527217    -4.684570
     1.666796    -0.725826    -4.680369
    -0.473523    -1.419438    -4.680337
    -1.797398     0.399467    -4.680520
    -0.474320     2.223412    -4.684883
     1.681642     0.401060    -4.700400
     0.600896    -1.084741    -4.698543
    -1.146033    -0.517276    -4.698554
    -1.146958     1.319968    -4.700654
     0.601362     1.888484    -4.701969
     2.441050     2.088447    -4.094472
     2.437219    -1.289891    -4.084665
    -0.768730    -2.327875    -4.083276
    -2.752322     0.395817    -4.084926
    -0.769420     3.131557    -4.095031
     2.461739     0.964769    -4.120242
     1.376662    -1.654061    -4.114313
    -1.445528    -1.431659    -4.114149
    -2.109767     1.320423    -4.118095
     0.305891     2.804775    -4.121931
     2.460844    -0.164332    -4.117667
     0.305647    -2.000503    -4.114177
    -2.108379    -0.522017    -4.114347
    -1.446723     2.234538    -4.120768
     1.379002     2.456116    -4.121747
     3.206220     2.644563    -3.494151
     3.198140    -1.850459    -3.476306
    -1.060778    -3.226626    -3.471424
    -3.697490     0.389418    -3.476666
    -1.061563     4.031277    -3.494958
     3.228349     1.524735    -3.518879
     2.143119    -2.214417    -3.505768
    -1.737139    -2.334541    -3.504253
    -3.059748     1.314649    -3.511974
     0.010367     3.707236    -3.520682
     3.236947     0.399522    -3.524774
     1.079372    -2.566593    -3.514583
    -2.404328    -1.434977    -3.514529
    -2.406236     2.232758    -3.525552
     1.082407     3.368881    -3.528907
     3.226015    -0.727195    -3.511369
     0.010799    -2.902348    -3.504310
    -3.057927    -0.524991    -3.505835
    -1.737785     3.138174    -3.519729
     2.148579     3.012489    -3.520228
     0.115815     0.388807     4.722736
     4.830816     0.374560     1.881269
     1.559183    -4.053237     1.832816
    -3.665776    -2.355676     1.833330
    -3.723794     3.145748     1.870250
    -1.349683    -4.115785    -2.840578
     0.408036     1.284810     5.275246
     1.063049     0.383943     5.270887
     0.407516    -0.515232     5.267526
    -0.651444    -0.171895     5.267712
    -0.652730     0.940213     5.272218
     0.704298     2.193866     4.709690
     2.017794     0.383718     4.700631
     0.702416    -1.420826     4.693588
    -1.423172    -0.730948     4.694028
    -1.426747     1.500040     4.702988
     1.369724     1.296087     4.714766
     1.368889    -0.524401     4.706775
    -0.363429    -1.085663     4.703873
    -1.435499     0.385320     4.707874
    -0.364209     1.857642     4.716978
     0.999568     3.102131     4.139758
     2.969153     0.381959     4.123953
     0.995844    -2.323197     4.111896
    -2.191839    -1.288180     4.112466
    -2.198784     2.057085     4.126849
     1.668912     2.206645     4.151831
     2.326066    -0.527763     4.138163
    -0.070878    -1.993890     4.132079
    -2.210730    -0.172434     4.136259
    -1.138320     2.420347     4.152323
     2.326520     1.298379     4.148060
     1.667108    -1.431045     4.135195
    -1.134902    -1.648403     4.132260
    -2.213163     0.944634     4.139817
    -0.070038     2.768880     4.155408
     3.917921     0.380324     3.541155
     1.287354    -3.221067     3.522234
    -2.956051    -1.842815     3.522810
    -2.967724     2.616822     3.542811
     1.963787     3.117219     3.576117
     3.277505    -0.529213     3.555476
     0.222039    -2.895361     3.545537
    -2.978168    -0.728937     3.549574
    -1.910629     2.981231     3.575730
     2.625393     2.209198     3.580691
     2.624772    -1.434881     3.560267
    -0.842584    -2.557611     3.553929
    -2.988620     0.387575     3.561483
    -0.845131     3.336556     3.589295
     3.276295     1.296340     3.568347
     1.960038    -2.332575     3.548676
    -1.902531    -2.205318     3.545812
    -2.984826     1.503404     3.557395
     0.224507     3.680527     3.581592
     1.576869    -4.114059     2.926036
    -3.715482    -2.394741     2.926600
     4.225046    -0.524317     2.960079
     0.514154    -3.786390     2.946673
    -3.734856    -1.282308     2.950257
     2.921685     3.115202     2.997266
     3.570995    -1.432491     2.968050
    -0.548010    -3.454368     2.957308
    -3.749587    -0.169260     2.964317
     3.575324     2.205526     2.995648
     2.912748    -2.333451     2.963613
    -1.608563    -3.109857     2.957424
    -3.752874     0.946011     2.968790
     4.223795     1.292697     2.978719
     2.246493    -3.225398     2.949563
    -2.663085    -2.754256     2.947001
    -3.750148     2.063525     2.961951
     0.810558    -4.670531     2.340694
    -4.483667    -1.838861     2.344116
     4.505607    -1.428550     2.364897
    -0.250811    -4.337944     2.347223
    -4.497748    -0.726997     2.354249
     3.849670    -2.328533     2.361032
    -1.311013    -3.997902     2.349632
    -4.505200     0.385215     2.361888
     3.189938    -3.224451     2.353461
    -2.368646    -3.649940     2.347432
    -4.508098     1.498221     2.365939
     2.524927    -4.115793     2.343400
    -3.422827    -3.295208     2.341093
     2.344413    -4.675648     1.396867
     1.283593    -5.017480     1.395202
    -4.009587    -3.297768     1.395673
    -4.666941    -2.397813     1.397479
     2.829096    -4.349180     0.452131
     0.698025    -5.034585     0.449951
    -3.546045    -3.655691     0.450306
    -4.867346    -1.848803     0.452723
     1.768367    -4.705024     0.445321
    -4.218319    -2.760051     0.445784
     3.311939    -4.019179    -0.493595
     0.110868    -5.044461    -0.494991
    -3.076933    -4.008726    -0.494732
    -5.064172    -1.298010    -0.493032
     2.253206    -4.382991    -0.501091
    -3.758921    -3.120322    -0.500736
     1.184800    -4.726466    -0.501082
    -4.421464    -2.214568    -0.500669
    -0.476581    -5.047769    -1.441013
    -2.603708    -4.356648    -1.440830
     2.735484    -4.048879    -1.450526
    -3.287552    -3.471148    -1.446049
     1.668303    -4.401154    -1.449693
    -3.959035    -2.573005    -1.449385
     0.597149    -4.733229    -1.446306
    -4.615428    -1.660834    -1.450156
    -2.808149    -3.815588    -2.393440
     2.144504    -4.060814    -2.401306
    -3.482836    -2.921816    -2.396582
     1.077962    -4.403441    -2.396814
    -4.144411    -2.017861    -2.401042
     0.006788    -4.730095    -2.393623
    -1.544396    -4.715272    -1.447292
     4.659578    -2.233611    -0.479962
    -0.959809    -4.723566    -0.493032
    -5.096263    -0.180908    -0.488102
     3.994504    -3.134223    -0.488776
    -2.022119    -4.378402    -0.492938
    -5.104922     0.938598    -0.479316
     4.835853    -1.673367     0.473928
    -0.371404    -4.718906     0.454888
    -4.902201    -0.735174     0.461080
     4.180035    -2.576458     0.469024
    -1.436902    -4.384765     0.457573
    -4.918365     0.379244     0.469752
     3.511887    -3.468628     0.460383
    -2.495314    -4.028836     0.455072
    -4.918287     1.495239     0.474716
     5.001844    -1.101296     1.422208
     0.217374    -4.699185     1.399546
    -4.697486    -1.285532     1.404391
     4.349621    -2.007236     1.420201
    -0.845884    -4.370296     1.405255
    -4.716484    -0.173735     1.414831
     3.691895    -2.905226     1.414038
    -1.906418    -4.025746     1.405352
    -4.721022     0.939111     1.421006
     3.022960    -3.793664     1.403656
    -2.959930    -3.666916     1.399833
    -4.716981     2.055209     1.423360