
    -0.191061    -0.654092     1.135265
     0.082305     0.187228     0.584828
     0.696295    -0.655390     0.586236
     0.084474    -1.497375     0.586194
    -0.909360    -1.174638     0.586351
    -0.909737    -0.133703     0.586342
     0.524929    -0.134358    -0.300415
     0.527614    -1.176240    -0.302076
    -0.464834    -1.497605    -0.302696
    -1.078946    -0.654491    -0.301717
    -0.464405     0.187097    -0.300171
    -0.191452    -0.655568    -0.850218
     0.095493     0.228520     1.637653
     0.737181    -0.651107     1.641662
     0.098830    -1.531427     1.644021
    -0.941308    -1.193562     1.644084
    -0.940617    -0.106141     1.641601
     1.019969     0.227555     1.064891
     1.026388    -1.533227     1.070179
    -0.652858    -2.076078     1.070635
    -1.692760    -0.650051     1.070197
    -0.652887     0.770926     1.064929
     0.842140     0.771178     0.140924
    -0.189231     1.106387     0.141045
     1.481319    -0.107635     0.142197
     1.487230    -1.196050     0.141574
     0.850137    -2.077284     0.141417
    -0.187663    -2.414062     0.140252
    -1.227721    -2.076278     0.140393
    -1.869611    -1.194070     0.141838
    -1.867333    -0.106503     0.141752
    -1.222570     0.770959     0.142485
     1.306034    -0.650990    -0.783413
     0.275187    -2.077398    -0.788892
    -1.404421    -1.532051    -0.788536
    -1.399605     0.228008    -0.782637
     0.272129     0.771188    -0.781670
     0.556576    -0.107801    -1.353980
     0.559680    -1.196172    -1.358974
    -0.476782    -1.533512    -1.361743
    -1.117143    -0.651549    -1.358619
    -0.474472     0.227434    -1.353701
    -0.189030    -0.647235     2.189894
     0.374005     1.085659     1.050474
     1.639698    -0.650719     1.056244
     0.380183    -2.390900     1.058645
    -1.673803    -1.723816     1.058798
    -1.670725     0.424485     1.055946
     1.284205     0.424360    -0.769914
     1.293851    -1.724612    -0.775849
    -0.755191    -2.391227    -0.778414
    -2.021061    -0.648411    -0.774986
    -0.750455     1.085563    -0.769586
    -0.190570    -0.650912    -1.904345
     0.102053     0.249308     2.697462
     0.753202    -0.641844     2.703545
     0.105626    -1.534175     2.707710
    -0.948784    -1.191671     2.707708
    -0.948469    -0.089153     2.703402
     0.388003     1.129400     2.114796
     1.683838    -0.643308     2.125351
     0.395392    -2.425058     2.131384
    -1.706527    -1.742305     2.131423
    -1.702329     0.456457     2.124906
     1.045092     0.251371     2.134872
     1.053461    -1.543936     2.146329
    -0.660446    -2.098749     2.148775
    -1.721364    -0.642635     2.146134
    -0.659648     0.805046     2.134791
     1.323094     1.128940     1.535067
     1.977950    -1.537933     1.547672
    -0.367200    -2.978146     1.550217
    -2.468475    -1.190978     1.549425
    -1.408192     1.342942     1.537971
     1.967003     0.246778     1.538227
     1.336029    -2.426669     1.549564
    -1.414202    -2.638075     1.550258
    -2.465969    -0.094599     1.547043
    -0.368670     1.678444     1.535029
     1.143285     1.678654     0.600876
     0.100064     2.017671     0.600946
     2.433273    -0.091987     0.605694
     2.443432    -1.195185     0.606174
     1.157155    -2.978511     0.607870
     0.104546    -3.320889     0.606731
    -1.997190    -2.638279     0.606900
    -2.647863    -1.742842     0.608187
    -2.641297     0.456293     0.605481
    -1.984218     1.343062     0.605563
     1.605701     1.342689    -0.323950
    -0.471277     2.017632    -0.323780
     2.251940     0.454094    -0.322613
     2.268277    -1.742611    -0.326586
     1.623447    -2.636938    -0.327912
    -0.474220    -3.321012    -0.329694
    -1.528955    -2.978472    -0.329564
    -2.824265    -1.192869    -0.326998
    -2.820386    -0.089922    -0.326302
    -1.516045     1.678495    -0.322296
     0.572780     1.697296    -0.330191
     2.277860    -0.644288    -0.330649
     0.581686    -3.001211    -0.335473
    -2.195358    -2.099427    -0.335019
    -2.181835     0.804884    -0.329947
     1.803331     0.804345     0.609474
     1.819562    -2.100542     0.614136
    -0.953384    -3.001392     0.613633
    -2.667917    -0.643049     0.614140
    -0.947669     1.698114     0.609585
     2.074789    -0.096123    -1.258755
     1.040561    -2.637016    -1.270956
    -1.707896    -2.425768    -1.271733
    -2.343492     0.247929    -1.261820
    -0.004685     1.678633    -1.256959
     2.082572    -1.189625    -1.263550
    -0.004775    -2.978702    -1.272060
    -2.352613    -1.535544    -1.270296
    -1.695749     1.128919    -1.257987
     1.029091     1.342692    -1.257097
     0.567208    -0.092271    -2.412802
     0.571173    -1.195341    -2.422070
    -0.479178    -1.538089    -2.426514
    -1.127582    -0.643487    -2.421930
    -0.475076     0.246604    -2.412703
     1.316687     0.453959    -1.835663
     1.327463    -1.742716    -1.848433
    -0.767257    -2.426987    -1.852989
    -2.059704    -0.642590    -1.847656
    -0.759523     1.128849    -1.835330
     1.335392    -0.644436    -1.855263
     0.285470    -2.100687    -1.867508
    -1.427286    -1.544421    -1.867104
    -1.419606     0.251092    -1.854394
     0.282686     0.804209    -1.851108
    -0.184908    -0.633997     3.254605
     0.668306     1.992054     1.517943
     2.592163    -0.640566     1.528791
     0.678328    -3.292071     1.535090
    -2.444742    -2.277731     1.535184
    -2.435812     0.992367     1.527988
     2.048553     0.989245    -1.242534
     2.070395    -2.272573    -1.255974
    -1.048089    -3.292460    -1.258105
    -2.970919    -0.636741    -1.254157
    -1.037323     1.991880    -1.242263
    -0.187991    -0.640772    -2.967624
     0.109612     0.273051     3.768921
     0.766755    -0.626122     3.775991
     0.111911    -1.526773     3.781535
    -0.949825    -1.181895     3.781489
    -0.950495    -0.068376     3.775805
     0.397999     1.160704     3.184061
     1.710317    -0.628903     3.199944
     0.404528    -2.435231     3.208714
    -1.720243    -1.745048     3.208674
    -1.715560     0.483739     3.199452
     1.060152     0.273162     3.206164
     1.070542    -1.541485     3.224275
    -0.662324    -2.103936     3.228109
    -1.734067    -0.630531     3.223991
    -0.659340     0.831613     3.206024
     0.684291     2.041842     2.590361
     2.642731    -0.628142     2.608834
     0.694556    -3.330498     2.618505
    -2.480774    -2.299086     2.618493
    -2.469588     1.032151     2.607966
     1.348458     1.164304     2.615172
     2.015704    -1.542650     2.637763
    -0.369285    -3.008622     2.643035
    -2.502494    -1.190164     2.640450
    -1.421085     1.383632     2.618276
     2.001004     0.272260     2.618627
     1.363595    -2.445929     2.640770
    -1.430799    -2.663815     2.643043
    -2.499541    -0.076147     2.637043
    -0.368806     1.722026     2.615072
     1.625069     2.041177     2.007143
     2.941054    -1.531320     2.026825
    -0.074211    -3.889086     2.032719
    -3.248732    -1.742622     2.031489
    -2.170306     1.921443     2.012012
     2.279182     1.158423     2.014268
     2.299639    -2.437644     2.035360
    -1.133015    -3.553970     2.038095
    -3.255069    -0.633456     2.034465
    -1.125215     2.264044     2.014000
     2.923368     0.267281     2.012663
     1.643039    -3.331508     2.031775
    -2.186680    -3.202933     2.032754
    -3.241761     0.476677     2.025560
    -0.077134     2.594046     2.007069
     1.443794     2.593226     1.067500
     0.394137     2.934286     1.067533
     3.392314    -0.073429     1.074777
     3.409230    -1.185036     1.075846
     1.462552    -3.888481     1.082523
     0.401215    -4.234504     1.081873
    -2.774243    -3.203135     1.082010
    -3.429877    -2.299559     1.082703
    -3.417124     1.032005     1.074395
    -2.749905     1.921518     1.074041
     1.915211     2.261727     0.135985
    -0.181914     2.943149     0.136086
     3.216613     0.477339     0.139418
     3.241702    -1.741521     0.137194
     1.939876    -3.550728     0.138038
    -0.182525    -4.244543     0.137127
    -2.307751    -3.554298     0.137301
    -3.617705    -1.746036     0.138636
    -3.608742     0.483688     0.135210
    -2.283454     2.264123     0.139300
     0.872124     2.619266     0.131458
     3.243457    -0.630436     0.133737
     0.885978    -3.920624     0.132528
    -2.982052    -2.664432     0.132890
    -2.956150     1.383561     0.133340
     2.375549     1.916266    -0.795998
    -0.757296     2.934144    -0.795839
     3.026054     1.023301    -0.794811
     3.057090    -2.290150    -0.804650
     2.406432    -3.193842    -0.807478
    -0.766555    -4.234715    -0.807477
    -1.829554    -3.889493    -0.807357
    -3.785463    -1.183947    -0.805755
    -3.779951    -0.069300    -0.804915
    -1.808257     2.593977    -0.794621
     1.340230     2.279167    -0.804747
     3.058996    -0.078477    -0.805884
     1.360140    -3.573343    -0.816792
    -2.507359    -3.009316    -0.816489
    -3.138182     0.831261    -0.809095
     0.293659     2.619238    -0.804671
     3.068396    -1.185914    -0.810298
     0.299171    -3.920713    -0.816873
    -3.161594    -2.105075    -0.816088
    -2.481696     1.721895    -0.805453
     2.580901     1.380214     0.142221
     2.611119    -2.660781     0.143141
    -1.252394    -3.921817     0.142305
    -3.637607    -0.631047     0.142898
    -1.238476     2.621093     0.142328
     2.112840     1.720280     1.078336
     2.789603    -2.104921     1.089974
    -0.665502    -3.921684     1.091892
    -3.459565    -1.190509     1.091335
    -1.710615     2.282608     1.080479
     2.763858     0.829248     1.080694
     2.138165    -3.008687     1.091641
    -1.727218    -3.576837     1.091945
    -3.456121    -0.076234     1.088637
    -0.660153     2.621096     1.078333
     2.847853     0.469921    -1.736735
     1.819464    -3.193903    -1.757054
    -2.009952    -3.331196    -1.757128
    -3.296067     0.269367    -1.745898
    -0.287885     2.593096    -1.734657
     2.863127    -0.630318    -1.746163
     0.765259    -3.550873    -1.762299
    -2.667454    -2.436434    -1.761854
    -2.646995     1.159225    -1.744622
     0.756037     2.261687    -1.739804
     2.868954    -1.731731    -1.749728
    -0.292805    -3.888740    -1.757416
    -3.310131    -1.529297    -1.756414
    -1.989410     2.041220    -1.736233
     1.795342     1.916250    -1.734859
     0.575921    -0.073810    -3.480407
     0.582392    -1.185244    -3.495955
    -0.477854    -1.531421    -3.502219
    -1.132062    -0.628191    -3.495698
    -0.472679     0.267015    -3.480381
     1.334389     0.477036    -2.905176
     1.347452    -1.741672    -2.926532
    -0.771722    -2.437715    -2.932197
    -2.078090    -0.628397    -2.926076
    -0.761320     1.158228    -2.904948
     1.351394    -0.630693    -2.926645
     0.292981    -2.105035    -2.947964
    -1.437966    -1.542511    -2.947647
    -1.426415     0.272142    -2.926111
     0.290166     0.828954    -2.921058
     2.084999     1.023163    -2.317168
     2.107632    -2.290237    -2.340409
    -1.061395    -3.331817    -2.343156
    -3.012999    -0.626523    -2.338808
    -1.047138     2.040991    -2.316849
     2.109585    -0.078632    -2.341678
     1.060492    -2.660899    -2.365090
    -1.731118    -2.446300    -2.365536
    -2.369723     0.272942    -2.346003
     0.001605     1.720121    -2.337818
     2.117725    -1.186045    -2.348070
     0.000721    -3.008859    -2.365949
    -2.383977    -1.541864    -2.364347
    -1.714003     1.164133    -2.340829
     1.047989     1.380058    -2.337929
    -0.178033    -0.612338     4.336594
     0.965719     2.907977     1.990298
     3.557928    -0.623066     2.005319
     0.979782    -4.207453     2.018352
    -3.226671    -2.841196     2.018389
    -3.207203     1.573955     2.004112
     2.820927     1.560088    -1.720094
     2.863414    -2.822080    -1.746260
    -1.345575    -4.207893    -1.743777
    -3.934257    -0.619533    -1.742081
    -1.327142     2.907652    -1.719850
    -0.182880    -0.623346    -4.044495
     0.122861     0.314270     4.863362
     0.782465    -0.599168     4.868202
     0.119561    -1.516795     4.872984
    -0.950399    -1.169231     4.872917
    -0.947638    -0.037233     4.867994
     0.409517     1.196562     4.262366
     1.735912    -0.606462     4.287153
     0.412560    -2.438305     4.299734
    -1.728829    -1.742724     4.299645
    -1.723352     0.517031     4.286650
     1.075113     0.300244     4.285843
     1.086069    -1.531195     4.314109
    -0.662476    -2.103911     4.318389
    -1.740858    -0.612995     4.313788
    -0.655776     0.862391     4.285673
     0.697524     2.083048     3.667458
     2.681601    -0.603492     3.700653
     0.706002    -3.352389     3.712072
    -2.503211    -2.309968     3.711988
    -2.486781     1.075009     3.699790
     1.366212     1.197382     3.694720
     2.044588    -1.535354     3.733401
    -0.368762    -3.025579     3.739921
    -2.523058    -1.185020     3.736647
    -1.422497     1.421559     3.697480
     2.024196     0.302206     3.697857
     1.382969    -2.453743     3.737026
    -1.441512    -2.677112     3.739911
    -2.518884    -0.053202     3.732675
    -0.364012     1.759299     3.694599
     0.983707     2.963857     3.070427
     3.616200    -0.606765     3.098634
     0.997665    -4.254867     3.113086
    -3.269317    -2.868910     3.113001
    -3.244923     1.621398     3.097445
     1.652073     2.085023     3.095517
     2.989733    -1.532329     3.131971
    -0.073923    -3.930734     3.139380
    -3.291143    -1.749088     3.137182
    -2.184109     1.971312     3.100199
     2.313054     1.196312     3.104820
     2.339917    -2.454376     3.144006
    -1.145691    -3.592399     3.148066
    -3.297760    -0.623273     3.143124
    -1.130683     2.314686     3.104515
     2.963605     0.299589     3.100862
     1.673179    -3.361583     3.137565
    -2.211717    -3.236319     3.139382
    -3.281891     0.504510     3.130773
    -0.073560     2.645448     3.095412
     1.928569     2.962239     2.484573
     3.922627    -1.516299     2.512158
     0.224533    -4.817970     2.523378
    -4.042114    -2.308126     2.521805
    -2.935808     2.510821     2.491843
     2.588455     2.078864     2.492997
     3.277386    -2.438893     2.524690
    -0.844499    -4.482615     2.530652
    -4.051713    -1.186357     2.526782
    -1.887723     2.853791     2.493895
     3.242550     1.187787     2.494452
     2.619239    -3.353237     2.527772
    -1.912219    -4.135798     2.530666
    -4.047260    -0.059911     2.523254
    -0.834717     3.190563     2.492738
     3.888933     0.294557     2.492795
     1.952533    -4.255364     2.522136
    -2.974285    -3.778961     2.523413
    -4.027343     1.065551     2.510547
     0.218389     3.517674     2.484489
     1.746225     3.515376     1.540312
     0.691177     3.858153     1.540322
     4.363129    -0.049967     1.544409
     4.390534    -1.169352     1.549976
     1.770890    -4.816649     1.566646
     0.702743    -5.165410     1.566965
    -3.565306    -3.779163     1.567090
    -4.224831    -2.869294     1.566782
    -4.201957     1.621133     1.548075
    -3.522016     2.510797     1.543195
     2.222668     3.185199     0.603797
     0.111826     3.871030     0.603850
     4.186612     0.501885     0.606339
     4.230566    -1.728882     0.602743
     2.255417    -4.478106     0.613262
     0.113911    -5.178942     0.613844
    -3.096722    -4.136152     0.614038
    -4.418127    -2.310689     0.613602
    -4.401298     1.074731     0.599513
    -3.054410     2.853800     0.605662
     1.172409     3.543976     0.599463
     4.213916    -0.608816     0.600256
     1.191241    -4.849930     0.609069
    -3.775259    -3.236897     0.609360
    -3.729377     1.971039     0.598737
     2.692693     2.843706    -0.336245
    -0.469029     3.870947    -0.336139
     4.002356     1.051603    -0.334787
     4.050649    -2.288219    -0.342291
     2.733666    -4.124688    -0.342447
    -0.476323    -5.179038    -0.341107
    -2.619247    -4.483058    -0.340906
    -4.597762    -1.743986    -0.341739
    -4.584697     0.519000    -0.349847
    -2.581837     3.190566    -0.334917
     1.647836     3.211056    -0.342570
     4.037323    -0.056444    -0.343695
     1.675570    -4.510874    -0.348716
    -3.306220    -3.593067    -0.347853
    -3.921515     1.421523    -0.349893
     0.592247     3.554040    -0.342518
     4.047071    -1.167500    -0.347865
     0.602469    -4.862512    -0.348230
    -3.967992    -2.678032    -0.348171
    -3.261039     2.314501    -0.344281
     3.153093     2.493225    -1.273405
    -1.047478     3.857901    -1.273237
     3.807337     1.597233    -1.272939
     3.864535    -2.838425    -1.295899
     3.203720    -3.757570    -1.295293
    -1.065574    -5.165722    -1.293985
    -2.134816    -4.818476    -1.293872
    -4.762834    -1.172004    -1.294499
    -4.753800    -0.042976    -1.295021
    -2.103363     3.517506    -1.272767
     2.113599     2.860161    -1.282905
     3.842371     0.493677    -1.285051
     2.148985    -4.146559    -1.304497
    -2.819284    -3.931454    -1.302578
    -4.096182     0.862202    -1.296392
     1.064363     3.211027    -1.286744
     3.860193    -0.614603    -1.293209
     1.082541    -4.510946    -1.308163
    -3.488255    -3.026581    -1.307639
    -3.444232     1.758843    -1.293357
     0.009251     3.543871    -1.282771
     3.866328    -1.727695    -1.296551
     0.009456    -4.850098    -1.302936
    -4.136939    -2.105317    -1.303676
    -2.779901     2.645105    -1.284968
     3.361414     1.957257    -0.330981
     3.412346    -3.221336    -0.338416
    -1.554486    -4.851708    -0.336319
    -4.615250    -0.613365    -0.338983
    -1.531005     3.546678    -0.330892
     2.898568     2.306350     0.611456
     3.602768    -2.667439     0.617061
    -0.965279    -4.864134     0.621086
    -4.449210    -1.185156     0.618944
    -2.008837     3.216842     0.612537
     3.554090     1.409846     0.612713
     2.941735    -3.586254     0.619514
    -2.038457    -4.515569     0.621154
    -4.444719    -0.052330     0.613975
    -0.951514     3.557095     0.611474
     2.420232     2.641067     1.551371
     3.771549    -2.100352     1.568350
    -0.372421    -4.851468     1.576200
    -4.256624    -1.749271     1.574410
    -2.477871     2.869985     1.553961
     3.082165     1.752720     1.556558
     3.123172    -3.023445     1.577506
    -1.445237    -4.515423     1.580997
    -4.265696    -0.623121     1.575964
    -1.425677     3.216834     1.556313
     3.729606     0.854009     1.554576
     2.454528    -3.929267     1.574878
    -2.510785    -4.156915     1.576268
    -4.248241     0.504454     1.566346
    -0.367968     3.546761     1.551316
     3.628687     1.042164    -2.219499
     2.612194    -3.757608    -2.252222
    -2.316768    -4.255585    -2.249320
    -4.261680     0.295775    -2.238301
    -0.575700     3.515133    -2.216788
     3.646527    -0.059530    -2.230510
     1.549827    -4.124809    -2.257624
    -2.983018    -3.353358    -2.256598
    -3.604518     1.190752    -2.234840
     0.474984     3.185080    -2.224154
     3.660175    -1.165181    -2.238906
     0.481277    -4.478327    -2.256950
    -3.639985    -2.439853    -2.257281
    -2.947156     2.080982    -2.229554
     1.525889     2.843653    -2.224257
     3.680192    -2.270285    -2.251254
    -0.588007    -4.816998    -2.249585
    -4.284403    -1.519606    -2.251357
    -2.285311     2.963028    -2.219054
     2.569881     2.493193    -2.217061
     0.589521    -0.050483    -4.558771
     0.596665    -1.169681    -4.585680
    -0.473470    -1.516491    -4.597153
    -1.135315    -0.606915    -4.585168
    -0.471049     0.294138    -4.558699
     1.350043     0.501414    -3.981595
     1.372739    -1.729100    -4.019201
    -0.772834    -2.438923    -4.025555
    -2.092554    -0.602672    -4.017947
    -0.760868     1.187443    -3.981392
     1.367642    -0.609189    -4.003258
     0.303594    -2.100500    -4.040150
    -1.445172    -1.532096    -4.039755
    -1.428688     0.299489    -4.002610
     0.297527     0.853538    -3.996799
     2.109754     1.051277    -3.396165
     2.137937    -2.288362    -3.435877
    -1.069230    -3.353260    -3.438145
    -3.042647    -0.601366    -3.433927
    -1.051362     2.078610    -3.395848
     2.133317    -0.056751    -3.423443
     1.079476    -2.667566    -3.464000
    -1.745756    -2.453966    -3.463884
    -2.382197     0.303142    -3.428509
     0.006816     1.752383    -3.418743
     2.141384    -1.167754    -3.430235
     0.005945    -3.023558    -3.464243
    -2.406067    -1.533498    -3.463301
    -1.721889     1.196242    -3.422561
     1.061908     1.409496    -3.418824
     2.861857     1.597080    -2.802413
     2.907959    -2.838491    -2.843151
    -1.361583    -4.255648    -2.839222
    -3.982229    -0.603556    -2.838153
    -1.338697     2.961943    -2.802089
     2.888326     0.493509    -2.828321
     1.849354    -3.221439    -2.866590
    -2.037119    -3.361837    -2.864570
    -3.325591     0.302334    -2.837564
    -0.284205     2.640824    -2.824477
     2.903598    -0.614761    -2.840578
     0.782168    -3.586410    -2.873761
    -2.703122    -2.453764    -2.873209
    -2.671626     1.197511    -2.838558
     0.770265     2.306148    -2.832062
     2.909334    -1.727815    -2.844501
    -0.290073    -3.929495    -2.864920
    -3.351947    -1.531209    -2.865574
    -2.008614     2.084732    -2.827532
     1.820042     1.957077    -2.824676
     1.266708     3.834836     2.469705
     4.553848    -0.581920     2.488335
    -3.988993     2.192332     2.486871
     3.603561     2.137011    -2.203971
    -1.621478     3.834383    -2.203676
    -0.169933    -0.582380    -5.151201
     0.710663     2.123864     4.760929
     1.382618     1.231140     4.787595
    -1.426070     1.461349     4.791184
     2.050293     0.332365     4.791533
    -0.357655     1.796301     4.787479
     1.000136     3.014855     4.161851
     1.673467     2.127446     4.189460
    -2.193637     2.020974     4.197215
     2.340787     1.234633     4.200135
    -1.130841     2.362058     4.199831
     3.000344     0.334252     4.197825
    -0.066197     2.692410     4.189352
     1.288684     3.902940     3.560034
     1.958606     3.014714     3.584438
    -2.960939     2.568159     3.592089
     2.626680     2.125627     3.596846
    -1.899434     2.913794     3.597475
     3.287038     1.229521     3.598015
    -0.838465     3.250935     3.596576
     3.942885     0.326236     3.592968
     0.224621     3.577834     3.584341
     2.236129     3.900113     2.972846
     2.902211     3.009520     2.981011
    -2.663622     3.452945     2.983140
     3.564312     2.115288     2.984063
    -1.603126     3.793361     2.983573
     4.222361     1.216813     2.983931
    -0.541829     4.127982     2.980774
     0.520516     4.457279     2.972769
     2.053190     4.453919     2.025138
     0.994263     4.797930     2.025178
     2.534560     4.120649     1.079346
     0.409091     4.811201     1.079381
     5.173743     0.525593     1.081180
    -3.839543     3.452824     1.080205
     1.476062     4.478963     1.074711
     5.201983    -0.588553     1.074788
    -4.517222     2.567700     1.072590
     3.011118     3.780296     0.132286
    -0.176364     4.815897     0.132352
     4.990056     1.079424     0.132593
    -3.364965     3.793380     0.132151
     1.957201     4.149317     0.126773
     5.024523    -0.032837     0.123068
    -4.714415     2.020460     0.114800
     0.893213     4.495023     0.126809
     5.040247    -1.147825     0.118046
    -4.046454     2.913525     0.121786
     3.481751     3.432474    -0.815024
    -0.761460     4.811034    -0.814904
     4.800364     1.630430    -0.815271
    -2.887356     4.128037    -0.815258
     2.431531     3.804697    -0.821879
     4.837799     0.519153    -0.825363
    -4.898826     1.462932    -0.838970
     1.372636     4.160148    -0.824951
     4.857675    -0.593994    -0.833608
    -4.240055     2.361978    -0.835234
     0.307026     4.494962    -0.821779
     4.863047    -1.711222    -0.833939
    -3.570472     3.250807    -0.825760
     3.946533     3.078324    -1.761524
    -1.345622     4.797611    -1.761329
     4.603475     2.180133    -1.761817
    -2.404971     4.457168    -1.761636
     2.897060     3.446546    -1.767267
     4.636172     1.069347    -1.770660
    -5.072127     0.901885    -1.788201
     1.843401     3.804670    -1.773555
     4.658763    -0.041501    -1.781094
    -4.414726     1.798945    -1.787500
     0.782877     4.149235    -1.773477
     4.670351    -1.157540    -1.787828
    -3.754342     2.692318    -1.781341
    -0.280084     4.478772    -1.767064
    -3.084037     3.577654    -1.770450
     4.152296     2.538949    -0.810009
    -1.829079     4.482137    -0.809900
     3.690999     2.894363     0.138564
    -2.311589     4.156242     0.139085
     4.351082     1.991916     0.139181
    -1.247105     4.498581     0.138600
     3.216673     3.238982     1.087210
    -2.787908     3.816149     1.089018
     3.885317     2.344088     1.091125
    -1.727973     4.167374     1.090940
     4.536464     1.437286     1.089513
    -0.660968     4.498634     1.087182
     2.731246     3.571403     2.032071
    -3.262376     3.461268     2.038362
     3.401155     2.682078     2.039022
    -2.200719     3.816160     2.039229
     4.061338     1.782485     2.039757
    -1.137769     4.156259     2.038779
     4.711744     0.871656     2.039237
    -0.073032     4.482287     2.031997
     4.424460     1.624663    -2.711478
    -0.872141     4.453606    -2.708286
     4.442341     0.513944    -2.722515
    -4.576231     1.227360    -2.733998
     0.189037     4.120456    -2.715887
     4.456886    -0.597929    -2.731469
    -3.916457     2.122367    -2.729242
     1.249163     3.780190    -2.718683
    -3.253816     3.013881    -2.721783
     2.306841     3.432404    -2.716093
    -2.586815     3.902333    -2.711032
     3.361192     3.078254    -2.708649
     1.366390     0.524967    -5.076832
    -0.761087     1.216193    -5.076667
     1.384703    -0.589138    -5.099139
    -1.431759     0.325978    -5.098297
     0.302808     0.871008    -5.091959
     2.132989     1.078911    -4.488609
    -1.054713     2.114882    -4.488323
     2.156903    -0.033310    -4.515145
    -2.394523     0.334958    -4.524954
     0.011943     1.781936    -4.510648
     2.168427    -1.148254    -4.526856
    -1.728422     1.229374    -4.514250
     1.074268     1.436741    -4.510701
     2.896238     1.630078    -3.895315
    -1.347489     3.009257    -3.894972
     2.921979     0.518810    -3.924262
    -3.348925     0.336862    -3.938751
    -0.282053     2.681697    -3.919960
     2.938249    -0.594312    -3.938298
    -2.689468     1.235410    -3.936387
     0.782103     2.343695    -3.929179
     2.940977    -1.711499    -3.942852
    -2.021645     2.125517    -3.923394
     1.841711     1.991539    -3.920141
     3.654989     2.179949    -3.296135
    -1.637924     3.899875    -3.295721
     3.677510     1.069160    -3.321394
    -4.293879     0.336454    -3.344688
    -0.575145     3.571100    -3.317751
     3.696954    -0.041682    -3.336902
    -3.638014     1.234630    -3.340915
     0.486932     3.238729    -3.329452
     3.708200    -1.157718    -3.344177
    -2.977265     2.127738    -3.335485
     1.547417     2.894147    -3.329559
    -2.308873     3.014464    -3.320767
     2.602014     2.538751    -3.318058