
     0.126788     0.405303    -0.560306
     0.125964     0.402739     0.456553
     0.407618     1.269637    -0.103108
     1.036572     0.404506    -0.104183
     0.406041    -0.459245    -0.103594
    -0.607274    -0.129997    -0.103594
    -0.609712     0.939419    -0.104182
     0.864611     0.938802    -1.012366
     0.862800    -0.131263    -1.013463
    -0.154684    -0.461005    -1.014227
    -0.784049     0.403829    -1.013461
    -0.156570     1.270598    -1.012362
     0.125679     0.401930    -1.576853
     0.412062     1.283293     0.946830
     1.053932     0.399822     0.946200
     0.411058    -0.482055     0.947341
    -0.624718    -0.145506     0.947343
    -0.626491     0.945836     0.946199
     1.344907     1.286951     0.375716
     1.339860    -0.480169     0.374350
    -0.338432    -1.026601     0.374776
    -1.375048     0.401972     0.374349
    -0.340492     1.834570     0.375722
     1.169580     1.835695    -0.552808
     0.123873     2.175459    -0.552803
     1.814039     0.949581    -0.554235
     1.810266    -0.145269    -0.554992
     1.162634    -1.026722    -0.554299
     0.123903    -1.363630    -0.554574
    -0.910581    -1.027504    -0.554576
    -1.552932    -0.144376    -0.554301
    -1.558800     0.949408    -0.554988
    -0.918342     1.837375    -0.554225
     1.635927     0.400434    -1.485493
     0.590706    -1.031348    -1.486653
    -1.092962    -0.484288    -1.486655
    -1.097032     1.288410    -1.485483
     0.591705     1.836251    -1.484438
     0.880652     0.946965    -2.062328
     0.879247    -0.149333    -2.063536
    -0.163125    -0.486933    -2.064643
    -0.808005     0.398879    -2.063532
    -0.164770     1.286634    -2.062323
     0.124023     0.396766     1.495470
     0.693954     2.150914     0.368005
     1.964986     0.401391     0.364822
     0.688977    -1.341977     0.365573
    -1.355000    -0.677822     0.365561
    -1.362657     1.482599     0.364832
     1.619594     1.483316    -1.472796
     1.614609    -0.682561    -1.473288
    -0.442912    -1.348074    -1.474640
    -1.716339     0.399709    -1.473271
    -0.447332     2.154886    -1.472787
     0.123953     0.396656    -2.615347
     0.412187     1.283676     2.005905
     1.059265     0.391982     2.005387
     0.411242    -0.497126     2.006275
    -0.633742    -0.157596     2.006288
    -0.635417     0.942625     2.005392
     0.701206     2.173224     1.435935
     1.992416     0.394178     1.433146
     0.697489    -1.378099     1.433787
    -1.383089    -0.702038     1.433789
    -1.389072     1.492892     1.433155
     1.359187     1.292429     1.448439
     1.356018    -0.500087     1.447576
    -0.347036    -1.053138     1.447103
    -1.399804     0.395368     1.447576
    -0.348814     1.847395     1.448445
     1.645432     2.179256     0.861235
     2.280835    -0.493481     0.856314
    -0.058665    -1.927493     0.856146
    -2.139715    -0.150307     0.856175
    -1.102423     2.393535     0.859498
     2.289870     1.291326     0.859485
     1.633874    -1.376473     0.856182
    -1.094255    -1.590973     0.856127
    -2.144165     0.944283     0.856332
    -0.059154     2.733106     0.861243
     1.468480     2.736102    -0.076606
     0.411291     3.079595    -0.076600
     2.765327     0.950722    -0.080341
     2.760208    -0.156219    -0.081181
     1.455626    -1.927686    -0.080953
     0.407599    -2.267434    -0.080619
    -1.671299    -1.591937    -0.080648
    -2.319518    -0.701040    -0.080975
    -2.333770     1.498901    -0.081164
    -1.687290     2.397440    -0.080321
     1.938973     2.397761    -1.013700
    -0.168229     3.082415    -1.013689
     2.590612     1.501463    -1.015208
     2.582975    -0.706194    -1.013833
     1.925518    -1.594803    -1.012663
    -0.166021    -2.271257    -1.012922
    -1.209531    -1.932214    -1.012918
    -2.504065    -0.155574    -1.012640
    -2.513660     0.949779    -1.013812
    -1.222243     2.740310    -1.015191
     0.892317     2.761460    -1.019980
     2.609625     0.397132    -1.022134
     0.885482    -1.951360    -1.020121
    -1.872178    -1.055331    -1.020136
    -1.886719     1.858060    -1.022116
     2.135380     1.856702    -0.073653
     2.121396    -1.053398    -0.075963
    -0.638092    -1.948931    -0.075833
    -2.344268     0.397605    -0.075967
    -0.645135     2.760131    -0.073641
     2.410666     0.946045    -1.957077
     1.349530    -1.602360    -1.956097
    -1.396155    -1.386768    -1.956374
    -2.048676     1.292298    -1.955814
     0.304869     2.739729    -1.956478
     2.408107    -0.155761    -1.955841
     0.305528    -1.939673    -1.956375
    -2.042520    -0.500235    -1.956083
    -1.403134     2.185195    -1.957057
     1.354792     2.398598    -1.956483
     0.887264     0.947311    -3.121255
     0.885881    -0.161789    -3.121888
    -0.168392    -0.503096    -3.122872
    -0.820716     0.392704    -3.121881
    -0.169937     1.290806    -3.121249
     1.646995     1.499294    -2.540883
     1.643118    -0.711564    -2.540231
    -0.456610    -1.390185    -2.541655
    -1.756476     0.393003    -2.540208
    -0.460128     2.183920    -2.540872
     1.661612     0.393824    -2.558554
     0.597629    -1.064689    -2.559145
    -1.118198    -0.507192    -2.559141
    -1.121720     1.298160    -2.558540
     0.598446     1.857033    -2.558470
     0.121661     0.389522     2.552221
     0.984480     3.045084     0.852725
     2.907817     0.395060     0.845984
     0.975940    -2.239666     0.843681
    -2.114753    -1.235353     0.843636
    -2.129164     2.031641     0.846009
     2.387830     2.037533    -1.941532
     2.379275    -1.247635    -1.936836
    -0.736972    -2.253069    -1.938347
    -2.667135     0.391987    -1.936791
    -0.743112     3.054812    -1.941516
     0.122261     0.391481    -3.672243
     0.411102     1.280349     3.076063
     1.061338     0.383776     3.075072
     0.410198    -0.509532     3.074833
    -0.640225    -0.168246     3.074855
    -0.641936     0.937198     3.075083
     0.702935     2.178541     2.510552
     2.003497     0.384690     2.507181
     0.700291    -1.400929     2.505969
    -1.398827    -0.718887     2.506014
    -1.403617     1.491723     2.507193
     1.364071     1.289569     2.523715
     1.362024    -0.515322     2.521475
    -0.353020    -1.071489     2.520156
    -1.413635     0.386558     2.521489
    -0.354448     1.847948     2.523721
     0.992517     3.069811     1.932665
     2.938550     0.385301     1.925947
     0.986655    -2.283676     1.921931
    -2.149258    -1.264640     1.921948
    -2.159754     2.041810     1.925969
     1.657477     2.188938     1.948478
     2.303791    -0.514437     1.943549
    -0.063413    -1.962803     1.940949
    -2.171520    -0.164063     1.942466
    -1.116906     2.404578     1.946454
     2.308086     1.291743     1.946441
     1.651533    -1.406336     1.942463
    -1.111135    -1.622326     1.940944
    -2.175036     0.940832     1.943563
    -0.063203     2.748017     1.948486
     1.944831     3.079079     1.357458
     3.228647    -0.507520     1.345760
     0.226562    -2.835934     1.341296
    -2.910324    -0.710832     1.342101
    -1.874104     2.951953     1.353209
     2.601340     2.190297     1.359899
     2.583206    -1.399462     1.347776
    -0.818628    -2.504547     1.345629
    -2.921313     0.389069     1.347812
    -0.826019     3.303895     1.359913
     3.242405     1.289537     1.353187
     1.927824    -2.282982     1.342118
    -1.858908    -2.158242     1.341254
    -2.919248     1.490005     1.345803
     0.227516     3.637061     1.357466
     1.766969     3.643363     0.412534
     0.703072     3.989035     0.412539
     3.723506     0.946014     0.405997
     3.716799    -0.170492     0.404408
     1.749061    -2.837448     0.400172
     0.695328    -3.178460     0.400582
    -2.439511    -2.159837     0.400485
    -3.091639    -1.264536     0.400096
    -3.116080     2.049596     0.404448
    -2.465251     2.956814     0.406030
     2.247523     3.312640    -0.536334
     0.119890     4.003932    -0.536323
     3.558494     1.506847    -0.539548
     3.549302    -0.727218    -0.536006
     2.226286    -2.509832    -0.536119
     0.117804    -3.190710    -0.535619
    -1.979585    -2.509261    -0.535626
    -3.285246    -0.719073    -0.536094
    -3.307805     1.500744    -0.535967
    -2.002119     3.313559    -0.539521
     1.191136     3.681151    -0.540196
     3.578153     0.389687    -0.543988
     1.178061    -2.868609    -0.541265
    -2.647992    -1.625416    -0.541314
    -2.674661     2.421307    -0.543957
     2.715783     2.963531    -1.483206
    -0.464152     3.996727    -1.483190
     3.372015     2.060267    -1.484419
     3.360871    -1.279026    -1.474593
     2.695206    -2.170506    -1.472680
    -0.460514    -3.187888    -1.472475
    -1.510100    -2.846886    -1.472463
    -3.465187    -0.168954    -1.472617
    -3.479723     0.943547    -1.474538
    -1.525978     3.651684    -1.484395
     1.667376     3.338052    -1.492049
     3.401645     0.948699    -1.493292
     1.652890    -2.533551    -1.483665
    -2.181989    -1.970546    -1.483664
    -2.857330     1.864254    -1.490350
     0.604171     3.683499    -1.492043
     3.398508    -0.168339    -1.490388
     0.598171    -2.873863    -1.483665
    -2.835271    -1.075281    -1.483644
    -2.203301     2.769815    -1.493263
     2.922317     2.423915    -0.534644
     2.897981    -1.628924    -0.532504
    -0.937099    -2.869129    -0.532285
    -3.310859     0.388422    -0.532478
    -0.948406     3.681560    -0.534625
     2.445307     2.765298     0.415994
     3.076511    -1.073217     0.409606
    -0.356936    -2.865614     0.408112
    -3.122996    -0.163512     0.408683
    -1.420355     3.332625     0.414230
     3.099049     1.864211     0.414210
     2.421587    -1.965118     0.408703
    -1.404316    -2.525266     0.408073
    -3.128646     0.942953     0.409631
    -0.361825     3.677372     0.416006
     3.190992     1.500994    -2.433615
     2.118214    -2.181883    -2.423891
    -1.701905    -2.302767    -2.423872
    -3.013104     1.289026    -2.426293
     0.012048     3.652167    -2.433653
     3.197640     0.388494    -2.436548
     1.069247    -2.529108    -2.430580
    -2.360501    -1.414745    -2.430555
    -2.367542     2.196679    -2.436510
     1.072607     3.316385    -2.438585
     3.186424    -0.725253    -2.426348
     0.014461    -2.860428    -2.423884
    -3.005067    -0.517287    -2.423840
    -1.708263     3.092817    -2.433587
     2.127990     2.964675    -2.433664
     0.891108     0.946712    -4.191754
     0.889970    -0.170815    -4.191407
    -0.172203    -0.514788    -4.191917
    -0.829349     0.387810    -4.191397
    -0.173417     1.292586    -4.191748
     1.660918     1.505757    -3.615195
     1.658071    -0.730082    -3.612653
    -0.465199    -1.416573    -3.613329
    -1.779478     0.386811    -3.612626
    -0.467613     2.197338    -3.615184
     1.674981     0.387899    -3.633642
     0.600767    -1.086283    -3.632939
    -1.133457    -0.522815    -3.632930
    -1.136040     1.301227    -3.633625
     0.601349     1.866002    -3.634420
     2.422217     2.059141    -3.022112
     2.416582    -1.284582    -3.014445
    -0.754717    -2.307645    -3.015004
    -2.719051     0.384028    -3.014393
    -0.758249     3.092507    -3.022095
     2.444323     0.946865    -3.045928
     1.367251    -1.644153    -3.042110
    -1.425523    -1.423127    -3.042207
    -2.086059     1.300097    -3.043695
     0.307377     2.770751    -3.046482
     2.442915    -0.171410    -3.043727
     0.307886    -1.986331    -3.042216
    -2.081455    -0.523633    -3.042084
    -1.429903     2.205640    -3.045905
     1.370978     2.425176    -3.046488
     0.119316     0.382332     3.623157
     1.278568     3.950213     1.351815
     3.862642     0.384216     1.340090
     1.266861    -3.149431     1.328092
    -2.884733    -1.800272     1.327969
    -2.908027     2.584076     1.340129
     3.169203     2.602266    -2.419881
     3.155643    -1.826804    -2.402296
    -1.036659    -3.175377    -2.402568
    -3.635681     0.379737    -2.402217
    -1.043336     3.970967    -2.419858
     0.120983     0.387578    -4.748472
     0.409934     1.276771     4.157253
     1.062853     0.376773     4.155400
     0.409378    -0.520064     4.153594
    -0.645779    -0.177243     4.153613
    -0.647296     0.932417     4.155410
     0.703131     2.179150     3.594118
     2.010176     0.376392     3.589282
     0.701771    -1.418175     3.585121
    -1.410237    -0.731994     3.585179
    -1.413915     1.488921     3.589295
     1.366631     1.285441     3.605547
     1.365762    -0.527550     3.600878
    -0.357797    -1.086075     3.598703
    -1.423885     0.378837     3.600899
    -0.358955     1.846106     3.605554
     0.995355     3.078542     3.020981
     2.953962     0.375230     3.012260
     0.992502    -2.312948     3.003665
    -2.171351    -1.284984     3.003789
    -2.178144     2.042710     3.012280
     1.662432     2.190647     3.038477
     2.316210    -0.530012     3.029683
    -0.066718    -1.987540     3.025168
    -2.191770    -0.175985     3.027669
    -1.126796     2.406362     3.036032
     2.317137     1.287380     3.036017
     1.660901    -1.427803     3.027635
    -1.123107    -1.644283     3.025191
    -2.194252     0.935504     3.029698
    -0.066207     2.752309     3.038484
     1.285892     3.972748     2.443042
     3.891430     0.375145     2.430320
     1.279632    -3.198416     2.413105
    -2.923869    -1.832393     2.413298
    -2.936642     2.593651     2.430355
     1.951921     3.088789     2.456455
     3.256616    -0.529065     2.442476
     0.224369    -2.877792     2.434382
    -2.947782    -0.728285     2.436649
    -1.889827     2.958037     2.451230
     2.611283     2.191846     2.461226
     2.608069    -1.428260     2.445970
    -0.831112    -2.542945     2.441208
    -2.958335     0.380384     2.445993
    -0.833149     3.310990     2.461241
     3.258707     1.285217     2.451207
     1.947894    -2.319159     2.436626
    -1.881728    -2.193363     2.434385
    -2.954529     1.489007     2.442506
     0.227492     3.649083     2.456463
     2.249118     3.988800     1.867038
     4.184926    -0.528138     1.843334
     0.516112    -3.753159     1.829855
    -3.689105    -1.277299     1.831670
    -2.656827     3.515434     1.859252
     2.910579     3.098308     1.876214
     3.537895    -1.421923     1.844406
    -0.535762    -3.423339     1.836248
    -3.703012    -0.174142     1.840704
    -1.602826     3.874149     1.873911
     3.564979     2.195067     1.873889
     2.884518    -2.314543     1.840616
    -1.587587    -3.081618     1.836272
    -3.706930     0.931976     1.844479
    -0.542495     4.220259     1.876228
     4.206853     1.285351     1.859219
     2.224747    -3.199152     1.831636
    -2.632145    -2.730225     1.829855
    -3.705038     2.035378     1.843397
     0.516053     4.551899     1.867045
     2.069000     4.565026     0.915083
     1.000455     4.912209     0.915087
     4.696306     0.936480     0.907074
     4.686046    -0.189447     0.900843
     2.045367    -3.756551     0.886421
     0.987272    -4.098241     0.886309
    -3.216287    -2.732476     0.886044
    -3.871696    -1.833893     0.886220
    -3.911378     2.603935     0.900905
    -3.257876     3.520875     0.907117
     2.556229     4.238091    -0.046613
     0.414100     4.934093    -0.046603
     4.536111     1.507004    -0.050975
     4.523861    -0.756053    -0.043854
     2.526205    -3.431670    -0.051992
     0.406824    -4.114712    -0.052145
    -2.756571    -3.086974    -0.052158
    -4.069806    -1.288618    -0.051933
    -4.113205     2.050210    -0.043788
    -2.792943     3.888295    -0.050936
     1.492277     4.607980    -0.049483
     4.554020     0.377261    -0.054377
     1.472405    -3.790216    -0.057129
    -3.427802    -2.197986    -0.057236
    -3.471471     2.984828    -0.054327
     3.036073     3.895350    -1.007930
    -0.175571     4.938849    -1.007914
     4.358726     2.072585    -1.010013
     4.344714    -1.315486    -0.992027
     3.002169    -3.097772    -0.992608
    -0.175731    -4.120055    -0.992504
    -2.288441    -3.433665    -0.992470
    -4.258586    -0.738744    -0.992497
    -4.297107     1.492310    -0.991948
    -2.317010     4.241609    -1.009979
     1.977749     4.275820    -1.013861
     4.390432     0.946526    -1.015273
     1.953395    -3.463360    -1.000679
    -2.966921    -2.551795    -1.000625
    -3.667762     2.429579    -1.009261
     0.904271     4.624604    -1.013855
     4.386453    -0.187318    -1.009316
     0.891559    -3.805468    -1.000636
    -3.624917    -1.650888    -1.000636
    -3.004532     3.349234    -1.015231
     3.506173     3.540470    -1.964105
    -0.764494     4.928057    -1.964082
     4.166604     2.630763    -1.965029
     4.150881    -1.864199    -1.936449
     3.473148    -2.758903    -1.931424
    -0.755916    -4.117905    -1.931053
    -1.817802    -3.772913    -1.931037
    -4.440435    -0.187752    -1.931317
    -4.462838     0.934447    -1.936353
    -1.833504     4.580268    -1.964998
     2.451295     3.918945    -1.972725
     4.198982     1.509657    -1.972716
     2.427062    -3.120468    -1.942633
    -2.492599    -2.893421    -1.942313
    -3.840369     1.863411    -1.960740
     1.385003     4.277856    -1.977066
     4.208621     0.382083    -1.973225
     1.370520    -3.471175    -1.946052
    -3.157959    -1.999819    -1.945996
    -3.189221     2.785718    -1.973176
     0.311387     4.614224    -1.972714
     4.193311    -0.746798    -1.960810
     0.306985    -3.803025    -1.942349
    -3.806617    -1.095097    -1.942543
    -2.518660     3.692295    -1.972678
     3.715544     2.997519    -1.005850
     3.674867    -2.213871    -0.989402
    -1.237808    -3.794491    -0.990900
    -4.283232     0.371766    -0.989323
    -1.253005     4.611858    -1.005826
     3.244121     3.350495    -0.044245
     3.862930    -1.660309    -0.042042
    -0.655725    -3.799574    -0.047324
    -4.102699    -0.180433    -0.045082
    -1.735363     4.271353    -0.045695
     3.905652     2.438519    -0.045722
     3.204247    -2.554550    -0.045121
    -1.711654    -3.456489    -0.047344
    -4.109975     0.930173    -0.041983
    -0.664130     4.620333    -0.044227
     2.754214     3.682270     0.917356
     4.032497    -1.096252     0.903643
    -0.070712    -3.785785     0.894579
    -3.904772    -0.730031     0.896693
    -2.204534     3.905329     0.913498
     3.421613     2.782141     0.920344
     3.383608    -1.994865     0.903098
    -1.126894    -3.453320     0.897940
    -3.918815     0.377821     0.903144
    -1.141780     4.264846     0.920364
     4.070093     1.866629     0.913467
     2.721049    -2.883012     0.896738
    -2.176690    -3.101452     0.894481
    -3.915623     1.486178     0.903706
    -0.072763     4.600791     0.917368
     3.984623     2.067959    -2.920995
     2.896826    -2.775336    -2.894454
    -2.014301    -3.234643    -2.893211
    -3.996387     1.281719    -2.902045
    -0.286050     4.581775    -2.921452
     3.994711     0.944979    -2.925187
     1.846050    -3.130895    -2.900813
    -2.684858    -2.345771    -2.900454
    -3.346518     2.201793    -2.919383
     0.783865     4.246053    -2.928101
     3.992659    -0.182769    -2.919445
     0.784404    -3.472957    -2.900500
    -3.342701    -1.445037    -2.900741
    -2.685314     3.115385    -2.925142
     1.852634     3.898799    -2.928106
     3.977626    -1.309095    -2.902130
    -0.280560    -3.797934    -2.893234
    -3.983831    -0.539780    -2.894358
    -2.017091     4.017980    -2.920960
     2.915552     3.541540    -2.921469
     0.894770     0.947600    -5.283068
     0.894340    -0.177289    -5.281718
    -0.175112    -0.523716    -5.281749
    -0.836707     0.385145    -5.281706
    -0.175873     1.295462    -5.283062
     1.672195     1.512066    -4.704742
     1.670744    -0.743500    -4.700507
    -0.471878    -1.437097    -4.700205
    -1.797637     0.383408    -4.700478
    -0.473044     2.209075    -4.704730
     1.685669     0.384638    -4.721250
     0.603709    -1.102493    -4.719215
    -1.145383    -0.534197    -4.719203
    -1.146620     1.304875    -4.721232
     0.603916     1.873930    -4.722646
     2.445563     2.073958    -4.113953
     2.442601    -1.308964    -4.103564
    -0.767240    -2.346152    -4.102302
    -2.754449     0.379599    -4.103509
    -0.768445     3.118221    -4.113935
     2.466644     0.948924    -4.140325
     1.380586    -1.672629    -4.133618
    -1.445390    -1.449291    -4.133483
    -2.111052     1.305092    -4.137357
     0.308032     2.791379    -4.141497
     2.466055    -0.182051    -4.137391
     0.308559    -2.019164    -4.133497
    -2.109004    -0.538832    -4.133587
    -1.446768     2.220429    -4.140300
     1.382555     2.442256    -4.141503
     3.211471     2.630801    -3.513300
     3.204420    -1.870868    -3.492797
    -1.059394    -3.245327    -3.489802
    -3.701048     0.372765    -3.492716
    -1.060776     4.018899    -3.513276
     3.234121     1.509666    -3.538361
     2.147695    -2.233044    -3.523501
    -1.737204    -2.352674    -3.522826
    -3.063096     1.298257    -3.529387
     0.012183     3.695089    -3.539192
     3.242831     0.382316    -3.543998
     1.084354    -2.586462    -3.531859
    -2.406468    -1.452267    -3.531823
    -2.407754     2.218244    -3.543958
     1.085564     3.356295    -3.547528
     3.232275    -0.747160    -3.529444
     0.013661    -2.921542    -3.522846
    -3.059011    -0.541350    -3.523439
    -1.738076     3.125184    -3.538330
     2.153093     2.999486    -3.539204
     0.117297     0.376131     4.708610
     1.578266     4.872600     1.881370
     4.835963     0.358878     1.865746
     1.562495    -4.071712     1.818243
    -3.665879    -2.372557     1.818053
    -3.710352     3.135668     1.865795
     3.952606    -2.434835    -2.867262
    -1.348206    -4.134238    -2.858449
    -4.637830     0.356257    -2.867165
     0.410136     1.277399     5.256119
     1.067777     0.371749     5.253479
     0.410100    -0.531589     5.250357
    -0.653144    -0.186141     5.250363
    -0.654238     0.931246     5.253486
     0.704686     2.183939     4.691265
     2.020334     0.370670     4.685120
     0.704474    -1.435630     4.678852
    -1.422729    -0.744543     4.678865
    -1.425510     1.490256     4.685131
     1.370976     1.284130     4.699393
     1.371127    -0.538112     4.692760
    -0.362228    -1.099660     4.690039
    -1.434461     0.373437     4.692773
    -0.363249     1.847597     4.699400
     0.998983     3.089705     4.119395
     2.971699     0.368330     4.108769
     0.998071    -2.338530     4.097689
    -2.191126    -1.302561     4.097655
    -2.196557     2.047542     4.108784
     1.668981     2.194685     4.135786
     2.328966    -0.542176     4.123972
    -0.069328    -2.009268     4.118492
    -2.209842    -0.185549     4.121446
    -1.136624     2.411289     4.133031
     2.327984     1.285600     4.133017
     1.669882    -1.446065     4.121426
    -1.133881    -1.663405     4.118505
    -2.211747     0.933135     4.123981
    -0.069134     2.759420     4.135793
     1.292872     3.994224     3.541672
     3.921039     0.366424     3.526298
     1.289707    -3.236785     3.508397
    -2.955566    -1.858225     3.507994
    -2.965721     2.603991     3.526324
     1.962183     3.100836     3.559636
     3.281119    -0.544042     3.540968
     0.223979    -2.911969     3.531884
    -2.977709    -0.743508     3.534818
    -1.906846     2.968045     3.553871
     2.625711     2.196826     3.565976
     2.628281    -1.450465     3.546203
    -0.841290    -2.573985     3.540329
    -2.987767     0.374217     3.546203
    -0.841894     3.323494     3.565991
     3.278362     1.283318     3.553848
     1.963190    -2.348772     3.534815
    -1.901821    -2.221285     3.531874
    -2.983155     1.491267     3.540984
     0.226272     3.664857     3.559643
     1.578490    -4.127507     2.913601
    -3.715204    -2.410838     2.911544
     2.252392     4.006148     2.973115
     4.229089    -0.539861     2.945332
     0.516411    -3.803821     2.932779
    -3.734828    -1.297999     2.935309
    -2.675284     3.522596     2.964659
     2.917438     3.103686     2.984367
     3.574978    -1.448444     2.953255
    -0.546346    -3.471644     2.943447
    -3.749541    -0.184177     2.949208
    -1.612012     3.879769     2.982021
     3.575718     2.194218     2.981998
     2.916344    -2.349930     2.949229
    -1.607581    -3.126858     2.943400
    -3.752502     0.932281     2.953286
    -0.544881     4.228638     2.984382
     4.225999     1.280302     2.964626
     2.249814    -3.242420     2.935404
    -2.662640    -2.770886     2.932647
    -3.747646     2.051829     2.945373
     0.523604     4.567856     2.973122
     0.809115    -4.686491     2.325876
    -4.483579    -1.854919     2.328548
     4.509656    -1.445142     2.349078
    -0.249578    -4.355115     2.332586
    -4.497551    -0.742599     2.338468
     3.853314    -2.344990     2.345557
    -1.309768    -4.015092     2.334955
    -4.504713     0.370337     2.345655
     3.193721    -3.240627     2.338371
    -2.367881    -3.666925     2.332636
    -4.506753     1.484269     2.349155
     2.530355    -4.129584     2.328353
    -3.422435    -3.311883     2.326013
     2.349527    -4.691407     1.377376
     1.284291    -5.034908     1.376467
    -4.009310    -3.314560     1.380021
    -4.666781    -2.414011     1.381387
     2.832826    -4.365774     0.435028
     0.700281    -5.052227     0.433593
    -3.545509    -3.672671     0.434403
    -4.866785    -1.864685     0.436055
     1.771671    -4.722981     0.429605
    -4.218205    -2.776707     0.429823
     3.313638    -4.034041    -0.509869
     0.113522    -5.062120    -0.511327
    -3.076332    -4.025751    -0.511080
    -5.060888    -1.313307    -0.509487
     2.257186    -4.400226    -0.516800
    -3.758929    -3.136900    -0.516788
     1.188388    -4.744331    -0.516945
    -4.421396    -2.230277    -0.516590
     3.791952    -3.697118    -1.456436
    -0.473660    -5.065753    -1.457749
    -2.603334    -4.373824    -1.457642
    -5.249807    -0.759477    -1.456208
     2.737632    -4.064279    -1.463025
    -3.288146    -3.487596    -1.462342
     1.673647    -4.418513    -1.465040
    -3.960027    -2.588066    -1.464901
     0.601337    -4.751316    -1.462445
    -4.612637    -1.676142    -1.462853
     3.215833    -3.717938    -2.411282
    -2.809695    -3.831494    -2.410000
     2.153844    -4.077148    -2.413014
    -3.485535    -2.936151    -2.412152
     1.085152    -4.421213    -2.412253
    -4.147899    -2.029658    -2.412881
     0.012108    -4.748310    -2.410071
    -4.795962    -1.114866    -2.411122
     4.466794    -2.809050    -1.455643
    -1.542945    -4.733513    -1.463984
    -5.273772     0.355674    -1.455512
     4.659199    -2.256879    -0.499119
    -0.957905    -4.741784    -0.509475
    -5.092413    -0.199550    -0.503311
     3.993747    -3.151647    -0.503450
    -2.021118    -4.396347    -0.509446
    -5.104843     0.915499    -0.499013
     4.839029    -1.693835     0.455403
    -0.369357    -4.737133     0.439239
    -4.901749    -0.751908     0.444107
     4.182827    -2.595465     0.451774
    -1.435550    -4.402994     0.441802
    -4.918426     0.361569     0.451876
     3.514898    -3.486436     0.443991
    -2.494555    -4.046609     0.439261
    -4.919372     1.476726     0.455492
     5.005926    -1.120056     1.404789
     0.219665    -4.717415     1.384556
    -4.697469    -1.301691     1.388340
     4.353390    -2.025265     1.403813
    -0.844224    -4.388470     1.390238
    -4.716502    -0.189809     1.398338
     3.695402    -2.922863     1.398209
    -1.905429    -4.043632     1.390280
    -4.721286     0.923135     1.403908
     3.026569    -3.811237     1.388242
    -2.959457    -3.684335     1.384583
    -4.717152     2.039029     1.404875
     0.115714     0.371258     5.824492
     1.867480    -5.020103     2.320994