
    -0.439262     0.347757     0.607157
    -0.165798     1.192982     0.060749
     0.445860     0.348847     0.062027
    -0.166459    -0.493835     0.062293
    -1.158989    -0.173306     0.061441
    -1.157730     0.869697     0.061621
     0.277416     0.872006    -0.824839
     0.275655    -0.170427    -0.821762
    -0.716091    -0.494324    -0.823524
    -1.329130     0.348032    -0.824655
    -0.714257     1.193965    -0.824827
    -0.440703     0.349544    -1.371736
    -0.149738     1.224703     1.114419
     0.487577     0.344481     1.115400
    -0.150092    -0.532980     1.115580
    -1.184184    -0.198788     1.114744
    -1.184791     0.889041     1.115942
     0.772248     1.225619     0.544561
     0.772131    -0.532264     0.545887
    -0.899977    -1.075521     0.545073
    -1.937974     0.345700     0.546802
    -0.900412     1.773222     0.546606
     0.598840     1.774465    -0.380103
    -0.436609     2.113295    -0.379695
     1.234086     0.890701    -0.378980
     1.233851    -0.196410    -0.376370
     0.595941    -1.074163    -0.375855
    -0.438499    -1.410682    -0.377812
    -1.475750    -1.079841    -0.378917
    -2.117975    -0.200382    -0.379274
    -2.117322     0.890655    -0.377469
    -1.474417     1.775432    -0.377615
     1.059073     0.349010    -1.301843
     0.023379    -1.075003    -1.299422
    -1.654613    -0.536914    -1.305565
    -1.652622     1.229021    -1.305892
     0.026888     1.776756    -1.306544
     0.312538     0.893459    -1.878881
     0.310913    -0.195033    -1.873601
    -0.725595    -0.534362    -1.876887
    -1.365986     0.345129    -1.879744
    -0.723208     1.229917    -1.880064
    -0.433000     0.342793     1.659477
     0.129591     2.086575     0.534078
     1.386962     0.343859     0.534962
     0.128566    -1.387827     0.535216
    -1.917771    -0.730669     0.534527
    -1.917924     1.421707     0.539272
     1.044018     1.423888    -1.293331
     1.039879    -0.725696    -1.284441
    -1.004890    -1.393501    -1.290527
    -2.271752     0.343565    -1.293680
    -1.002001     2.091338    -1.293900
    -0.435470     0.345301    -2.425451
    -0.138482     1.228517     2.174440
     0.505889     0.338327     2.174831
    -0.139100    -0.549148     2.174902
    -1.184666    -0.211220     2.174553
    -1.185991     0.889594     2.176025
     0.147877     2.115215     1.602838
     1.430493     0.338671     1.602517
     0.146230    -1.428436     1.602545
    -1.939454    -0.757339     1.602897
    -1.943255     1.439855     1.609179
     0.800451     1.235285     1.617030
     0.799463    -0.552911     1.616537
    -0.901013    -1.106092     1.617124
    -1.956928     0.341382     1.619762
    -0.902569     1.792280     1.619729
     1.080036     2.116053     1.026066
     1.718556    -0.548282     1.025620
    -0.611769    -1.977099     1.025342
    -2.706543    -0.207020     1.030204
    -1.655769     2.337367     1.033525
     1.718367     1.229416     1.025288
     1.079118    -1.428046     1.025603
    -1.652261    -1.643962     1.026062
    -2.708101     0.889364     1.033552
    -0.612435     2.674669     1.030197
     0.906947     2.675459     0.090381
    -0.142465     3.020892     0.091337
     2.185915     0.890218     0.089982
     2.185826    -0.209398     0.092314
     0.901457    -1.976656     0.092634
    -0.144489    -2.316634     0.090782
    -2.237880    -1.651996     0.090884
    -2.890463    -0.761013     0.091463
    -2.890797     1.443023     0.097250
    -2.239052     2.340074     0.097175
     1.372870     2.337793    -0.840938
    -0.720202     3.024245    -0.841579
     2.013367     1.439844    -0.840074
     2.010556    -0.753501    -0.832504
     1.365210    -1.641275    -0.832185
    -0.720285    -2.321144    -0.837661
    -1.772783    -1.989920    -0.839108
    -3.072038    -0.213047    -0.841418
    -3.071659     0.893476    -0.839354
    -1.772566     2.681872    -0.839448
     0.333737     2.702785    -0.848689
     2.030804     0.343536    -0.843279
     0.328561    -1.999014    -0.841253
    -2.440634    -1.115396    -0.848003
    -2.440698     1.801198    -0.845748
     1.561390     1.792651     0.095265
     1.558902    -1.103952     0.098446
    -1.195782    -2.001120     0.096142
    -2.913910     0.341166     0.099372
    -1.198051     2.702582     0.099277
     1.837763     0.892059    -1.776186
     0.786646    -1.642619    -1.766302
    -1.954599    -1.440985    -1.779754
    -2.600475     1.236691    -1.781802
    -0.249950     2.682442    -1.782368
     1.834267    -0.202160    -1.767722
    -0.252590    -1.982263    -1.769584
    -2.601685    -0.554808    -1.781826
    -1.953498     2.127555    -1.781856
     0.794101     2.340927    -1.781189
     0.330179     0.895224    -2.939890
     0.328898    -0.207345    -2.932864
    -0.722248    -0.553049    -2.937353
    -1.371847     0.339017    -2.941658
    -0.720485     1.236066    -2.942082
     1.083761     1.444664    -2.361936
     1.076903    -0.752754    -2.347388
    -1.011970    -1.437781    -2.357926
    -2.309252     0.339481    -2.364239
    -1.010569     2.127868    -2.364593
     1.094452     0.346012    -2.372355
     0.037886    -1.106257    -2.368317
    -1.674089    -0.559605    -2.379842
    -1.672856     1.243172    -2.382125
     0.041650     1.802100    -2.381212
    -0.425010     0.336588     2.720037
     0.430144     2.984794     1.015785
     2.335118     0.337540     1.012178
     0.426830    -2.288353     1.012124
    -2.679419    -1.294440     1.015740
    -2.682821     1.977223     1.027728
     1.822087     1.977331    -1.763660
     1.810506    -1.286765    -1.748334
    -1.291229    -2.302903    -1.759878
    -3.222302     0.338981    -1.766698
    -1.292235     2.996364    -1.766826
    -0.426083     0.336296    -3.489002
    -0.127834     1.227228     3.244360
     0.519935     0.331955     3.243435
    -0.129073    -0.561063     3.243409
    -1.180479    -0.221441     3.244326
    -1.181601     0.886114     3.246302
     0.162479     2.123279     2.676966
     1.456185     0.332653     2.674242
     0.159414    -1.451652     2.674094
    -1.942894    -0.774217     2.676793
    -1.947352     1.442603     2.683655
     0.819266     1.235487     2.690457
     0.817603    -0.566607     2.688580
    -0.895799    -1.124666     2.690299
    -1.958809     0.334300     2.694567
    -0.896733     1.795914     2.694630
     0.451153     3.012091     2.095604
     2.383190     0.332413     2.089256
     0.445929    -2.333164     2.088891
    -2.698975    -1.323246     2.095215
    -2.709036     1.996099     2.110810
     1.109638     2.131237     2.112734
     1.753709    -0.566326     2.108818
    -0.607033    -2.014869     2.110407
    -2.722750    -0.219055     2.117118
    -1.663599     2.354524     2.121616
     1.755241     1.235800     2.110798
     1.106495    -1.456866     2.108721
    -1.657913    -1.677426     2.112303
    -2.726977     0.891174     2.121557
    -0.606335     2.693542     2.117280
     1.388999     3.012810     1.514865
     2.673050    -0.560261     1.508085
    -0.316005    -2.885796     1.508558
    -3.476393    -0.770179     1.523242
    -2.419455     2.902181     1.530464
     2.036847     2.124029     1.516106
     2.035056    -1.450998     1.512584
    -1.364729    -2.557014     1.515278
    -3.487825     0.334692     1.530452
    -1.369295     3.250115     1.530589
     2.673514     1.227989     1.509251
     1.384682    -2.332880     1.507754
    -2.410067    -2.215429     1.514077
    -3.481360     1.440890     1.530421
    -0.314918     3.580613     1.523551
     1.218680     3.580848     0.574212
     0.159700     3.931634     0.576255
     3.144394     0.886176     0.567249
     3.143630    -0.219971     0.568919
     1.206341    -2.885433     0.568605
     0.154687    -3.227872     0.567245
    -3.002966    -2.228626     0.573804
    -3.663463    -1.330094     0.575882
    -3.666189     2.001407     0.585421
    -3.009866     2.904806     0.585408
     1.694945     3.249589    -0.366290
    -0.425245     3.947676    -0.368298
     2.979357     1.440781    -0.368766
     2.976182    -0.771279    -0.363783
     1.679085    -2.555508    -0.363874
    -0.423179    -3.241325    -0.367648
    -2.540818    -2.578880    -0.366263
    -3.859223    -0.779161    -0.368522
    -3.860115     1.451275    -0.363818
    -2.546861     3.259208    -0.363809
     0.642361     3.621817    -0.373241
     2.996466     0.334790    -0.371157
     0.633739    -2.916319    -0.370427
    -3.219429    -1.693359    -0.373462
    -3.223132     2.369522    -0.368029
     2.159911     2.899231    -1.306335
    -1.009638     3.940544    -1.312190
     2.801162     1.991677    -1.306299
     2.790826    -1.317733    -1.295195
     2.141504    -2.210716    -1.295249
    -1.001229    -3.239301    -1.303198
    -2.063364    -2.911424    -1.305049
    -4.032902    -0.221793    -1.312276
    -4.033058     0.894007    -1.310532
    -2.070785     3.595821    -1.310500
     1.115447     3.278446    -1.319503
     2.822146     0.889902    -1.312330
     1.103473    -2.577144    -1.306646
    -2.746318    -2.037171    -1.319491
    -3.406143     1.812346    -1.319715
     0.055326     3.625989    -1.321552
     2.819874    -0.216309    -1.307628
     0.053300    -2.920745    -1.309190
    -3.404432    -1.137103    -1.321612
    -2.750127     2.715614    -1.319702
     2.350195     2.352051    -0.364040
     2.342498    -1.674094    -0.359467
    -1.484533    -2.924036    -0.363303
    -3.883905     0.336314    -0.362470
    -1.493778     3.626420    -0.362387
     1.878359     2.693669     0.578779
     2.520035    -1.122757     0.577080
    -0.902042    -2.917651     0.576449
    -3.698377    -0.220702     0.585140
    -1.965542     3.279386     0.588209
     2.523236     1.795626     0.576700
     1.872740    -2.013262     0.576972
    -1.955396    -2.581830     0.578305
    -3.699778     0.892552     0.588161
    -0.906250     3.622081     0.585312
     2.626634     1.440124    -2.252234
     1.560540    -2.213097    -2.235037
    -2.247137    -2.359313    -2.256147
    -3.558476     1.239876    -2.261405
    -0.535350     3.595751    -2.261469
     2.626853     0.337550    -2.245909
     0.517761    -2.561907    -2.242592
    -2.910791    -1.468403    -2.264955
    -2.912785     2.143556    -2.266579
     0.522566     3.258891    -2.265031
     2.614408    -0.764226    -2.235403
    -0.530117    -2.898887    -2.241035
    -3.558268    -0.566723    -2.261332
    -2.253338     3.037254    -2.261384
     1.576297     2.903696    -2.256270
     0.346848     0.889430    -4.011466
     0.348530    -0.222247    -4.003639
    -0.712279    -0.572283    -4.008818
    -1.369022     0.329693    -4.014253
    -0.713806     1.233298    -4.014670
     1.111185     1.448386    -3.436717
     1.102964    -0.773075    -3.415707
    -1.006485    -1.468292    -3.431496
    -2.322834     0.333163    -3.440306
    -1.010837     2.141375    -3.440676
     1.121190     0.338215    -3.445431
     0.053735    -1.127809    -3.438710
    -1.677562    -0.577473    -3.456531
    -1.678829     1.245939    -3.460156
     0.054517     1.810106    -3.458192
     1.868141     1.998857    -2.842826
     1.852626    -1.318703    -2.819518
    -1.294803    -2.355183    -2.838848
    -3.264198     0.334995    -2.848755
    -1.302609     3.036957    -2.848956
     1.882012     0.893061    -2.861104
     0.812205    -1.678632    -2.845512
    -1.971123    -1.475945    -2.868856
    -2.629818     1.247721    -2.873578
    -0.240189     2.714960    -2.872724
     1.875688    -0.216837    -2.846318
    -0.238843    -2.023135    -2.849036
    -2.629175    -0.575723    -2.871899
    -1.974093     2.151106    -2.873615
     0.820062     2.368156    -2.870706
    -0.417090     0.330492     3.791876
     0.737560     3.890492     1.509636
     3.292906     0.331359     1.494273
     0.727905    -3.198070     1.493692
    -3.446028    -1.866930     1.509079
    -3.457074     2.539637     1.531998
     2.617465     2.534322    -2.238969
     2.589256    -1.854226    -2.217324
    -1.574158    -3.227060    -2.233790
    -4.186952     0.335553    -2.247354
    -1.587828     3.914614    -2.247350
    -0.412197     0.321487    -4.569549
    -0.118859     1.225567     4.324768
     0.531747     0.326628     4.322092
    -0.120623    -0.571055     4.321992
    -1.176400    -0.229857     4.324639
    -1.176981     0.882513     4.327711
     0.174331     2.126505     3.759147
     1.475283     0.327464     3.753121
     0.169954    -1.468685     3.752852
    -1.942576    -0.786912     3.758833
    -1.944827     1.440566     3.767002
     0.834065     1.234258     3.769583
     0.831909    -0.577344     3.766542
    -0.890356    -1.138830     3.769274
    -1.956853     0.327210     3.776184
    -0.889651     1.795931     3.776302
     0.467478     3.023643     3.182045
     2.415259     0.327657     3.170583
     0.460012    -2.362733     3.170050
    -2.705156    -1.342758     3.181486
    -2.713557     1.999225     3.200098
     1.130242     2.137540     3.198604
     1.778369    -0.578767     3.192311
    -0.600624    -2.039979     3.195008
    -2.726973    -0.230264     3.206683
    -1.660099     2.358759     3.210854
     1.780687     1.236959     3.195602
     1.125557    -1.477038     3.192166
    -1.657846    -1.699468     3.197980
    -2.730073     0.886248     3.210747
    -0.597265     2.700739     3.206942
     0.757301     3.914974     2.599713
     3.345216     0.327156     2.578701
     0.747605    -3.247041     2.577851
    -3.463277    -1.893607     2.598918
    -3.484639     2.559591     2.639175
     1.420180     3.032254     2.611290
     2.714165    -0.576910     2.600243
    -0.309580    -2.929120     2.602372
    -3.486879    -0.785805     2.621271
    -2.429889     2.918571     2.632229
     2.074023     2.137840     2.613911
     2.069745    -1.476771     2.607134
    -1.366737    -2.597188     2.612826
    -3.497671     0.328138     2.632203
    -1.366324     3.261322     2.632418
     2.716302     1.234668     2.603363
     1.412767    -2.367584     2.599850
    -2.419155    -2.251539     2.610264
    -3.500275     1.445556     2.632144
    -0.303564     3.595211     2.621705
     1.705905     3.915621     2.011890
     3.636357    -0.570198     1.994166
    -0.016918    -3.803263     1.995311
    -4.254108    -1.341918     2.028878
    -3.194174     3.473354     2.046363
     2.355450     3.024162     2.012234
     2.997732    -1.467820     2.000722
    -1.070001    -3.476131     2.005577
    -4.270205    -0.229680     2.044152
    -2.134609     3.827591     2.043766
     3.001720     2.126943     2.007266
     2.347796    -2.362016     2.000461
    -2.122717    -3.138574     2.010554
    -4.273584     0.883947     2.043589
    -1.074413     4.168448     2.044496
     3.638167     1.226177     1.996779
     1.691103    -3.246655     1.993407
    -3.171041    -2.796092     2.010452
    -4.263995     2.001111     2.046288
    -0.011588     4.496744     2.029482
     1.537744     4.496567     1.069726
     0.470420     4.854138     1.076693
     4.111617     0.882383     1.050057
     4.109808    -0.228511     1.050513
     1.512082    -3.802461     1.049452
     0.456326    -4.147216     1.048993
    -3.775527    -2.815100     1.068601
    -4.445003    -1.910725     1.075949
    -4.453750     2.568098     1.084055
    -3.792252     3.478628     1.084117
     2.025720     4.166784     0.124365
    -0.122384     4.877939     0.119113
     3.950195     1.438625     0.111033
     3.945456    -0.784376     0.112534
     1.989834    -3.474333     0.111692
    -0.122172    -4.165043     0.110216
    -3.311271    -3.177073     0.122879
    -4.650560    -1.354634     0.118516
    -4.654397     2.017483     0.123856
    -3.330839     3.839571     0.123948
     0.957241     4.546067     0.115022
     3.965249     0.327214     0.107102
     0.938876    -3.836353     0.106201
    -4.001411    -2.278424     0.113995
    -4.011605     2.942342     0.119738
     2.501746     3.821876    -0.825454
    -0.715850     4.883506    -0.839398
     3.778525     1.993585    -0.831475
     3.767684    -1.338638    -0.828033
     2.461838    -3.134317    -0.828616
    -0.701543    -4.171540    -0.831385
    -2.835925    -3.522536    -0.827684
    -4.839031    -0.792504    -0.839820
    -4.840668     1.458767    -0.836677
    -2.857441     4.189334    -0.836556
     1.441168     4.211917    -0.840294
     3.800979     0.883742    -0.837352
     1.416002    -3.505455    -0.836734
    -3.533637    -2.635384    -0.841942
    -4.208805     2.388176    -0.843177
     0.364345     4.565971    -0.845281
     3.798511    -0.228906    -0.836195
     0.359163    -3.851472    -0.838076
    -4.203056    -1.721309    -0.846038
    -3.545803     3.301017    -0.843121
     2.964087     3.466257    -1.774755
    -1.306660     4.872558    -1.793762
     3.603421     2.548815    -1.778262
     3.577266    -1.887285    -1.764678
     2.924576    -2.784587    -1.764979
    -1.280473    -4.170161    -1.770114
    -2.352623    -3.849148    -1.776717
    -5.011046    -0.227790    -1.794128
    -5.011735     0.895702    -1.792635
    -2.375269     4.525932    -1.792589
     1.911323     3.854410    -1.792709
     3.618831     1.439277    -1.779724
     1.883856    -3.155124    -1.776683
    -3.046511    -2.972375    -1.795465
    -4.381467     1.821247    -1.801629
     0.843077     4.218243    -1.803593
     3.623841     0.327700    -1.782331
     0.833079    -3.509706    -1.782176
    -3.723582    -2.069759    -1.804805
    -3.730678     2.737797    -1.806120
    -0.231310     4.557179    -1.802140
     3.609831    -0.782648    -1.776266
    -0.223317    -3.847329    -1.780271
    -4.378455    -1.152972    -1.802546
    -3.060495     3.640266    -1.801524
     3.148250     2.906780    -0.824465
     3.128673    -2.246554    -0.824216
    -1.766226    -3.853536    -0.825545
    -4.862521     0.333478    -0.834718
    -1.794077     4.557877    -0.834476
     2.680565     3.258335     0.125408
     3.316444    -1.696394     0.118119
    -1.186490    -3.854782     0.118663
    -4.688479    -0.230945     0.124587
    -2.274882     4.219774     0.127002
     3.326742     2.355136     0.120312
     2.663491    -2.594510     0.117842
    -2.245174    -3.519358     0.123543
    -4.689692     0.895697     0.126820
    -1.202966     4.566795     0.124929
     2.197748     3.594891     1.071845
     3.485224    -1.137138     1.059174
    -0.603663    -3.838044     1.060422
    -4.485369    -0.790766     1.083422
    -2.741500     3.857521     1.089048
     2.851208     2.699978     1.070196
     2.842447    -2.038137     1.062600
    -1.661375    -3.509611     1.068323
    -4.499900     0.330293     1.089925
    -1.678118     4.213958     1.090169
     3.490298     1.795215     1.062024
     2.183711    -2.927666     1.058637
    -2.714188    -3.164540     1.070143
    -4.489466     1.451731     1.088934
    -0.607354     4.546543     1.083884
     3.436487     1.987030    -2.737153
     2.342447    -2.787929    -2.709553
    -2.536735    -3.297465    -2.739832
    -4.534726     1.242875    -2.750306
    -0.829208     4.525458    -2.750008
     3.429898     0.881847    -2.725143
     1.297383    -3.141893    -2.718549
    -3.214686    -2.398115    -2.752673
    -3.885779     2.156194    -2.757275
     0.240857     4.188327    -2.755158
     3.417590    -0.229162    -2.718617
     0.246706    -3.487972    -2.720288
    -3.880839    -1.488852    -2.755786
    -3.226178     3.064633    -2.757228
     1.310640     3.837296    -2.750908
     3.401333    -1.333116    -2.709413
    -0.803523    -3.826317    -2.718936
    -4.532916    -0.575371    -2.750124
    -2.558540     3.964458    -2.750193
     2.374450     3.473704    -2.737631
     0.363864     0.876847    -5.102641
     0.378594    -0.250929    -5.095352
    -0.693663    -0.596852    -5.100656
    -1.364308     0.318060    -5.105584
    -0.707087     1.230070    -5.105153
     1.135874     1.446745    -4.525518
     1.132709    -0.796873    -4.493775
    -0.993052    -1.501174    -4.518203
    -2.329955     0.325208    -4.530732
    -1.009216     2.148602    -4.530849
     1.149482     0.325879    -4.528658
     0.074026    -1.152446    -4.517565
    -1.673292    -0.596608    -4.545601
    -1.681610     1.244866    -4.549545
     0.067820     1.811806    -4.547284
     1.905026     2.007477    -3.934181
     1.887171    -1.346803    -3.895651
    -1.282598    -2.400929    -3.930125
    -3.289367     0.329947    -3.941699
    -1.307930     3.061389    -3.941890
     1.922577     0.885406    -3.952993
     0.837918    -1.707242    -3.924231
    -1.972855    -1.506722    -3.964003
    -2.647600     1.251468    -3.969878
    -0.232061     2.733417    -3.968405
     1.909608    -0.237095    -3.924315
    -0.217288    -2.055599    -3.927416
    -2.642897    -0.592719    -3.967565
    -1.985275     2.164640    -3.969894
     0.842129     2.381494    -3.965854
     2.670188     2.559256    -3.329382
     2.636927    -1.890832    -3.296581
    -1.575655    -3.288210    -3.326793
    -4.237652     0.332626    -3.341689
    -1.601977     3.963287    -3.341765
     2.679524     1.441873    -3.351767
     1.593816    -2.254209    -3.322681
    -2.262700    -2.406129    -3.361193
    -3.599129     1.251888    -3.367898
    -0.529906     3.638644    -3.367141
     2.676348     0.322310    -3.334472
     0.543591    -2.607234    -3.332592
    -2.939272    -1.502385    -3.373530
    -2.946620     2.167036    -3.376476
     0.543131     3.298106    -3.373678
     2.662648    -0.786890    -3.322641
    -0.511072    -2.948161    -3.328684
    -3.596525    -0.586911    -3.366895
    -2.278612     3.071153    -3.367878
     1.611222     2.936895    -3.361468
    -0.410324     0.325308     4.877418
     1.063476     4.808589     2.034965
     4.262757     0.326174     1.981973
     1.031846    -4.119415     1.980799
    -4.218641    -2.460732     2.034123
     3.377557    -2.428627    -2.693883
    -1.843402    -4.186675    -2.715293
    -0.112472     1.224325     5.425512
     0.540332     0.322772     5.421515
    -0.114479    -0.578351     5.421356
    -1.173446    -0.235830     5.425330
    -1.172970     0.879408     5.429527
     0.183884     2.132792     4.855534
     1.493443     0.323655     4.847164
     0.178996    -1.485126     4.846819
    -1.945826    -0.798269     4.855143
    -1.946819     1.441842     4.864309
     0.847027     1.235019     4.861486
     0.844623    -0.586810     4.857769
    -0.887300    -1.151737     4.861093
    -1.957888     0.322405     4.870206
    -0.885611     1.798141     4.870349
     0.480758     3.037676     4.278842
     2.443103     0.324083     4.264352
     0.471804    -2.388498     4.263732
    -2.714618    -1.360092     4.278196
    -2.719830     2.003642     4.295140
     1.147147     2.145068     4.292860
     1.799790    -0.589064     4.285356
    -0.595917    -2.061642     4.288574
    -2.733528    -0.239529     4.303884
    -1.659442     2.364206     4.308257
     1.802436     1.238827     4.289261
     1.141737    -1.494581     4.285188
    -1.660023    -1.718256     4.292147
    -2.735189     0.883689     4.308134
    -0.590723     2.709577     4.304186
     0.776378     3.940143     3.696060
     3.387647     0.323989     3.673147
     0.763501    -3.286827     3.672200
    -3.481528    -1.919923     3.695162
     1.443552     3.050240     3.709754
     2.748426    -0.588866     3.697413
    -0.303209    -2.963987     3.700277
    -3.501126    -0.800742     3.724202
    -2.433417     2.927335     3.733810
     2.103020     2.149281     3.713965
     2.097697    -1.497391     3.705894
    -1.368911    -2.628735     3.712805
    -3.511179     0.321527     3.737750
    -1.364434     3.276024     3.737999
     2.751087     1.239007     3.701358
     1.434468    -2.396894     3.696994
    -2.429262    -2.279715     3.708654
    -3.509786     1.445973     3.733710
    -0.294027     3.613145     3.724697
     4.326393     0.323396     3.075295
     1.053857    -4.179452     3.074023
     1.732376     3.953430     3.113863
     3.686401    -0.586228     3.096667
    -0.010317    -3.854914     3.098792
    -4.265957    -1.360810     3.134297
     2.393837     3.050576     3.120906
     3.042030    -1.494060     3.107541
    -1.073861    -3.525315     3.113951
    -4.278023    -0.240645     3.152751
    -2.134321     3.838707     3.155484
     3.046953     2.145431     3.115647
     2.386124    -2.396554     3.107290
    -2.136237    -3.183650     3.119220
    -4.284130     0.880060     3.155284
    -1.066571     4.179135     3.153138
     3.688983     1.235465     3.100316
     1.721545    -3.289799     3.095909
    -3.199040    -2.833261     3.112395
     0.002522     4.513700     3.134984
     4.618524    -0.577153     2.488437
     0.287953    -4.738475     2.489789
     2.679308     3.940579     2.516397
     3.973846    -1.483914     2.495225
    -0.774049    -4.408543     2.501014
     3.332020     3.037871     2.511903
     3.322302    -2.387329     2.497427
    -1.834526    -4.071931     2.509561
     3.979792     2.132938     2.503318
     2.664110    -3.285927     2.494615
    -2.894477    -3.729881     2.514190
     4.621660     1.224582     2.491833
     2.000679    -4.179106     2.487270
     5.096705     0.879524     1.542724
     5.094001    -0.234430     1.541557
     1.821186    -4.737070     1.539955
     0.762647    -5.083494     1.540627
     4.934538     1.439592     0.596267
     4.928286    -0.795735     0.594655
     2.303621    -4.406117     0.593214
     0.179917    -5.101904     0.593519
     4.945517     0.322479     0.590159
     1.245477    -4.767551     0.588033
     4.766263     1.997029    -0.350421
     4.753965    -1.355673    -0.353215
     2.781942    -4.067660    -0.354399
    -0.402059    -5.113101    -0.354800
     4.786807     0.881251    -0.358328
     1.728232    -4.440387    -0.361084
     4.783778    -0.238065    -0.359323
     0.664503    -4.788729    -0.361765
     4.592736     2.554008    -1.297172
     4.569944    -1.913047    -1.300800
     3.254829    -3.721185    -1.301644
    -0.985107    -5.117663    -1.303839
     4.614018     1.437793    -1.305693
     2.204595    -4.097245    -1.310051
     4.619743     0.320786    -1.312009
     1.145449    -4.456177    -1.314204
     4.604690    -0.797853    -1.308623
     0.080270    -4.794608    -1.312625
     4.377267    -2.467162    -2.246751
     3.722041    -3.367723    -2.247440
     4.435855     1.991793    -2.252702
     2.672392    -3.739616    -2.254920
     4.435629     0.877829    -2.262597
     1.618434    -4.101359    -2.262280
     4.428845    -0.240287    -2.260607
     0.557600    -4.450609    -2.263241
     4.408407    -1.354258    -2.254062
    -0.510678    -4.787104    -2.262964
     3.961415     3.474504    -1.283429
     3.923801    -2.825533    -1.296869
    -2.053799    -4.798975    -1.296052
     3.494479     3.828780    -0.331305
     4.118298    -2.274541    -0.348612
    -1.470456    -4.801103    -0.344757
     4.140050     2.917099    -0.338467
     3.460024    -3.179808    -0.348999
    -2.535559    -4.469741    -0.337033
     3.015823     4.175669     0.622588
     4.297891    -1.715141     0.600633
    -0.888410    -4.792691     0.603711
     3.670258     3.271815     0.617680
     3.649872    -2.625601     0.603208
    -1.952470    -4.465244     0.613853
     4.310579     2.360323     0.607428
     2.983687    -3.522861     0.599903
    -3.013750    -4.122172     0.619257
     2.522637     4.512878     1.572220
     4.461975    -1.149918     1.546655
    -0.304003    -4.769754     1.549064
     3.181630     3.612057     1.570499
     3.820070    -2.059542     1.552405
    -1.366967    -4.444850     1.560674
     3.831469     2.708276     1.563496
     3.164106    -2.961955     1.552068
    -2.426849    -4.105937     1.567785
     4.468880     1.797281     1.551619
     2.496973    -3.853305     1.545673
    -3.486856    -3.757407     1.569697
     3.138994    -3.371808    -3.195498
     2.085395    -3.729329    -3.204234
     4.231772     0.313695    -3.207989
     1.029464    -4.081914    -3.207679
     4.218626    -0.800694    -3.203357
    -0.029046    -4.429361    -3.207953
     4.201625    -1.912949    -3.195215
     1.922633    -1.375545    -4.987889
     0.865227    -1.735833    -5.015950
     1.945154    -0.259238    -5.017121
    -0.196240    -2.091990    -5.020309
     2.680623    -1.925647    -4.387237
     1.627481    -2.290199    -4.415953
     2.724073     0.301309    -4.431734
     0.571758    -2.647245    -4.427318
     2.705969    -0.813755    -4.415635
    -0.488519    -2.995298    -4.425128
     3.436149    -2.473141    -3.783655
     2.383265    -2.835028    -3.809008
     3.487437     0.866369    -3.828742
     1.330460    -3.194737    -3.822147
     3.477435    -0.250492    -3.821896
     0.273631    -3.544799    -3.823683
     3.457820    -1.361613    -3.808807
    -0.788461    -3.888402    -3.819026