
     0.468238    -0.354489     1.330740
     0.743313     0.489484     0.783127
     1.356015    -0.353478     0.784021
     0.741427    -1.199490     0.783990
    -0.249173    -0.877026     0.782745
    -0.247886     0.165817     0.780431
     1.185484     0.167573    -0.101853
     1.184539    -0.875819    -0.102708
     0.193326    -1.199240    -0.102617
    -0.418491    -0.354132    -0.103192
     0.193537     0.488601    -0.103135
     0.466191    -0.353848    -0.648283
     0.752805     0.529549     1.836714
     1.392849    -0.350224     1.839611
     0.750062    -1.235007     1.839639
    -0.284447    -0.898103     1.836581
    -0.282561     0.191225     1.831944
     1.681349     0.531659     1.265635
     1.679104    -1.234301     1.266001
     0.000414    -1.782064     1.265591
    -1.030288    -0.353080     1.258860
     0.003874     1.070526     1.258983
     1.502420     1.074611     0.338758
     0.465196     1.405637     0.337660
     2.144396     0.195054     0.339160
     2.143652    -0.896347     0.337208
     1.500967    -1.781246     0.337121
     0.463740    -2.118993     0.338815
    -0.570958    -1.779954     0.338264
    -1.206472    -0.895564     0.337455
    -1.206350     0.191989     0.335276
    -0.568903     1.069519     0.335385
     1.964140    -0.351552    -0.587227
     0.927645    -1.780483    -0.588624
    -0.744697    -1.231211    -0.585695
    -0.745331     0.527161    -0.586305
     0.926645     1.070269    -0.585219
     1.210664     0.192897    -1.155093
     1.211071    -0.896554    -1.157361
     0.177160    -1.231945    -1.156389
    -0.460796    -0.350458    -1.156194
     0.176568     0.527468    -1.155893
     0.462628    -0.350190     2.384602
     1.031725     1.388550     1.250669
     2.298148    -0.348840     1.253890
     1.028439    -2.096624     1.254047
    -1.015112    -1.428797     1.250514
    -1.012150     0.721285     1.243771
     1.944068     0.725276    -0.574562
     1.944425    -1.428069    -0.580175
    -0.101846    -2.093254    -0.576122
    -1.360018    -0.348974    -0.575433
    -0.102037     1.382809    -0.575234
     0.459344    -0.348368    -1.700127
     0.749138     0.548036     2.897462
     1.397767    -0.344203     2.901978
     0.746063    -1.241228     2.902055
    -0.303042    -0.900044     2.897439
    -0.300256     0.204224     2.890892
     1.038754     1.432852     2.318387
     2.335383    -0.344613     2.324979
     1.036188    -2.132885     2.325240
    -1.055144    -1.448888     2.318407
    -1.049147     0.748312     2.307060
     1.700609     0.554406     2.340340
     1.698709    -1.248153     2.342831
    -0.015109    -1.806987     2.340479
    -1.064708    -0.348878     2.327912
    -0.010459     1.102095     2.327956
     1.981070     1.435749     1.740333
     2.626332    -1.241725     1.742910
     0.276059    -2.687548     1.742968
    -1.807766    -0.895097     1.730013
    -0.759564     1.637788     1.726643
     2.627969     0.549584     1.742561
     1.979210    -2.132525     1.743086
    -0.766721    -2.346029     1.740608
    -1.805643     0.197966     1.726564
     0.279421     1.977520     1.730070
     1.799220     1.984783     0.799466
     0.746618     2.316065     0.798187
     3.098122     0.207927     0.801949
     3.097653    -0.898718     0.799992
     1.798644    -2.687125     0.800213
     0.746351    -3.029474     0.802171
    -1.344915    -2.342745     0.799416
    -1.985367    -1.444064     0.798087
    -1.983160     0.748874     0.792419
    -1.338340     1.636453     0.792527
     2.264212     1.646917    -0.130660
     0.170639     2.311685    -0.130200
     2.916622     0.755913    -0.131209
     2.917078    -1.448440    -0.136857
     2.265620    -2.345667    -0.136892
     0.169151    -3.026733    -0.131696
    -0.879629    -2.681045    -0.131158
    -2.159078    -0.895009    -0.130463
    -2.159062     0.204616    -0.132388
    -0.875105     1.971941    -0.132169
     1.222124     1.996107    -0.135784
     2.939992    -0.346480    -0.139232
     1.224667    -2.708803    -0.139797
    -1.533933    -1.797725    -0.136209
    -1.532234     1.099253    -0.138285
     2.466994     1.110230     0.808370
     2.466761    -1.806520     0.806538
    -0.306858    -2.707972     0.808496
    -2.003196    -0.347373     0.801485
    -0.301989     1.994168     0.801653
     2.732440     0.201575    -1.070161
     1.683121    -2.344851    -1.075308
    -1.052485    -2.121973    -1.066702
    -1.692255     0.543253    -1.065179
     0.637984     1.972181    -1.064799
     2.733956    -0.895173    -1.073876
     0.639771    -2.683180    -1.073066
    -1.691382    -1.234778    -1.065284
    -1.052995     1.423172    -1.065014
     1.678550     1.639005    -1.065740
     1.210646     0.206090    -2.214719
     1.211772    -0.895578    -2.216714
     0.164715    -1.233987    -2.215378
    -0.479947    -0.343610    -2.215168
     0.164903     0.544203    -2.214879
     1.965434     0.752026    -1.642794
     1.968870    -1.448752    -1.650781
    -0.119102    -2.124460    -1.645619
    -1.404085    -0.344232    -1.642473
    -0.120280     1.423382    -1.642096
     1.982844    -0.347910    -1.660149
     0.929439    -1.802527    -1.662983
    -0.773345    -1.241997    -1.657756
    -0.773404     0.547649    -1.656350
     0.927126     1.100987    -1.656914
     0.451284    -0.341768     3.448545
     1.317746     2.297834     1.720549
     3.248265    -0.344101     1.727650
     1.317818    -3.001318     1.728138
    -1.791585    -1.981411     1.720629
    -1.783172     1.281615     1.708867
     2.705465     1.289376    -1.055467
     2.709985    -1.982750    -1.067520
    -0.403444    -2.991857    -1.057029
    -2.308755    -0.342685    -1.051665
    -0.400851     2.283520    -1.051344
     0.450666    -0.341037    -2.760377
     0.738084     0.566337     3.969136
     1.392599    -0.335442     3.974907
     0.736274    -1.238797     3.975019
    -0.323743    -0.894990     3.969167
    -0.320777     0.219222     3.961754
     1.032939     1.462978     3.392225
     2.347867    -0.338582     3.401411
     1.034465    -2.146338     3.401724
    -1.085515    -1.452459     3.392317
    -1.075987     0.767893     3.375699
     1.703501     0.571900     3.417461
     1.703017    -1.251076     3.421415
    -0.030718    -1.814871     3.417678
    -1.090034    -0.339889     3.398591
    -0.026691     1.123507     3.398595
     1.321284     2.350026     2.799819
     3.289763    -0.340162     2.810106
     1.327057    -3.041649     2.810691
    -1.840174    -2.000722     2.799990
    -1.825626     1.312542     2.780548
     1.997409     1.470573     2.829787
     2.654896    -1.252705     2.835189
     0.264801    -2.719471     2.833557
    -1.850773    -0.894380     2.809802
    -0.785260     1.673307     2.806154
     2.655143     0.570386     2.833044
     1.998731    -2.155868     2.835383
    -0.794737    -2.372055     2.830166
    -1.847340     0.211629     2.806109
     0.265657     2.018270     2.809810
     2.273421     2.354018     2.217083
     3.583916    -1.244765     2.223187
     0.560342    -3.600362     2.223450
    -2.593656    -1.441551     2.202262
    -1.533781     2.207251     2.196527
     2.936958     1.463128     2.225988
     2.937952    -2.148291     2.228713
    -0.497320    -3.263302     2.226766
    -2.596595    -0.340993     2.203769
    -0.491154     2.556583     2.203841
     3.584213     0.561555     2.222576
     2.278312    -3.041899     2.223690
    -1.549800    -2.907441     2.217629
    -2.586425     0.758506     2.196459
     0.556597     2.893807     2.202250
     2.089583     2.906276     1.265842
     1.027270     3.234126     1.264283
     4.058711     0.216783     1.273333
     4.058858    -0.898943     1.271839
     2.096379    -3.600593     1.272639
     1.034893    -3.945376     1.274241
    -2.131837    -2.903188     1.266125
    -2.771854    -1.994313     1.264293
    -2.763812     1.311916     1.256624
    -2.114914     2.205050     1.256714
     2.566994     2.573863     0.326863
     0.449032     3.236293     0.328809
     3.885155     0.774199     0.329198
     3.886335    -1.456022     0.325096
     2.573451    -3.264049     0.325931
     0.450723    -3.952916     0.330134
    -1.668221    -3.254452     0.327272
    -2.952466    -1.445102     0.328590
    -2.949508     0.765847     0.324966
    -1.652937     2.550433     0.325162
     1.510598     2.919040     0.324155
     3.909800    -0.341232     0.323243
     1.519849    -3.631862     0.323885
    -2.322754    -2.356620     0.323993
    -2.316091     1.668933     0.320667
     3.029051     2.223747    -0.613310
    -0.129003     3.223031    -0.605954
     3.689433     1.325197    -0.615435
     3.693518    -2.005826    -0.623650
     3.037788    -2.909402    -0.623060
    -0.134770    -3.937659    -0.614369
    -1.192989    -3.586160    -0.612554
    -3.118308    -0.891248    -0.606327
    -3.117564     0.214615    -0.607603
    -1.180560     2.880658    -0.607293
     1.981459     2.577011    -0.617599
     3.724301     0.215741    -0.624784
     1.992936    -3.285324    -0.626980
    -1.851721    -2.698874    -0.618149
    -2.493938     1.117730    -0.615846
     0.927950     2.912838    -0.615465
     3.725736    -0.897435    -0.627753
     0.932424    -3.628860    -0.624863
    -2.496672    -1.800693    -0.615956
    -1.846811     2.008437    -0.615730
     3.245568     1.688351     0.334034
     3.249521    -2.374255     0.329961
    -0.616434    -3.626741     0.334980
    -2.969897    -0.339703     0.331399
    -0.607769     2.911345     0.331647
     2.772543     2.032022     1.280228
     3.431899    -1.817176     1.281483
    -0.029858    -3.630655     1.283422
    -2.794694    -0.893243     1.270237
    -1.077133     2.571906     1.267928
     3.430510     1.131999     1.282469
     2.775797    -2.720425     1.281834
    -1.089319    -3.282760     1.280967
    -2.792124     0.211542     1.267776
    -0.027123     2.915643     1.270361
     3.502091     0.765146    -1.562956
     2.448841    -2.908264    -1.569801
    -1.362406    -3.018687    -1.554570
    -2.647325     0.555176    -1.546581
     0.341725     2.881137    -1.547365
     3.513520    -0.339903    -1.570376
     1.397915    -3.259051    -1.572062
    -2.010197    -2.129584    -1.555154
    -2.009417     1.446133    -1.551153
     1.390640     2.552385    -1.554367
     3.507634    -1.445861    -1.570505
     0.339994    -3.590562    -1.564916
    -2.647276    -1.233335    -1.547934
    -1.359126     2.328164    -1.546326
     2.436063     2.210788    -1.553425
     1.205811     0.217598    -3.284366
     1.207026    -0.890042    -3.286767
     0.152817    -1.230917    -3.284983
    -0.494819    -0.335890    -3.283452
     0.154206     0.557153    -3.283188
     1.968453     0.769770    -2.716597
     1.973026    -1.448396    -2.724217
    -0.136222    -2.128527    -2.717807
    -1.430738    -0.337441    -2.713817
    -0.134087     1.447207    -2.713373
     1.984446    -0.339284    -2.734862
     0.922104    -1.801389    -2.735965
    -0.793710    -1.240575    -2.730754
    -0.792282     0.562056    -2.728009
     0.921304     1.120293    -2.729838
     2.724606     1.318507    -2.134804
     2.734632    -2.005224    -2.151825
    -0.421657    -3.023614    -2.138750
    -2.357365    -0.337635    -2.128180
    -0.420471     2.328481    -2.127749
     2.748272     0.213685    -2.157034
     1.690144    -2.368159    -2.166559
    -1.082186    -2.138554    -2.152976
    -1.728171     0.561343    -2.147830
     0.632691     2.010275    -2.149559
     2.752531    -0.897819    -2.161775
     0.635957    -2.709537    -2.164068
    -1.728859    -1.241535    -2.150313
    -1.081032     1.452080    -2.147675
     1.683682     1.672831    -2.151704
     0.432688    -0.328123     4.529963
     1.600446     3.221861     2.194866
     4.212620    -0.340590     2.208816
     1.612698    -3.919222     2.209706
    -2.583164    -2.535523     2.195090
    -2.562334     1.847815     2.179120
     3.471877     1.862134    -1.548604
     3.486554    -2.542788    -1.568716
    -0.714400    -3.898044    -1.547869
    -3.267129    -0.336646    -1.532628
    -0.702408     3.193392    -1.532208
     0.442056    -0.333719    -3.832093
     0.717018     0.590061     5.060660
     1.385485    -0.324692     5.065686
     0.723947    -1.235158     5.065830
    -0.352731    -0.882160     5.060707
    -0.356238     0.245067     5.055466
     1.018660     1.494983     4.479040
     2.353081    -0.331418     4.491907
     1.029372    -2.153310     4.492244
    -1.120268    -1.448633     4.479157
    -1.107070     0.790506     4.453704
     1.698114     0.590418     4.506802
     1.702744    -1.250748     4.511224
    -0.049867    -1.815284     4.507055
    -1.118800    -0.326323     4.477956
    -0.048410     1.146730     4.477939
     1.308806     2.395319     3.891335
     3.313878    -0.335587     3.903310
     1.330262    -3.065782     3.903906
    -1.887031    -2.002719     3.891535
    -1.861108     1.338362     3.857140
     1.998795     1.500930     3.925198
     2.671033    -1.256972     3.931840
     0.253258    -2.736862     3.929557
    -1.887840    -0.883118     3.888551
    -0.811693     1.700880     3.885242
     2.668299     0.586937     3.929018
     2.007893    -2.169692     3.932038
    -0.823053    -2.382565     3.925601
    -1.881717     0.228337     3.885202
     0.243584     2.050085     3.888557
     1.601963     3.282848     3.288078
     4.262779    -0.337842     3.303463
     1.625679    -3.967567     3.304313
    -2.640696    -2.555686     3.288333
    -2.610262     1.882677     3.258793
     2.288904     2.400624     3.322355
     3.623748    -1.256999     3.329981
     0.553168    -3.642373     3.329280
    -2.646099    -1.438323     3.290189
    -1.567434     2.247089     3.284604
     2.965269     1.496893     3.334800
     2.970700    -2.171909     3.338904
    -0.520580    -3.300439     3.335574
    -2.647111    -0.329849     3.294083
    -0.517245     2.601216     3.294145
     3.622181     0.581533     3.328400
     2.302369    -3.075729     3.330465
    -1.589269    -2.936411     3.322912
    -2.634708     0.778311     3.284548
     0.537424     2.942698     3.290175
     2.562943     3.292097     2.700946
     4.559943    -1.247733     2.712425
     0.853361    -4.529560     2.712876
    -3.391160    -1.987640     2.680652
    -2.316016     2.780834     2.672159
     3.240811     2.392778     2.713826
     3.910677    -2.160857     2.719845
    -0.217015    -4.191808     2.718247
    -3.393432    -0.884242     2.682083
    -1.271124     3.135540     2.680726
     3.906827     1.483584     2.717107
     3.250800    -3.069137     2.720140
    -1.287735    -3.839264     2.714783
    -3.388208     0.222022     2.680629
    -0.220490     3.482240     2.682159
     4.558706     0.570113     2.711635
     2.582996    -3.968866     2.713259
    -2.352657    -3.472445     2.701586
    -3.373610     1.325338     2.672091
     0.829758     3.820969     2.680658
     2.378706     3.843964     1.737763
     1.306307     4.164885     1.731603
     5.036696     0.222861     1.755383
     5.037433    -0.900451     1.754406
     2.400493    -4.530426     1.755751
     1.331466    -4.877126     1.756960
    -2.934547    -3.467704     1.738188
    -3.570931    -2.547187     1.731571
    -3.550567     1.880034     1.727504
    -2.898257     2.777832     1.727581
     2.861942     3.517512     0.788571
     0.727196     4.166395     0.792995
     4.864787     0.787549     0.800795
     4.866840    -1.463099     0.798461
     2.883832    -4.193793     0.800293
     0.740686    -4.888463     0.802931
    -2.475097    -3.826152     0.789367
    -3.751154    -1.996862     0.792757
    -3.741124     1.331996     0.790732
    -2.435896     3.128447     0.790899
     1.792062     3.848491     0.786792
     4.888288    -0.338268     0.795886
     1.819679    -4.562912     0.797823
    -3.119885    -2.911235     0.786649
    -3.102532     2.240405     0.786615
     3.337269     3.172216    -0.162132
     0.147669     4.160091    -0.148484
     4.676416     1.349739    -0.157835
     4.681705    -2.021256    -0.161731
     3.359057    -3.843697    -0.159139
     0.146436    -4.883620    -0.154477
    -2.000881    -4.171261    -0.160139
    -3.924105    -1.443703    -0.148874
    -3.919357     0.778217    -0.149896
    -1.964234     3.469133    -0.149629
     2.271028     3.514535    -0.162480
     4.714316     0.226155    -0.163903
     2.302173    -4.225216    -0.162624
    -2.654325    -3.263365    -0.162764
    -3.290567     1.690700    -0.155812
     1.212174     3.849925    -0.157279
     4.715622    -0.900149    -0.165871
     1.228465    -4.572880    -0.160977
    -3.300279    -2.360189    -0.157714
    -2.637795     2.589153    -0.155717
     3.801458     2.810363    -1.107976
    -0.431005     4.142470    -1.087116
     4.470865     1.905919    -1.115438
     4.482984    -2.571626    -1.121330
     3.823149    -3.482040    -1.117432
    -0.448568    -4.860881    -1.110233
    -1.516046    -4.501329    -1.103275
    -4.086001    -0.887831    -1.087599
    -4.084204     0.222708    -1.087834
    -1.486742     3.797660    -1.087451
     2.740038     3.159934    -1.109201
     4.511178     0.785992    -1.123038
     2.771667    -3.862993    -1.122880
    -2.172438    -3.599803    -1.109610
    -3.459676     1.131716    -1.096798
     1.687084     3.505008    -1.107094
     4.525727    -0.334912    -1.129564
     1.706334    -4.221566    -1.124058
    -2.825362    -2.705149    -1.107799
    -2.816993     2.033040    -1.100440
     0.629182     3.833390    -1.098882
     4.515815    -1.455890    -1.128055
     0.631130    -4.554911    -1.118636
    -3.464474    -1.800585    -1.099483
    -2.158335     2.922783    -1.096598
     4.027413     2.273537    -0.153334
     4.039526    -2.945658    -0.155959
    -0.933108    -4.550788    -0.150405
    -3.939227    -0.333126    -0.144658
    -0.913351     3.831351    -0.144319
     3.559706     2.630367     0.802757
     4.235211    -2.392183     0.805832
    -0.339536    -4.570424     0.808935
    -3.774391    -0.889287     0.799627
    -1.390221     3.500069     0.798741
     4.229023     1.716312     0.806931
     3.572262    -3.305070     0.806528
    -1.415927    -4.215863     0.804342
    -3.771549     0.222678     0.798510
    -0.333462     3.846275     0.799870
     3.072636     2.967198     1.756435
     4.407122    -1.825776     1.763898
     0.255934    -4.561478     1.765244
    -3.590413    -1.442121     1.741884
    -1.857765     3.149072     1.738956
     3.749627     2.064613     1.765861
     3.756184    -2.742179     1.768943
    -0.818548    -4.221906     1.767170
    -3.595388    -0.333154     1.743983
    -0.807113     3.504144     1.744142
     4.404327     1.147893     1.763762
     3.085836    -3.644663     1.764685
    -1.886322    -3.856780     1.757392
    -3.582221     0.775753     1.738813
     0.249223     3.841992     1.742010
     4.279693     1.337151    -2.068508
     3.230378    -3.476437    -2.076796
    -1.682097    -3.920762    -2.050440
    -3.611145     0.564969    -2.031655
     0.042216     3.798796    -2.033578
     4.295743     0.224940    -2.083927
     2.169666    -3.836839    -2.077898
    -2.330037    -3.029405    -2.050405
    -2.972559     1.462843    -2.038420
     1.095492     3.471730    -2.044147
     4.299651    -0.888431    -2.083453
     1.101998    -4.181218    -2.075880
    -2.976000    -2.132270    -2.044916
    -2.322654     2.357266    -2.038308
     2.148386     3.134215    -2.049413
     4.292007    -2.005090    -2.085284
     0.030423    -4.510293    -2.066964
    -3.612618    -1.231599    -2.034205
    -1.665978     3.242048    -2.031336
     3.196847     2.791715    -2.049596
     1.201121     0.227344    -4.364633
     1.201909    -0.884582    -4.368441
     0.142825    -1.227728    -4.365597
    -0.507385    -0.329233    -4.361945
     0.145146     0.568271    -4.361661
     1.967694     0.783688    -3.798582
     1.970584    -1.442846    -3.807887
    -0.150659    -2.128876    -3.800285
    -1.450782    -0.331005    -3.792455
    -0.145213     1.465182    -3.791989
     1.982118    -0.330133    -3.816509
     0.914085    -1.797975    -3.818083
    -0.809906    -1.237358    -3.809735
    -0.807265     0.573873    -3.805774
     0.915273     1.135489    -3.808691
     2.730480     1.338874    -3.221019
     2.739983    -2.004197    -3.240503
    -0.442968    -3.027084    -3.222828
    -2.390422    -0.332108    -3.209224
    -0.435079     2.358661    -3.208704
     2.752356     0.226269    -3.246629
     1.684983    -2.361715    -3.253516
    -1.105772    -2.141834    -3.238627
    -1.753543     0.574532    -3.231024
     0.625727     2.036051    -3.233966
     2.755700    -0.890496    -3.251013
     0.622256    -2.704788    -3.249974
    -1.755955    -1.241314    -3.234940
    -1.100684     1.472925    -3.230865
     1.683099     1.695617    -3.237208
     3.488703     1.889290    -2.638317
     3.512666    -2.564128    -2.676900
    -0.730406    -3.929799    -2.641670
    -3.320022    -0.332265    -2.616603
    -0.722550     3.242643    -2.616122
     3.512225     0.781275    -2.660937
     2.458588    -2.935390    -2.678062
    -1.393629    -3.039360    -2.650690
    -2.689144     0.572080    -2.638371
     0.334822     2.924854    -2.640968
     3.523034    -0.333022    -2.672027
     1.400612    -3.288618    -2.685923
    -2.048077    -2.143326    -2.652591
    -2.044746     1.472159    -2.645373
     1.392154     2.593003    -2.651707
     3.526376    -1.450761    -2.671991
     0.334109    -3.621700    -2.673733
    -2.690833    -1.239804    -2.641681
    -1.387747     2.363117    -2.638128
     2.444667     2.247364    -2.649407
     1.869677     4.181347     2.676512
    -3.412633    -3.087866     2.676805
    -3.350901     2.420817     2.656837
     4.244402     2.455994    -2.073594
    -1.050550    -4.818330    -2.062382
    -4.237471    -0.331646    -2.019245
    -1.006732     4.114867    -2.018745
     0.434637    -0.327292    -4.917637
    -1.896750     1.364265     4.950108
    -1.928138    -0.873343     4.981655
    -0.839706     1.727996     4.977558
    -1.916191     0.246612     4.977499
     0.221825     2.085348     4.981713
    -2.654307     1.914698     4.349849
    -2.697369    -1.430688     4.386892
    -1.601952     2.281184     4.378249
    -2.693110    -0.314334     4.389106
    -0.546167     2.640174     4.389183
    -2.677802     0.800654     4.378189
     0.514345     2.989063     4.386927
    -3.409385     2.463323     3.746882
    -3.454390    -1.992049     3.780978
    -2.357260     2.826339     3.771976
    -3.455233    -0.875566     3.785707
    -1.304689     3.187206     3.784601
    -3.447729     0.238050     3.784502
    -0.247776     3.538332     3.785797
    -3.429641     1.350562     3.771911
     0.814453     3.882405     3.780999
    -3.112873     3.363482     3.159020
    -4.203480    -1.436850     3.170058
    -2.059475     3.721866     3.167288
    -4.199386    -0.322624     3.170123
    -1.003619     4.075248     3.170257
    -4.189409     0.790698     3.167169
     0.054904     4.423310     3.170189
    -4.173942     1.903247     3.158947
    -4.350666     2.458762     2.210778
    -3.695855     3.359981     2.210864
     1.010651     5.112418     1.265759
    -4.563301    -2.558756     1.265361
    -4.543460     1.905321     1.264705
    -3.229038     3.714400     1.264859
     2.079445     4.793891     1.257583
    -3.930096    -3.476818     1.257109
    -3.897863     2.818298     1.260345
     0.427453     5.108026     0.316851
    -4.739234    -2.002658     0.316383
    -4.727758     1.348625     0.317075
    -2.756481     4.061752     0.317314
     2.561190     4.464897     0.298424
    -3.468352    -3.833153     0.297814
    -4.092575     2.267898     0.311994
     1.495962     4.796173     0.306451
    -4.112535    -2.922476     0.305923
    -3.434526     3.173606     0.312077
    -0.154681     5.097034    -0.631335
    -4.908551    -1.445517    -0.631879
    -4.902531     0.789266    -0.630886
    -2.278412     4.400887    -0.630547
     3.039411     4.117556    -0.657993
    -2.990442    -4.180518    -0.658769
    -4.272461     1.709008    -0.637307
     1.978002     4.460593    -0.652328
    -3.644422    -3.277022    -0.653019
    -3.624613     2.619862    -0.640215
     0.913785     4.787960    -0.641869
    -4.284526    -2.366130    -0.642504
    -2.958498     3.517454    -0.637133
    -0.737603     5.078826    -1.578305
    -5.071217    -0.885397    -1.578890
    -5.068621     0.228378    -1.577861
    -1.796168     4.732273    -1.577406
     3.512516     3.752998    -1.608550
    -2.498341    -4.517884    -1.609685
    -4.436846     1.144191    -1.583344
     2.452393     4.101547    -1.606395
    -3.156588    -3.617018    -1.607192
    -3.795034     2.054129    -1.589400
     1.392344     4.440407    -1.598993
    -3.806053    -2.713616    -1.599767
    -3.139119     2.956849    -1.589307
     0.329207     4.765227    -1.587064
    -4.443373    -1.803005    -1.587770
    -2.471986     3.848411    -1.583067
    -4.919649    -0.328816    -0.626085
    -1.220255     4.762582    -0.625648
    -4.760173    -0.888086     0.323651
    -1.702828     4.434991     0.323637
    -4.757255     0.231241     0.323318
    -0.639101     4.783551     0.324030
    -4.585155    -1.445696     1.274482
    -2.178959     4.091182     1.272901
    -4.592101    -0.328043     1.276411
    -1.119868     4.450582     1.276677
    -4.577425     0.790232     1.272677
    -0.054702     4.789239     1.274783
    -4.395401    -2.005513     2.224797
    -2.646478     3.732620     2.218129
    -4.405100    -0.885489     2.225421
    -1.592660     4.095068     2.225060
    -4.400097     0.231425     2.224877
    -0.531866     4.444835     2.225621
    -4.380894     1.345624     2.217987
     0.536405     4.781604     2.225014
    -4.593672     0.571785    -2.525120
    -0.262941     4.734143    -2.527630
    -2.655981    -3.945547    -2.553956
    -3.949046     1.478769    -2.532173
     0.799190     4.404299    -2.539166
    -3.307416    -3.042822    -2.548861
    -3.297516     2.382433    -2.534603
     1.859829     4.067758    -2.548011
    -3.954733    -2.138211    -2.539941
    -2.639320     3.281246    -2.531970
     2.919912     3.725747    -2.552919
    -4.596576    -1.230109    -2.528328
    -1.975883     4.174554    -2.524732
     1.197762     0.234570    -5.465303
     1.197218    -0.879980    -5.470692
     0.135767    -1.225098    -5.466674
    -0.516768    -0.324245    -5.461237
     0.138539     0.576466    -5.461049
     1.970547     0.796261    -4.894862
     1.972006    -1.441748    -4.906130
    -0.161612    -2.133533    -4.897303
    -1.469745    -0.326045    -4.886348
    -0.154754     1.482597    -4.885910
     1.982768    -0.323676    -4.910632
     0.909245    -1.798190    -4.912930
    -0.823830    -1.236762    -4.901603
    -0.820539     0.584452    -4.896926
     0.911671     1.149458    -4.900482
     2.739688     1.357281    -4.317695
     2.745557    -2.003497    -4.337194
    -0.459102    -3.038583    -4.320710
    -2.419199    -0.327523    -4.302854
    -0.447358     2.385275    -4.302292
     2.758814     0.237213    -4.343878
     1.683728    -2.362931    -4.352497
    -1.124570    -2.147217    -4.332992
    -1.775594     0.585846    -4.323957
     0.620490     2.058582    -4.327451
     2.760835    -0.885063    -4.348746
     0.613480    -2.709086    -4.348359
    -1.779049    -1.241793    -4.328523
    -1.117374     1.491414    -4.323781
     1.684792     1.715331    -4.331314
     3.506805     1.916420    -3.734483
    -0.752133    -3.943944    -3.736201
    -3.363365    -0.328425    -3.710885
    -0.738882     3.283024    -3.710322
     3.526458     0.797382    -3.763863
     2.458500    -2.927959    -3.779779
    -1.420656    -3.053700    -3.749611
    -2.724042     0.584753    -3.735384
     0.327969     2.960324    -3.738743
     3.536732    -0.324666    -3.777644
     1.390135    -3.278338    -3.786720
    -2.079534    -2.153099    -3.752784
    -2.073212     1.493476    -3.743978
     1.393838     2.625177    -3.751570
     3.535490    -1.448781    -3.774070
     0.318187    -3.617275    -3.771674
    -2.727097    -1.243156    -3.739635
    -1.409897     2.393069    -3.735118
     2.454360     2.276199    -3.747695
    -4.301699    -0.328608    -3.112347
    -1.029121     4.175282    -3.111797
     4.291278     1.356838    -3.173836
    -1.710571    -3.957357    -3.153263
    -3.661795     0.581366    -3.133998
     0.035210     3.850857    -3.136937
     4.303364     0.236687    -3.192399
    -2.369677    -3.054926    -3.158697
    -3.017418     1.489476    -3.145093
     1.098926     3.521356    -3.152409
     4.309741    -0.883957    -3.195168
    -3.022306    -2.150184    -3.153098
    -2.361467     2.392177    -3.144982
     2.161462     3.179752    -3.157971
    -3.664295    -1.240492    -3.137617
    -1.696837     3.285548    -3.133682
     3.224362     2.829345    -3.151413