
     0.384837    -0.536263     0.994996
     0.656604     0.306489     0.444066
     1.271156    -0.535752     0.445415
     0.660016    -1.379799     0.448300
    -0.330617    -1.056074     0.448436
    -0.331539    -0.013133     0.446479
     1.103327    -0.014207    -0.442011
     1.104994    -1.056378    -0.441774
     0.113499    -1.376843    -0.438958
    -0.497590    -0.532086    -0.437662
     0.111734     0.308947    -0.440088
     0.387864    -0.534024    -0.988578
     0.664668     0.346670     1.497164
     1.308479    -0.533297     1.502264
     0.669029    -1.415674     1.505995
    -0.366115    -1.077644     1.504153
    -0.364887     0.011239     1.498380
     1.590054     0.346929     0.925468
     1.597363    -1.414168     0.932371
    -0.080173    -1.960004     0.933654
    -1.111234    -0.531016     0.928220
    -0.081254     0.891386     0.925300
     1.413223     0.890539     0.000049
     0.380202     1.226649     0.002398
     2.059085     0.012068     0.001030
     2.062571    -1.076093     0.001898
     1.421032    -1.959319     0.003277
     0.382874    -2.296550     0.004582
    -0.650962    -1.956921     0.005381
    -1.286844    -1.071193     0.006337
    -1.287286     0.015148     0.003971
    -0.650228     0.891610     0.003185
     1.885566    -0.531688    -0.927198
     0.848069    -1.958485    -0.925902
    -0.824489    -1.407348    -0.919083
    -0.825834     0.350408    -0.918933
     0.845218     0.890442    -0.921843
     1.134819     0.012888    -1.497750
     1.136368    -1.076015    -1.499535
     0.099649    -1.411553    -1.495850
    -0.538293    -0.527327    -1.490780
     0.098876     0.348190    -1.492000
     0.381108    -0.532925     2.048503
     0.940215     1.205160     0.912309
     2.212077    -0.530029     0.917921
     0.948143    -2.274689     0.922231
    -1.095435    -1.605702     0.920521
    -1.093361     0.543972     0.913875
     1.862407     0.543330    -0.914125
     1.866900    -1.606813    -0.915624
    -0.182675    -2.269927    -0.911512
    -1.439899    -0.524103    -0.905941
    -0.182666     1.205630    -0.907514
     0.385868    -0.529444    -2.042104
     0.662943     0.364643     2.555674
     1.316594    -0.525965     2.565270
     0.668187    -1.421370     2.569929
    -0.381871    -1.078881     2.566111
    -0.378750     0.024641     2.556292
     0.947308     1.248108     1.977692
     2.249324    -0.524387     1.990619
     0.957545    -2.310666     1.995751
    -1.134535    -1.625726     1.991125
    -1.128034     0.571253     1.978166
     1.608356     0.369901     1.997400
     1.617980    -1.427230     2.010664
    -0.094331    -1.984343     2.010708
    -1.143886    -0.526490     1.998085
    -0.094465     0.922935     1.994119
     1.884169     1.248300     1.399942
     2.544116    -1.417615     1.413513
     0.196593    -2.863533     1.414434
    -1.886700    -1.070954     1.404318
    -0.840921     1.461194     1.399100
     2.532115     0.366950     1.403743
     1.899292    -2.308983     1.414532
    -0.846167    -2.521618     1.413063
    -1.884093     0.021941     1.400587
     0.192881     1.798249     1.399063
     1.704380     1.798148     0.463550
     0.659604     2.137333     0.465630
     3.010599     0.028688     0.468050
     3.015917    -1.074790     0.469879
     1.719767    -2.862826     0.471517
     0.665724    -3.205228     0.472167
    -1.424777    -2.517697     0.471044
    -2.065248    -1.617514     0.471516
    -2.062371     0.573754     0.465992
    -1.417163     1.460672     0.465901
     2.173358     1.462008    -0.465155
     0.088465     2.136416    -0.459653
     2.831559     0.574691    -0.464685
     2.839323    -1.625804    -0.465678
     2.187917    -2.522521    -0.464948
     0.087069    -3.202773    -0.463508
    -0.960803    -2.856692    -0.461705
    -2.239998    -1.067617    -0.457200
    -2.239727     0.030846    -0.459290
    -0.954428     1.796860    -0.459561
     1.136891     1.817552    -0.468584
     2.859467    -0.525218    -0.472379
     1.144598    -2.885489    -0.471497
    -1.614988    -1.972007    -0.465022
    -1.612274     0.924495    -0.465911
     2.371362     0.924249     0.471375
     2.387371    -1.982557     0.477900
    -0.387307    -2.884164     0.478757
    -2.083099    -0.521900     0.474934
    -0.384206     1.816743     0.472252
     2.656442     0.023231    -1.406664
     1.605720    -2.522073    -1.408069
    -1.134618    -2.297100    -1.397399
    -1.773007     0.369929    -1.392724
     0.558175     1.796338    -1.394241
     2.659276    -1.074027    -1.407958
     0.558865    -2.859952    -1.407146
    -1.772610    -1.408519    -1.393596
    -1.132986     1.248975    -1.392761
     1.598375     1.461088    -1.397962
     1.140911     0.027459    -2.559722
     1.142117    -1.076995    -2.563509
     0.090230    -1.417011    -2.558880
    -0.554821    -0.520140    -2.549304
     0.090444     0.365506    -2.549922
     1.893562     0.574295    -1.984746
     1.898326    -1.626892    -1.989273
    -0.199497    -2.303594    -1.984251
    -1.482924    -0.517575    -1.971339
    -0.197878     1.247031    -1.971815
     1.913153    -0.525782    -2.004294
     0.854219    -1.982124    -2.004257
    -0.851966    -1.417648    -1.991035
    -0.851738     0.372722    -1.987765
     0.851024     0.922882    -1.991717
     0.375678    -0.524121     3.111009
     1.224960     2.111488     1.383904
     3.160015    -0.517998     1.396214
     1.238665    -3.177048     1.400130
    -1.870616    -2.156158     1.394989
    -1.861102     1.106174     1.384171
     2.625486     1.110441    -1.388624
     2.634836    -2.161577    -1.393250
    -0.487009    -3.167729    -1.389872
    -2.389844    -0.514834    -1.377567
    -0.480087     2.109519    -1.377837
     0.379220    -0.521575    -3.104623
     0.658457     0.383875     3.622884
     1.318922    -0.511310     3.638676
     0.664251    -1.415701     3.644823
    -0.396399    -1.070357     3.638541
    -0.390523     0.041280     3.623047
     0.947345     1.276337     3.046917
     2.265962    -0.510586     3.069034
     0.959232    -2.322073     3.074234
    -1.161189    -1.627326     3.067695
    -1.148810     0.591927     3.046681
     1.613641     0.390254     3.068980
     1.626227    -1.425906     3.090823
    -0.106193    -1.990151     3.090040
    -1.164638    -0.515833     3.068329
    -0.104456     0.945929     3.063477
     1.233271     2.160216     2.458276
     3.200775    -0.507762     2.481146
     1.249947    -3.216508     2.484465
    -1.917185    -2.175278     2.476761
    -1.899834     1.137679     2.457511
     1.901163     1.283359     2.483045
     2.573773    -1.424303     2.507540
     0.187562    -2.894205     2.507037
    -1.926750    -1.069543     2.486125
    -0.862481     1.496989     2.479528
     2.557299     0.391899     2.488454
     1.920672    -2.330022     2.508235
    -0.871971    -2.546524     2.505035
    -1.922313     0.036445     2.481673
     0.184331     1.838644     2.479707
     2.176262     2.160910     1.877496
     3.500929    -1.409931     1.899539
     0.481785    -3.774613     1.897640
    -2.670682    -1.615361     1.881156
    -1.610234     2.032168     1.874992
     2.834209     1.278866     1.886046
     2.858159    -2.318911     1.904416
    -0.575864    -3.437391     1.901522
    -2.672602    -0.515178     1.882605
    -0.570235     2.379543     1.880530
     3.482084     0.389187     1.886779
     2.199665    -3.215218     1.898716
    -1.628076    -3.081182     1.893637
    -2.661503     0.584291     1.875646
     0.474037     2.712267     1.875621
     1.994888     2.713548     0.935048
     0.943624     3.053432     0.936458
     3.968413     0.049924     0.945832
     3.976263    -1.064560     0.948819
     2.018339    -3.774568     0.947803
     0.954885    -4.119609     0.947786
    -2.211462    -3.076296     0.941696
    -2.850960    -2.165878     0.941922
    -2.840281     1.138483     0.935317
    -2.190404     2.031094     0.935579
     2.470696     2.383082     0.000226
     0.368191     3.061329     0.003699
     3.797954     0.602394     0.005016
     3.808444    -1.628416     0.003629
     2.496409    -3.439356     0.003197
     0.368691    -4.127624     0.002627
    -1.749769    -3.428200     0.001280
    -3.033121    -1.615655     0.006103
    -3.028447     0.593538     0.002618
    -1.729430     2.377024     0.003158
     1.425499     2.740380    -0.002614
     3.828265    -0.512922    -0.001550
     1.440124    -3.807025    -0.002535
    -2.404117    -2.528833    -0.000322
    -2.394050     1.495979    -0.001867
     2.937696     2.039784    -0.935586
    -0.208222     3.050760    -0.929001
     3.605934     1.150219    -0.935368
     3.619385    -2.183335    -0.941428
     2.962651    -3.087964    -0.941315
    -0.219400    -4.112922    -0.942547
    -1.276965    -3.761046    -0.939552
    -3.200361    -1.061022    -0.928727
    -3.198745     0.043821    -0.930143
    -1.257973     2.708526    -0.929264
     1.898278     2.400958    -0.941973
     3.646015     0.041468    -0.948838
     1.914908    -3.462044    -0.952018
    -1.935361    -2.872227    -0.943642
    -2.574081     0.946082    -0.938988
     0.847112     2.739046    -0.939632
     3.649978    -1.073680    -0.950603
     0.850737    -3.805377    -0.952718
    -2.579580    -1.972107    -0.939947
    -1.925622     1.836301    -0.938710
     3.144803     1.502658     0.006646
     3.172524    -2.548328     0.008718
    -0.698407    -3.801693     0.007811
    -3.049939    -0.511202     0.008938
    -0.686124     2.736853     0.008184
     2.669549     1.841603     0.946269
     3.353132    -1.987272     0.958947
    -0.110079    -3.805457     0.956875
    -2.873244    -1.065724     0.948305
    -1.154552     2.396531     0.945028
     3.326542     0.950755     0.949952
     2.697822    -2.893250     0.958263
    -1.169392    -3.457053     0.955154
    -2.869947     0.038472     0.945957
    -0.107514     2.738156     0.945306
     3.430271     0.593892    -1.887272
     2.374843    -3.087551    -1.892176
    -1.449300    -3.193691    -1.880472
    -2.729158     0.384986    -1.869305
     0.263601     2.709465    -1.869323
     3.443818    -0.516872    -1.895115
     1.319084    -3.437050    -1.898077
    -2.095240    -2.302606    -1.879728
    -2.090020     1.275324    -1.874213
     1.312682     2.380257    -1.876273
     3.437430    -1.626828    -1.891080
     0.255958    -3.767533    -1.893248
    -2.730802    -1.404299    -1.871177
    -1.438269     2.157074    -1.868676
     2.358418     2.038442    -1.874819
     1.137343     0.043879    -3.632154
     1.138014    -1.071539    -3.638406
     0.075624    -1.414713    -3.632292
    -0.571686    -0.509944    -3.616522
     0.078292     0.381825    -3.616684
     1.903367     0.599107    -3.061320
     1.908822    -1.632117    -3.067750
    -0.217698    -2.315162    -3.062677
    -1.509752    -0.508897    -3.040574
    -0.211094     1.273163    -3.040337
     1.922427    -0.516363    -3.083620
     0.850520    -1.989588    -3.084412
    -0.872911    -1.416397    -3.062623
    -0.870492     0.389319    -3.057130
     0.847338     0.945886    -3.061967
     2.658091     1.148773    -2.470403
     2.669429    -2.184816    -2.477782
    -0.509274    -3.203322    -2.474826
    -2.438737    -0.507685    -2.451949
    -0.498062     2.156082    -2.451184
     2.688168     0.039983    -2.498645
     1.619443    -2.548958    -2.501798
    -1.166084    -2.313345    -2.482118
    -1.808763     0.390540    -2.473377
     0.556214     1.837152    -2.475332
     2.691413    -1.075128    -2.500586
     0.556205    -2.890225    -2.501188
    -1.811176    -1.413850    -2.476709
    -1.160346     1.280535    -2.473197
     1.609437     1.499586    -2.479773
     0.368341    -0.507570     4.187089
     1.513142     3.027262     1.860653
     4.119229    -0.498288     1.882941
     1.534365    -4.093193     1.884363
    -2.661052    -2.708563     1.872833
    -2.636671     1.673874     1.859486
     3.395132     1.691449    -1.866492
     3.412823    -2.724468    -1.876302
    -0.802135    -4.073886    -1.876656
    -3.349837    -0.505917    -1.854342
    -0.780321     3.022553    -1.853175
     0.365793    -0.509506    -4.180708
     0.655301     0.410338     4.700917
     1.320650    -0.490179     4.727788
     0.658394    -1.401259     4.738994
    -0.412765    -1.055576     4.726968
    -0.406481     0.063434     4.700813
     0.945380     1.304511     4.122950
     2.278857    -0.484870     4.160923
     0.958595    -2.323782     4.167035
    -1.190121    -1.616131     4.158282
    -1.167094     0.614633     4.122189
     1.614633     0.417170     4.144967
     1.631562    -1.415783     4.182607
    -0.119109    -1.986548     4.181291
    -1.184706    -0.496315     4.143422
    -0.113877     0.969052     4.138683
     1.236152     2.196718     3.536923
     3.229088    -0.483154     3.577079
     1.255958    -3.238162     3.578995
    -1.959575    -2.175175     3.570469
    -1.926954     1.163842     3.535482
     1.908138     1.314723     3.564605
     2.593990    -1.416284     3.606352
     0.179546    -2.909453     3.604638
    -1.958308    -1.055221     3.567029
    -0.878608     1.524715     3.559967
     2.569539     0.421627     3.570900
     1.933281    -2.338061     3.606362
    -0.896564    -2.554131     3.602744
    -1.950062     0.055564     3.562116
     0.177253     1.869503     3.560305
     1.523653     3.081151     2.942579
     4.164676    -0.484606     2.981461
     1.549187    -4.140620     2.979538
    -2.715813    -2.728847     2.967591
    -2.679640     1.708847     2.940566
     2.194756     2.204096     2.969038
     3.541360    -1.412764     3.008366
     0.476901    -3.815563     3.004555
    -2.719185    -1.611185     2.971181
    -1.637271     2.071679     2.964641
     2.858744     1.316658     2.980428
     2.892495    -2.336762     3.015892
    -0.596597    -3.473357     3.011715
    -2.718750    -0.502924     2.974888
    -0.586589     2.422956     2.972892
     3.512465     0.421157     2.979234
     2.225630    -3.246161     3.006345
    -1.664769    -3.109541     3.000509
    -2.705075     0.604942     2.965644
     0.468683     2.759242     2.965494
     2.470791     3.082832     2.359654
     4.474539    -1.395966     2.394554
     0.775311    -4.702877     2.388348
    -3.466649    -2.159920     2.363047
    -2.387611     2.606295     2.355434
     3.133530     2.200750     2.370588
     3.830698    -2.320381     2.399760
    -0.295003    -4.365007     2.394163
    -3.467437    -1.056672     2.364880
    -1.342601     2.959096     2.363475
     3.790582     1.311296     2.375999
     3.172567    -3.236293     2.398124
    -1.365479    -4.012329     2.391596
    -3.460967     0.049312     2.363598
    -0.290879     3.302493     2.363964
     4.441386     0.419937     2.377591
     2.505593    -4.139749     2.389936
    -2.430072    -3.645172     2.379610
    -3.445284     1.152572     2.355665
     0.760525     3.633939     2.356855
     2.288583     3.636885     1.412725
     1.232416     3.976778     1.413079
     4.939528     0.078336     1.431708
     4.952165    -1.048936     1.439242
     2.322385    -4.703681     1.433444
     1.251840    -5.050659     1.432151
    -3.014000    -3.639503     1.416401
    -3.649408    -2.717232     1.412403
    -3.624078     1.707944     1.410854
    -2.970590     2.604884     1.411145
     2.767660     3.309380     0.473921
     0.653688     3.988740     0.474850
     4.773044     0.638530     0.489117
     4.787973    -1.624833     0.484996
     2.806702    -4.368364     0.480560
     0.659374    -5.062244     0.478210
    -2.556883    -3.998259     0.466736
    -3.831238    -2.165922     0.473930
    -3.817526     1.160949     0.472796
    -2.509451     2.956052     0.473526
     1.716508     3.665810     0.469861
     4.805154    -0.494604     0.480627
     1.740583    -4.737085     0.474771
    -3.201178    -3.081739     0.466004
    -3.177914     2.068804     0.468697
     3.240672     2.972072    -0.467620
     0.072401     3.987123    -0.466498
     4.589528     1.193832    -0.460451
     4.607444    -2.193612    -0.471923
     3.283883    -4.021514    -0.473950
     0.062609    -5.058071    -0.478811
    -2.085428    -4.344396    -0.482861
    -4.005844    -1.611835    -0.467617
    -3.998682     0.608603    -0.468553
    -2.039067     3.297795    -0.467231
     2.194809     3.335293    -0.474783
     4.634169     0.065887    -0.474124
     2.224309    -4.401114    -0.482527
    -2.738438    -3.434863    -0.484044
    -3.368772     1.520386    -0.474795
     1.136792     3.675026    -0.473842
     4.639315    -1.067726    -0.478139
     1.147390    -4.748429    -0.484194
    -3.383420    -2.529838    -0.477796
    -2.714431     2.418326    -0.474350
     3.708808     2.628753    -1.406088
    -0.507594     3.972164    -1.404558
     4.389581     1.739418    -1.410088
     4.412788    -2.752246    -1.424151
     3.750856    -3.664532    -1.424736
    -0.535810    -5.036216    -1.433021
    -1.604047    -4.675850    -1.425463
    -4.169256    -1.055010    -1.406428
    -4.166132     0.054495    -1.406786
    -1.562576     3.627834    -1.404851
     2.664224     2.987389    -1.417493
     4.436788     0.622204    -1.427917
     2.696835    -4.042204    -1.437235
    -2.260204    -3.772954    -1.430705
    -3.540530     0.962796    -1.416155
     1.611354     3.333720    -1.419923
     4.454757    -0.506311    -1.436783
     1.627161    -4.399874    -1.443423
    -2.911855    -2.875948    -1.427929
    -2.896307     1.863641    -1.419712
     0.552625     3.662681    -1.415109
     4.445648    -1.633523    -1.434565
     0.547109    -4.732222    -1.441258
    -3.549392    -1.969293    -1.419113
    -2.235940     2.753167    -1.415227
     3.916963     2.089828    -0.459701
     3.964169    -3.121427    -0.469075
    -1.017670    -4.725110    -0.474432
    -4.019994    -0.501989    -0.463559
    -0.988675     3.659362    -0.462400
     3.448392     2.433727     0.484097
     4.158324    -2.560867     0.490218
    -0.421481    -4.744519     0.484233
    -3.853476    -1.059008     0.481093
    -1.464325     3.326586     0.480648
     4.109813     1.540632     0.490333
     3.495392    -3.477614     0.488496
    -1.497966    -4.389279     0.480368
    -3.849627     0.052209     0.480147
    -0.408127     3.671419     0.481093
     2.966570     2.764825     1.425412
     4.328461    -1.984895     1.447445
     0.176064    -4.735266     1.440612
    -3.667680    -1.612950     1.423812
    -1.930648     2.975000     1.421525
     3.631844     1.878313     1.434223
     3.678766    -2.909268     1.449610
    -0.898492    -4.395475     1.443074
    -3.671691    -0.504588     1.426236
    -0.880591     3.328165     1.426011
     4.283580     0.981366     1.436990
     3.008361    -3.815986     1.443269
    -1.966098    -4.029649     1.434232
    -3.657376     0.603980     1.421414
     0.175245     3.662478     1.422452
     4.214511     1.182314    -2.373266
     3.157549    -3.664236    -2.383071
    -1.774975    -4.096536    -2.371299
    -3.694238     0.397336    -2.350560
    -0.034649     3.630486    -2.349362
     4.234669     0.056393    -2.385223
     2.094339    -4.019498    -2.391769
    -2.421605    -3.202144    -2.369702
    -3.054113     1.294851    -2.357665
     1.019456     3.304465    -2.357286
     4.239189    -1.070403    -2.387744
     1.020009    -4.362433    -2.393481
    -3.064490    -2.302397    -2.364290
    -2.402522     2.188977    -2.357176
     2.073304     2.968838    -2.358559
     4.229015    -2.190385    -2.381545
    -0.058149    -4.689161    -2.388308
    -3.698605    -1.399519    -2.353357
    -1.744060     3.073814    -2.349137
     3.122305     2.627150    -2.356720
     1.128376     0.063996    -4.720581
     1.126135    -1.061534    -4.732582
     0.055021    -1.409840    -4.721405
    -0.595844    -0.498776    -4.694558
     0.062181     0.403828    -4.694453
     1.901695     0.630069    -4.151906
     1.910700    -1.632077    -4.160582
    -0.246118    -2.319488    -4.154566
    -1.535907    -0.498333    -4.116612
    -0.227012     1.297552    -4.115849
     1.923042    -0.502981    -4.174859
     0.839272    -1.991557    -4.176181
    -0.898782    -1.409034    -4.138613
    -0.889545     0.405412    -4.132339
     0.835008     0.970981    -4.137063
     2.671125     1.189096    -3.564111
     2.688215    -2.197257    -3.572585
    -0.541390    -3.222651    -3.570759
    -2.474314    -0.499157    -3.530602
    -0.514542     2.189944    -3.529160
     2.703054     0.060993    -3.596343
     1.623271    -2.563517    -3.599851
    -1.198100    -2.315812    -3.564563
    -1.835901     0.406796    -3.553979
     0.546634     1.869429    -3.555777
     2.708516    -1.072258    -3.598126
     0.542374    -2.906991    -3.599985
    -1.843125    -1.410804    -3.558273
    -1.181710     1.304430    -3.553640
     1.605601     1.533999    -3.560677
     3.431366     1.737224    -2.961249
     3.453954    -2.753502    -2.973640
    -0.829144    -4.112870    -2.975177
    -3.404316    -0.499269    -2.936274
    -0.800288     3.074214    -2.934259
     3.468618     0.619951    -2.994141
     2.396923    -3.122017    -2.999656
    -1.489051    -3.212717    -2.972920
    -2.772160     0.404586    -2.959184
     0.257446     2.757268    -2.959324
     3.484527    -0.508451    -3.005305
     1.325694    -3.475224    -3.009526
    -2.138726    -2.314272    -2.974111
    -2.126236     1.304286    -2.966580
     1.315313     2.427909    -2.968558
     3.478324    -1.635314    -2.997893
     0.246262    -3.806849    -3.002065
    -2.777560    -1.408551    -2.962725
    -1.467472     2.194987    -2.958330
     2.369462     2.085833    -2.964841
     0.354210    -0.467270     5.292856
     1.806259     3.954048     2.343873
     5.101655    -0.460269     2.387939
    -3.489672    -3.260027     2.356384
    -3.421827     2.247802     2.341427
     4.175678     2.309076    -2.350060
     4.212509    -3.304175    -2.371767
    -1.141856    -4.996468    -2.381692
    -4.321830    -0.498292    -2.337583
    -1.083520     3.946629    -2.335134
     0.331865    -0.483632    -5.286480
     0.944462     1.332986     5.217721
    -1.185381     0.637352     5.216583
     1.617342     0.443904     5.239623
    -1.205345    -0.477547     5.237307
    -0.120624     0.986150     5.233185
     1.238155     2.232103     4.629187
    -1.951932     1.190487     4.627330
     1.913632     1.347680     4.655855
    -1.990291    -1.037366     4.661597
    -0.892698     1.550763     4.651463
     2.581686     0.453827     4.666360
    -1.976651     0.078088     4.652747
     0.170629     1.898029     4.651870
     1.530998     3.126625     4.035859
    -2.714870     1.740267     4.033309
     2.206998     2.244146     4.064813
    -2.764320    -1.599733     4.070290
    -1.660518     2.104889     4.059905
     2.876627     1.354060     4.077932
    -2.758541    -0.484252     4.071520
    -0.600096     2.459275     4.069980
     3.538672     0.455283     4.078968
    -2.741313     0.629027     4.060680
     0.464982     2.798973     4.060917
     1.820557     4.015041     3.437694
    -3.471483     2.287134     3.434653
     2.494145     3.133508     3.461811
    -3.524732    -2.162689     3.465448
    -2.421222     2.651102     3.456644
     3.164026     2.246421     3.476836
    -3.524842    -1.046744     3.470031
    -1.365892     3.008911     3.469269
     3.826732     1.351841     3.481753
    -3.515937     0.066227     3.468918
    -0.304498     3.355516     3.469787
     4.485914     0.449819     3.479174
    -3.496600     1.177775     3.456964
     0.758340     3.689302     3.458248
     2.773978     4.017761     2.850869
    -3.176291     3.190250     2.845436
     3.440136     3.132339     2.862299
    -4.275947    -1.608086     2.855595
    -2.124807     3.545839     2.854004
     4.103546     2.241088     2.870237
    -4.270689    -0.494197     2.855952
    -1.067199     3.895530     2.857372
     4.763989     1.345273     2.875039
    -4.259482     0.618035     2.853328
    -0.007155     4.237346     2.855096
    -4.242582     1.726895     2.845584
     1.051272     4.570420     2.847536
     2.590858     4.574675     1.897101
     1.526869     4.915951     1.896347
    -4.422154     2.285073     1.893679
    -3.763509     3.188769     1.893777
     3.072434     4.246495     0.953004
     0.944412     4.928678     0.951978
    -4.643065    -2.726611     0.949219
    -4.617560     1.734739     0.949705
    -3.299868     3.542798     0.950164
     2.013454     4.601164     0.948037
    -4.011533    -3.645733     0.939534
    -3.970801     2.647525     0.945798
     3.550019     3.911696     0.005484
     0.359399     4.931982     0.004204
    -4.820459    -2.169760     0.000806
    -4.804820     1.179976     0.002076
    -2.829190     3.890726     0.003139
     2.496368     4.274806    -0.001827
    -3.552637    -4.003042    -0.019859
    -4.168492     2.098542    -0.003426
     1.431248     4.616567    -0.001677
    -4.195446    -3.090846    -0.011076
    -3.508934     3.003515    -0.003034
     4.024796     3.570885    -0.942924
    -0.226072     4.925306    -0.943424
    -4.991267    -1.612101    -0.946721
    -4.982448     0.622566    -0.945700
    -2.352832     4.230837    -0.943887
     2.972957     3.933963    -0.952752
    -3.078080    -4.352093    -0.975794
    -4.351366     1.541170    -0.953364
     1.912494     4.284717    -0.955163
    -3.730810    -3.446548    -0.969714
    -3.702011     2.451384    -0.956142
     0.844611     4.614883    -0.951697
    -4.369217    -2.533778    -0.958982
    -3.034245     3.348386    -0.952400
    -0.809846     4.909518    -1.887400
    -5.154546    -1.052693    -1.890824
    -5.150322     0.064676    -1.890072
    -1.872847     4.562371    -1.887501
     3.447423     3.578390    -1.902873
    -2.590300    -4.691378    -1.926587
    -4.518447     0.977861    -1.899652
     2.385340     3.932312    -1.904566
    -3.247729    -3.788081    -1.922668
    -3.875146     1.887154    -1.905791
     1.321609     4.271457    -1.904297
    -3.894798    -2.882140    -1.915639
    -3.217564     2.789410    -1.905258
     0.256030     4.596176    -1.897806
    -4.529774    -1.969694    -1.904000
    -2.548836     3.680609    -1.898096
     4.703770     2.686223    -0.933252
    -5.001323    -0.495358    -0.941754
    -1.294045     4.592273    -0.939519
     4.232882     3.032626     0.017361
    -4.840186    -1.055477     0.008118
    -1.775347     4.263033     0.009315
     4.901789     2.139384     0.026135
    -4.836071     0.063119     0.007964
    -0.710849     4.610654     0.009708
     3.756778     3.370066     0.965264
    -4.663321    -1.614058     0.959052
    -2.250036     3.918163     0.958681
     4.427595     2.480833     0.975990
    -4.669193    -0.497112     0.961458
    -1.190582     4.276053     0.962424
     5.087114     1.580217     0.982071
    -4.653197     0.620532     0.957985
    -0.124251     4.612352     0.959645
     3.269913     3.697107     1.910279
    -4.471791    -2.175174     1.909181
    -2.716009     3.559189     1.904377
     3.941486     2.811242     1.921916
    -4.480174    -1.055704     1.910869
    -1.661775     3.919788     1.911540
     4.603134     1.915889     1.928946
    -4.473997     0.060766     1.910593
    -0.600470     4.266369     1.912073
     5.259065     1.011504     1.932878
    -4.453530     1.174536     1.904094
     0.463114     4.597195     1.905932
    -4.674721     0.410209    -2.841258
    -0.334471     4.566231    -2.839298
    -2.754709    -4.117408    -2.868750
    -4.030877     1.313901    -2.848814
     0.725338     4.239637    -2.847033
    -3.402592    -3.212467    -2.863957
    -3.378218     2.216430    -2.851089
     1.786593     3.906584    -2.849649
    -4.045221    -2.306118    -2.856020
    -2.718822     3.114209    -2.847721
     2.847585     3.567362    -2.849283
    -4.681457    -1.398956    -2.844591
    -2.055708     4.004342    -2.839156
    -1.562679    -0.488673    -5.211385
    -0.242947     1.321948    -5.210245
    -0.925017    -1.403351    -5.233274
    -0.903699     0.417099    -5.226842
     0.823552     0.996387    -5.230954
    -2.508559    -0.490141    -4.622870
    -0.532142     2.221916    -4.621010
    -1.232451    -2.317425    -4.660020
    -1.860961     0.421899    -4.645546
     0.533454     1.901657    -4.646411
    -1.876136    -1.405858    -4.649526
    -1.202107     1.325866    -4.645138
     1.598527     1.569916    -4.655246
    -3.449808    -0.492215    -4.029558
    -0.819262     3.117413    -4.027005
    -1.529575    -3.227114    -4.072643
    -2.808781     0.420371    -4.054610
     0.245762     2.799156    -4.054362
    -2.179787    -2.319736    -4.071614
    -2.156584     1.328343    -4.063670
     1.309878     2.471500    -4.065190
    -2.819401    -1.407832    -4.058503
    -1.491853     2.227347    -4.053596
     2.372547     2.132277    -4.063946
    -4.384235    -0.493052    -3.431409
    -1.105566     4.005995    -3.428364
    -1.817124    -4.129674    -3.472863
    -3.746198     0.416511    -3.451956
    -0.042741     3.687061    -3.450663
    -2.471295    -3.224010    -3.475452
    -3.100314     1.324178    -3.463491
     1.020378     3.361950    -3.462607
    -3.117312    -2.317300    -3.470539
    -2.442684     2.226511    -3.462973
     2.081626     3.026476    -3.463709
    -3.753988    -1.406082    -3.455518
    -1.776270     3.119616    -3.450350
     3.142918     2.681514    -3.459111
     2.109104     4.905823     2.841036
    -4.228742     2.836668     2.837642
    -5.320597    -0.492197    -2.834765
    -1.394203     4.896015    -2.831367