
   0.0291711967  -0.0092230495   1.6590802670
   0.0292314533  -0.9373631477   1.1077908278
   0.9116802216  -0.2961558700   1.1079721451
   0.5743253231   0.7416264415   1.1082708836
  -0.5166825652   0.7419821024   1.1084188223
  -0.8534886241  -0.2957673967   1.1080811024
   0.0288620144  -0.9371034503   0.0077213626
   0.9112105966  -0.2960731089   0.0079853917
   0.5741636157   0.7411627769   0.0082659833
  -0.5165621042   0.7412108779   0.0082017444
  -0.8535820246  -0.2960299850   0.0078124059
   0.0287541095  -0.0094815791  -0.5423342586
   0.0290937163  -1.8683016300   0.5565490127
   1.7969528437  -0.5838817358   0.5569191575
   1.1214431524   1.4945607185   0.5573856235
  -1.0639874935   1.4949157238   0.5572879910
  -1.7386591434  -0.5834457278   0.5572541952
   0.0296683498  -0.9385974407   2.2082583904
   0.0286932234  -0.9375647902  -1.0922834873
   0.9130352736  -0.2967017591   2.2083640099
   0.9116121531  -0.2962733805  -1.0920013189
   0.5752640963   0.7423547506   2.2085905075
   0.5745881200   0.7411645651  -1.0918034315
  -0.5169749260   0.7428156734   2.2086529732
  -0.5166679621   0.7409523129  -1.0920670033
  -0.8540371656  -0.2962093353   2.2086164951
  -0.8541598320  -0.2965742946  -1.0924046040
   0.9173285961  -1.2317154408   1.6567341089
   0.9160669446  -1.2304815054  -0.5416781306
   0.9162315130  -1.2305017710   0.5572687387
   1.4657758474   0.4573169947   1.6570926905
   1.4645023346   0.4569488764  -0.5413055420
   1.4643843174   0.4570204020   0.5576413870
   0.0285010431   1.5017945766   1.6574907303
   0.0290033184   1.4996453524  -0.5412647724
   0.0286404062   1.5001926422   0.5579454899
  -1.4074461460   0.4584568441   1.6574490070
  -1.4068443775   0.4565942883  -0.5416918397
  -1.4065285921   0.4575199783   0.5577256083
  -0.8582245111  -1.2313703299   1.6569509506
  -0.8586356044  -1.2305166721  -0.5419386625
  -0.8579932451  -1.2302960157   0.5572715402
   0.0295082107  -1.8693419695   1.6551077366
   0.0287709702  -1.8682935238  -0.5414057374
   1.7980469465  -0.5843362212   1.6553937197
   1.7969473600  -0.5838527083  -0.5409724712
   1.1220557690   1.4952558279   1.6558679342
   1.1216820478   1.4943863153  -0.5405691266
  -1.0649067163   1.4966720343   1.6562408209
  -1.0636794567   1.4939748049  -0.5412205458
  -1.7389128208  -0.5835899711   1.6561167240
  -1.7394886017  -0.5840170979  -0.5412544012
   0.0296318848  -0.0095006796   2.7599511147
   0.0289788190  -0.0096768383  -1.6430854797
   0.0289230924  -2.8032066822   0.0073978179
   0.0292646233  -2.8034625053   1.1027182341
   2.6861741543  -0.8727935553   0.0079612443
   2.6863932610  -0.8729584217   1.1031782627
   1.6710807085   2.2508363724   0.0085745268
   1.6710423231   2.2508919239   1.1038588285
  -1.6130515337   2.2503244877   0.0066085737
  -1.6139004230   2.2519309521   1.1029973030
  -2.6276953220  -0.8724284172   0.0094445720
  -2.6269490719  -0.8721272349   1.1050955057
   0.0301766377  -0.9410198331   3.3087193966
   0.0289976019  -0.9386969805  -2.1926031113
   0.0299581625  -1.8729147911   2.7545969486
   0.0288309455  -1.8692071438  -1.6398880482
   0.9153950214  -0.2977926433   3.3087770939
   0.9130021930  -0.2966194153  -2.1923933029
   1.8015021086  -0.5857139826   2.7548208237
   1.7980725765  -0.5841193199  -1.6394469738
   0.5770993829   0.7434132099   3.3089859486
   0.5756400228   0.7419151068  -2.1922709942
   1.1246013641   1.4973925352   2.7553467751
   1.1226018667   1.4949929714  -1.6391278505
  -0.5175793171   0.7438895106   3.3088648319
  -0.5168790221   0.7416411042  -2.1926021576
  -1.0664355755   1.4990738630   2.7551052570
  -1.0638269186   1.4942493439  -1.6400829554
  -0.8553379774  -0.2974804938   3.3091392517
  -0.8549134135  -0.2970679998  -2.1926386356
  -1.7414165735  -0.5852206945   2.7558529377
  -1.7412915230  -0.5848889351  -1.6402071714
   0.9196053147  -1.2346299887   2.7562315464
   0.9169913530  -1.2315305471  -1.6411293745
   1.4692257643   0.4578793347   2.7565948963
   1.4660762548   0.4572946429  -1.6407709122
   0.0290956777   1.5045514107   2.7569143772
   0.0294206161   1.5006591082  -1.6409441233
  -1.4099268913   0.4589136541   2.7569983006
  -1.4081645012   0.4563844800  -1.6414152384
  -0.8595599532  -1.2343472242   2.7566037178
  -0.8597169518  -1.2317219973  -1.6414839029
   1.8083318472  -1.5261576176   2.2025604248
   1.8054587841  -1.5227839947  -1.0890656710
   1.8051860332  -1.5222705603   0.0077954833
   1.8056198359  -1.5229810476   1.1046572924
   0.9220477939  -2.1700947285   2.2024288177
   0.9193628430  -2.1664586067  -1.0892940760
   0.9189173579  -2.1661114693   0.0075890985
   0.9196677804  -2.1666495800   1.1044940948
   2.0210323334   1.2133468390   2.2031457424
   2.0175228119   1.2122931480  -1.0885385275
   2.0166263580   1.2122900486   0.0083665419
   2.0172176361   1.2123001814   1.1052497625
   2.3596506119   0.1713619977   2.2029130459
   2.3559341431   0.1708047390  -1.0887182951
   2.3551926613   0.1704762280   0.0081435172
   2.3557419777   0.1707224697   1.1050047874
  -0.5199817419   2.2638289928   2.2036595345
  -0.5181368589   2.2583613396  -1.0890854597
  -0.5188151002   2.2583436966   0.0082030874
  -0.5194637179   2.2599229813   1.1057001352
   0.5765566230   2.2626414299   2.2036173344
   0.5767877102   2.2588093281  -1.0885640383
   0.5765045285   2.2584638596   0.0085068885
   0.5760005713   2.2592382431   1.1055616140
  -2.2999796867   0.1725321710   2.2038698196
  -2.2987570763   0.1699618846  -1.0894938707
  -2.2972400188   0.1707000434   0.0081300791
  -2.2970223427   0.1717956960   1.1055487394
  -1.9627710581   1.2155889273   2.2035980225
  -1.9593380690   1.2111735344  -1.0894954205
  -1.9588429928   1.2121790648   0.0079232780
  -1.9596095085   1.2136591673   1.1055471897
  -0.8625532389  -2.1699109077   2.2026264668
  -0.8619809747  -2.1663231850  -1.0895621777
  -0.8610912561  -2.1660020351   0.0074924622
  -0.8610381484  -2.1664566994   1.1045633554
  -1.7483696938  -1.5257236958   2.2033042908
  -1.7486329079  -1.5229796171  -1.0896737576
  -1.7471528053  -1.5220919847   0.0078232121
  -1.7465873957  -1.5225137472   1.1051117182
   0.0296491086  -2.8046963215   2.1989936829
   0.0288324635  -2.8032202721  -1.0878864527
   2.6875774860  -0.8735391498   2.1993794441
   2.6864213943  -0.8727802634  -1.0872558355
   1.6720315218   2.2512757778   2.2001307011
   1.6714805365   2.2508513927  -1.0867458582
  -1.6160664558   2.2552292347   2.2003850937
  -1.6126519442   2.2496509552  -1.0890423059
  -2.6271390915  -0.8727897406   2.2014565468
  -2.6293532848  -0.8732203245  -1.0869441032
   0.0301885363  -0.0100427130   3.8612511158
   0.0294876695  -0.0097142281  -2.7439563274
   0.0287797563  -3.7430484295  -0.5399712920
   0.0290466398  -3.7432005405   0.5543965101
   0.0293799303  -3.7436640263   1.6479884386
   3.5802135468  -1.1632421017  -0.5391634703
   3.5802021027  -1.1633231640   0.5550615788
   3.5805790424  -1.1635936499   1.6485458612
   2.2236816883   3.0112390518  -0.5384317636
   2.2234032154   3.0112643242   0.5559360385
   2.2236514091   3.0111322403   1.6494778395
  -2.1649615765   3.0097599030  -0.5444692373
  -2.1652560234   3.0105509758   0.5496309996
  -2.1668016911   3.0129861832   1.6446021795
  -3.5213012695  -1.1628825665  -0.5335581899
  -3.5205712318  -1.1624245644   0.5605420470
  -3.5199832916  -1.1625266075   1.6532492638
   0.0307190698  -0.9455140233   4.4102153778
   0.0298331846  -0.9406232834  -3.2929985523
   0.0304080881  -1.8799045086   3.8542609215
   0.0296074376  -1.8724232912  -2.7393667698
   0.0300454199  -2.8133807182   3.2983441353
   0.0293801446  -2.8041036129  -2.1841583252
   0.9196120501  -0.2996375859   4.4102606773
   0.9155254364  -0.2971151173  -3.2928063869
   1.8081336021  -0.5882420540   3.8544552326
   1.8016507626  -0.5850268602  -2.7388741970
   2.6958312988  -0.8765285015   3.2986962795
   2.6876938343  -0.8729977608  -2.1834568977
   0.5802285075   0.7456757426   4.4106717110
   0.5774480104   0.7435848713  -3.2927320004
   1.1294376850   1.5017857552   3.8552381992
   1.1250388622   1.4976277351  -2.7386169434
   1.6779562235   2.2572214603   3.2996907234
   1.6724898815   2.2516322136  -2.1830213070
  -0.5190537572   0.7460182905   4.4105491638
  -0.5172113180   0.7434428930  -3.2931251526
  -1.0691521168   1.5029385090   3.8545403481
  -1.0649210215   1.4970489740  -2.7398190498
  -1.6199065447   2.2606744766   3.2980387211
  -1.6124432087   2.2503073215  -2.1854033470
  -0.8583206534  -0.2996790409   4.4108648300
  -0.8560605645  -0.2975727618  -3.2928504944
  -1.7469639778  -0.5884016156   3.8558356762
  -1.7439671755  -0.5859246254  -2.7390716076
  -2.6345434189  -0.8765586615   3.3011479378
  -2.6330711842  -0.8746067882  -2.1843316555
   0.9233690500  -1.2396826744   3.8552026749
   0.9194247723  -1.2340044975  -2.7406318188
   1.4752045870   0.4589514732   3.8556094170
   1.4696042538   0.4583231211  -2.7402684689
   0.0303543601   1.5090084076   3.8561747074
   0.0300628822   1.5038611889  -2.7405967712
  -1.4144251347   0.4591545761   3.8563086987
  -1.4104669094   0.4574818313  -2.7409641743
  -0.8623369336  -1.2396196127   3.8556742668
  -0.8608833551  -1.2342931032  -2.7409074306
   1.8148025274  -1.5318900347   3.2998955250
   1.8082180023  -1.5255900621  -2.1869740486
   0.9256263375  -2.1779277325   3.2997846603
   0.9218069315  -2.1695389748  -2.1871902943
   2.0286314487   1.2168446779   3.3005170822
   2.0214462280   1.2136900425  -2.1864731312
   2.3681802750   0.1715705395   3.3002583981
   2.3599684238   0.1717893183  -2.1866214275
  -0.5200937390   2.2702388763   3.3011293411
  -0.5177189708   2.2620146275  -2.1872780323
   0.5797939301   2.2695162296   3.3013534546
   0.5775654316   2.2625033855  -2.1866269112
  -2.3073759079   0.1716190875   3.3017451763
  -2.3024761677   0.1702677906  -2.1875445843
  -1.9686344862   1.2177592516   3.3011140823
  -1.9621905088   1.2123247385  -2.1878163815
  -0.8652690649  -2.1778788567   3.3000516891
  -0.8635584712  -2.1693944931  -2.1876180172
  -1.7539670467  -1.5318133831   3.3008286953
  -1.7513748407  -1.5258264542  -2.1876330376
   2.7046217918  -1.8233590126   2.7439911366
   2.6974585056  -1.8164591789  -1.6325471401
   2.6971294880  -1.8151639700  -0.5389307737
   2.6971931458  -1.8152673244   0.5545112491
   2.6975541115  -1.8168615103   1.6481285095
   1.8195269108  -2.4734761715   2.7448673248
   1.8131585121  -2.4646887779  -1.6340705156
   1.8110979795  -2.4622271061  -0.5394183993
   1.8112144470  -2.4623329639   0.5546259880
   1.8133388758  -2.4650948048   1.6493023634
   0.9276922941  -3.1143627167   2.7437338829
   0.9233285189  -3.1052973270  -1.6329848766
   0.9218069911  -3.1048052311  -0.5393433571
   0.9219760299  -3.1049129963   0.5541558862
   0.9235655069  -3.1057076454   1.6478370428
   2.5808141232   1.9734227657   2.7447891235
   2.5726270676   1.9697203636  -1.6318891048
   2.5709009171   1.9700030088  -0.5382078886
   2.5707275867   1.9700063467   0.5552914143
   2.5722746849   1.9695016146   1.6489329338
   2.9255242348   0.9307973385   2.7455344200
   2.9159262180   0.9284579754  -1.6333709955
   2.9126110077   0.9274637103  -0.5386946201
   2.9124813080   0.9274376631   0.5553497672
   2.9156222343   0.9282094240   1.6500018835
   3.2594516277  -0.1153933853   2.7443306446
   3.2502496243  -0.1157022789  -1.6322138309
   3.2490472794  -0.1167885065  -0.5385965705
   3.2489619255  -0.1168435663   0.5548455119
   3.2500162125  -0.1159978136   1.6484619379
  -1.0710668564   3.0304396152   2.7456014156
  -1.0663378239   3.0196955204  -1.6335327625
  -1.0677429438   3.0189237595  -0.5396745801
  -1.0684502125   3.0197551250   0.5546095371
  -1.0696147680   3.0228493214   1.6497377157
   0.0292858537   3.0343539715   2.7469930649
   0.0295416787   3.0251917839  -1.6335246563
   0.0289694145   3.0222220421  -0.5385571718
   0.0283726268   3.0225892067   0.5559611320
   0.0278249793   3.0256984234   1.6510479450
   1.1279542446   3.0286114216   2.7455773354
   1.1258010864   3.0207014084  -1.6319384575
   1.1260641813   3.0195233822  -0.5381503105
   1.1256518364   3.0195827484   0.5555505157
   1.1248370409   3.0204436779   1.6493556499
  -3.1984002590  -0.1150173694   2.7465560436
  -3.1943602562  -0.1175193489  -1.6335502863
  -3.1911432743  -0.1169660091  -0.5383324623
  -3.1900928020  -0.1160499677   0.5561277866
  -3.1899003983  -0.1147024333   1.6501241922
  -2.8652019501   0.9313671589   2.7469615936
  -2.8578476906   0.9268479347  -1.6347825527
  -2.8549144268   0.9269480705  -0.5394344926
  -2.8545091152   0.9281498790   0.5555076599
  -2.8567962646   0.9299461842   1.6508557796
  -2.5217304230   1.9765040874   2.7455313206
  -2.5133056641   1.9677802324  -1.6340510845
  -2.5126423836   1.9689747095  -0.5400547385
  -2.5129268169   1.9703245163   0.5544055104
  -2.5151770115   1.9726542234   1.6496233940
  -0.8680474162  -3.1143186092   2.7439012527
  -0.8654014468  -3.1047449112  -1.6333638430
  -0.8642094731  -3.1045362949  -0.5395586491
  -0.8638139963  -3.1047391891   0.5541421771
  -0.8646923304  -3.1055464745   1.6479303837
  -1.7595499754  -2.4734082222   2.7452812195
  -1.7559918165  -2.4641888142  -1.6350289583
  -1.7536942959  -2.4620041847  -0.5399422646
  -1.7529686689  -2.4620666504   0.5545760989
  -1.7542243004  -2.4648144245   1.6495435238
  -2.6437652111  -1.8231310844   2.7456665039
  -2.6421647072  -1.8168251514  -1.6336919069
  -2.6393766403  -1.8150150776  -0.5385636687
  -2.6382889748  -1.8147668839   0.5557204485
  -2.6375789642  -1.8162261248   1.6495785713
   0.0297416095  -3.7428123951   2.7419095039
   0.0290313363  -3.7430789471  -1.6335129738
   3.5797142982  -1.1635682583   2.7423892021
   3.5806508064  -1.1632361412  -1.6326477528
   2.2238695621   3.0094690323   2.7434661388
   2.2241969109   3.0114269257  -1.6320236921
  -2.1713013649   3.0193538666   2.7409956455
  -2.1644527912   3.0095057487  -1.6371765137
  -3.5178043842  -1.1630311012   2.7464272976
  -3.5240101814  -1.1639354229  -1.6285293102
   0.0308286659  -0.0108113028   4.9647617340
   0.0302295685  -0.0095941080  -3.8452563286
   0.0285012498  -4.6916866302  -1.0955718756
   0.0288267825  -4.6914682388   0.0070297238
   0.0291082244  -4.6920914650   1.1095795631
   0.0293894988  -4.6953125000   2.2209491730
   4.4826831818  -1.4564360380  -1.0944873095
   4.4821853638  -1.4563528299   0.0079367124
   4.4826641083  -1.4565867186   1.1103607416
   4.4856624603  -1.4577277899   2.2216482162
   2.7814617157   3.7788763046  -1.0936225653
   2.7808947563   3.7785286903   0.0089273127
   2.7807869911   3.7788882256   1.1115288734
   2.7826309204   3.7810037136   2.2227451801
  -2.7228503227   3.7772536278  -1.1057740450
  -2.7226123810   3.7774806023  -0.0067341910
  -2.7234234810   3.7789518833   1.0887998343
  -2.7263195515   3.7831485271   2.1827931404
  -4.4245362282  -1.4564453363  -1.0727072954
  -4.4229884148  -1.4557404518   0.0228268150
  -4.4230203629  -1.4554258585   1.1218667030
  -4.4250121117  -1.4563184977   2.2313656807
   0.0312512293  -0.9485473037   5.5272660255
   0.0310078319  -0.9442842007  -4.3946843147
   0.0308305640  -1.8929713964   4.9622755051
   0.0309108794  -1.8788114786  -3.8392581940
   0.0303973351  -2.8351635933   4.4006819725
   0.0306516476  -2.8123872280  -3.2837183475
   0.0300437026  -3.7811956406   3.8382475376
   0.0301585197  -3.7418527603  -2.7275011539
   0.9223130941  -0.3010234237   5.5273561478
   0.9199944735  -0.2980924845  -4.3942899704
   1.8204845190  -0.5926489830   4.9624676704
   1.8084746599  -0.5868707299  -3.8385086060
   2.7165348530  -0.8835882545   4.4010052681
   2.6961014271  -0.8754220605  -3.2827737331
   3.6162722111  -1.1757419109   3.8386838436
   3.5799090862  -1.1627396345  -2.7264909744
   0.5823770165   0.7466145158   5.5281581879
   0.5805013776   0.7469106317  -4.3942279816
   1.1376993656   1.5110292435   4.9636683464
   1.1294842958   1.5030268431  -3.8382811546
   1.6915121078   2.2737290859   4.4023804665
   1.6778880358   2.2584338188  -3.2823717594
   2.2473502159   3.0395538807   3.8401401043
   2.2239618301   3.0105340481  -2.7259447575
  -0.5193642974   0.7464821339   5.5285234451
  -0.5183591247   0.7469834685  -4.3948507309
  -1.0745459795   1.5104018450   4.9643034935
  -1.0675662756   1.5028918982  -3.8398017883
  -1.6278642416   2.2716870308   4.4038953781
  -1.6162452698   2.2577173710  -3.2850944996
  -2.1813788414   3.0332949162   3.8438131809
  -2.1624205112   3.0086417198  -2.7303543091
  -0.8598093987  -0.3013800085   5.5283160210
  -0.8585317135  -0.2984195054  -4.3945350647
  -1.7583757639  -0.5933942795   4.9641227722
  -1.7484635115  -0.5874456763  -3.8385062218
  -2.6548542976  -0.8844778538   4.4034361839
  -2.6394054890  -0.8767461777  -3.2819852829
  -3.5551300049  -1.1765490770   3.8422565460
  -3.5314202309  -1.1664334536  -2.7249226570
   0.9293326139  -1.2478073835   4.9602980614
   0.9236046076  -1.2383774519  -3.8396463394
   1.4847589731   0.4611244500   4.9607715607
   1.4755920172   0.4602072835  -3.8392395973
   0.0316426754   1.5169324875   4.9621343613
   0.0308882929   1.5097676516  -3.8396673203
  -1.4223476648   0.4603894949   4.9622383118
  -1.4142746925   0.4599396884  -3.8402745724
  -0.8673701286  -1.2479934692   4.9608001709
  -0.8625117540  -1.2386298180  -3.8401679993
   1.8265140057  -1.5412423611   4.4009480476
   1.8149690628  -1.5307636261  -3.2843196392
   0.9309764504  -2.1918869019   4.4008564949
   0.9258718491  -2.1768264771  -3.2845616341
   2.0413305759   1.2241280079   4.4016699791
   2.0289185047   1.2179323435  -3.2838292122
   2.3831138611   0.1715286523   4.4013175964
   2.3685457706   0.1726322621  -3.2839567661
  -0.5212549567   2.2814021111   4.4038329124
  -0.5186948776   2.2702400684  -3.2848019600
   0.5852488875   2.2822513580   4.4030938148
   0.5800246596   2.2705545425  -3.2840523720
  -2.3212780952   0.1703084707   4.4034018517
  -2.3085224628   0.1719671935  -3.2850604057
  -1.9788281918   1.2223147154   4.4038119316
  -1.9676644802   1.2174196243  -3.2856914997
  -0.8698399067  -2.1920237541   4.4011254311
  -0.8650072217  -2.1768503189  -3.2853538990
  -1.7649748325  -1.5416349173   4.4019026756
  -1.7552599907  -1.5309375525  -3.2851030827
   2.7244181633  -1.8334211111   3.8407585621
   2.7047097683  -1.8224854469  -2.7284162045
   1.8297784328  -2.4874989986   3.8434534073
   1.8196214437  -2.4725940228  -2.7296032906
   0.9312121272  -3.1362075806   3.8405442238
   0.9279054999  -3.1134803295  -2.7288413048
   2.5967752934   1.9881881475   3.8416473866
   2.5810258389   1.9743053913  -2.7277860641
   2.9421322346   0.9353864789   3.8441052437
   2.9258317947   0.9316101074  -2.7289361954
   3.2813358307  -0.1195083410   3.8410902023
   3.2597596645  -0.1145913079  -2.7280764580
  -1.0742896795   3.0442025661   3.8457875252
  -1.0673109293   3.0289268494  -2.7296204567
   0.0325043462   3.0495836735   3.8466475010
   0.0302575007   3.0352833271  -2.7292621136
   1.1397882700   3.0471467972   3.8428268433
   1.1282160282   3.0297789574  -2.7279093266
  -3.2201311588  -0.1207912415   3.8435602188
  -3.2019517422  -0.1167732105  -2.7294580936
  -2.8806176186   0.9329501390   3.8466429710
  -2.8655102253   0.9306479096  -2.7308881283
  -2.5337176323   1.9838298559   3.8457226753
  -2.5200240612   1.9730398655  -2.7304828167
  -0.8708846569  -3.1363229752   3.8407049179
  -0.8677074313  -3.1131763458  -2.7295854092
  -1.7691026926  -2.4877164364   3.8439068794
  -1.7599244118  -2.4720411301  -2.7309741974
  -2.6632869244  -1.8338310719   3.8422899246
  -2.6478278637  -1.8221036196  -2.7295553684
   3.6311752796  -2.1229958534   3.2768521309
   3.5937049389  -2.1141784191  -2.1713526249
   3.5932347775  -2.1117701530  -1.0829908848
   3.5930702686  -2.1107857227   0.0077880262
   3.5933198929  -2.1119861603   1.0985636711
   3.5937266350  -2.1147828102   2.1869323254
   2.7297170162  -2.7809364796   3.2846963406
   2.7124779224  -2.7677791119  -2.1733014584
   2.7073359489  -2.7620277405  -1.0823702812
   2.7067523003  -2.7610316277   0.0076098093
   2.7074837685  -2.7622606754   1.0975989103
   2.7125041485  -2.7683990002   2.1885542870
   1.8306490183  -3.4341127872   3.2845692635
   1.8239184618  -3.4133403301  -2.1734800339
   1.8193029165  -3.4071245193  -1.0825526714
   1.8184201717  -3.4063436985   0.0074274321
   1.8195043802  -3.4073498249   1.0974328518
   1.8239443302  -3.4139413834   2.1884109974
   0.9263256192  -4.0880751610   3.2765069008
   0.9298633933  -4.0494904518  -2.1720089912
   0.9269557595  -4.0485649109  -1.0836058855
   0.9260223508  -4.0482091904   0.0072087571
   0.9272761345  -4.0488290787   1.0980577469
   0.9299778342  -4.0500926971   2.1865210533
   3.1522817612   2.7615203857   3.2779035568
   3.1328969002   2.7299792767  -2.1705808640
   3.1299951077   2.7305362225  -1.0821175575
   3.1286432743   2.7307631969   0.0087315701
   3.1296341419   2.7304933071   1.0995463133
   3.1325573921   2.7295243740   2.1879494190
   3.4993586540   1.7009916306   3.2855210304
   3.4822108746   1.6898617744  -2.1724874973
   3.4747710228   1.6871300936  -1.0815092325
   3.4733293056   1.6869448423   0.0084962128
   3.4745292664   1.6870487928   1.0984764099
   3.4819436073   1.6893558502   2.1894035339
   3.8426649570   0.6441830397   3.2853195667
   3.8216304779   0.6453247070  -2.1726474762
   3.8139879704   0.6433008909  -1.0816919804
   3.8127002716   0.6427279115   0.0082971482
   3.8137848377   0.6431819201   1.0982773304
   3.8213520050   0.6448038220   2.1892082691
   4.1851983070  -0.4179082513   3.2771646976
   4.1503691673  -0.4014315307  -2.1710419655
   4.1484227180  -0.4034636021  -1.0826734304
   4.1475419998  -0.4042968154   0.0081022251
   4.1482806206  -0.4036058486   1.0988811255
   4.1501030922  -0.4019424915   2.1872427464
  -1.6273887157   3.8074550629   3.2873980999
  -1.6156936884   3.7865195274  -2.1740899086
  -1.6180692911   3.7850508690  -1.0864456892
  -1.6188975573   3.7844953537   0.0043676188
  -1.6200094223   3.7860925198   1.0966646671
  -1.6224874258   3.7917108536   2.1897642612
  -0.5207841992   3.8156213760   3.2894654274
  -0.5192888975   3.7988579273  -2.1730036736
  -0.5196596980   3.7913143635  -1.0816802979
  -0.5202974081   3.7903785706   0.0090754051
  -0.5214665532   3.7919716835   1.1002714634
  -0.5220848918   3.7982118130   2.1922714710
   0.5878560543   3.8170101643   3.2873902321
   0.5788146853   3.7991003990  -2.1725659370
   0.5778688788   3.7914493084  -1.0814148188
   0.5776766539   3.7902543545   0.0089302929
   0.5765988231   3.7913813591   1.0994430780
   0.5775510073   3.7980918884   2.1907770634
   1.7029404640   3.8150753975   3.2787220478
   1.6758418083   3.7884058952  -2.1706352234
   1.6767323017   3.7861640453  -1.0821298361
   1.6769158840   3.7851729393   0.0088716513
   1.6758176088   3.7859890461   1.0999647379
   1.6749494076   3.7873246670   2.1884450912
  -4.1247019768  -0.4192674160   3.2803511620
  -4.0964450836  -0.4057218730  -2.1736021042
  -4.0903792381  -0.4048531055  -1.0804439783
  -4.0884947777  -0.4038925767   0.0119866161
  -4.0884728432  -0.4023876190   1.1030635834
  -4.0882534981  -0.4008859992   2.1907813549
  -3.7822091579   0.6417652369   3.2874305248
  -3.7625303268   0.6427183151  -2.1759603024
  -3.7564620972   0.6416671276  -1.0837885141
  -3.7545583248   0.6427076459   0.0077264518
  -3.7548117638   0.6444104910   1.0989836454
  -3.7610633373   0.6458340287   2.1906807423
  -3.4385297298   1.6957014799   3.2893295288
  -3.4224314690   1.6882185936  -2.1745874882
  -3.4165103436   1.6856870651  -1.0828906298
  -3.4152774811   1.6869069338   0.0083665475
  -3.4161789417   1.6888588667   1.0998816490
  -3.4216794968   1.6915665865   2.1920533180
  -3.0889191628   2.7455966473   3.2873549461
  -3.0718874931   2.7273504734  -2.1746883392
  -3.0711555481   2.7286856174  -1.0869706869
  -3.0702617168   2.7299072742   0.0041062278
  -3.0711946487   2.7317831516   1.0965368748
  -3.0755646229   2.7360427380   2.1896951199
  -0.8665536046  -4.0882067680   3.2766249180
  -0.8711255193  -4.0485081673  -2.1724607944
  -0.8696114421  -4.0479469299  -1.0839803219
  -0.8682163954  -4.0479407310   0.0071126646
  -0.8689208031  -4.0486435890   1.0981142521
  -0.8709321618  -4.0499429703   2.1866195202
  -1.7707329988  -3.4342172146   3.2848126888
  -1.7652685642  -3.4121847153  -2.1747655869
  -1.7620677948  -3.4062049389  -1.0834314823
  -1.7605065107  -3.4059352875   0.0070811552
  -1.7610266209  -3.4070239067   1.0974262953
  -1.7647317648  -3.4137783051   2.1885776520
  -2.6695523262  -2.7810375690   3.2853250504
  -2.6549634933  -2.7659320831  -2.1762328148
  -2.6507685184  -2.7612559795  -1.0842329264
  -2.6488595009  -2.7606630325   0.0069631063
  -2.6488666534  -2.7618036270   1.0977188349
  -2.6529738903  -2.7681334019   2.1890420914
  -3.5706820488  -2.1231441498   3.2794187069
  -3.5413866043  -2.1138725281  -2.1736986637
  -3.5360527039  -2.1107926369  -1.0805991888
  -3.5341875553  -2.1101627350   0.0116979238
  -3.5338170528  -2.1111075878   1.1025112867
  -3.5327317715  -2.1137008667   2.1901555061
   0.0287222620  -4.6944732666  -2.2067880630
   4.4857525826  -1.4572665691  -2.2057750225
   2.7835555077   3.7813258171  -2.2049922943
  -2.7374615669   3.7985715866   3.2819221020
  -2.7239644527   3.7791554928  -2.2152729034
  -4.4293727875  -1.4581294060  -2.1667003632
   0.0311721321  -0.0093397507  -4.9487667084
   0.0321667790  -0.9462976456  -5.5121707916
   0.0321344510  -1.8911368847  -4.9476885796
   0.0318886079  -2.8337013721  -4.3864083290
   0.0314444900  -3.7799847126  -3.8241755962
   0.9229668975  -0.2985500395  -5.5113854408
   1.8210297823  -0.5905563235  -4.9465212822
   2.7169735432  -0.8818709850  -4.3850831985
   3.6166138649  -1.1743704081  -3.8227865696
   0.5826873779   0.7490607500  -5.5112786293
   1.1374794245   1.5133587122  -4.9462957382
   1.6909492016   2.2758584023  -4.3847098351
   2.2467405796   3.0414178371  -3.8222830296
  -0.5185912251   0.7492436767  -5.5123014450
  -1.0738912821   1.5136475563  -4.9480886459
  -1.6280493736   2.2760715485  -4.3873825073
  -2.1846988201   3.0415263176  -3.8261828423
  -0.8590829968  -0.2986032963  -5.5125088692
  -1.7572412491  -0.5903042555  -4.9482693672
  -2.6523437500  -0.8809692860  -4.3878417015
  -3.5477945805  -1.1717798710  -3.8277397156
  -4.4474792480  -1.4640491009  -3.2658290863
   0.9300299883  -1.2457425594  -4.9448084831
   1.4851651192   0.4632838368  -4.9443349838
   0.0317112729   1.5195095539  -4.9447932243
  -1.4214371443   0.4636062086  -4.9462041855
  -0.8661542535  -1.2457890511  -4.9461274147
   1.8270481825  -1.5394986868  -4.3853788376
   0.9318374991  -2.1901743412  -4.3857145309
   2.0414245129   1.2260895967  -4.3849015236
   2.3834905624   0.1733234227  -4.3850092888
  -0.5218545198   2.2846648693  -4.3858761787
   0.5846138597   2.2846934795  -4.3851256371
  -2.3194739819   0.1742822826  -4.3877577782
  -1.9781682491   1.2266602516  -4.3873476982
  -0.8681066036  -2.1903510094  -4.3870940208
  -1.7627880573  -1.5392773151  -4.3878064156
   2.7248063087  -1.8320108652  -3.8251760006
   1.8303332329  -2.4860599041  -3.8281743526
   0.9321125746  -3.1347987652  -3.8256998062
   2.5966866016   1.9899181128  -3.8245966434
   2.9423408508   0.9369379878  -3.8275225163
   3.2816624641  -0.1180781201  -3.8248445988
  -1.0768419504   3.0490665436  -3.8262434006
   0.0309123714   3.0524828434  -3.8278875351
   1.1388274431   3.0492572784  -3.8247132301
  -3.2159826756  -0.1156450957  -3.8296489716
  -2.8789391518   0.9384371042  -3.8305690289
  -2.5342378616   1.9904928207  -3.8274862766
  -0.8690550327  -3.1351187229  -3.8268351555
  -1.7662992477  -2.4862453938  -3.8306283951
  -2.6585516930  -1.8313348293  -3.8297412395
   3.6314554214  -2.1218817234  -3.2612752914
   2.7300581932  -2.7797956467  -3.2694132328
   1.8311412334  -3.4329814911  -3.2695977688
   0.9269872308  -4.0869607925  -3.2619633675
   3.1522407532   2.7628629208  -3.2605669498
   3.4994642735   1.7022484541  -3.2686462402
   3.8428986073   0.6453588605  -3.2687900066
   4.1854662895  -0.4167900085  -3.2609627247
  -1.6408724785   3.8164746761  -3.2633521557
  -0.5251431465   3.8190510273  -3.2692859173
   0.5859462023   3.8191719055  -3.2688012123
   1.7018485069   3.8167972565  -3.2606408596
  -4.1128916740  -0.4055926502  -3.2712614536
  -3.7786200047   0.6492862105  -3.2732360363
  -3.4371743202   1.7039483786  -3.2713367939
  -3.0905973911   2.7636539936  -3.2642574310
  -0.8648185730  -4.0874032974  -3.2627382278
  -1.7680783272  -3.4335384369  -3.2713787556
  -2.6641712189  -2.7807726860  -3.2734267712
  -3.5546329021  -2.1237201691  -3.2713320255
   4.5007066727  -2.4191718102  -1.6485048532
   4.4999442101  -2.4175248146  -0.5430154800
   4.5000162125  -2.4175906181   0.5586051345
   4.5008111000  -2.4194672108   1.6640782356
   3.6355881691  -3.0779168606  -2.7080984116
   3.6146519184  -3.0773365498  -1.6181591749
   3.6141083241  -3.0726916790  -0.5344419479
   3.6142086983  -3.0727794170   0.5496612787
   3.6148047447  -3.0776891708   1.6333875656
   3.6353721619  -3.0788094997   2.7233512402
   2.7362236977  -3.7340018749  -2.7132320404
   2.7287065983  -3.7249944210  -1.6227881908
   2.7260484695  -3.7216956615  -0.5360363722
   2.7261774540  -3.7217822075   0.5509235859
   2.7288968563  -3.7253429890   1.6377125978
   2.7359538078  -3.7348821163   2.7281973362
   1.8343265057  -4.3866209984  -2.7084012032
   1.8388384581  -4.3673434258  -1.6184697151
   1.8342586756  -4.3655953407  -0.5347910523
   1.8344451189  -4.3656778336   0.5493080020
   1.8391363621  -4.3676819801   1.6330573559
   1.8340241909  -4.3874864578   2.7230579853
   0.9387428761  -5.0064039230  -1.6493508816
   0.9372360706  -5.0054178238  -0.5439031720
   0.9375399947  -5.0055632591   0.5577774048
   0.9392928481  -5.0068721771   1.6633137465
   3.7028264999   3.4985506535  -1.6473816633
   3.7006661892   3.4985134602  -0.5418452024
   3.7003619671   3.4985656738   0.5598354340
   3.7021877766   3.4984688759   1.6652830839
   4.0625877380   2.4715554714  -2.7071428299
   4.0551095009   2.4525198936  -1.6171419621
   4.0501627922   2.4536476135  -0.5333924294
   4.0499901772   2.4536817074   0.5507066846
   4.0547490120   2.4523952007   1.6343852282
   4.0624570847   2.4706344604   2.7243168354
   4.4086728096   1.4134469032  -2.7122991085
   4.3973836899   1.4098688364  -1.6218138933
   4.3931174278   1.4085780382  -0.5350248218
   4.3929886818   1.4085750580   0.5519352555
   4.3971047401   1.4096726179   1.6386870146
   4.4085073471   1.4125326872   2.7291307449
   4.7506880760   0.3540081680  -2.7074697018
   4.7334170341   0.3651824296  -1.6175055504
   4.7300758362   0.3615520597  -0.5337791443
   4.7299695015   0.3615313768   0.5503241420
   4.7331657410   0.3649610281   1.6340414286
   4.7504715919   0.3531157970   2.7239801884
   5.0633172989  -0.6881116033  -1.6482130289
   5.0615983009  -0.6891710758  -0.5427398086
   5.0615286827  -0.6891909242   0.5588808656
   5.0631408691  -0.6883155107   1.6643701792
  -2.1716396809   4.5674009323  -1.6590006351
  -2.1722352505   4.5662670135  -0.5557655692
  -2.1720221043   4.5672049522   0.5408328772
  -2.1744124889   4.5706138611   1.6350775957
  -2.1826553345   4.5804824829   2.7312612534
  -1.0835489035   4.5922374725  -2.7079865932
  -1.0683765411   4.5793786049  -1.6177279949
  -1.0710390806   4.5754661560  -0.5328225493
  -1.0714837313   4.5754551888   0.5537530780
  -1.0740052462   4.5787196159   1.6414529085
  -1.0752241611   4.5889415741   2.7323029041
   0.0298579279   4.5946431160  -2.7123863697
   0.0291300733   4.5829257965  -1.6217132807
   0.0288366638   4.5786628723  -0.5344989896
   0.0284293462   4.5786070824   0.5532154441
   0.0254428051   4.5821189880   1.6409968138
   0.0328462906   4.5927600861   2.7317774296
   1.1431556940   4.5926299095  -2.7072131634
   1.1265515089   4.5798463821  -1.6171110868
   1.1286934614   4.5756773949  -0.5331011415
   1.1282839775   4.5754976273   0.5514445305
   1.1240767241   4.5791654587   1.6356747150
   1.1447478533   4.5911555290   2.7257604599
   2.2302207947   4.5682740211  -1.6475579739
   2.2303893566   4.5664381981  -0.5419366360
   2.2299673557   4.5663123131   0.5599143505
   2.2282550335   4.5679068565   1.6656472683
  -5.0196938515  -0.6947322488  -2.7151851654
  -5.0077943802  -0.6898081303  -1.6189944744
  -5.0038194656  -0.6882741451  -0.5247026682
  -5.0028614998  -0.6881514788   0.5720242262
  -5.0032391548  -0.6861454844   1.6755177975
  -4.6854658127   0.3611215949  -2.7159938812
  -4.6754126549   0.3592411876  -1.6250282526
  -4.6715035439   0.3609008193  -0.5370768905
  -4.6710700989   0.3618192971   0.5499260426
  -4.6729373932   0.3669672608   1.6353588104
  -4.6905760765   0.3508796692   2.7257568836
  -4.3465099335   1.4161542654  -2.7153766155
  -4.3387508392   1.4058952332  -1.6243915558
  -4.3345127106   1.4078699350  -0.5361732244
  -4.3342080116   1.4087617397   0.5522866249
  -4.3364491463   1.4128417969   1.6405050755
  -4.3487300873   1.4090940952   2.7314903736
  -4.0010666847   2.4731998444  -2.7096431255
  -3.9962258339   2.4498083591  -1.6192454100
  -3.9916625023   2.4528667927  -0.5338127017
  -3.9914464951   2.4538559914   0.5531902313
  -3.9936068058   2.4574875832   1.6411416531
  -4.0028181076   2.4618663788   2.7321074009
  -3.6444425583   3.4959411621  -1.6594046354
  -3.6429305077   3.4973332882  -0.5559111238
  -3.6436066628   3.4979867935   0.5408157110
  -3.6458938122   3.5015554428   1.6351075172
  -3.6525993347   3.5125246048   2.7312984467
  -0.8822937608  -5.0052418709  -1.6496703625
  -0.8799441457  -5.0049672127  -0.5439375043
  -0.8796495795  -5.0053257942   0.5579134822
  -0.8808378577  -5.0067205429   1.6635347605
  -1.7725607157  -4.3871722221  -2.7097566128
  -1.7822097540  -4.3653306961  -1.6196705103
  -1.7766233683  -4.3648447990  -0.5354403853
  -1.7763712406  -4.3652400970   0.5491052270
  -1.7805280685  -4.3673624992   1.6331152916
  -1.7745821476  -4.3874731064   2.7232170105
  -2.6730513573  -3.7349112034  -2.7157464027
  -2.6727595329  -3.7219593525  -1.6249655485
  -2.6682524681  -3.7208824158  -0.5371842384
  -2.6679291725  -3.7211759090   0.5505301952
  -2.6701705456  -3.7248058319   1.6377445459
  -2.6764421463  -3.7347216606   2.7284178734
  -3.5672550201  -3.0805149078  -2.7162444592
  -3.5602335930  -3.0729701519  -1.6253944635
  -3.5562484264  -3.0718200207  -0.5376947522
  -3.5558683872  -3.0720989704   0.5488809347
  -3.5559871197  -3.0768377781   1.6337863207
  -3.5757932663  -3.0783312321   2.7240455151
  -4.4582133293  -2.4227397442  -2.7151756287
  -4.4457173347  -2.4196097851  -1.6189922094
  -4.4417529106  -2.4182653427  -0.5247474909
  -4.4413471222  -2.4173898697   0.5718509555
  -4.4415044785  -2.4186663628   1.6750861406
   0.0288475379  -0.0092401262   0.5583290458
