
     0.006989    -0.545838     1.211566
     0.279307     0.298756     0.662812
     0.892229    -0.545309     0.666267
     0.280572    -1.390539     0.667762
    -0.711752    -1.066774     0.665410
    -0.708702    -0.023326     0.662179
     0.720755    -0.021547    -0.219505
     0.721891    -1.064858    -0.217676
    -0.269083    -1.387541    -0.218776
    -0.880999    -0.544149    -0.220483
    -0.268862     0.301280    -0.221685
     0.005027    -0.540980    -0.764334
     0.291889     0.337884     1.713254
     0.933301    -0.542811     1.719984
     0.293826    -1.425027     1.722833
    -0.742631    -1.087200     1.719506
    -0.739216     0.003224     1.713289
     1.215202     0.338149     1.142737
     1.220828    -1.425090     1.150079
    -0.458865    -1.970161     1.149370
    -1.489367    -0.540688     1.142801
    -0.455284     0.883491     1.139861
     1.036645     0.884046     0.219015
     0.005651     1.218935     0.218217
     1.675631     0.003619     0.222136
     1.681737    -1.086551     0.223261
     1.043670    -1.969615     0.223383
     0.005093    -2.306885     0.222281
    -1.033649    -1.969248     0.221276
    -1.670939    -1.087192     0.220199
    -1.665034     0.004078     0.218320
    -1.026405     0.883496     0.218337
     1.499199    -0.539043    -0.700804
     0.468710    -1.966448    -0.702310
    -1.208636    -1.422378    -0.703466
    -1.204435     0.339227    -0.703325
     0.466136     0.884400    -0.702688
     0.750992     0.007690    -1.271945
     0.753437    -1.079883    -1.270635
    -0.281008    -1.416434    -1.271382
    -0.919154    -0.536538    -1.272412
    -0.280524     0.342186    -1.272991
     0.008367    -0.540996     2.264072
     0.568431     1.197514     1.127594
     1.834615    -0.541530     1.135832
     0.572996    -2.285130     1.138704
    -1.477531    -1.616351     1.135641
    -1.467178     0.536294     1.127837
     1.477896     0.536868    -0.690988
     1.485443    -1.614283    -0.690286
    -0.561599    -2.280195    -0.693493
    -1.822206    -0.540464    -0.692909
    -0.558075     1.198109    -0.692396
     0.005294    -0.532320    -1.815909
     0.295545     0.357285     2.770190
     0.947133    -0.534317     2.780755
     0.298418    -1.428957     2.785202
    -0.752574    -1.085647     2.780679
    -0.747769     0.019472     2.770280
     0.580478     1.239980     2.190705
     1.877868    -0.534946     2.205005
     0.586492    -2.319733     2.210357
    -1.510126    -1.634226     2.206282
    -1.498080     0.566528     2.191634
     1.239115     0.360807     2.211529
     1.246604    -1.436952     2.225675
    -0.467621    -1.993323     2.225992
    -1.517827    -0.533881     2.213118
    -0.463308     0.916762     2.207564
     1.515683     1.239835     1.612380
     2.171200    -1.430060     1.626811
    -0.177112    -2.872843     1.628014
    -2.265669    -1.080226     1.620037
    -1.210721     1.455883     1.611342
     2.160621     0.356337     1.616647
     1.527555    -2.320088     1.628389
    -1.223718    -2.530487     1.627379
    -2.257433     0.015291     1.614355
    -0.175397     1.791329     1.610841
     1.335285     1.791121     0.677888
     0.291764     2.129694     0.677734
     2.626798     0.017525     0.684401
     2.637630    -1.087122     0.685390
     1.348014    -2.873097     0.687095
     0.294158    -3.215198     0.685894
    -1.806517    -2.529892     0.685234
    -2.451646    -1.635370     0.683796
    -2.434691     0.566151     0.678065
    -1.788504     1.455045     0.678499
     1.797913     1.454915    -0.247340
    -0.280748     2.128824    -0.247634
     2.444368     0.564900    -0.244861
     2.460126    -1.634073    -0.245857
     1.813973    -2.530581    -0.246841
    -0.283861    -3.212624    -0.250263
    -1.338116    -2.869737    -0.250826
    -2.625383    -1.087949    -0.248349
    -2.615230     0.018262    -0.249390
    -1.325419     1.789656    -0.247218
     0.764826     1.810096    -0.253558
     2.470221    -0.533881    -0.250620
     0.772465    -2.893929    -0.253892
    -2.001495    -1.992863    -0.254618
    -1.986295     0.915510    -0.254051
     1.996805     0.915912     0.687251
     2.012488    -1.993534     0.693702
    -0.763704    -2.895220     0.691945
    -2.461118    -0.534453     0.687271
    -0.754402     1.810217     0.684535
     2.265988     0.015228    -1.180161
     1.230151    -2.526578    -1.185746
    -1.514915    -2.314129    -1.187423
    -2.148498     0.355933    -1.181842
     0.185588     1.789924    -1.180368
     2.271127    -1.078490    -1.181258
     0.187610    -2.866053    -1.187482
    -2.156640    -1.428318    -1.185497
    -1.504710     1.238849    -1.180678
     1.220824     1.454524    -1.180385
     0.760602     0.024056    -2.330570
     0.763357    -1.075431    -2.330102
    -0.283690    -1.416714    -2.330840
    -0.929741    -0.526048    -2.330817
    -0.283496     0.362108    -2.331001
     1.509133     0.567554    -1.757734
     1.516712    -1.625611    -1.758506
    -0.572218    -2.306060    -1.761479
    -1.860224    -0.529687    -1.759042
    -0.569952     1.241041    -1.758038
     1.527244    -0.529103    -1.772844
     0.477394    -1.980779    -1.774693
    -1.228972    -1.426939    -1.774709
    -1.226462     0.364001    -1.773371
     0.474171     0.917750    -1.772309
     0.008050    -0.530053     3.325632
     0.859319     2.103774     1.595259
     2.785776    -0.532121     1.607786
     0.867985    -3.187090     1.613544
    -2.253873    -2.164882     1.612371
    -2.230496     1.102099     1.596540
     2.240237     1.100282    -1.166442
     2.255841    -2.164183    -1.171317
    -0.855561    -3.177369    -1.178363
    -2.771201    -0.533678    -1.170415
    -0.849145     2.101979    -1.166600
     0.005985    -0.522358    -2.875676
     0.295777     0.378621     3.836286
     0.954274    -0.517965     3.852424
     0.298782    -1.421239     3.859150
    -0.762524    -1.074026     3.853190
    -0.754481     0.039239     3.836559
     0.585437     1.269641     3.258496
     1.900646    -0.519808     3.280816
     0.592462    -2.329494     3.287868
    -1.529173    -1.631664     3.283270
    -1.513776     0.590810     3.259797
     1.249831     0.382247     3.281035
     1.260014    -1.434104     3.304222
    -0.473826    -1.996481     3.305243
    -1.532194    -0.518597     3.283228
    -0.468152     0.942196     3.276130
     0.872256     2.152397     2.667823
     2.834684    -0.519650     2.688765
     0.882303    -3.225375     2.696842
    -2.290450    -2.181585     2.695922
    -2.265395     1.137237     2.669918
     1.538307     1.274375     2.692854
     2.206883    -1.434873     2.718167
    -0.181515    -2.902560     2.721186
    -2.300344    -1.075641     2.703971
    -1.227354     1.494287     2.691248
     2.192389     0.381494     2.697830
     1.553253    -2.339604     2.720328
    -1.242746    -2.553795     2.720990
    -2.291186     0.033962     2.696528
    -0.178927     1.833481     2.690633
     1.814310     2.151890     2.085108
     3.133017    -1.423732     2.105241
     0.112522    -3.783497     2.109465
    -3.051972    -1.622588     2.104089
    -1.975738     2.030346     2.085698
     2.469962     1.268246     2.092534
     2.490219    -2.330779     2.113405
    -0.947033    -3.445277     2.114951
    -3.045574    -0.519380     2.099751
    -0.934700     2.375374     2.090339
     3.115461     0.376124     2.091528
     1.831850    -3.225799     2.109363
    -2.002289    -3.087418     2.110494
    -3.029644     0.582624     2.089012
     0.111610     2.705796     2.084393
     1.632827     2.705062     1.144497
     0.582101     3.045561     1.144715
     3.585090     0.034765     1.152287
     3.602400    -1.077717     1.153098
     1.650804    -3.783990     1.159269
     0.588134    -4.129128     1.158282
    -2.589080    -3.086715     1.160401
    -3.240343    -2.183055     1.158290
    -3.207670     1.135798     1.145990
    -2.557046     2.029063     1.146438
     2.105278     2.373484     0.211762
     0.005362     3.053518     0.212244
     3.408374     0.586139     0.215717
     3.434354    -1.634801     0.212599
     2.128531    -3.446300     0.214185
     0.004909    -4.137037     0.211297
    -2.120561    -3.442519     0.211764
    -3.423663    -1.635318     0.215492
    -3.397652     0.587513     0.211224
    -2.096132     2.372658     0.213247
     1.061430     2.731593     0.207463
     3.435947    -0.522434     0.210530
     1.074218    -3.815097     0.208939
    -2.793079    -2.554210     0.209846
    -2.762822     1.491335     0.208094
     2.565822     2.026930    -0.721529
    -0.571611     3.042972    -0.720666
     3.216847     1.132448    -0.719992
     3.244064    -2.182817    -0.728767
     2.592883    -3.089398    -0.731209
    -0.577120    -4.122125    -0.737638
    -1.639947    -3.775964    -0.737835
    -3.588405    -1.080932    -0.724814
    -3.571661     0.033250    -0.725541
    -1.623260     2.701863    -0.720218
     1.530095     2.390951    -0.729901
     3.249636     0.030471    -0.729986
     1.547749    -3.466207    -0.740311
    -2.317194    -2.899203    -0.740992
    -2.944546     0.937423    -0.731181
     0.481824     2.730359    -0.729617
     3.256330    -1.076362    -0.732635
     0.488527    -3.811194    -0.741966
    -2.968330    -1.998666    -0.737324
    -2.293629     1.829166    -0.729672
     2.772689     1.491217     0.218325
     2.801896    -2.555102     0.219287
    -1.065674    -3.814012     0.215535
    -3.425247    -0.522069     0.218014
    -1.051392     2.730984     0.217512
     2.304064     1.831838     1.155580
     2.982313    -1.998559     1.166926
    -0.479589    -3.815808     1.167666
    -3.251381    -1.077112     1.163834
    -1.520540     2.392643     1.155123
     2.956260     0.939272     1.158292
     2.328823    -2.903391     1.168650
    -1.542040    -3.467987     1.168357
    -3.241583     0.032401     1.158349
    -0.471697     2.732268     1.154576
     3.037291     0.578831    -1.662423
     2.002262    -3.084418    -1.678969
    -1.817533    -3.212933    -1.682515
    -3.100498     0.371447    -1.664041
    -0.101853     2.701542    -1.660261
     3.049281    -0.521333    -1.669855
     0.953890    -3.436863    -1.686126
    -2.473508    -2.325395    -1.683757
    -2.457194     1.264101    -1.666464
     0.944170     2.371155    -1.665478
     3.047811    -1.622250    -1.669326
    -0.100067    -3.770047    -1.683290
    -3.113738    -1.425880    -1.673743
    -1.803299     2.147763    -1.660500
     1.984899     2.025972    -1.660964
     0.766522     0.037655    -3.398442
     0.769404    -1.067953    -3.399523
    -0.284275    -1.411818    -3.400738
    -0.934748    -0.515491    -3.399209
    -0.284477     0.377783    -3.398367
     1.525074     0.587989    -2.828821
     1.531933    -1.622756    -2.832186
    -0.575646    -2.310709    -2.835873
    -1.876439    -0.517647    -2.830656
    -0.575268     1.267695    -2.828381
     1.541338    -0.517549    -2.845842
     0.482390    -1.979895    -2.849511
    -1.237076    -1.422281    -2.848692
    -1.236135     0.382286    -2.844988
     0.478933     0.939816    -2.843572
     2.275358     1.133381    -2.242913
     2.288363    -2.173199    -2.250935
    -0.865076    -3.202390    -2.258077
    -2.811021    -0.519773    -2.246805
    -0.862363     2.149080    -2.242007
     2.299152     0.032638    -2.265444
     1.245380    -2.536868    -2.272577
    -1.530038    -2.322370    -2.273621
    -2.177298     0.379999    -2.265456
     0.188795     1.829799    -2.262815
     2.303540    -1.072397    -2.267804
     0.191144    -2.880739    -2.274670
    -2.180570    -1.425717    -2.270286
    -1.526456     1.271899    -2.263918
     1.237181     1.490427    -2.263070
     0.004592    -0.511283     4.401035
     1.153281     3.019025     2.068234
     3.750226    -0.514863     2.083581
     1.166891    -4.102917     2.095459
    -3.046769    -2.714549     2.100109
    -3.001875     1.673864     2.070691
     3.010741     1.669001    -1.646726
     3.036298    -2.715822    -1.664753
    -1.151587    -4.082798    -1.677051
    -3.731750    -0.522302    -1.655220
    -1.143365     3.014545    -1.645491
     0.006938    -0.512794    -3.946678
     0.296066     0.407204     4.913696
     0.959142    -0.495001     4.940371
     0.295250    -1.405092     4.952671
    -0.776336    -1.056414     4.941957
    -0.766719     0.064346     4.914208
     0.587290     1.299936     4.333500
     1.917791    -0.492252     4.371009
     0.594265    -2.329586     4.380163
    -1.554214    -1.616549     4.375310
    -1.527707     0.616816     4.335270
     1.254841     0.411055     4.355618
     1.268672    -1.422436     4.395077
    -0.483831    -1.990146     4.396696
    -1.547186    -0.494792     4.358850
    -0.473396     0.967952     4.350784
     0.879146     2.190557     3.745361
     2.869158    -0.493130     3.782146
     0.890644    -3.245774     3.791044
    -2.320587    -2.177300     3.791188
    -2.288413     1.166897     3.748090
     1.549675     1.307128     3.772876
     2.231595    -1.425437     3.815656
    -0.186089    -2.915959     3.819155
    -2.322786    -1.054590     3.785476
    -1.239048     1.524861     3.771353
     2.209559     0.412833     3.778294
     1.569128    -2.346419     3.817722
    -1.261342    -2.558648     3.819720
    -2.313473     0.057909     3.777654
    -0.181656     1.866535     3.770635
     1.167672     3.073298     3.149101
     3.806531    -0.497785     3.178209
     1.183024    -4.149235     3.190604
    -3.090407    -2.729368     3.197018
    -3.041521     1.712484     3.152409
     1.837669     2.194945     3.174853
     3.179712    -1.424210     3.212180
     0.110245    -3.823817     3.217383
    -3.092414    -1.616845     3.199384
    -1.998556     2.072703     3.175261
     2.500332     1.306271     3.184601
     2.528653    -2.347186     3.223742
    -0.963586    -3.480268     3.227117
    -3.085375    -0.501684     3.194222
    -0.946688     2.421192     3.182418
     3.152322     0.409266     3.181278
     1.860424    -3.255702     3.216375
    -2.031992    -3.114045     3.220631
    -3.069183     0.608053     3.180522
     0.110433     2.754491     3.173770
     2.114716     3.072527     2.563257
     4.113336    -1.408779     2.589846
     0.408415    -4.711675     2.599136
    -3.862821    -2.160570     2.604069
    -2.749323     2.608113     2.565158
     2.776154     2.188801     2.571615
     3.467147    -2.331975     2.602171
    -0.661859    -4.372917     2.607009
    -3.842678    -1.054021     2.591713
    -1.703580     2.958254     2.572143
     3.431772     1.297059     2.573230
     2.807527    -3.246930     2.604759
    -1.731562    -4.018864     2.608465
    -3.828085     0.053307     2.581643
    -0.650189     3.298817     2.571399
     4.079990     0.403275     2.571961
     2.139572    -4.149671     2.598712
    -2.794599    -3.650840     2.603790
    -3.809676     1.156195     2.569095
     0.403140     3.627554     2.562982
     1.932514     3.626477     1.617751
     0.876025     3.968472     1.618051
     4.555499     0.057624     1.620910
     4.582604    -1.061987     1.625753
     1.957238    -4.712029     1.641526
     0.887325    -5.059729     1.641028
    -3.385508    -3.650345     1.644806
    -4.047286    -2.730691     1.647304
    -3.987901     1.710341     1.620808
    -3.333447     2.606619     1.620656
     2.410394     3.296387     0.679686
     0.296111     3.980590     0.680401
     4.377675     0.609477     0.681361
     4.422304    -1.622347     0.674984
     2.442150    -4.373809     0.686342
     0.298953    -5.071265     0.684564
    -2.913823    -4.016089     0.687762
    -4.233108    -2.180675     0.692225
    -4.182315     1.162229     0.681468
    -2.872542     2.955144     0.681977
     1.358990     3.655698     0.675673
     4.405748    -0.501908     0.674131
     1.377386    -4.744753     0.681952
    -3.594487    -3.114026     0.687072
    -3.542258     2.068896     0.677517
     2.881310     2.954083    -0.262185
    -0.286021     3.979000    -0.260890
     4.192496     1.159249    -0.261185
     4.241072    -2.181521    -0.277202
     2.919715    -4.020547    -0.273090
    -0.289955    -5.066922    -0.277286
    -2.432285    -4.366125    -0.275861
    -4.410615    -1.623029    -0.256212
    -4.364796     0.608577    -0.262180
    -2.401280     3.294014    -0.260153
     1.835629     3.322685    -0.268078
     4.227849     0.050477    -0.270764
     1.861574    -4.404649    -0.279073
    -3.121028    -3.476995    -0.277098
    -3.734018     1.518399    -0.267889
     0.777989     3.664929    -0.267633
     4.236726    -1.060908    -0.276845
     0.789206    -4.753952    -0.280378
    -3.782415    -2.560554    -0.271282
    -3.078633     2.415496    -0.267008
     3.341839     2.602069    -1.201005
    -0.866124     3.963972    -1.199085
     3.996625     1.704573    -1.200715
     4.040105    -2.735351    -1.223954
     3.385843    -3.652570    -1.231328
    -0.875256    -5.044766    -1.239522
    -1.943657    -4.696439    -1.239157
    -4.566160    -1.067861    -1.208916
    -4.539764     0.050722    -1.205130
    -1.923185     3.621341    -1.198843
     2.301820     2.970378    -1.210068
     4.031491     0.600200    -1.213168
     2.332273    -4.038081    -1.239036
    -2.629299    -3.813886    -1.240990
    -3.907079     0.957666    -1.212102
     1.250900     3.321180    -1.213505
     4.046748    -0.508211    -1.222122
     1.268620    -4.398243    -1.246246
    -3.296971    -2.912896    -1.241106
    -3.260539     1.857751    -1.214325
     0.193358     3.652691    -1.209113
     4.044289    -1.617081    -1.224883
     0.198617    -4.734254    -1.242724
    -3.945201    -1.996093    -1.227062
    -2.598564     2.747074    -1.209219
     3.551765     2.066965    -0.256992
     3.599456    -3.117286    -0.268586
    -1.368313    -4.740000    -0.273854
    -4.393168    -0.502757    -0.254242
    -1.349381     3.653620    -0.255883
     3.088660     2.417407     0.687319
     3.794398    -2.561760     0.688848
    -0.781220    -4.756481     0.691271
    -4.228615    -1.059206     0.697737
    -1.826377     3.323387     0.688285
     3.745276     1.519381     0.688444
     3.130869    -3.482001     0.692720
    -1.855444    -4.404612     0.692459
    -4.218553     0.053073     0.691948
    -0.768208     3.665888     0.687762
     2.608857     2.752357     1.628887
     3.963513    -1.994065     1.644123
    -0.188789    -4.745251     1.650517
    -4.049355    -1.618693     1.648760
    -2.292971     2.974283     1.630223
     3.272476     1.863059     1.634068
     3.313667    -2.917946     1.653106
    -1.263207    -4.406122     1.656346
    -4.042441    -0.503953     1.644192
    -1.241597     3.324927     1.633729
     3.921034     0.962892     1.631958
     2.643029    -3.824690     1.650467
    -2.330702    -4.040884     1.653585
    -4.024150     0.605769     1.634447
    -0.183670     3.656676     1.628956
     3.816174     1.148110    -2.148295
     2.785359    -3.646762    -2.184969
    -2.123125    -4.121483    -2.191844
    -4.061123     0.391597    -2.152130
    -0.393742     3.620622    -2.143905
     3.831115     0.044535    -2.159493
     1.730821    -4.006076    -2.200471
    -2.785255    -3.231323    -2.199642
    -3.416143     1.286432    -2.154496
     0.659266     3.291902    -2.151562
     3.835852    -1.062080    -2.165345
     0.669699    -4.352679    -2.202741
    -3.440701    -2.327917    -2.193671
    -2.763377     2.179958    -2.152545
     1.712293     2.951205    -2.152089
     3.834688    -2.166041    -2.166114
    -0.389460    -4.684497    -2.192785
    -4.084334    -1.418232    -2.171737
    -2.103962     3.064911    -2.144259
     2.757685     2.600754    -2.145409
     0.771491     0.048950    -4.476452
     0.774153    -1.061279    -4.479390
    -0.284227    -1.406572    -4.481474
    -0.938184    -0.506433    -4.478290
    -0.285047     0.390902    -4.475988
     1.536123     0.603580    -3.907180
     1.541925    -1.617969    -3.913971
    -0.576813    -2.309851    -3.919221
    -1.885806    -0.507171    -3.910954
    -0.578447     1.287842    -3.906173
     1.551206    -0.507566    -3.924532
     0.486176    -1.976235    -3.930909
    -1.241418    -1.416372    -3.929527
    -1.242058     0.397070    -3.922728
     0.482629     0.957032    -3.920887
     2.297466     1.156462    -3.323838
     2.307083    -2.172144    -3.337032
    -0.868540    -3.210146    -3.346321
    -2.830462    -0.507335    -3.330353
    -0.870276     2.181405    -3.322207
     2.319433     0.047186    -3.350042
     1.255125    -2.536813    -3.362029
    -1.536486    -2.322657    -3.363047
    -2.193133     0.398237    -3.349531
     0.190638     1.857529    -3.345736
     2.322860    -1.064721    -3.353524
     0.193640    -2.883496    -3.364596
    -2.192309    -1.419451    -3.358587
    -1.538483     1.296171    -3.347320
     1.248395     1.515275    -3.346183
     3.050026     1.703736    -2.730830
     3.066120    -2.723702    -2.755038
    -1.158940    -4.105127    -2.768412
    -3.771058    -0.508976    -2.742502
    -1.158265     3.065500    -2.728700
     3.075471     0.599306    -2.756619
     2.018686    -3.088791    -2.777258
    -1.825454    -3.221558    -2.781200
    -3.134021     0.395358    -2.758116
    -0.101292     2.746561    -2.752100
     3.087113    -0.509840    -2.767899
     0.961259    -3.442476    -2.787781
    -2.485594    -2.324898    -2.784205
    -2.486510     1.295102    -2.762296
     0.955642     2.413001    -2.759973
     3.083893    -1.618870    -2.765892
    -0.100101    -3.781054    -2.782619
    -3.134383    -1.418310    -2.770288
    -1.826628     2.186116    -2.753077
     2.007322     2.064241    -2.753056
    -0.007379    -0.469549     5.506079
     1.451367     3.945107     2.548319
     4.744460    -0.474352     2.565869
    -3.783802     2.251771     2.551921
     3.791866     2.243873    -2.132837
     3.838934    -3.266571    -2.189549
    -1.452168    -5.004740    -2.205922
    -4.716103    -0.491694    -2.158725
    -1.441776     3.938015    -2.130376
     0.007929    -0.504595    -5.031547
     0.589208     1.330639     5.427361
    -1.543350     0.642584     5.429582
     1.260962     0.440069     5.449007
    -1.564203    -0.472089     5.453744
    -0.477617     0.987585     5.444776
     0.884175     2.228292     4.836678
    -2.310358     1.196417     4.839891
     1.558214     1.342471     4.863167
    -2.349244    -1.031528     4.881757
    -1.249813     1.553640     4.862548
     2.225118     0.447888     4.872510
    -2.336219     0.083962     4.868824
    -0.184951     1.897423     4.861791
     1.178392     3.121559     4.240945
    -3.074495     1.747188     4.244948
     1.852966     2.237158     4.269647
    -3.122487    -1.595890     4.298002
    -2.018469     2.108626     4.270451
     2.521615     1.346317     4.281023
    -3.119212    -0.478044     4.291977
    -0.956482     2.459956     4.279278
     3.182034     0.446981     4.280219
    -3.101827     0.635700     4.276301
     0.110385     2.796390     4.268795
     1.469967     4.010963     3.639414
    -3.833947     2.296294     3.644058
     2.141461     3.124456     3.664410
    -2.779958     2.655502     3.666446
     2.810910     2.236220     3.676888
    -3.889932    -1.042542     3.697837
    -1.723351     3.010560     3.677873
     3.472525     1.340579     3.678429
    -3.878231     0.073940     3.688594
    -0.660195     3.354110     3.677098
     4.128138     0.437202     3.674482
    -3.857925     1.185366     3.671398
     0.404642     3.684743     3.664050
     2.419891     4.009920     3.051879
    -3.539618     3.193956     3.054612
     3.087428     3.119542     3.059828
    -2.483802     3.547830     3.061911
     3.750921     2.225173     3.062685
    -4.638350    -0.483712     3.082415
    -1.423773     3.894853     3.063989
     4.410113     1.326452     3.062737
    -4.623258     0.628696     3.071706
    -0.361079     4.233940     3.060403
    -4.604739     1.739915     3.058987
     0.702209     4.565421     3.051686
     2.237502     4.564131     2.102658
     1.176905     4.907263     2.103106
    -4.783285     2.293717     2.106939
    -4.125862     3.192313     2.106343
     2.720244     4.231202     1.155645
     0.591268     4.920014     1.156217
     5.364037     0.633020     1.154798
    -4.979559     1.741942     1.159356
    -3.660668     3.544619     1.158195
     1.660434     4.590052     1.151364
     5.392800    -0.482159     1.144838
    -4.332205     2.651403     1.153915
     3.197984     3.890321     0.206711
     0.004706     4.923372     0.207794
     5.179546     1.186672     0.205270
    -5.167401     1.187834     0.209525
    -3.188977     3.889881     0.208690
     2.143070     4.260696     0.201652
     5.214708     0.074097     0.193676
    -4.530233     2.101756     0.202755
     1.076876     4.605638     0.202060
     5.229602    -1.041606     0.184282
    -3.870267     3.004570     0.203053
     3.669280     3.541345    -0.742510
    -0.581843     4.916703    -0.740721
     4.989132     1.737152    -0.743810
    -5.348132     0.629827    -0.740459
    -2.711038     4.227236    -0.740536
     2.618390     3.915188    -0.749031
     5.026779     0.625391    -0.755308
    -4.713418     1.543318    -0.750128
     1.557515     4.270660    -0.751671
     5.045102    -0.488257    -0.766850
    -4.063289     2.450669    -0.752351
     0.489295     4.603983    -0.748044
     5.047341    -1.604031    -0.773432
    -3.394581     3.346085    -0.748134
     4.133916     3.185648    -1.690319
    -1.167411     4.901042    -1.687851
     4.791412     2.286039    -1.691438
    -2.228222     4.557275    -1.687998
     3.084106     3.555205    -1.696096
     4.824002     1.174395    -1.701161
    -4.885171     0.972828    -1.701433
     2.028884     3.913636    -1.702036
     4.844300     0.062446    -1.714001
    -4.236233     1.883274    -1.704354
     0.965994     4.257482    -1.701478
     4.850079    -1.050959    -1.722233
    -3.577246     2.784392    -1.702791
    -0.099504     4.585277    -1.694485
     4.846667    -2.167173    -1.724649
    -2.907361     3.674869    -1.695002
     4.341516     2.647250    -0.737912
    -5.377938    -0.485185    -0.730313
    -1.651264     4.586300    -0.735716
     3.880249     3.004412     0.212697
    -5.219708    -1.039885     0.230193
    -2.134077     4.259880     0.214371
     4.541228     2.100634     0.212868
    -5.203644     0.075250     0.221822
    -1.067613     4.605068     0.214018
     3.404873     3.349968     1.163488
    -5.044891    -1.600864     1.184637
    -2.609679     3.917784     1.165233
     4.075166     2.454120     1.167101
    -5.038954    -0.483311     1.182135
    -1.548507     4.273086     1.167997
     4.727071     1.545972     1.164822
    -5.018546     0.630344     1.171575
    -0.479994     4.606732     1.164168
     2.917583     3.682317     2.110078
    -3.075788     3.561337     2.112329
     3.589274     2.792623     2.116856
    -4.852652    -1.045187     2.138662
    -2.020235     3.919387     2.118427
     4.250838     1.892153     2.117317
    -4.840445     0.071300     2.130271
    -0.957011     4.263181     2.117750
     4.902149     0.980832     2.115915
    -4.817264     1.182748     2.117954
     0.108768     4.591190     2.110337
     4.610419     1.728039    -2.641971
    -0.693252     4.556402    -2.636194
     4.625478     0.615493    -2.654259
    -4.391870     1.307560    -2.650418
     0.369885     4.224933    -2.644224
     4.633516    -0.497879    -2.663844
    -3.735788     2.209232    -2.649756
     1.432285     3.885704    -2.647445
     4.636264    -1.612305    -2.669371
    -3.075242     3.106755    -2.645348
     2.491995     3.538416    -2.645362
    -2.409696     3.999259    -2.636711
     3.547540     3.184096    -2.638341
     0.775199     0.057289    -5.575202
     0.777531    -1.056360    -5.579594
    -0.283821    -1.401638    -5.582724
    -0.940671    -0.499748    -5.577977
    -0.285393     0.400558    -5.574518
     1.547434     0.617448    -5.000765
     1.552254    -1.617011    -5.010011
    -0.578641    -2.312083    -5.016736
    -1.896483    -0.499584    -5.006315
    -0.581863     1.306647    -4.999386
     1.560960    -0.500348    -5.016043
     0.489702    -1.975684    -5.024601
    -1.246388    -1.413224    -5.022944
    -1.248348     0.409554    -5.013691
     0.486169     0.972222    -5.011606
     2.316794     1.175892    -4.417306
     2.324974    -2.174860    -4.433584
    -0.872443    -3.219576    -4.444949
    -2.849079    -0.498254    -4.426455
    -0.877058     2.209455    -4.415205
     2.337052     0.058777    -4.443521
     1.264471    -2.539721    -4.459035
    -1.543610    -2.325057    -4.460254
    -2.207364     0.412791    -4.442890
     0.192121     1.881349    -4.438400
     2.339860    -1.060378    -4.447636
     0.196023    -2.888776    -4.461947
    -2.204188    -1.415798    -4.455247
    -1.548697     1.316925    -4.440156
     1.258449     1.536299    -4.438964
     3.081625     1.731560    -3.825144
     3.094984    -2.731741    -3.851137
    -1.165645    -4.125156    -3.867399
    -3.798383    -0.498167    -3.839330
    -1.170137     3.107304    -3.822400
     3.105426     0.616733    -3.854678
     2.035661    -3.096783    -3.880216
    -1.835904    -3.232331    -3.884599
    -3.160439     0.413554    -3.856065
    -0.102399     2.783258    -3.849039
     3.116542    -0.501473    -3.868099
     0.969862    -3.453120    -3.892863
    -2.500652    -2.328401    -3.889122
    -2.508697     1.320279    -3.861603
     0.964822     2.446363    -3.858680
     3.112459    -1.618933    -3.864474
    -0.098955    -3.795290    -3.886131
    -3.154923    -1.414942    -3.873189
    -1.843537     2.218629    -3.850336
     2.026945     2.094348    -3.850189
     3.841077     2.283876    -3.226205
    -1.460745     3.999501    -3.222950
     3.862533     1.171105    -3.252259
     2.804304    -3.651689    -3.291031
    -2.125256    -4.138542    -3.298452
    -4.108200     0.407237    -3.255373
    -0.395875     3.673895    -3.246521
     3.878401     0.056894    -3.268459
     1.740609    -4.009453    -3.309258
    -2.790994    -3.236407    -3.308319
    -3.456840     1.316299    -3.263060
     0.668741     3.343049    -3.258729
     3.882128    -1.060103    -3.274575
     0.672917    -4.359068    -3.311549
    -3.450195    -2.327310    -3.302627
    -2.798376     2.218100    -3.260500
     1.731705     2.999183    -3.259284
     3.877465    -2.179920    -3.268516
    -0.395841    -4.698965    -3.299482
    -4.101891    -1.414391    -3.279335
    -2.131211     3.110731    -3.247317
     2.787998     2.643794    -3.248213