       
    -0.125577    -0.468380     0.677810      
     0.148680     0.374861     0.133795      
     0.757031    -0.468513     0.131426      
     0.146301    -1.313759     0.129674      
    -0.842258    -0.992787     0.130323      
    -0.839518     0.050433     0.132190      
     0.589334     0.049763    -0.752314      
     0.589064    -0.992958    -0.755533      
    -0.401400    -1.318270    -0.756880      
    -1.010644    -0.473139    -0.754121      
    -0.397827     0.370607    -0.751318      
    -0.126265    -0.473086    -1.302356      
     0.160943     0.414599     1.186312      
     0.797747    -0.462411     1.185603      
     0.160198    -1.344459     1.183864      
    -0.872194    -1.008974     1.184175      
    -0.869598     0.079245     1.185958      
     1.083097     0.414400     0.616371      
     1.081626    -1.344368     0.614408      
    -0.589137    -1.894905     0.614984      
    -1.617274    -0.467501     0.615026      
    -0.584665     0.956388     0.616665      
     0.907246     0.955901    -0.306392      
    -0.123679     1.291155    -0.305993      
     1.543973     0.078583    -0.306751      
     1.543834    -1.009260    -0.309963      
     0.908521    -1.894865    -0.311393      
    -0.126628    -2.234841    -0.310954      
    -1.163145    -1.898082    -0.310645      
    -1.800432    -1.014862    -0.310056      
    -1.793597     0.075241    -0.308574      
    -1.153971     0.955719    -0.305768      
     1.369256    -0.468657    -1.233873      
     0.337423    -1.897976    -1.238889      
    -1.340349    -1.353098    -1.237887      
    -1.332863     0.409905    -1.230717      
     0.337539     0.955025    -1.229252      
     0.622260     0.074199    -1.804782      
     0.623466    -1.015122    -1.810812      
    -0.412826    -1.352702    -1.812092      
    -1.051491    -0.470829    -1.808643      
    -0.409175     0.410003    -1.803181      
    -0.123694    -0.461206     1.729738      
     0.439254     1.270821     0.605850      
     1.696075    -0.461232     0.604916      
     0.438305    -2.206819     0.603647      
    -1.603975    -1.543426     0.604091      
    -1.595503     0.608306     0.605340      
     1.349794     0.607614    -1.216286      
     1.353858    -1.543650    -1.225294      
    -0.693000    -2.213597    -1.226740      
    -1.952994    -0.469613    -1.222276      
    -0.685587     1.269216    -1.215366      
    -0.125166    -0.468433    -2.355828      
     0.166289     0.432615     2.245078      
     0.811737    -0.454582     2.245072      
     0.166769    -1.346293     2.244000      
    -0.879390    -1.006348     2.244104      
    -0.877185     0.093975     2.245169      
     0.452233     1.312535     1.672383      
     1.737724    -0.454436     1.673147      
     0.453483    -2.234458     1.672893      
    -1.633153    -1.556466     1.672949      
    -1.626081     0.638185     1.673115      
     1.106717     0.437015     1.687271      
     1.107261    -1.352808     1.687847      
    -0.594788    -1.910816     1.687748      
    -1.643915    -0.459077     1.687921      
    -0.591666     0.988702     1.687292      
     1.386072     1.312435     1.095483      
     2.025492    -1.345973     1.095973      
    -0.306231    -2.795208     1.099626      
    -2.387707    -1.008137     1.096644      
    -1.337875     1.525649     1.096012      
     2.026369     0.432698     1.096107      
     1.386480    -2.234157     1.096677      
    -1.347777    -2.456824     1.099621      
    -2.382618     0.086043     1.095918      
    -0.302900     1.861250     1.095476      
     1.207915     1.861044     0.161211      
     0.163840     2.200423     0.161396      
     2.493413     0.094082     0.162097      
     2.493814    -1.006424     0.159427      
     1.214159    -2.794958     0.159887      
     0.163959    -3.141143     0.160958      
    -1.931634    -2.460293     0.161067      
    -2.577703    -1.563274     0.160495      
    -2.561479     0.636127     0.160163      
    -1.914260     1.526251     0.162446      
     1.671842     1.525687    -0.764734      
    -0.408111     2.201526    -0.764432      
     2.317452     0.638123    -0.764238      
     2.321765    -1.557182    -0.771916      
     1.681208    -2.456904    -0.772727      
    -0.413848    -3.144442    -0.773559      
    -1.466577    -2.802383    -0.773445      
    -2.756033    -1.015570    -0.770722      
    -2.744741     0.089230    -0.769380      
    -1.451437     1.862835    -0.763658      
     0.637693     1.881536    -0.771811      
     2.339179    -0.460048    -0.775167      
     0.641703    -2.823315    -0.780602      
    -2.131193    -1.922401    -0.779821      
    -2.113856     0.987688    -0.772912      
     1.866810     0.988622     0.167767      
     1.869566    -1.910821     0.164840      
    -0.891091    -2.823239     0.167001      
    -2.587721    -0.462716     0.165751      
    -0.881539     1.881740     0.168052      
     2.141211     0.085210    -1.700993      
     1.102663    -2.460344    -1.714303      
    -1.646883    -2.248807    -1.714985      
    -2.278320     0.428370    -1.702414      
     0.059347     1.862325    -1.698580      
     2.145871    -1.010153    -1.709590      
     0.057230    -2.802266    -1.715551      
    -2.290501    -1.358399    -1.712667      
    -1.632427     1.311695    -1.699060      
     1.095045     1.526005    -1.698756      
     0.635096     0.087909    -2.864444      
     0.636597    -1.014923    -2.872617      
    -0.415472    -1.356567    -2.874349      
    -1.063962    -0.462422    -2.869836      
    -0.411205     0.429256    -2.862235      
     1.383442     0.635781    -2.279994      
     1.392127    -1.564150    -2.295228      
    -0.705072    -2.248285    -2.297741      
    -1.996146    -0.463153    -2.290927      
    -0.696443     1.311684    -2.279123      
     1.402171    -0.464949    -2.305779      
     0.349190    -1.922288    -2.314723      
    -1.365293    -1.365341    -2.313318      
    -1.355990     0.432599    -2.300652      
     0.348008     0.986568    -2.298199      
    -0.121508    -0.453125     2.789806      
     0.732034     2.173579     1.081415      
     2.642078    -0.452731     1.082619      
     0.735523    -3.104153     1.086255      
    -2.372464    -2.094539     1.086234      
    -2.356715     1.171139     1.082392      
     2.115987     1.171579    -1.681736      
     2.130623    -2.095607    -1.696464      
    -0.987140    -3.116415    -1.700267      
    -2.904426    -0.460058    -1.692470      
    -0.975268     2.175560    -1.681474      
    -0.123410    -0.456092    -3.419800      
     0.170271     0.446112     3.312791      
     0.820565    -0.446869     3.313439      
     0.171668    -1.343370     3.313747      
    -0.882358    -1.000914     3.313707      
    -0.880548     0.105618     3.313350      
     0.459782     1.337137     2.743202      
     1.759443    -0.447154     2.745018      
     0.463352    -2.240650     2.747059      
    -1.645491    -1.555472     2.746883      
    -1.640196     0.656972     2.744688      
     1.120052     0.452217     2.759224      
     1.121787    -1.351600     2.761608      
    -0.595552    -1.911951     2.762585      
    -1.655764    -0.449378     2.761364      
    -0.594378     1.009044     2.759090      
     0.746453     2.219382     2.157406      
     2.688093    -0.446352     2.160333      
     0.752928    -3.130672     2.166670      
    -2.402693    -2.105418     2.166296      
    -2.390977     1.203242     2.159631      
     1.409533     1.343060     2.178878      
     2.059798    -1.351311     2.182503      
    -0.304557    -2.811559     2.186521      
    -2.418319    -1.003846     2.183816      
    -1.353160     1.560449     2.179468      
     2.058289     0.452411     2.179848      
     1.412998    -2.248420     2.184343      
    -1.359464    -2.468816     2.186431      
    -2.414419     0.101937     2.181904      
    -0.304894     1.899930     2.178698      
     1.686925     2.219423     1.576521      
     2.978829    -1.342578     1.580605      
    -0.012666    -3.699651     1.593903      
    -3.162932    -1.552991     1.585685      
    -2.100767     2.096460     1.577971      
     2.339352     1.337391     1.582469      
     2.341521    -2.240015     1.587706      
    -1.068312    -3.367996     1.599396      
    -3.164600    -0.451547     1.586646      
    -1.060214     2.441708     1.582015      
     2.978420     0.446694     1.578747      
     1.692792    -3.130244     1.586554      
    -2.117371    -3.015870     1.593678      
    -3.152820     0.649023     1.579543      
    -0.014123     2.772069     1.576329      
     1.507483     2.772134     0.635773      
     0.455964     3.113787     0.635802      
     3.449215     0.106665     0.638957      
     3.450684    -1.000319     0.637310      
     1.523876    -3.699300     0.644967      
     0.463340    -4.050685     0.646780      
    -2.708905    -3.020084     0.646487      
    -3.360380    -2.112833     0.644636      
    -3.333118     1.203362     0.636902      
    -2.681388     2.097891     0.638264      
     1.980927     2.442221    -0.297549      
    -0.120744     3.124869    -0.297582      
     3.281050     0.658149    -0.295339      
     3.286411    -1.555788    -0.299909      
     2.001890    -3.367735    -0.296760      
    -0.121491    -4.066652    -0.299173      
    -2.245533    -3.376487    -0.299294      
    -3.551921    -1.563790    -0.296663      
    -3.525591     0.657667    -0.299067      
    -2.220676     2.445016    -0.295718      
     0.935959     2.801634    -0.302930      
     3.303237    -0.448895    -0.302515      
     0.948225    -3.741435    -0.303943      
    -2.919418    -2.484751    -0.304033      
    -2.889100     1.562845    -0.302061      
     2.443377     2.097832    -1.229765      
    -0.697181     3.117446    -1.230020      
     3.094106     1.204849    -1.228593      
     3.108872    -2.107714    -1.238635      
     2.467767    -3.016855    -1.238225      
    -0.706302    -4.059130    -1.244706      
    -1.768747    -3.713872    -1.244698      
    -3.720982    -1.005896    -1.236911      
    -3.703378     0.106846    -1.235644      
    -1.748071     2.777087    -1.228997      
     1.405998     2.462621    -1.240427      
     3.125692     0.102245    -1.240785      
     1.422674    -3.397633    -1.251743      
    -2.447296    -2.832835    -1.253840      
    -3.073689     1.011475    -1.242101      
     0.356683     2.803318    -1.240518      
     3.129314    -1.005167    -1.245178      
     0.360785    -3.745520    -1.253948      
    -3.101127    -1.927393    -1.251552      
    -2.420356     1.904023    -1.239925      
     2.646783     1.561241    -0.291922      
     2.657759    -2.468898    -0.294806      
    -1.191164    -3.745203    -0.294970      
    -3.553445    -0.451077    -0.294198      
    -1.176867     2.803211    -0.292117      
     2.176694     1.900238     0.645414      
     2.829976    -1.911484     0.647217      
    -0.603745    -3.741338     0.654722      
    -3.372808    -1.005918     0.648980      
    -1.645835     2.462103     0.646109      
     2.825547     1.009657     0.646521      
     2.184577    -2.811064     0.649564      
    -1.663655    -3.396957     0.654632      
    -3.366130     0.101261     0.646695      
    -0.597596     2.801538     0.645248      
     2.917664     0.650195    -2.169946      
     1.883745    -3.021578    -2.189636      
    -1.950909    -3.155215    -2.194798      
    -3.233843     0.448793    -2.174820      
    -0.226357     2.776966    -2.170055      
     2.932295    -0.453055    -2.180263      
     0.828592    -3.377196    -2.198571      
    -2.609746    -2.259663    -2.198263      
    -2.587287     1.340868    -2.176668      
     0.820636     2.445339    -2.176080      
     2.933715    -1.556582    -2.186294      
    -0.231179    -3.714055    -2.195057      
    -3.252610    -1.351828    -2.189326      
    -1.930434     2.224302    -2.169818      
     1.862795     2.099149    -2.169776      
     0.646706     0.106254    -3.935307      
     0.645875    -1.004699    -3.944770      
    -0.416203    -1.348559    -3.947200      
    -1.071678    -0.446278    -3.941847      
    -0.411845     0.452476    -3.933016      
     1.403122     0.658363    -3.348832      
     1.415277    -1.565395    -3.370793      
    -0.710457    -2.258483    -3.374079      
    -2.019198    -0.448316    -3.365260      
    -0.700776     1.341762    -3.348036      
     1.424065    -0.454855    -3.379936      
     0.357051    -1.927467    -3.392733      
    -1.378704    -1.362958    -3.390991      
    -1.366482     0.454123    -3.371949      
     0.355228     1.010453    -3.368509      
     2.153926     1.205099    -2.753729      
     2.175037    -2.116298    -2.776701      
    -1.000738    -3.154885    -2.782684      
    -2.953749    -0.447290    -2.772618      
    -0.987454     2.224398    -2.753702      
     2.179200     0.101506    -2.780788      
     1.125919    -2.486402    -2.805225      
    -1.672433    -2.268821    -2.806252      
    -2.310293     0.453962    -2.782987      
     0.064887     1.903687    -2.778362      
     2.187800    -1.009973    -2.796024      
     0.063756    -2.833228    -2.807140      
    -2.326470    -1.363611    -2.803134      
    -1.654852     1.346585    -2.779513      
     1.114484     1.563251    -2.778511      
    -0.119463    -0.445655     3.860795      
     1.027714     3.085045     1.561374      
     3.598042    -0.444717     1.565157      
     1.040506    -4.008734     1.581072      
    -3.151306    -2.647040     1.580578      
    -3.126254     1.739342     1.564093      
     2.890366     1.741562    -2.152324      
     2.925524    -2.651311    -2.172015      
    -1.285539    -4.032849    -2.181139      
    -3.869291    -0.442264    -2.166775      
    -1.268300     3.091179    -2.152858      
    -0.120826    -0.432480    -4.502090      
     0.173516     0.457060     4.390438      
     0.827448    -0.440605     4.391671      
     0.175425    -1.340415     4.393681      
    -0.884253    -0.996162     4.393547      
    -0.883043     0.114927     4.391459      
     0.465298     1.355118     3.821181      
     1.774053    -0.441071     3.823780      
     0.470346    -2.242106     3.829053      
    -1.652619    -1.552403     3.828735      
    -1.649103     0.670667     3.823261      
     1.129564     0.463984     3.836843      
     1.131947    -1.349205     3.840648      
    -0.595337    -1.910274     3.843783      
    -1.663221    -0.441302     3.840221      
    -0.595795     1.024344     3.836619      
     0.755987     2.249782     3.237833      
     2.716698    -0.440742     3.241866      
     0.764944    -3.140284     3.253030      
    -2.418661    -2.105979     3.252484      
    -2.411514     1.224721     3.240915      
     1.424270     1.364366     3.262233      
     2.081558    -1.351522     3.267700      
    -0.301314    -2.816094     3.275966      
    -2.435439    -0.998014     3.269799      
    -1.362712     1.583719     3.262951      
     2.079019     0.465924     3.263480      
     1.429658    -2.253514     3.270548      
    -1.365355    -2.470390     3.275823      
    -2.432849     0.114702     3.266850      
    -0.304990     1.926003     3.261975      
     1.043522     3.134755     2.644909      
     3.648384    -0.439643     2.650152      
     1.056341    -4.032912     2.671958      
    -3.178809    -2.656983     2.671209      
    -3.164636     1.772982     2.648721      
     1.711640     2.255543     2.668979      
     3.019269    -1.348504     2.675684      
    -0.006360    -3.711842     2.692244      
    -3.197123    -1.551510     2.682654      
    -2.122225     2.133623     2.670624      
     2.370993     1.364608     2.677660      
     2.375965    -2.253126     2.686544      
    -1.070873    -3.374865     2.700622      
    -3.200861    -0.441777     2.685194      
    -1.070651     2.482422     2.677071      
     3.016899     0.464555     2.671581      
     1.720733    -3.148989     2.683798      
    -2.130210    -3.021803     2.691933      
    -3.189736     0.668032     2.674277      
    -0.013644     2.815917     2.668692      
     1.989018     3.134931     2.060955      
     3.942122    -1.339120     2.068652      
     0.288283    -4.614222     2.100646      
    -3.948708    -2.097564     2.083234      
    -2.872662     2.670749     2.063544      
     2.648186     2.250223     2.069347      
     3.305149    -2.241056     2.079624      
    -0.777462    -4.284166     2.114646      
    -3.949972    -0.993201     2.082954      
    -1.827388     3.021254     2.069745      
     3.300166     1.355901     2.070792      
     2.658075    -3.139530     2.084902      
    -1.842427    -3.938159     2.114508      
    -3.945529     0.113854     2.077502      
    -0.774327     3.361888     2.068711      
     3.939925     0.458191     2.065037      
     2.008052    -4.032430     2.084766      
    -2.898691    -3.578861     2.100204      
    -3.930851     1.217812     2.066597      
     0.278830     3.690456     2.060663      
     1.808595     3.690725     1.115323      
     0.751498     4.034093     1.115236      
     4.413864     0.116736     1.120848      
     4.416624    -0.994839     1.120751      
     1.841915    -4.613855     1.141772      
     0.772562    -4.971972     1.147814      
    -3.500737    -3.583739     1.147240      
    -4.155406    -2.665876     1.140736      
    -4.112157     1.775223     1.119009      
    -3.456765     2.672682     1.119082      
     2.287225     3.362701     0.176941      
     0.171577     4.049745     0.176676      
     4.248869     0.672886     0.181279      
     4.256153    -1.551653     0.180765      
     2.331986    -4.283710     0.195766      
     0.179871    -4.995969     0.189035      
    -3.035632    -3.951281     0.188676      
    -4.357708    -2.110916     0.194313      
    -4.308975     1.230636     0.179301      
    -2.996143     3.025335     0.179715      
     1.235034     3.723578     0.171767      
     4.270724    -0.439516     0.176352      
     1.261822    -4.664701     0.185719      
    -3.715913    -3.047509     0.184879      
    -3.667568     2.138387     0.174798      
     2.759698     3.023037    -0.764159      
    -0.410328     4.052075    -0.764751      
     4.069646     1.227517    -0.761222      
     4.085346    -2.107353    -0.762697      
     2.809403    -3.938426    -0.755362      
    -0.413747    -5.001185    -0.770878      
    -2.559075    -4.304127    -0.771035      
    -4.540226    -1.550804    -0.757722      
    -4.495256     0.681558    -0.763310      
    -2.525078     3.368284    -0.762669      
     1.712822     3.392794    -0.772115      
     4.103282     0.116855    -0.768787      
     1.747628    -4.330348    -0.770850      
    -3.248345    -3.411972    -0.776830      
    -3.862144     1.591551    -0.770657      
     0.654143     3.736500    -0.772319      
     4.107219    -0.996800    -0.769344      
     0.668573    -4.684891    -0.776347      
    -3.912340    -2.491018    -0.772321      
    -3.204443     2.489540    -0.769950      
     3.222408     2.673708    -1.701173      
    -0.990136     4.040596    -1.702162      
     3.877190     1.776502    -1.699697      
     3.911216    -2.663749    -1.710000      
     3.272131    -3.582593    -1.705897      
    -1.004730    -4.989930    -1.726355      
    -2.075043    -4.642095    -1.726506      
    -4.701508    -0.989551    -1.708283      
    -4.674223     0.130308    -1.702905      
    -2.047037     3.698902    -1.701102      
     2.180801     3.042941    -1.713012      
     3.912809     0.670926    -1.710671      
     2.218674    -3.972280    -1.724764      
    -2.761404    -3.754488    -1.734948      
    -4.039090     1.035775    -1.713899      
     1.128413     3.394922    -1.717999      
     3.929015    -0.440702    -1.716238      
     1.148636    -4.336808    -1.736109      
    -3.432610    -2.847155    -1.737025      
    -3.389418     1.935963    -1.716465      
     0.069841     3.727900    -1.713572      
     3.925582    -1.553278    -1.712724      
     0.072224    -4.675621    -1.734843      
    -4.082718    -1.922437    -1.727416      
    -2.724562     2.825110    -1.711866      
     3.429488     2.135843    -0.758464      
     3.455845    -3.022078    -0.754956      
    -1.493777    -4.675147    -0.767408      
    -4.523557    -0.430046    -0.756555      
    -1.473465     3.727539    -0.759426      
     2.964250     2.483639     0.184466      
     3.633501    -2.469706     0.190694      
    -0.902708    -4.684549     0.193808      
    -4.353429    -0.989912     0.194238      
    -1.950395     3.394030     0.184930      
     3.619259     1.585404     0.185973      
     2.987247    -3.374117     0.196391      
    -1.976835    -4.335533     0.193698      
    -4.344533     0.121698     0.188540      
    -0.892643     3.736180     0.183855      
     2.483553     2.816495     1.126010      
     3.795894    -1.909098     1.133369      
    -0.307259    -4.664669     1.154183      
    -4.159697    -1.547180     1.142185      
    -2.416813     3.041120     1.127610      
     3.144783     1.926939     1.131296      
     3.156558    -2.815146     1.142105      
    -1.380968    -4.329726     1.159854      
    -4.162321    -0.438001     1.139870      
    -1.365886     3.391955     1.130496      
     3.789025     1.025700     1.128872      
     2.502532    -3.711128     1.144058      
    -2.446494    -3.969638     1.153915      
    -4.147153     0.670686     1.131231      
    -0.308213     3.723307     1.125598      
     3.701196     1.221657    -2.645207      
     2.681225    -3.590467    -2.670683      
    -2.258679    -4.079297    -2.683541      
    -4.199163     0.476809    -2.653400      
    -0.516996     3.699152    -2.647072      
     3.720007     0.116643    -2.653679      
     1.616245    -3.954519    -2.684285      
    -2.927035    -3.176176    -2.688996      
    -3.550070     1.370625    -2.654984      
     0.537194     3.369105    -2.655610      
     3.735059    -0.995858    -2.660109      
     0.544802    -4.305635    -2.688688      
    -3.587031    -2.260337    -2.685779      
    -2.893132     2.262245    -2.654136      
     1.591854     3.027199    -2.655254      
     3.743469    -2.102049    -2.670540      
    -0.526518    -4.642572    -2.683659      
    -4.233197    -1.336172    -2.672789      
    -2.230262     3.145657    -2.646405      
     2.639081     2.675737    -2.646106      
     0.665184     0.140944    -5.026745      
     0.656761    -0.988077    -5.034321      
    -0.417975    -1.337099    -5.037116      
    -1.082598    -0.418311    -5.032313      
    -0.415177     0.493140    -5.026719      
     1.424694     0.684824    -4.427396      
     1.434236    -1.560214    -4.459530      
    -0.714529    -2.260283    -4.464348      
    -2.040482    -0.423928    -4.452085      
    -0.705628     1.376486    -4.426395      
     1.446106    -0.438187    -4.463806      
     0.363692    -1.925251    -4.482388      
    -1.390014    -1.351876    -4.480507      
    -1.375832     0.482369    -4.451810      
     0.362177     1.038020    -4.446899      
     2.181542     1.235346    -3.830294      
     2.208123    -2.122606    -3.868686      
    -1.009692    -3.176017    -3.875793      
    -2.989789    -0.420470    -3.864661      
    -0.994848     2.264208    -3.830550      
     2.208163     0.124738    -3.859225      
     1.143591    -2.497410    -3.901250      
    -1.688971    -2.276266    -3.902655      
    -2.329528     0.485430    -3.861911      
     0.068867     1.937413    -3.857661      
     2.224689    -0.999393    -3.888930      
     0.067328    -2.849073    -3.903598      
    -2.352494    -1.355261    -3.899143      
    -1.667873     1.380009    -3.858844      
     1.129319     1.593857    -3.857790      
     2.933447     1.779580    -3.232325      
     2.976010    -2.674880    -3.263401      
    -1.301731    -4.079364    -3.275592      
    -3.926412    -0.424338    -3.260863      
    -1.282431     3.146132    -3.233077      
     2.962266     0.674851    -3.258258      
     1.916365    -3.053866    -3.296098      
    -1.979754    -3.185488    -3.301331      
    -3.271923     0.482789    -3.263340      
    -0.223885     2.825885    -3.258743      
     2.978887    -0.435514    -3.269746      
     0.846461    -3.415350    -3.308452      
    -2.648770    -2.276477    -3.308052      
    -2.618698     1.379778    -3.267682      
     0.834909     2.491163    -3.267502      
     2.985032    -1.556812    -3.287121      
    -0.228402    -3.755598    -3.301713      
    -3.300117    -1.352076    -3.295661      
    -1.954252     2.268228    -3.258777      
     1.888638     2.141468    -3.258261      
    -0.117788    -0.439556     4.945429      
     1.327115     4.007660     2.046983      
     4.566622    -0.438082     2.053314      
     1.364824    -4.925657     2.106549      
    -3.952809    -3.198252     2.105809      
    -3.906634     2.313807     2.051413      
     3.674939     2.317965    -2.630421      
    -4.863769    -0.401072    -2.648029      
    -1.565648     4.017782    -2.631772      
     0.175771     0.464726     5.488846      
     0.832480    -0.436183     5.490302      
     0.177707    -1.338005     5.493865      
    -0.885147    -0.992756     5.493672      
    -0.884984     0.121621     5.490012      
     0.470528     1.371964     4.914425      
     1.788182    -0.436696     4.917484      
     0.475934    -2.246920     4.925155      
    -1.660462    -1.552904     4.924757      
    -1.658480     0.682685     4.916855      
     1.138194     0.474069     4.927597      
     1.140743    -1.349137     4.932243      
    -0.595945    -1.911340     4.937257      
    -1.670802    -0.435936     4.931717      
    -0.597323     1.037729     4.927326      
     0.764227     2.275928     4.330902      
     2.740714    -0.436634     4.335590      
     0.774508    -3.152406     4.349679      
    -2.434045    -2.110048     4.349042      
    -2.429084     1.242327     4.334514      
     1.436553     1.382566     4.355024      
     2.099417    -1.352681     4.361425      
    -0.299286    -2.822895     4.373025      
    -2.450268    -0.995436     4.363972      
    -1.370984     1.603020     4.355847      
     2.096534     0.476863     4.356446      
     1.442669    -2.259943     4.364818      
    -1.371502    -2.474553     4.372854      
    -2.448527     0.124412     4.360461      
    -0.304729     1.948099     4.354733      
     1.056308     3.174901     3.738725      
     3.687777    -0.435967     3.744884      
     1.071503    -4.055663     3.768032      
    -3.205002    -2.666349     3.767173      
    -3.194893     1.799237     3.743309      
     1.729949     2.285632     3.766146      
     3.050943    -1.352293     3.774141      
    -0.001176    -3.727078     3.795406      
    -3.223655    -1.553315     3.781379      
    -2.140538     2.162276     3.768014      
     2.395566     1.386059     3.776652      
     2.401647    -2.263889     3.787063      
    -1.074886    -3.386322     3.805831      
    -3.228516    -0.435250     3.785626      
    -1.078494     2.514357     3.776013      
     3.048012     0.477201     3.769047      
     1.740644    -3.165870     3.782603      
    -2.143885    -3.030916     3.795051      
    -3.218158     0.683723     3.772620      
    -0.011297     2.851160     3.765829      
     1.346464     4.067964     3.139795      
     4.628048    -0.434785     3.147194      
    -3.954881     2.352580     3.145146      
     2.016972     3.179063     3.163936      
     3.990858    -1.348011     3.173087      
     0.295369    -4.628091     3.207019      
    -3.989575    -2.113289     3.185848      
    -2.902174     2.712721     3.166735      
     2.684141     2.285924     3.176935      
     3.348060    -2.259142     3.188994      
    -0.776453    -4.290325     3.223740      
    -3.994647    -0.993020     3.192530      
    -1.846003     3.068192     3.177338      
     3.342227     1.383197     3.178419      
     2.693830    -3.165425     3.194485      
    -1.847405    -3.942358     3.223583      
    -3.991443     0.124565     3.186867      
    -0.783026     3.412004     3.176258      
     3.987915     0.475063     3.168276      
     2.031449    -4.069066     3.187418      
    -2.913089    -3.585682     3.206501      
    -3.976074     1.239351     3.170962      
     0.281624     3.742687     3.163608      
     2.295348     4.068285     2.553708      
     4.924506    -1.336362     2.564073      
    -3.661935     3.253640     2.557363      
     2.961030     3.175512     2.562442      
     4.282370    -2.245515     2.576227      
    -4.749439    -1.543999     2.587623      
    -2.606427     3.608079     2.563901      
     3.621524     2.276895     2.566588      
     3.633978    -3.151325     2.585379      
    -4.746902    -0.429292     2.582605      
    -1.546679     3.955357     2.565456      
     4.274978     1.373274     2.565516      
     2.980936    -4.054878     2.590119      
    -4.739215     0.684433     2.573325      
    -0.484196     4.294460     2.561750      
     4.920717     0.466297     2.559467      
    -4.724451     1.797253     2.561273      
     0.579040     4.625725     2.553381      
     2.114267     4.626134     1.604810      
     1.053444     4.970654     1.604618      
     5.396873     0.123970     1.611859      
     5.400662    -0.990693     1.613923      
    -4.906269     2.356502     1.610972      
    -4.248256     3.256052     1.609288      
     2.597571     4.295445     0.657716      
     0.468123     4.986908     0.657286      
     5.230643     0.685476     0.663668      
     5.239623    -1.551066     0.666826      
    -5.104932     1.808398     0.663215      
    -3.783630     3.612341     0.661183      
     1.537604     4.655760     0.652352      
     5.250011    -0.433482     0.659983      
    -4.456782     2.718434     0.656951      
     3.076516     3.957305    -0.290566      
    -0.118175     4.994333    -0.291379      
     5.055039     1.245798    -0.286013      
     5.072366    -2.108929    -0.280530      
    -5.296416     1.258689    -0.285914      
    -3.312210     3.961976    -0.288437      
     2.021142     4.328822    -0.297363      
     5.087766     0.127408    -0.291256      
    -4.657520     2.172656    -0.293767      
     0.954262     4.675194    -0.297644      
     5.092307    -0.992737    -0.289408      
    -3.995560     3.076346    -0.293999      
     3.549749     3.611230    -1.238573      
    -0.704599     4.991745    -1.239819      
     4.869268     1.803525    -1.235416      
     4.899933    -2.666773    -1.227454      
    -5.482009     0.705749    -1.235531      
    -2.834342     4.303508    -1.237764      
     2.497969     3.986055    -1.247248      
     4.907279     0.687630    -1.242508      
    -4.844539     1.618826    -1.245567      
     1.435984     4.342730    -1.251307      
     4.924505    -0.432069    -1.245056      
    -4.191600     2.526962    -1.248169      
     0.366909     4.677615    -1.247964      
     4.920339    -1.549926    -1.237479      
    -3.520132     3.422631    -1.245136      
     4.016858     3.257953    -2.185006      
    -1.290323     4.979589    -2.186553      
     4.674528     2.357655    -2.182650      
    -2.351479     4.636901    -2.185033      
     2.965686     3.628841    -2.192812      
     4.708734     1.244428    -2.189681      
    -5.020691     1.054572    -2.196561      
     1.908985     3.988276    -2.200828      
     4.731815     0.129505    -2.195392      
    -4.368501     1.965929    -2.197973      
     0.844732     4.333431    -2.201279      
     4.740832    -0.989815    -2.196464      
    -3.705714     2.866214    -2.198154      
    -0.221730     4.662693    -2.194035      
     4.742966    -2.104947    -2.184192      
    -3.032738     3.755575    -2.192062      
     4.221693     2.716490    -1.232643      
     4.269498    -3.588470    -1.212698      
    -5.511036    -0.409619    -1.226019      
    -1.774114     4.662240    -1.234384      
     3.757990     3.070684    -0.284033      
     4.447357    -3.030217    -0.267672      
    -5.346754    -0.969823    -0.265748      
    -2.257032     4.332383    -0.284193      
     4.418513     2.165328    -0.282423      
     3.802261    -3.942694    -0.259520      
    -5.331788     0.145981    -0.274758      
    -1.190612     4.677167    -0.285272      
     3.281102     3.413456     0.665717      
     4.616748    -2.472962     0.678815      
    -5.163240    -1.533159     0.691697      
    -2.732617     3.986258     0.667067      
     3.949974     2.516323     0.670353      
     3.976711    -3.385386     0.689960      
    -5.161057    -0.417292     0.685616      
    -1.671612     4.341721     0.669067      
     4.599759     1.605459     0.668920      
     3.322357    -4.289849     0.695376      
    -5.142748     0.696502     0.674381      
    -0.603224     4.674806     0.664908      
     2.793292     3.743451     1.612067      
     4.773655    -1.909553     1.623652      
    -4.961289    -2.097429     1.642391      
    -3.198505     3.625618     1.614694      
     3.463165     2.852326     1.619925      
     4.136227    -2.821521     1.636358      
    -4.964748    -0.981156     1.640851      
    -2.143270     3.984105     1.620087      
     4.121365     1.949697     1.621524      
     3.486149    -3.726137     1.643936      
    -4.959156     0.132465     1.632995      
    -1.080274     4.327870     1.618987      
     4.764581     1.039702     1.616672      
     2.827250    -4.627506     1.645194      
    -4.938988     1.244655     1.620382      
    -0.014622     4.655397     1.611548      
     4.498588     1.803553    -3.132092      
    -0.815025     4.637279    -3.134960      
     4.518447     0.690821    -3.139207      
    -4.529106     1.401201    -3.142964      
     0.248820     4.304421    -3.143831      
     4.534198    -0.424180    -3.143151      
    -3.868700     2.299629    -3.143495      
     1.312667     3.963936    -3.146682      
    -3.203727     3.193688    -3.141445      
     2.374064     3.615648    -3.142877      
    -2.534780     4.083550    -3.134165      
     3.430884     3.260839    -3.133299      
     2.210012     1.266048    -4.922418      
    -1.002421     2.304039    -4.923439      
     2.240453     0.149800    -4.951129      
    -2.353150     0.518199    -4.954285      
     0.070841     1.970581    -4.950295      
    -1.681686     1.415533    -4.950308      
     1.145238     1.622947    -4.950052      
     2.970746     1.816039    -4.323308      
    -1.293736     3.195791    -4.324359      
     3.001255     0.705014    -4.351475      
    -3.305291     0.520738    -4.360328      
    -0.223818     2.869115    -4.352956      
     3.023604    -0.410381    -4.367239      
    -2.643037     1.420446    -4.362676      
     0.846460     2.530527    -4.363645      
    -1.971257     2.311728    -4.352559      
     1.912099     2.178405    -4.352279      
     3.728857     2.363094    -3.720792      
    -1.584184     4.084474    -3.722312      
     3.754428     1.252174    -3.745507      
    -4.249428     0.511808    -3.754687      
    -0.517914     3.756825    -3.747747      
     3.777400     0.140859    -3.757777      
    -3.592352     1.415141    -3.759282      
     0.548601     3.424695    -3.761019      
     3.789726    -0.976178    -3.764994      
    -2.928895     2.310781    -3.758724      
     1.613852     3.079863    -3.760578      
    -2.257381     3.198695    -3.747031      
     2.672688     2.723474    -3.746546      