                 
     0.372175    -0.321929     0.710932            
     0.645034     0.517574     0.165732            
     1.260375    -0.324986     0.163723            
     0.649159    -1.165803     0.163107            
    -0.341905    -0.841258     0.164700            
    -0.345375     0.199048     0.167414            
     1.091228     0.194271    -0.720372            
     1.095040    -0.847904    -0.723143            
     0.102101    -1.167046    -0.721857            
    -0.510797    -0.323036    -0.718357            
     0.099391     0.516822    -0.717095            
     0.375708    -0.325971    -1.267645            
     0.652292     0.558655     1.219083            
     1.294007    -0.320138     1.217316            
     0.655890    -1.198511     1.217091            
    -0.378377    -0.859827     1.218522            
    -0.378632     0.224163     1.219501            
     1.578750     0.555754     0.648060            
     1.585904    -1.203408     0.648273            
    -0.089667    -1.740693     0.647233            
    -1.124598    -0.318348     0.649315            
    -0.093755     1.100814     0.649840            
     1.402375     1.098324    -0.275355            
     0.367341     1.434978    -0.272251            
     2.048622     0.220336    -0.276936            
     2.052138    -0.868844    -0.277336            
     1.411425    -1.750746    -0.277470            
     0.374037    -2.084162    -0.277922            
    -0.661023    -1.741785    -0.277018            
    -1.300127    -0.861278    -0.273816            
    -1.300660     0.223438    -0.272787            
    -0.663566     1.100763    -0.272267            
     1.875088    -0.324097    -1.204314            
     0.837643    -1.751249    -1.205272            
    -0.837192    -1.200825    -1.200438            
    -0.839218     0.557813    -1.194760            
     0.832837     1.098289    -1.196476            
     1.122895     0.219796    -1.774326            
     1.124618    -0.869461    -1.777988            
     0.087356    -1.205311    -1.776833            
    -0.551519    -0.322632    -1.770000            
     0.085533     0.554931    -1.767690            
     0.366404    -0.316933     1.762771            
     0.928769     1.413424     0.638354            
     2.200353    -0.322486     0.637172            
     0.938146    -2.059561     0.637228            
    -1.105927    -1.387344     0.637611            
    -1.107078     0.753338     0.639077            
     1.851361     0.750916    -1.189291            
     1.857077    -1.400895    -1.193283            
    -0.193418    -2.062069    -1.191657            
    -1.453871    -0.317975    -1.182476            
    -0.195983     1.413185    -1.181250            
     0.372679    -0.323626    -2.320084            
     0.649707     0.575332     2.278075            
     1.298244    -0.313443     2.277106            
     0.651653    -1.203532     2.277144            
    -0.394357    -0.861313     2.277876            
    -0.393611     0.235896     2.278031            
     0.935847     1.455741     1.705831            
     2.231545    -0.315509     1.705888            
     0.941940    -2.090640     1.706391            
    -1.143598    -1.405809     1.705703            
    -1.142118     0.779595     1.705293            
     1.595246     0.578573     1.720765            
     1.599733    -1.212590     1.720963            
    -0.105449    -1.761953     1.720749            
    -1.157093    -0.313589     1.720031            
    -0.107153     1.131282     1.720174            
     1.872611     1.453661     1.128478            
     2.530034    -1.211822     1.132773            
     0.187011    -2.639116     1.129820            
    -1.898564    -0.857955     1.128467            
    -0.853599     1.667437     1.128287            
     2.519864     0.571448     1.129337            
     1.886468    -2.097749     1.133144            
    -0.852304    -2.296671     1.128439            
    -1.897561     0.230369     1.128109            
     0.181106     2.004307     1.128670            
     1.693898     2.003618     0.192715            
     0.647214     2.343580     0.195199            
     2.999806     0.233713     0.193197            
     3.004370    -0.871661     0.194043            
     1.709488    -2.654230     0.194639            
     0.656570    -2.991191     0.193655            
    -1.431154    -2.297782     0.191813            
    -2.077268    -1.406876     0.194216            
    -2.075934     0.779221     0.194286            
    -1.430641     1.667571     0.194593            
     2.163417     1.668452    -0.736986            
     0.074904     2.343730    -0.730578            
     2.821913     0.781297    -0.738305            
     2.829028    -1.422107    -0.740396            
     2.178405    -2.317794    -0.740250            
     0.079197    -2.993075    -0.739349            
    -0.969138    -2.643345    -0.739338            
    -2.254494    -0.862577    -0.731818            
    -2.254099     0.235449    -0.731525            
    -0.968416     2.004598    -0.731038            
     1.125167     2.024865    -0.739950            
     2.849535    -0.319556    -0.746948            
     1.135639    -2.678478    -0.747238            
    -1.626973    -1.764895    -0.743250            
    -1.626613     1.131167    -0.738127            
     2.361059     1.129975     0.198332            
     2.375938    -1.776982     0.200251            
    -0.394339    -2.662858     0.197133            
    -2.096150    -0.314379     0.200381            
    -0.397386     2.024165     0.201054            
     2.646531     0.230028    -1.680065            
     1.595729    -2.318020    -1.682301            
    -1.147353    -2.095035    -1.677031            
    -1.787687     0.575225    -1.664797            
     0.545065     2.003903    -1.665478            
     2.649303    -0.868676    -1.681920            
     0.548499    -2.655811    -1.680987            
    -1.786754    -1.205087    -1.668407            
    -1.147432     1.455575    -1.664512            
     1.586722     1.668603    -1.669616            
     1.128298     0.233678    -2.834665            
     1.129659    -0.871640    -2.839961            
     0.076659    -1.213188    -2.838570            
    -0.569309    -0.319080    -2.828130            
     0.076015     0.570851    -2.824358            
     1.882210     0.781247    -2.258221            
     1.887222    -1.422233    -2.264430            
    -0.212126    -2.101091    -2.261766            
    -1.497339    -0.314310    -2.245510            
    -0.212181     1.453473    -2.244180            
     1.902350    -0.319684    -2.279605            
     0.842329    -1.778003    -2.281224            
    -0.865780    -1.216893    -2.272487            
    -0.866198     0.577281    -2.262566            
     0.838102     1.130009    -2.265223            
     0.359831    -0.311357     2.822739            
     1.213842     2.316366     1.114849            
     3.146058    -0.316392     1.119070            
     1.225472    -2.959834     1.120170            
    -1.876232    -1.936245     1.114994            
    -1.874579     1.311771     1.114261            
     2.615149     1.317574    -1.660524            
     2.625511    -1.958361    -1.667192            
    -0.498425    -2.964941    -1.662194            
    -2.405000    -0.311238    -1.648866            
    -0.494286     2.316641    -1.648250            
     0.365492    -0.316027    -3.381442            
     0.645514     0.587033     3.346116            
     1.297387    -0.306985     3.346618            
     0.645917    -1.203707     3.346852            
    -0.406108    -0.859914     3.346196            
    -0.404851     0.244766     3.345593            
     0.936151     1.479511     2.777242            
     2.240870    -0.307110     2.779745            
     0.937522    -2.101131     2.780532            
    -1.165547    -1.412242     2.777555            
    -1.162780     0.795294     2.775930            
     1.599048     0.593703     2.794096            
     1.600950    -1.212718     2.795759            
    -0.117946    -1.769060     2.794587            
    -1.176901    -0.308793     2.791881            
    -0.116992     1.149585     2.791801            
     1.222624     2.362688     2.191892            
     3.176853    -0.307059     2.199076            
     1.226742    -2.991354     2.200587            
    -1.917300    -1.957726     2.192661            
    -1.913222     1.340450     2.190040            
     1.888917     1.485543     2.214358            
     2.546440    -1.214280     2.219565            
     0.173842    -2.665799     2.217711            
    -1.936103    -0.860402     2.212191            
    -0.874795     1.700079     2.211320            
     2.542025     0.593279     2.216437            
     1.894531    -2.111636     2.220015            
    -0.876982    -2.320464     2.215234            
    -1.934693     0.241597     2.211396            
     0.172938     2.041652     2.211954            
     2.164865     2.362028     1.611629            
     3.481300    -1.211482     1.626718            
     0.466318    -3.543429     1.620432            
    -2.677122    -1.406109     1.610701            
    -1.622602     2.234693     1.608852            
     2.821270     1.478584     1.618923            
     2.839716    -2.112961     1.632853            
    -0.582146    -3.205083     1.620801            
    -2.683555    -0.309794     1.614570            
    -0.581978     2.582351     1.614393            
     3.467306     0.586544     1.618167            
     2.180838    -3.001704     1.627793            
    -1.625486    -2.853921     1.613080            
    -2.674095     0.787478     1.608880            
     0.462893     2.914697     1.610142            
     1.984796     2.916208     0.668814            
     0.931933     3.257042     0.670346            
     3.956028     0.249386     0.677068            
     3.962264    -0.867413     0.679241            
     2.002303    -3.565594     0.680840            
     0.938084    -3.904501     0.679170            
    -2.208596    -2.854661     0.669677            
    -2.857833    -1.958277     0.670601            
    -2.853797     1.340342     0.668442            
    -2.203811     2.234902     0.668586            
     2.461012     2.587425    -0.267377            
     0.355234     3.266929    -0.263519            
     3.788053     0.805786    -0.264585            
     3.796730    -1.428377    -0.266520            
     2.484504    -3.235193    -0.265632            
     0.357254    -3.916971    -0.262785            
    -1.750108    -3.209067    -0.267622            
    -3.045677    -1.413027    -0.263912            
    -3.042872     0.795285    -0.264845            
    -1.743572     2.582841    -0.264695            
     1.414331     2.945903    -0.270049            
     3.817793    -0.310951    -0.271541            
     1.428444    -3.600598    -0.270222            
    -2.413194    -2.322377    -0.271366            
    -2.408705     1.700331    -0.269882            
     2.928251     2.245819    -1.204320            
    -0.222341     3.257511    -1.196733            
     3.596570     1.356059    -1.205309            
     3.609083    -1.981895    -1.211921            
     2.952582    -2.885824    -1.211630            
    -0.227471    -3.908529    -1.205039            
    -1.284437    -3.554041    -1.205734            
    -3.215535    -0.859775    -1.197048            
    -3.214344     0.245319    -1.197326            
    -1.272667     2.915420    -1.197304            
     1.887442     2.607754    -1.210456            
     3.636844     0.246357    -1.219440            
     1.904972    -3.259321    -1.220839            
    -1.946093    -2.671318    -1.215177            
    -2.589646     1.150083    -1.207247            
     0.834558     2.946142    -1.207818            
     3.640187    -0.870354    -1.221314            
     0.841454    -3.602018    -1.218808            
    -2.593042    -1.770775    -1.209773            
    -1.940893     2.042213    -1.207265            
     3.135291     1.706850    -0.262326            
     3.160586    -2.346471    -0.261856            
    -0.704029    -3.579454    -0.263506            
    -3.063637    -0.309222    -0.259832            
    -0.699908     2.943314    -0.259546            
     2.659321     2.043968     0.678733            
     3.338257    -1.786715     0.687753            
    -0.119125    -3.575036     0.682795            
    -2.884160    -0.860970     0.678388            
    -1.167733     2.601550     0.677864            
     3.315491     1.152165     0.681222            
     2.683443    -2.688282     0.688285            
    -1.170534    -3.227469     0.679475            
    -2.882701     0.241244     0.677706            
    -0.120029     2.943070     0.678468            
     3.420633     0.800553    -2.157736            
     2.364824    -2.886010    -2.162156            
    -1.463880    -2.999411    -2.155050            
    -2.745372     0.588336    -2.136969            
     0.249695     2.916902    -2.137639            
     3.434185    -0.311543    -2.166107            
     1.309017    -3.236168    -2.165671            
    -2.109811    -2.103714    -2.149745            
    -2.105904     1.480399    -2.142693            
     1.300109     2.587903    -2.144992            
     3.427761    -1.423257    -2.162193            
     0.245256    -3.568336    -2.156349            
    -2.746403    -1.203156    -2.138893            
    -1.453695     2.363329    -2.137040            
     2.347321     2.246038    -2.143873            
     1.124851     0.251515    -3.905435            
     1.126443    -0.865026    -3.913173            
     0.062837    -1.209964    -3.911347            
    -0.587230    -0.310477    -3.895754            
     0.062884     0.587552    -3.890035            
     1.891291     0.806771    -3.333404            
     1.897688    -1.427477    -3.341290            
    -0.229905    -2.115179    -3.337949            
    -1.525504    -0.306357    -3.312765            
    -0.226522     1.479096    -3.311596            
     1.911420    -0.309958    -3.357408            
     0.838906    -1.786352    -3.359765            
    -0.888875    -1.220600    -3.347438            
    -0.885918     0.592350    -3.330958            
     0.833247     1.153030    -3.334215            
     2.647076     1.356410    -2.741243            
     2.658952    -1.981734    -2.749918            
    -0.521201    -3.007659    -2.742812            
    -2.454828    -0.305187    -2.721071            
    -0.513283     2.362617    -2.720560            
     2.678000     0.246719    -2.771055            
     1.608380    -2.346884    -2.774312            
    -1.180724    -2.118765    -2.764294            
    -1.825003     0.594601    -2.744228            
     0.542198     2.044668    -2.745815            
     2.681336    -0.870091    -2.773445            
     0.544983    -2.690482    -2.772429            
    -1.826349    -1.212873    -2.749058            
    -1.176117     1.485679    -2.743992            
     1.596955     1.707426    -2.750594            
     0.353709    -0.306203     3.893653            
     1.502519     3.228524     1.596023            
     4.100933    -0.305345     1.613243            
     1.510656    -3.870653     1.615355            
    -2.654352    -2.491425     1.597316            
    -2.649539     1.875473     1.593927            
     3.384965     1.898688    -2.135744            
     3.405408    -2.524322    -2.148342            
    -0.817307    -3.879933    -2.133942            
    -3.366068    -0.304584    -2.120662            
    -0.795238     3.229332    -2.120668            
     0.353784    -0.300944    -4.456483            
     0.641980     0.596311     4.424137            
     1.296045    -0.301735     4.426402            
     0.641050    -1.203205     4.426767            
    -0.415453    -0.858590     4.424404            
    -0.414008     0.251977     4.423146            
     0.935229     1.496098     3.855721            
     2.244747    -0.300128     3.861556            
     0.932615    -2.106089     3.862514            
    -1.181044    -1.415559     3.856325            
    -1.177920     0.806828     3.853795            
     1.600249     0.604914     3.872881            
     1.599702    -1.211172     3.876931            
    -0.127653    -1.772732     3.873671            
    -1.191609    -0.304571     3.869435            
    -0.124929     1.163037     3.869227            
     1.226541     2.392387     3.273080            
     3.190004    -0.297795     3.285235            
     1.222489    -3.005905     3.286946            
    -1.943878    -1.969612     3.274193            
    -1.938922     1.359612     3.270347            
     1.896242     1.506998     3.299242            
     2.552025    -1.211757     3.308946            
     0.163240    -2.679336     3.304007            
    -1.960939    -0.861319     3.295812            
    -0.890140     1.721416     3.294494            
     2.552357     0.608384     3.302378            
     1.894440    -2.116895     3.309451            
    -0.894570    -2.332970     3.300553            
    -1.959258     0.250424     3.294684            
     0.166900     2.066307     3.295345            
     1.513748     3.278531     2.680554            
     4.128986    -0.296895     2.703897            
     1.511781    -3.899319     2.706295            
    -2.698236    -2.516637     2.682269            
    -2.691641     1.906466     2.677333            
     2.183501     2.399422     2.706331            
     3.495050    -1.208393     2.725000            
     0.454469    -3.574774     2.717839            
    -2.718914    -1.413976     2.703582            
    -1.648858     2.270016     2.701114            
     2.844804     1.508151     2.717459            
     2.845619    -2.116695     2.734087            
    -0.602516    -3.235421     2.719881            
    -2.725348    -0.306114     2.709776            
    -0.597562     2.621595     2.709372            
     3.494033     0.608191     2.715131            
     2.182634    -3.015009     2.726128            
    -1.654923    -2.881980     2.708337            
    -2.715495     0.802338     2.701286            
     0.458329     2.957571     2.702723            
     2.460053     3.279665     2.098246            
     4.444342    -1.207451     2.133172            
     0.741859    -4.458117     2.119437            
    -3.461869    -1.961894     2.096651            
    -2.399419     2.805552     2.092995            
     3.120769     2.395197     2.109374            
     3.801120    -2.118948     2.147932            
    -0.309138    -4.118233     2.118957            
    -3.471890    -0.859570     2.102468            
    -1.354128     3.158827     2.100911            
     3.775033     1.502207     2.115075            
     3.143115    -3.024821     2.148522            
    -1.361110    -3.772149     2.112757            
    -3.469979     0.247292     2.101251            
    -0.301832     3.502282     2.101741            
     4.423112     0.608045     2.115598            
     2.475066    -3.918250     2.134942            
    -2.406875    -3.417096     2.101043            
    -3.456634     1.350665     2.093129            
     0.749933     3.833147     2.095290            
     2.279006     3.836862     1.150368            
     1.221476     4.177879     1.150608            
     4.924287     0.269513     1.173001            
     4.934192    -0.857773     1.179850            
     2.293808    -4.492436     1.182204            
     1.218508    -4.831273     1.176438            
    -2.993218    -3.417703     1.153027            
    -3.644107    -2.516986     1.152106            
    -3.637318     1.906533     1.147740            
    -2.983806     2.805786     1.147751            
     2.758067     3.511548     0.210379            
     0.641638     4.192274     0.211236            
     4.761565     0.837050     0.226195            
     4.773838    -1.428738     0.221283            
     2.787289    -4.163764     0.222938            
     0.629497    -4.852200     0.230420            
    -2.536622    -3.774438     0.213986            
    -3.837187    -1.970076     0.212014            
    -3.831717     1.359875     0.209348            
    -2.523628     3.159363     0.209248            
     1.705906     3.869153     0.206103            
     4.792982    -0.297813     0.217149            
     1.717844    -4.531524     0.219821            
    -3.201240    -2.883017     0.207213            
    -3.192538     2.270437     0.204432            
     3.231145     3.176328    -0.732607            
     0.059008     4.192566    -0.731182            
     4.579685     1.397056    -0.726307            
     4.595495    -1.994587    -0.738435            
     3.270227    -3.819482    -0.737552            
     0.045540    -4.852336    -0.721302            
    -2.075385    -4.128586    -0.728277            
    -4.017895    -1.415340    -0.730680            
    -4.014141     0.807620    -0.731966            
    -2.053954     3.503149    -0.732317            
     2.184424     3.540541    -0.739815            
     4.624511     0.267457    -0.740482            
     2.209324    -4.199563    -0.743047            
    -2.741620    -3.238256    -0.739831            
    -3.384606     1.722167    -0.739395            
     1.124888     3.880734    -0.738761            
     4.628742    -0.867779    -0.744590            
     1.129795    -4.546341    -0.737863            
    -3.392403    -2.333904    -0.738795            
    -2.729983     2.622409    -0.739532            
     3.699608     2.835085    -1.672512            
    -0.522099     4.178705    -1.669647            
     4.379967     1.945334    -1.677371            
     4.402352    -2.552803    -1.693849            
     3.741053    -3.463397    -1.693495            
    -0.547758    -4.840641    -1.669808            
    -1.620164    -4.484800    -1.669642            
    -4.184659    -0.856959    -1.669109            
    -4.182754     0.253684    -1.669540            
    -1.577971     3.834283    -1.670119            
     2.653824     3.194173    -1.683729            
     4.427742     0.827081    -1.696044            
     2.685124    -3.842054    -1.701982            
    -2.270000    -3.584979    -1.688668            
    -3.557343     1.164535    -1.680539            
     1.599505     3.540810    -1.685901            
     4.445410    -0.302956    -1.705209            
     1.615217    -4.200463    -1.703617            
    -2.923527    -2.680976    -1.687815            
    -2.912881     2.067598    -1.685131            
     0.539358     3.869707    -1.680782            
     4.435844    -1.431379    -1.702692            
     0.534930    -4.534449    -1.692835            
    -3.563553    -1.772075    -1.680922            
    -2.251999     2.958744    -1.680929            
     3.907435     2.293840    -0.725417            
     3.951906    -2.920938    -0.734442            
    -1.022258    -4.502638    -0.725711            
    -4.034380    -0.304045    -0.727024            
    -1.002996     3.865360    -0.727410            
     3.438655     2.635404     0.219902            
     4.143265    -2.361945     0.226722            
    -0.435487    -4.502756     0.230176            
    -3.864524    -0.861579     0.217251            
    -1.478161     3.531196     0.216161            
     4.099214     1.741360     0.225921            
     3.479722    -3.275620     0.227305            
    -1.491301    -4.152314     0.223261            
    -3.862706     0.250429     0.216357            
    -0.421170     3.876050     0.216866            
     2.956529     2.963882     1.162779            
     4.308240    -1.789609     1.186950            
     0.153573    -4.489321     1.178671            
    -3.673108    -1.414325     1.160214            
    -1.943624     3.177272     1.157973            
     3.620434     2.075870     1.171681            
     3.658076    -2.707183     1.193372            
    -0.902690    -4.149626     1.175672            
    -3.681638    -0.306353     1.162974            
    -0.893027     3.530908     1.162637            
     4.270234     1.177005     1.174262            
     2.986567    -3.609225     1.188183            
    -1.953077    -3.792730     1.166037            
    -3.669535     0.802251     1.158095            
     0.163516     3.864785     1.159453            
     4.204533     1.389210    -2.641866            
     3.149369    -3.463595    -2.650921            
    -1.802920    -3.917036    -2.637933            
    -3.711806     0.599089    -2.614373            
    -0.049156     3.837973    -2.615384            
     4.224949     0.262064    -2.654361            
     2.084307    -3.820366    -2.656032            
    -2.439572    -3.009679    -2.634405            
    -3.071502     1.498463    -2.622723            
     1.005885     3.512370    -2.623701            
     4.229360    -0.866508    -2.657077            
     1.010435    -4.165605    -2.651511            
    -3.081475    -2.104256    -2.625353            
    -2.419346     2.394206    -2.622960            
     2.060995     3.176806    -2.625259            
     4.219741    -1.989937    -2.651144            
    -0.065324    -4.495250    -2.636199            
    -3.715651    -1.200581    -2.615532            
    -1.760358     3.279931    -2.614966            
     3.111362     2.835286    -2.624037            
     1.118464     0.276354    -4.991953            
     1.118171    -0.851888    -5.005795            
     0.046748    -1.200202    -5.002294            
    -0.610090    -0.296858    -4.975918            
     0.046169     0.612745    -4.966987            
     1.889555     0.840528    -4.422718            
     1.901392    -1.425808    -4.432877            
    -0.248713    -2.119747    -4.427993            
    -1.553812    -0.292810    -4.386596            
    -0.243600     1.504730    -4.386194            
     1.912815    -0.294197    -4.447397            
     0.831939    -1.786504    -4.450457            
    -0.916616    -1.215998    -4.433630            
    -0.905841     0.609552    -4.405014            
     0.819752     1.179643    -4.408196            
     2.658973     1.398678    -3.834181            
     2.678404    -1.993504    -3.843524            
    -0.543752    -3.030838    -3.836067            
    -2.492837    -0.294927    -3.798084            
    -0.530946     2.396856    -3.797715            
     2.692398     0.269342    -3.868003            
     1.614477    -2.361288    -3.871306            
    -1.216009    -2.129845    -3.858150            
    -1.853633     0.611892    -3.823500            
     0.531191     2.077524    -3.825455            
     2.698482    -0.866113    -3.870278            
     0.537141    -2.708830    -3.869079            
    -1.861837    -1.208051    -3.828964            
    -1.198542     1.509640    -3.823329            
     1.591462     1.742861    -3.830689            
     3.420121     1.945918    -3.230303            
     3.445577    -2.552620    -3.243003            
    -0.841031    -3.927112    -3.229148            
    -3.422257    -0.297656    -3.201299            
    -0.816253     3.281046    -3.201313            
     3.458507     0.827812    -3.264548            
     2.386637    -2.921254    -3.269140            
    -1.503920    -3.029362    -3.256105            
    -2.790247     0.608369    -3.225851            
     0.242450     2.965178    -3.227278            
     3.474861    -0.302259    -3.276288            
     1.316742    -3.277487    -3.275969            
    -2.156466    -2.114661    -3.241498            
    -2.143799     1.509405    -3.234327            
     1.301476     2.636453    -3.236992            
     3.468463    -1.430897    -3.268973            
     0.238267    -3.614029    -3.263204            
    -2.795759    -1.207313    -3.228490            
    -1.484225     2.400879    -3.226052            
     2.356835     2.294590    -3.233542            
     0.348676    -0.301970     4.978243            
     1.796307     4.152101     2.082889            
     5.073362    -0.279963     2.138336            
     1.787272    -4.802933     2.141174            
    -3.441942    -3.055288     2.085210            
    -3.434066     2.445950     2.079348            
     4.165111     2.516132    -2.617608            
    -1.137172    -4.813319    -2.618270            
    -4.339112    -0.298946    -2.599760            
    -1.099061     4.153406    -2.600385            
     0.330696    -0.266029    -5.560994            
     0.639526     0.603127     5.522627            
     1.294710    -0.298195     5.526477            
     0.637659    -1.202265     5.526952            
    -0.422283    -0.857752     5.522998            
    -0.420421     0.257065     5.521500            
     0.935664     1.511589     4.949258            
     2.251302    -0.295647     4.957555            
     0.930799    -2.112946     4.958609            
    -1.195171    -1.420051     4.950031            
    -1.192158     0.817589     4.946969            
     1.603141     0.613984     4.964331            
     1.600711    -1.211393     4.970392            
    -0.134910    -1.777549     4.965285            
    -1.204632    -0.301228     4.960147            
    -0.131659     1.174979     4.959879            
     1.230323     2.417204     4.366632            
     3.204734    -0.291739     4.381795            
     1.221722    -3.021024     4.383581            
    -1.965852    -1.980081     4.367927            
    -1.961081     1.376099     4.363342            
     1.903134     1.524348     4.392816            
     2.559335    -1.211206     4.405977            
     0.156373    -2.691868     4.398303            
    -1.981665    -0.862467     4.388770            
    -0.903452     1.739317     4.387199            
     2.562745     0.619483     4.396530            
     1.896666    -2.123277     4.406507            
    -0.908444    -2.344073     4.394332            
    -1.980016     0.258173     4.387435            
     0.162146     2.086989     4.388198            
     1.522720     3.317782     3.775109            
     4.155520    -0.288762     3.799891            
     1.512648    -3.926393     3.802376            
    -2.732430    -2.536474     3.777004            
    -2.725725     1.931559     3.771067            
     2.197203     2.429107     3.804653            
     3.511343    -1.207407     3.828136            
     0.448080    -3.599879     3.816647            
    -2.751683    -1.421710     3.801071            
    -1.671598     2.297279     3.798204            
     2.863264     1.530002     3.817881            
     2.855444    -2.123278     3.839305            
    -0.617139    -3.258864     3.820472            
    -2.758000    -0.302927     3.808771            
    -0.610106     2.652199     3.808282            
     3.516460     0.622653     3.813860            
     2.187193    -3.030073     3.829292            
    -1.678480    -2.903286     3.806858            
    -2.748141     0.816125     3.798424            
     0.456203     2.991710     3.800086            
     1.812492     4.212019     3.176634            
    -3.493721    -3.088476     3.179103            
    -3.485318     2.483426     3.172041            
     2.483949     3.323981     3.202631            
     4.459805    -1.204252     3.239535            
     0.744031    -4.501452     3.222014            
    -3.510822    -1.976188     3.199961            
    -2.432510     2.846252     3.195904            
     3.151591     2.431189     3.218766            
     3.807347    -2.119185     3.257040            
    -0.323262    -4.159846     3.228564            
    -3.522199    -0.861952     3.210158            
    -1.376681     3.204613     3.208445            
     3.811035     1.528957     3.224677            
     3.145576    -3.030187     3.257636            
    -1.385531    -3.811580     3.222217            
    -3.520289     0.255248     3.208871            
    -0.314483     3.551359     3.209335            
     4.465331     0.619662     3.218269            
     2.477110    -3.933472     3.241348            
    -2.441330    -3.452610     3.205567            
    -3.505381     1.370063     3.196098            
     0.749044     3.884638     3.198485            
     2.761549     4.215072     2.592527            
    -4.260222    -2.531874     2.590730            
    -3.191964     3.385780     2.585615            
     3.427550     3.323482     2.604816            
    -0.032197    -5.048109     2.625068            
    -4.270894    -1.418526     2.596811            
    -2.136975     3.742785     2.593857            
     4.088348     2.427002     2.614362            
    -1.091906    -4.701393     2.619286            
    -4.273251    -0.303322     2.598072            
    -1.077959     4.093028     2.597369            
     4.745566     1.526682     2.619657            
    -2.149217    -4.350075     2.609073            
    -4.266966     0.812008     2.594217            
    -0.016365     4.435043     2.595568            
    -3.203311    -3.992224     2.596138            
    -4.253095     1.925659     2.585786            
     1.045970     4.768729     2.588749            
     2.579950     4.773958     1.641813            
     1.519033     5.115102     1.640390            
    -3.791615    -3.992696     1.645611            
    -4.443616    -3.088822     1.642569            
    -4.434407     2.483590     1.637112            
    -3.778537     3.386003     1.636995            
     3.062527     4.446930     0.693780            
     0.933826     5.130091     0.692197            
    -3.331813    -4.351882     0.698826            
    -4.638712    -2.537097     0.693821            
    -4.631049     1.931958     0.689999            
    -3.314329     3.743302     0.689694            
     2.003553     4.802376     0.687719            
    -3.996752    -3.453722     0.690431            
    -3.985222     2.846726     0.684843            
     3.540153     4.114304    -0.255734            
     0.347036     5.135610    -0.257538            
    -2.868928    -4.708044    -0.248888            
    -4.825630    -1.980256    -0.256258            
    -4.819674     1.376984    -0.258449            
    -2.844059     4.093886    -0.259081            
     2.486430     4.478293    -0.263505            
    -3.540107    -3.813686    -0.260044            
    -4.184251     2.298096    -0.264834            
     1.420123     4.820559    -0.263439            
    -4.194820    -2.904365    -0.261851            
    -3.524502     3.205462    -0.265072            
     4.014939     3.775561    -1.205630            
    -0.240266     5.130698    -1.206941            
    -5.002910    -1.419006    -1.205709            
    -4.998828     0.819223    -1.206860            
    -2.367849     4.436242    -1.207791            
     2.962842     4.139471    -1.215913            
    -3.071893    -4.166759    -1.213055            
    -4.368387     1.740784    -1.214883            
     1.901279     4.490591    -1.218298            
    -3.733533    -3.260247    -1.217287            
    -3.718818     2.653524    -1.218650            
     0.831987     4.820858    -1.214769            
    -4.377691    -2.344003    -1.213752            
    -3.050458     3.552614    -1.215494            
    -0.826898     5.116248    -2.154212            
    -5.170935    -0.855208    -2.152707            
    -5.168582     0.259630    -2.153958            
    -1.886784     4.770210    -2.154919            
     3.436627     3.785764    -2.167401            
    -4.536476     1.177487    -2.160930            
     2.373679     4.139715    -2.168900            
    -3.256497    -3.601826    -2.173047            
    -3.893012     2.089210    -2.168318            
     1.308715     4.478854    -2.168494            
    -3.907302    -2.690326    -2.168359            
    -3.234805     2.993599    -2.168688            
     0.241917     4.803251    -2.161767            
    -4.544040    -1.775355    -2.161002            
    -2.565256     3.886271    -2.161892            
     4.694069     2.890428    -1.195352            
    -5.016301    -0.299701    -1.201804            
    -1.308835     4.798117    -1.202877            
     4.222790     3.235132    -0.244078            
    -0.754615    -5.444065    -0.224755            
    -4.851751    -0.862088    -0.251774            
    -1.789845     4.467608    -0.253326            
     4.890741     2.341290    -0.234566            
    -1.816842    -5.087735    -0.237038            
    -4.849787     0.258878    -0.252566            
    -0.724324     4.815353    -0.252724            
     3.746626     3.569790     0.705287            
    -0.166988    -5.439836     0.731722            
    -4.669531    -1.421976     0.699576            
    -2.263938     4.120555     0.697089            
     4.416058     2.679547     0.716895            
    -1.228969    -5.093754     0.724431            
    -4.679369    -0.302914     0.701591            
    -1.203635     4.479046     0.700925            
     5.073684     1.778106     0.723343            
    -2.284590    -4.732000     0.711547            
    -4.665624     0.816349     0.697536            
    -0.136235     4.815040     0.698526            
     3.259846     3.893798     1.651518            
     0.430150    -5.421265     1.681344            
    -4.470649    -1.976465     1.647589            
    -2.728972     3.758825     1.643793            
     3.929820     3.005931     1.664414            
    -0.633284    -5.079776     1.678750            
    -4.485175    -0.862121     1.652713            
    -1.674156     4.120268     1.651028            
     4.588861     2.108315     1.672575            
    -1.691605    -4.730537     1.669799            
    -4.483175     0.255191     1.651498            
    -0.611977     4.466996     1.651855            
     5.242156     1.203241     1.674383            
    -2.743923    -4.367584     1.655975            
    -4.464985     1.370114     1.644045            
     0.452518     4.797208     1.646137            
    -4.695971     0.607285    -3.102212            
    -0.353869     4.775422    -3.103778            
    -4.049967     1.515338    -3.110875            
     0.709899     4.448069    -3.111699            
    -3.421593    -3.018293    -3.118757            
    -3.396264     2.420397    -3.114233            
     1.772802     4.115050    -3.114505            
    -4.064326    -2.108923    -3.111880            
    -2.735677     3.320307    -3.111591            
     2.834743     3.775937    -3.114607            
    -4.702424    -1.198065    -3.103162            
    -2.070259     4.214010    -3.103377            
    -1.581972    -0.281917    -5.480433            
    -0.260474     1.532079    -5.480054            
    -0.922471     0.627629    -5.497429            
     0.806869     1.207139    -5.501879            
    -2.530180    -0.282526    -4.889062            
    -0.549718     2.430621    -4.888706            
    -1.880305     0.629443    -4.914129            
     0.516579     2.111237    -4.915496            
    -1.900785    -1.200547    -4.921531            
    -1.219963     1.533607    -4.913502            
     1.582376     1.780315    -4.925001            
    -3.471698    -0.288083    -4.292966            
    -0.836661     3.326046    -4.292876            
    -2.828702     0.626140    -4.320435            
     0.229146     3.008121    -4.321862            
    -2.205916    -2.117078    -4.340728            
    -2.175282     1.534918    -4.330735            
     1.294138     2.681257    -4.333329            
    -2.843001    -1.202849    -4.323024            
    -1.509481     2.434372    -4.320550            
     2.357438     2.342479    -4.332624            
    -4.407899    -0.292699    -3.690819            
    -1.123356     4.217139    -3.691353            
    -3.765899     0.619265    -3.715221            
    -0.058807     3.895546    -3.716536            
    -2.493329    -3.026373    -3.740449            
    -3.119481     1.528914    -3.728223            
     1.005281     3.571175    -3.729046            
    -3.140356    -2.116439    -3.730733            
    -2.460924     2.432547    -3.728483            
     2.067418     3.236074    -3.730601            
    -3.775274    -1.205402    -3.716689            
    -1.793518     3.326413    -3.715866            
     3.129049     2.890935    -3.726899            