
     0.155526    -0.462439     1.240075
     0.426625     0.381873     0.690296
     1.039600    -0.462440     0.693689
     0.430363    -1.307972     0.696347
    -0.559559    -0.982039     0.693668
    -0.560095     0.061304     0.690285
     0.867892     0.061302    -0.192256
     0.870677    -0.982040    -0.190263
    -0.117590    -1.303285    -0.190263
    -0.728624    -0.457507    -0.192262
    -0.120260     0.386264    -0.194587
     0.153889    -0.457508    -0.737682
     0.437853     0.420691     1.740988
     1.080233    -0.460505     1.747862
     0.441650    -1.342607     1.751214
    -0.593706    -1.004458     1.747910
    -0.592169     0.085991     1.740999
     1.361369     0.420690     1.170227
     1.368815    -1.342607     1.178198
    -0.308262    -1.887564     1.178062
    -1.339077    -0.456688     1.170194
    -0.308938     0.966850     1.167589
     1.182485     0.966849     0.245843
     0.151892     1.302544     0.245766
     1.822022     0.085989     0.248954
     1.828889    -1.004460     0.250671
     1.191546    -1.887565     0.251134
     0.155148    -2.224505     0.251039
    -0.879548    -1.884564     0.250784
    -1.514950    -0.998203     0.249042
    -1.515403     0.090334     0.245771
    -0.879032     0.967622     0.245734
     1.645509    -0.456691    -0.674373
     0.617654    -1.884565    -0.674534
    -1.053285    -1.333819    -0.674239
    -1.055117     0.425567    -0.676357
     0.612911     0.967620    -0.676333
     0.897539     0.090332    -1.245502
     0.900260    -0.998206    -1.243633
    -0.132010    -1.333819    -1.243615
    -0.769740    -0.451654    -1.245471
    -0.133083     0.425566    -1.246202
     0.154337    -0.459164     2.292302
     0.713881     1.280330     1.155087
     1.981270    -0.459165     1.163201
     0.721305    -2.203037     1.167105
    -1.323118    -1.532836     1.163244
    -1.320688     0.619320     1.155032
     1.623725     0.619318    -0.664707
     1.632155    -1.532839    -0.663206
    -0.409906    -2.196619    -0.663242
    -1.668134    -0.450380    -0.664621
    -0.411388     1.282191    -0.665644
     0.151564    -0.450382    -1.789251
     0.439098     0.438602     2.797783
     1.091881    -0.452985     2.808580
     0.443258    -1.347961     2.813336
    -0.607817    -1.005354     2.808640
    -0.604052     0.099554     2.797797
     0.724246     1.322231     2.218326
     2.023756    -0.452986     2.232652
     0.732777    -2.238118     2.238551
    -1.361451    -1.553030     2.232843
    -1.353992     0.646900     2.218269
     1.384009     0.442937     2.239384
     1.392995    -1.355218     2.253926
    -0.320478    -1.912029     2.253872
    -1.370818    -0.452266     2.239371
    -0.319364     0.998409     2.235236
     1.660233     1.322230     1.639856
     2.318084    -1.347962     1.654635
    -0.028911    -2.791729     1.656323
    -2.113736    -0.997413     1.643851
    -1.066699     1.537316     1.638506
     2.306036     0.438600     1.643957
     1.674503    -2.238119     1.656535
    -1.072521    -2.449770     1.654462
    -2.111004     0.096974     1.639708
    -0.031299     1.873722     1.638534
     1.479546     1.873721     0.704784
     0.435920     2.212605     0.705333
     2.772564     0.099551     0.710944
     2.783943    -1.005357     0.712426
     1.494383    -2.791730     0.714880
     0.441692    -3.133945     0.714681
    -1.651662    -2.446638     0.712753
    -2.291778    -1.545645     0.711276
    -2.288831     0.649560     0.704581
    -1.643751     1.536988     0.705249
     1.942569     1.537313    -0.221315
    -0.136278     2.211780    -0.220506
     2.589606     0.646896    -0.218997
     2.605974    -1.553034    -0.219149
     1.959439    -2.449773    -0.219384
    -0.135865    -3.131035    -0.219830
    -1.185787    -2.785100    -0.218875
    -2.465806    -0.995485    -0.218629
    -2.465639     0.105196    -0.221418
    -1.180341     1.872598    -0.220553
     0.909610     1.893083    -0.227052
     2.616003    -0.452270    -0.224609
     0.919286    -2.813034    -0.225861
    -1.841109    -1.900413    -0.224050
    -1.839108     1.000054    -0.227186
     2.142078     0.998406     0.713988
     2.159241    -1.912032     0.721329
    -0.613140    -2.813033     0.721226
    -2.310227    -0.447921     0.713925
    -0.609872     1.893085     0.712035
     2.410674     0.096970    -1.154829
     1.376153    -2.446640    -1.158531
    -1.358634    -2.224154    -1.155068
    -1.998950     0.443492    -1.154876
     0.330603     1.872597    -1.154364
     2.415600    -0.997417    -1.155419
     0.334534    -2.785102    -1.158480
    -1.997870    -1.335708    -1.154327
    -1.358684     1.323621    -1.154418
     1.365909     1.536985    -1.154814
     0.904635     0.105193    -2.304352
     0.907203    -0.995488    -2.303253
    -0.138979    -1.335710    -2.303180
    -0.784233    -0.444024    -2.304275
    -0.138984     0.443490    -2.304392
     1.653801     0.649556    -1.732089
     1.661104    -1.545648    -1.731728
    -0.425520    -2.224155    -1.731762
    -1.710280    -0.444024    -1.731949
    -0.424912     1.323621    -1.731519
     1.671725    -0.447924    -1.747045
     0.622977    -1.900415    -1.746932
    -1.079607    -1.342483    -1.746847
    -1.079416     0.447837    -1.746540
     0.619282     1.000052    -1.746547
     0.151184    -0.449917     3.353417
     1.002964     2.186193     1.622835
     2.931768    -0.449919     1.634930
     1.014471    -3.105038     1.641462
    -2.096845    -2.084147     1.635056
    -2.087113     1.182277     1.622686
     2.384766     1.182273    -1.141074
     2.400178    -2.084151    -1.144244
    -0.707485    -3.094203    -1.144735
    -2.614774    -0.442323    -1.140873
    -0.704710     2.184912    -1.140253
     0.148946    -0.442326    -2.848937
     0.436787     0.458449     3.863651
     1.096739    -0.437507     3.880024
     0.441039    -1.341610     3.886776
    -0.621117    -0.995796     3.880047
    -0.614209     0.116786     3.863638
     0.726974     1.350536     3.286004
     2.044732    -0.438244     3.308463
     0.736178    -2.249017     3.315683
    -1.387499    -1.553566     3.308572
    -1.373247     0.667917     3.285914
     1.392713     0.463610     3.308848
     1.404201    -1.353224     3.332306
    -0.331069    -1.917108     3.332305
    -1.390472    -0.440973     3.308743
    -0.327130     1.021573     3.303574
     1.014275     2.234180     2.695503
     2.979911    -0.437509     2.716166
     1.027261    -3.144222     2.724621
    -2.144328    -2.102630     2.716639
    -2.124787     1.214164     2.695329
     1.681454     1.356438     2.720660
     2.352514    -1.353225     2.746219
    -0.036605    -2.822364     2.748451
    -2.154006    -0.995767     2.725278
    -1.086182     1.573488     2.718326
     2.336672     0.463609     2.725452
     1.698690    -2.258471     2.748555
    -1.097805    -2.474334     2.746284
    -2.148741     0.111737     2.720441
    -0.037191     1.914374     2.718362
     1.957327     2.234179     2.112667
     3.279189    -1.341613     2.132711
     0.258612    -3.702933     2.137148
    -2.897132    -1.542564     2.117815
    -1.834547     2.108918     2.112070
     2.613972     1.350534     2.119781
     2.636397    -2.249018     2.141289
    -0.800034    -3.365943     2.141073
    -2.899359    -0.440831     2.119394
    -0.792796     2.455717     2.117660
     3.260409     0.458447     2.118565
     1.977557    -3.144223     2.137309
    -1.852313    -3.009719     2.132504
    -2.887542     0.660140     2.112337
     0.253876     2.787438     2.112151
     1.775628     2.787436     1.171661
     0.724598     3.127921     1.172426
     3.730421     0.116782     1.178523
     3.748185    -0.995800     1.179683
     1.795859    -3.702934     1.187082
     0.733532    -4.048184     1.186892
    -2.437637    -3.005805     1.180276
    -3.076254    -2.094142     1.179549
    -3.065502     1.214907     1.171308
    -2.415309     2.107896     1.172267
     2.248644     2.455714     0.237956
     0.148047     3.135802     0.239542
     3.553146     0.667912     0.241251
     3.579782    -1.553570     0.238638
     2.272814    -3.365946     0.241957
     0.149115    -4.056315     0.241280
    -1.973419    -3.357815     0.239379
    -3.257746    -1.544381     0.242201
    -3.253085     0.668638     0.237589
    -1.953454     2.453120     0.239431
     1.204653     2.814299     0.234230
     3.581266    -0.440978     0.236054
     1.218840    -3.734911     0.237077
    -2.628948    -2.458279     0.237429
    -2.619254     1.572105     0.233967
     2.709532     2.108913    -0.696312
    -0.428914     3.125047    -0.694005
     3.361014     1.214159    -0.695066
     3.388808    -2.102635    -0.703012
     2.735749    -3.009723    -0.703061
    -0.435500    -4.040720    -0.704651
    -1.495889    -3.689627    -0.702428
    -3.423435    -0.989922    -0.694496
    -3.422123     0.116898    -0.696460
    -1.480390     2.783461    -0.694062
     1.673824     2.473447    -0.704189
     3.394186     0.111732    -0.705260
     1.691576    -3.386795    -0.712919
    -2.156951    -2.801312    -0.706424
    -2.798448     1.020431    -0.704464
     0.625133     2.812931    -0.703416
     3.400865    -0.995772    -0.707805
     0.631791    -3.731299    -0.712990
    -2.802502    -1.901388    -0.704035
    -2.149635     1.911418    -0.703602
     2.917101     1.573484     0.244173
     2.947300    -2.474338     0.246283
    -0.920269    -3.731297     0.246231
    -3.275340    -0.437879     0.244125
    -0.908720     2.812932     0.244553
     2.448006     1.914372     1.182432
     3.128555    -1.917111     1.194150
    -0.333044    -3.734909     1.196189
    -3.099686    -0.992392     1.184709
    -1.378405     2.473450     1.182182
     3.101100     1.021570     1.184822
     2.474651    -2.822366     1.196417
    -1.394160    -3.386792     1.194161
    -3.096256     0.113532     1.182101
    -0.329236     2.814300     1.182222
     3.180687     0.660134    -1.638017
     2.145818    -3.005809    -1.652441
    -1.665432    -3.120628    -1.643543
    -2.951581     0.456899    -1.636179
     0.041273     2.783459    -1.634498
     3.192283    -0.440836    -1.645430
     1.096650    -3.357818    -1.658018
    -2.314402    -2.230357    -1.644312
    -2.312422     1.348088    -1.640308
     1.087775     2.453118    -1.640143
     3.189873    -1.542569    -1.644143
     0.040713    -3.689628    -1.652096
    -2.951941    -1.332799    -1.637240
    -1.660013     2.230574    -1.634580
     2.128676     2.107892    -1.636057
     0.907501     0.116894    -3.372303
     0.909843    -0.989925    -3.372597
    -0.144232    -1.332801    -3.372492
    -0.793473    -0.436452    -3.372169
    -0.143441     0.456896    -3.371697
     1.667343     0.668634    -2.803388
     1.673549    -1.544385    -2.805493
    -0.435676    -2.230359    -2.805423
    -1.732456    -0.437033    -2.803185
    -0.432976     1.348087    -2.801865
     1.683140    -0.437884    -2.820369
     0.623619    -1.901391    -2.821484
    -1.094563    -1.341439    -2.820071
    -1.093263     0.462814    -2.818014
     0.621425     1.020427    -2.818052
     2.418595     1.214903    -2.218034
     2.430770    -2.094147    -2.223963
    -0.725220    -3.120629    -2.224623
    -2.661299    -0.436451    -2.217795
    -0.719621     2.230573    -2.215772
     2.442001     0.113527    -2.240714
     1.388071    -2.458282    -2.245213
    -1.385711    -2.238536    -2.242135
    -2.031576     0.462815    -2.238107
     0.332037     1.911416    -2.237353
     2.445866    -0.992397    -2.242614
     0.332779    -2.801314    -2.245154
    -2.032837    -1.341438    -2.240189
    -1.382769     1.353960    -2.237380
     1.380644     1.572101    -2.238094
     0.145364    -0.432405     4.428262
     1.295393     3.101105     2.095995
     3.895740    -0.432409     2.110413
     1.311386    -4.018686     2.121884
    -2.884342    -2.637575     2.110738
    -2.861519     1.750630     2.095745
     3.154211     1.750625    -1.622163
     3.177822    -2.637581    -1.635867
    -1.012739    -3.998892    -1.638648
    -3.571346    -0.434880    -1.621928
    -1.000859     3.096355    -1.619437
     0.146474    -0.434884    -3.919656
     0.435082     0.485988     4.940920
     1.099860    -0.415017     4.967695
     0.435935    -1.326221     4.979744
    -0.637038    -0.979531     4.967671
    -0.629334     0.139887     4.940882
     0.726629     1.379549     4.360855
     2.060009    -0.410739     4.398578
     0.736331    -2.249942     4.407600
    -1.416318    -1.540362     4.398547
    -1.390387     0.691374     4.360706
     1.395726     0.491861     4.383149
     1.410965    -1.342098     4.422920
    -0.343337    -1.912180     4.422939
    -1.409914    -0.420107     4.382875
    -0.335044     1.045241     4.377973
     1.019144     2.271102     3.772931
     3.012927    -0.410740     3.809645
     1.033948    -3.165224     3.818683
    -2.187499    -2.100193     3.809688
    -2.150810     1.240887     3.772722
     1.690988     1.388609     3.800667
     2.375538    -1.343969     3.843721
    -0.044064    -2.836721     3.845705
    -2.185655    -0.979945     3.805318
    -1.100697     1.601577     3.798184
     2.352159     0.494862     3.805891
     1.712828    -2.265868     3.845744
    -1.122449    -2.480440     3.843853
    -2.175829     0.131814     3.800318
    -0.042418     1.945540     3.798232
     1.308348     3.154749     3.176768
     3.951355    -0.415020     3.205383
     1.326832    -4.066180     3.218763
    -2.945567    -2.654109     3.206820
    -2.903813     1.786132     3.176495
     1.979379     2.277001     3.202715
     3.324962    -1.342100     3.240011
     0.254419    -3.744040     3.244165
    -2.948145    -1.537313     3.207189
    -1.860171     2.149000     3.201539
     2.643175     1.388608     3.212186
     2.673722    -2.265869     3.251882
    -0.821058    -3.401298     3.251880
    -2.946161    -0.427858     3.211535
    -0.807318     2.499745     3.209874
     3.296207     0.491859     3.208592
     2.005055    -3.175194     3.244267
    -1.891362    -3.036320     3.240430
    -2.930939     0.681385     3.202310
     0.250636     2.834895     3.201637
     2.256270     3.154748     2.590923
     4.259049    -1.326224     2.616940
     0.551357    -4.629837     2.626187
    -3.692061    -2.088706     2.593561
    -2.610848     2.683587     2.590697
     2.918829     2.271100     2.598866
     3.612966    -2.249945     2.629751
    -0.517852    -4.293461     2.632511
    -3.694412    -0.983266     2.598752
    -1.564073     3.035885     2.598881
     3.575499     1.379547     2.600164
     2.953123    -3.165226     2.632573
    -1.588090    -3.941198     2.629693
    -3.687226     0.124749     2.598224
    -0.509860     3.378393     2.598916
     4.224709     0.485984     2.598813
     2.285555    -4.066181     2.626242
    -2.648594    -3.575598     2.617185
    -3.670529     1.229282     2.590475
     0.544149     3.708596     2.590837
     2.073962     3.708594     1.645365
     1.017306     4.050270     1.646038
     4.700699     0.139882     1.646755
     4.728104    -0.979535     1.651847
     2.102345    -4.629839     1.667628
     1.030561    -4.978075     1.667497
    -3.242470    -3.568363     1.651611
    -3.871989    -2.642780     1.651050
    -3.848352     1.784944     1.644908
    -3.194242     2.682140     1.645811
     2.552559     3.378390     0.706247
     0.437488     4.062335     0.707868
     4.522131     0.691369     0.706586
     4.567572    -1.540367     0.700317
     2.586171    -4.293464     0.714129
     0.441027    -4.990524     0.713608
    -2.780891    -3.927449     0.701357
    -4.055194    -2.094221     0.708965
    -4.041330     1.236761     0.705666
    -2.732166     3.032687     0.707689
     1.500970     3.738139     0.702818
     4.550691    -0.420113     0.699035
     1.521059    -4.664583     0.710658
    -3.426382    -3.009991     0.702049
    -3.401971     2.145525     0.702434
     3.023989     3.035881    -0.236684
    -0.144604     4.060491    -0.233981
     4.336299     1.240882    -0.236513
     4.385766    -2.100199    -0.252794
     3.062280    -3.941202    -0.244380
    -0.152207    -4.985755    -0.246270
    -2.303963    -4.273786    -0.251295
    -4.228211    -1.541052    -0.235371
    -4.221359     0.682461    -0.237219
    -2.260171     3.373255    -0.234108
     1.978196     3.405065    -0.242021
     4.372170     0.131808    -0.246548
     2.004301    -4.325211    -0.251325
    -2.959851    -3.364036    -0.250257
    -3.592228     1.595554    -0.242513
     0.920072     3.747259    -0.241095
     4.381034    -0.979950    -0.253100
     0.930437    -4.674337    -0.251333
    -3.605895    -2.459408    -0.244277
    -2.937357     2.494152    -0.241409
     3.484805     2.683582    -1.176606
    -0.724877     4.045140    -1.172887
     4.139776     1.786126    -1.176662
     4.185567    -2.654115    -1.200442
     3.525369    -3.575604    -1.198516
    -0.744766    -4.962027    -1.205055
    -1.814066    -4.604167    -1.198201
    -4.389668    -0.985014    -1.176128
    -4.387122     0.126095    -1.176857
    -1.781754     3.701798    -1.172951
     2.444810     3.052449    -1.185034
     4.174995     0.681379    -1.189378
     2.474065    -3.959226    -1.212675
    -2.475455    -3.701500    -1.199133
    -3.762461     1.035675    -1.185470
     1.393449     3.403362    -1.187946
     4.190052    -0.427864    -1.198866
     1.408942    -4.319566    -1.218240
    -3.129712    -2.805628    -1.196532
    -3.118184     1.937485    -1.188330
     0.335257     3.734690    -1.183179
     4.187051    -1.537320    -1.202584
     0.335160    -4.654667    -1.212031
    -3.769094    -1.899530    -1.187988
    -2.456902     2.827508    -1.183402
     3.695442     2.148995    -0.232002
     3.744168    -3.036325    -0.242503
    -1.233967    -4.654666    -0.242262
    -4.243410    -0.429594    -0.232116
    -1.208193     3.734691    -0.229279
     3.232043     2.499741     0.713424
     3.940015    -2.480444     0.715093
    -0.640913    -4.674336     0.719810
    -4.078627    -0.985870     0.713998
    -1.685699     3.403365     0.715064
     3.889445     1.601573     0.714122
     3.275751    -3.401302     0.719925
    -1.719733    -4.319563     0.715379
    -4.074632     0.126835     0.712918
    -0.627109     3.747260     0.715111
     2.751540     2.834893     1.656000
     4.109532    -1.912184     1.670928
    -0.044619    -4.664581     1.678297
    -3.894042    -1.538905     1.657629
    -2.153282     3.052453     1.656729
     3.416208     1.945537     1.660694
     3.459399    -2.836724     1.680456
    -1.121155    -4.325208     1.680304
    -3.897998    -0.429680     1.660099
    -1.101149     3.405068     1.661110
     4.065609     1.045237     1.658233
     2.787877    -3.744042     1.678409
    -2.191097    -3.959221     1.670540
    -3.883020     0.680072     1.655465
    -0.042637     3.738140     1.656815
     3.958513     1.229275    -2.124510
     2.927327    -3.568368    -2.161515
    -1.981064    -4.023059    -2.140732
    -3.913543     0.467611    -2.121205
    -0.252281     3.701797    -2.118213
     3.972909     0.124742    -2.135978
     1.870970    -3.927453    -2.173637
    -2.631299    -3.130205    -2.140162
    -3.273590     1.365930    -2.127550
     0.801400     3.373252    -2.126254
     3.976594    -0.983273    -2.142167
     0.805602    -4.273789    -2.173103
    -3.278506    -2.231791    -2.134573
    -2.621574     2.260782    -2.126499
     1.854851     3.032682    -2.127230
     3.970898    -2.088713    -2.142385
    -0.260425    -4.604168    -2.158399
    -3.915715    -1.329700    -2.123720
    -1.962310     3.146062    -2.118321
     2.900579     2.682134    -2.120978
     0.909387     0.126090    -4.450264
     0.911176    -0.985019    -4.452214
    -0.148335    -1.329704    -4.452078
    -0.800553    -0.430290    -4.450064
    -0.147054     0.467607    -4.449012
     1.675692     0.682455    -3.881779
     1.680406    -1.541057    -3.887080
    -0.443014    -2.231794    -3.886995
    -1.747399    -0.431155    -3.881489
    -0.438926     1.365927    -3.879460
     1.690115    -0.429599    -3.899219
     0.623035    -1.899534    -3.902461
    -1.105038    -1.339128    -3.898786
    -1.103143     0.474384    -3.895337
     0.622325     1.035671    -3.895404
     2.438520     1.236755    -3.299083
     2.447666    -2.094226    -3.310005
    -0.737457    -3.130207    -3.310615
    -2.690235    -0.431154    -3.298787
    -0.729578     2.260780    -3.295811
     2.459898     0.126829    -3.325624
     1.394128    -2.459413    -3.334446
    -1.402703    -2.243735    -3.328002
    -2.052727     0.476069    -3.321398
     0.331636     1.937482    -3.320426
     2.462650    -0.985876    -3.328714
     0.329450    -2.805631    -3.334401
    -2.054958    -1.341895    -3.325006
    -1.397971     1.375023    -3.320435
     1.389599     1.595549    -3.321437
     3.192299     1.784938    -2.706433
     3.208359    -2.642786    -2.724825
    -1.028764    -4.023060    -2.729283
    -3.622229    -0.430287    -2.706181
    -1.017096     3.146061    -2.702492
     3.217245     0.680066    -2.732719
     2.160265    -3.009996    -2.750672
    -1.693727    -3.139467    -2.740516
    -2.990743     0.474386    -2.728742
     0.040309     2.827506    -2.726756
     3.228087    -0.429686    -2.744043
     1.099856    -3.364040    -2.759282
    -2.349339    -2.243734    -2.742952
    -2.344683     1.375024    -2.735338
     1.097719     2.494149    -2.735211
     3.224106    -1.538912    -2.741608
     0.034527    -3.701503    -2.750380
    -2.992982    -1.339126    -2.731978
    -1.685257     2.266546    -2.726820
     2.149698     2.145520    -2.728670
     0.132001    -0.391487     5.532647
     1.592202     4.026753     2.576244
     4.889506    -0.391491     2.592362
     1.616545    -4.957746     2.615644
    -3.690374    -3.199236     2.594799
    -3.645736     2.325131     2.575928
     3.934414     2.325124    -2.108841
     3.971249    -3.199243    -2.140322
    -1.337156    -4.915780    -2.163567
    -4.540180    -0.428835    -2.108686
    -1.300553     4.018717    -2.104355
     0.144385    -0.428840    -5.003893
     0.726790     1.409456     5.454540
    -1.408385     0.715241     5.454333
     1.400820     0.520635     5.475968
    -1.431368    -0.400163     5.475452
    -0.341188     1.063619     5.471629
     1.022107     2.307695     4.864277
    -2.175054     1.268516     4.864038
     1.697717     1.423633     4.890800
    -2.218189    -0.959905     4.898944
    -1.113830     1.628305     4.889189
     2.366156     0.530162     4.899877
    -2.202169     0.155995     4.890348
    -0.047947     1.974796     4.889243
     1.316931     3.201108     4.269192
    -2.938350     1.818311     4.268908
     1.993028     2.318712     4.297583
    -2.994130    -1.523174     4.305826
    -1.882353     2.182737     4.296570
     2.662896     1.428813     4.308675
    -2.986215    -0.407159     4.307838
    -0.819525     2.536512     4.306761
     3.324389     0.530162     4.307660
    -2.966844     0.706824     4.297147
     0.248278     2.875169     4.296686
     1.608272     4.088180     3.669414
    -3.695089     2.365116     3.669094
     2.282084     3.206282     3.692503
    -3.755081    -2.085590     3.698715
    -2.643632     2.729085     3.692070
     2.952553     2.318711     3.704567
    -3.753900    -0.970943     3.704119
    -1.586208     3.086485     3.704969
     3.615208     1.423632     3.705730
    -3.742943     0.143071     3.703892
    -0.522109     3.432246     3.705012
     4.271373     0.520632     3.701876
    -3.721965     1.255451     3.692044
     0.543523     3.764661     3.692225
     2.562775     4.088179     3.079502
    -4.503674    -2.642472     3.082338
    -3.398725     3.267977     3.079356
     3.229523     3.201106     3.087151
    -4.502936    -1.530531     3.085524
    -2.345560     3.623118     3.088155
     3.893631     2.307693     3.089586
    -4.497432    -0.417935     3.088475
    -1.285496     3.972009     3.091211
     4.553648     1.409453     3.089423
    -4.485209     0.694971     3.086572
    -0.222764     4.312784     3.088220
    -4.467156     1.804478     3.079043
     0.838116     4.644426     3.079532
     2.379597     4.644424     2.126848
     1.314713     4.988376     2.127253
    -4.685885    -3.203611     2.127816
    -4.645702     2.362549     2.126351
    -3.986216     3.266379     2.126983
     2.861811     4.312782     1.181857
     0.731165     5.001420     1.183048
     5.508348     0.715235     1.179577
    -4.866666    -2.650598     1.180243
    -4.840781     1.811136     1.181162
    -3.521668     3.619924     1.182824
     1.801412     4.672245     1.178610
     5.537515    -0.400169     1.168466
    -4.237500    -3.571175     1.171622
    -4.194049     2.724800     1.178137
     3.339759     3.972005     0.232660
     0.145198     5.004573     0.234928
     5.323242     1.268510     0.229858
    -5.042981    -2.097827     0.230915
    -5.027068     1.254552     0.231860
    -3.049450     3.966832     0.234746
     2.284644     4.342962     0.228064
     5.358899     0.155988     0.217372
    -3.775735    -3.930084     0.211430
    -4.391372     2.174496     0.227394
     1.218035     4.687771     0.228881
     5.373751    -0.959911     0.206889
    -4.418912    -3.018765     0.220632
    -3.731143     3.080113     0.228461
     3.811104     3.623113    -0.716854
    -0.440872     4.997578    -0.713356
     5.132302     1.818304    -0.719006
    -5.211645    -1.541859    -0.718349
    -5.203312     0.694910    -0.717567
    -2.571250     4.305540    -0.713490
     2.760437     3.997305    -0.723580
     5.170302     0.706816    -0.731862
    -3.296027    -4.279092    -0.747376
    -4.573096     1.615005    -0.724319
     1.699206     4.352884    -0.725742
     5.188526    -0.407166    -0.744405
    -3.950042    -3.375198    -0.741072
    -3.923549     2.526285    -0.726330
     0.630464     4.685850    -0.721730
     5.190264    -1.523181    -0.752384
    -4.589410    -2.463467    -0.729988
    -3.254694     3.423721    -0.722075
     4.274227     3.267970    -1.662767
    -1.024732     4.981243    -1.658067
     4.934242     2.365108    -1.664101
    -5.372687    -0.983740    -1.663803
    -5.369254     0.134753    -1.663190
    -2.089372     4.635374    -1.658141
     3.226342     3.637070    -1.671483
     4.966787     1.255443    -1.677874
    -2.800836    -4.617508    -1.698740
    -4.738288     1.049204    -1.672107
     2.170867     3.995581    -1.676939
     4.986764     0.143063    -1.691338
    -3.459682    -3.716561    -1.697281
    -4.095114     1.959609    -1.677562
     1.107526     4.339287    -1.675948
     4.991866    -0.970951    -1.701036
    -4.109659    -2.812384    -1.689309
    -3.436945     2.862692    -1.676416
     0.041532     4.666719    -1.668606
     4.987559    -2.085598    -1.704508
    -4.746945    -1.900722    -1.676774
    -2.767081     3.754183    -1.668856
     4.484563     2.729079    -0.713376
    -5.222866    -0.424186    -0.713665
    -1.511011     4.666721    -0.709086
     4.023202     3.086480     0.238179
    -5.063942    -0.982954     0.237472
    -1.994309     4.339290     0.241083
     4.684785     2.182731     0.237875
    -5.059640     0.136696     0.237528
    -0.927483     4.685851     0.241129
     3.547357     3.432242     1.189955
    -4.889279    -1.539341     1.189010
    -2.470741     3.995585     1.191719
     4.218585     2.536507     1.193053
    -4.894652    -0.422299     1.192264
    -1.409031     4.352887     1.195245
     4.871140     1.628300     1.190291
    -4.877932     0.696189     1.189238
    -0.340003     4.687772     1.191798
     3.059352     3.764658     2.137365
    -4.700725    -2.091550     2.136504
    -2.937888     3.637075     2.138203
     3.732034     2.875165     2.143616
    -4.707244    -0.978807     2.142495
    -1.881699     3.997310     2.145404
     4.394508     1.974792     2.143668
    -4.700152     0.137218     2.142913
    -0.817741     4.342965     2.145434
     5.046550     1.063614     2.141839
    -4.678636     1.251542     2.136791
     0.248562     4.672247     2.138320
     4.751766     1.804469    -2.618537
    -4.891587     0.478944    -2.614543
    -0.548673     4.635373    -2.610340
     4.766573     0.694963    -2.631316
    -2.954297    -4.045722    -2.644559
    -4.248123     1.383501    -2.621416
     0.511750     4.305537    -2.618880
     4.773739    -0.417943    -2.641397
    -3.607370    -3.142453    -2.639417
    -3.595199     2.286836    -2.623003
     1.573735     3.966828    -2.622525
     4.773560    -1.530540    -2.647638
    -4.255379    -2.237360    -2.630067
    -2.935210     3.185237    -2.619198
     2.632904     3.619918    -2.620893
     4.771039    -2.642480    -2.649723
    -4.895396    -1.330836    -2.617899
    -2.271268     4.075546    -2.610472
     3.685137     3.266372    -2.614151
     0.913624     0.134747    -5.546204
     0.914610    -0.983746    -5.549547
    -0.152210    -1.330841    -5.549335
    -0.809330    -0.425927    -5.545936
    -0.150910     0.478939    -5.544429
     1.685203     0.694904    -4.974883
     1.688227    -1.541865    -4.982684
    -0.449322    -2.237363    -4.982329
    -1.762583    -0.426948    -4.974504
    -0.444825     1.383498    -4.971972
     1.697436    -0.424192    -4.990627
     0.623164    -1.900727    -4.995668
    -1.114338    -1.339222    -4.990039
    -1.112283     0.484441    -4.985759
     0.623472     1.049199    -4.985841
     2.455575     1.254545    -4.392646
     2.461843    -2.097834    -4.407299
    -0.747487    -3.142456    -4.406913
    -2.714561    -0.427306    -4.392272
    -0.738242     2.286833    -4.388691
     2.475210     0.136689    -4.419244
     1.399541    -2.463473    -4.431346
    -1.416126    -2.250258    -4.422034
    -2.070605     0.486850    -4.414143
     0.330954     1.959605    -4.413010
     2.477082    -0.982961    -4.423115
     0.326947    -2.812388    -4.431269
    -2.073153    -1.343298    -4.418495
    -1.410708     1.393046    -4.413017
     1.397321     1.615000    -4.414223
     3.221345     1.811128    -3.801482
     3.232094    -2.650605    -3.825042
    -1.044153    -4.045724    -3.825087
    -3.661065    -0.426946    -3.801183
    -1.029996     3.185235    -3.796679
     3.245182     0.696181    -3.831098
     2.173549    -3.018770    -3.853713
    -1.713928    -3.156403    -3.839216
    -3.022110     0.486851    -3.826083
     0.037637     2.862689    -3.823815
     3.255364    -0.422306    -3.844698
     1.103690    -3.375203    -3.864435
    -2.375343    -2.254730    -3.843400
    -2.369688     1.396246    -3.834256
     1.105035     2.526281    -3.834151
     3.250049    -1.539348    -3.841347
     0.029134    -3.716565    -3.853477
    -3.024866    -1.343297    -3.830307
    -1.704037     2.296289    -3.823877
     2.167287     2.174490    -3.826061
     3.979504     2.362541    -3.204295
     3.998777    -3.203619    -3.239575
    -4.598480    -0.425924    -3.204124
    -1.319117     4.075545    -3.198931
     4.003569     1.251535    -3.229081
     2.943007    -3.571182    -3.266154
    -2.004583    -4.059685    -3.243493
    -3.961956     0.484443    -3.224573
    -0.255176     3.754181    -3.221292
     4.018666     0.137210    -3.245587
     1.877678    -3.930089    -3.282555
    -2.667397    -3.156402    -3.249942
    -3.316219     1.393048    -3.235352
     0.809718     3.423717    -3.234008
     4.021462    -0.978815    -3.252117
     0.805562    -4.279096    -3.282286
    -3.321866    -2.250256    -3.244228
    -2.658095     2.296290    -3.234240
     1.872977     3.080108    -3.235059
     4.013186    -2.091558    -3.248964
    -0.266819    -4.617510    -3.264841
    -3.964868    -1.339220    -3.228323
    -1.990918     3.189891    -3.221393
     2.929410     2.724793    -3.224382
     1.898034     4.977236     3.071091
    -4.451820     2.914454     3.070759
     4.737500     2.914445    -2.608526
    -5.536186    -0.424296    -2.608562
    -1.608498     4.966479    -2.602624
     0.142714    -0.424301    -6.118298