
    -0.000032     0.328127    -0.550485
     0.000032     0.328028     0.550546
     0.000000    -0.599495    -0.000053
     0.883028     0.041586     0.000075
     0.545613     1.078562     0.000094
    -0.545613     1.078561     0.000102
    -0.883028     0.041586    -0.000065
    -0.000017    -0.599265    -1.101193
     0.883303     0.042126    -1.100698
     0.545641     1.079442    -1.099996
    -0.545988     1.079286    -1.099970
    -0.883415     0.041909    -1.100776
    -0.000097     0.329247    -1.651483
     0.000033    -1.529265    -0.550377
     1.769035    -0.245796    -0.549729
     1.092964     1.832219    -0.548772
    -1.093223     1.832063    -0.548705
    -1.769142    -0.246076    -0.549863
     0.000017    -0.599463     1.101087
     0.000026    -0.598891    -2.201962
     0.883415     0.041711     1.100785
     0.884180     0.043318    -2.201282
     0.545988     1.079088     1.100166
     0.546068     1.081768    -2.200412
    -0.545641     1.079244     1.100192
    -0.546682     1.081482    -2.200359
    -0.883303     0.041928     1.100707
    -0.884353     0.042855    -2.201242
     0.888110    -0.892178     0.550452
     0.888808    -0.892144    -1.650839
     0.888050    -0.891959    -0.550308
     1.436445     0.794482     0.549742
     1.437449     0.796190    -1.649322
     1.436257     0.794803    -0.549664
     0.000125     1.837488     0.549544
    -0.000347     1.839815    -1.648471
    -0.000125     1.837587    -0.549212
    -1.436257     0.794704     0.549809
    -1.437924     0.795565    -1.649216
    -1.436446     0.794580    -0.549598
    -0.888050    -0.892059     0.550149
    -0.888813    -0.892542    -1.650971
    -0.888109    -0.892078    -0.550611
    -0.000033    -1.529364     0.550103
     0.000207    -1.530029    -1.650673
     1.769142    -0.246175     0.549821
     1.770472    -0.245127    -1.649319
     1.093223     1.831965     0.549036
     1.093203     1.833970    -1.647146
    -1.092964     1.832120     0.549103
    -1.093908     1.833540    -1.647068
    -1.769035    -0.245895     0.549686
    -1.770651    -0.245940    -1.649233
     0.000097     0.328950     1.651543
    -0.000149     0.331031    -2.752492
     0.000397    -2.461950    -1.098712
     0.000000    -2.461363    -0.000221
     2.658417    -0.534354    -1.097452
     2.657538    -0.534923    -0.000099
     1.642343     2.589230    -1.094839
     1.642673     2.588497     0.000183
    -1.642967     2.588793    -1.094740
    -1.642673     2.588496     0.000283
    -2.658746    -0.535557    -1.097213
    -2.657538    -0.534923     0.000004
    -0.000026    -0.599288     2.201856
     0.000128    -0.598775    -3.302625
    -0.000207    -1.530326     1.650398
     0.000549    -1.531786    -2.750462
     0.884353     0.042459     2.201251
     0.885872     0.045026    -3.301783
     1.770651    -0.246236     1.649190
     1.773397    -0.243919    -2.748557
     0.546682     1.081087     2.200555
     0.546913     1.085552    -3.300915
     1.093908     1.833245     1.647399
     1.094591     1.838534    -2.746551
    -0.546069     1.081372     2.200608
    -0.547674     1.085185    -3.300848
    -1.093203     1.833674     1.647477
    -1.095598     1.837911    -2.746464
    -0.884180     0.042921     2.201291
    -0.886048     0.044360    -3.301651
    -1.770472    -0.245425     1.649276
    -1.773502    -0.245175    -2.748251
     0.888814    -0.892840     1.650811
     0.890414    -0.892720    -2.750714
     1.437924     0.795269     1.649361
     1.439945     0.799263    -2.748783
     0.000347     1.839519     1.648803
    -0.000504     1.844682    -2.747811
    -1.437449     0.795893     1.649466
    -1.440549     0.798339    -2.748640
    -0.888808    -0.892442     1.650680
    -0.890118    -0.893401    -2.750687
     1.778264    -1.184815     1.099224
     1.780410    -1.184972    -2.197877
     1.777929    -1.183963    -1.099066
     1.777333    -1.183784     0.000171
     0.890759    -1.827041     1.099664
     0.892725    -1.829041    -2.198736
     0.890956    -1.826614    -1.099648
     0.890279    -1.825881     0.000064
     1.989420     1.549688     1.097003
     1.991867     1.553438    -2.194802
     1.988963     1.550485    -1.096901
     1.988575     1.549847     0.000046
     2.328445     0.507949     1.097815
     2.331733     0.511277    -2.195963
     2.328082     0.508984    -1.097919
     2.327124     0.508143    -0.000049
    -0.547399     2.597169     1.096766
    -0.548380     2.602177    -2.193830
    -0.548015     2.597222    -1.096290
    -0.547880     2.596199     0.000236
     0.548015     2.597025     1.096758
     0.547268     2.602432    -2.193843
     0.547398     2.597366    -1.096298
     0.547880     2.596200     0.000232
    -2.328082     0.508786     1.098012
    -2.332240     0.509834    -2.195720
    -2.328445     0.508147    -1.097723
    -2.327124     0.508142     0.000142
    -1.988963     1.550288     1.097181
    -1.992642     1.552380    -2.194632
    -1.989420     1.549885    -1.096723
    -1.988575     1.549847     0.000234
    -0.890956    -1.826813     1.099321
    -0.891758    -1.829576    -2.198931
    -0.890759    -1.826842    -1.099992
    -0.890279    -1.825881    -0.000391
    -1.777929    -1.184161     1.098855
    -1.780445    -1.186206    -2.197830
    -1.778264    -1.184618    -1.099436
    -1.777333    -1.183784    -0.000382
    -0.000397    -2.462149     1.098269
     0.001030    -2.465078    -2.197620
     2.658746    -0.535755     1.097117
     2.662056    -0.533599    -2.195191
     1.642967     2.588597     1.095207
     1.642323     2.591484    -2.190856
    -1.642344     2.589033     1.095305
    -1.643431     2.590713    -2.190757
    -2.658417    -0.534552     1.097356
    -2.662256    -0.535582    -2.194585
     0.000149     0.330536     2.752553
    -0.000176     0.333278    -3.854027
     0.001221    -3.398007    -1.643532
     0.000351    -3.397244    -0.547838
    -0.000351    -3.397343     0.547225
     3.552533    -0.823854    -1.642351
     3.550096    -0.825095    -0.547695
     3.550322    -0.826390     0.546426
     2.194507     3.350458    -1.639919
     2.195014     3.349255    -0.546767
     2.195407     3.348863     0.547262
    -2.195620     3.349631    -1.639812
    -2.195408     3.348961    -0.546660
    -2.195015     3.349156     0.547369
    -3.552950    -0.827162    -1.641289
    -3.550322    -0.826292    -0.546574
    -3.550096    -0.825194     0.547547
    -0.000128    -0.599370     3.302519
     0.000254    -0.599917    -4.405085
    -0.000549    -1.532281     2.750186
     0.000917    -1.535590    -3.850865
    -0.001030    -2.465474     2.197177
     0.001718    -2.471593    -3.296487
     0.886048     0.043766     3.301660
     0.889166     0.046703    -4.403940
     1.773503    -0.245670     2.748208
     1.778552    -0.242731    -3.848490
     2.662256    -0.535977     2.194490
     2.668829    -0.532776    -3.293245
     0.547674     1.084592     3.301044
     0.548805     1.091291    -4.402751
     1.095598     1.837417     2.746796
     1.097750     1.846347    -3.846420
     1.643430     2.590320     2.191223
     1.646423     2.600582    -3.290258
    -0.546913     1.084959     3.301112
    -0.549617     1.090900    -4.402692
    -1.094592     1.838040     2.746883
    -1.098915     1.845629    -3.846333
    -1.642324     2.591090     2.191323
    -1.647844     2.599608    -3.290156
    -0.885872     0.044432     3.301792
    -0.889300     0.045960    -4.403788
    -1.773397    -0.244414     2.748514
    -1.778557    -0.244181    -3.848089
    -2.662056    -0.533995     2.195095
    -2.668830    -0.535105    -3.292354
     0.890118    -0.893896     2.750527
     0.893054    -0.894191    -3.850578
     1.440549     0.797845     2.748784
     1.444213     0.803944    -3.848123
     0.000504     1.844188     2.748144
    -0.000592     1.852554    -3.846776
    -1.439945     0.798769     2.748928
    -1.444821     0.802880    -3.847973
    -0.890414    -0.893216     2.750554
    -0.892363    -0.894993    -3.850531
     1.780446    -1.186601     2.197618
     1.784972    -1.186964    -3.296103
     0.891758    -1.829973     2.198603
     0.895537    -1.833619    -3.296915
     1.992642     1.551986     2.194913
     1.997558     1.560481    -3.292392
     2.332240     0.509440     2.195813
     2.338016     0.515353    -3.293441
    -0.547268     2.602038     2.194312
    -0.550127     2.611950    -3.290935
     0.548380     2.601784     2.194299
     0.548687     2.612271    -3.290956
    -2.331733     0.510882     2.196056
    -2.338478     0.513610    -3.293170
    -1.991867     1.553043     2.195083
    -1.998488     1.559170    -3.292235
    -0.892725    -1.829438     2.198408
    -0.893518    -1.834323    -3.297173
    -1.780410    -1.185368     2.197665
    -1.784387    -1.188505    -3.295830
     2.671638    -1.479439     1.644710
     2.676466    -1.479025    -2.741944
     2.670696    -1.477059    -1.645008
     2.668740    -1.476335    -0.548267
     2.669254    -1.477244     0.548156
     1.783624    -2.125300     1.646596
     1.788892    -2.129234    -2.743332
     1.783924    -2.124112    -1.646457
     1.781436    -2.121638    -0.548581
     1.781658    -2.122030     0.549087
     0.892526    -2.765252     1.646075
     0.897404    -2.772129    -2.742692
     0.894185    -2.764746    -1.646056
     0.891764    -2.761829    -0.548517
     0.891366    -2.761913     0.548595
     2.544054     2.307084     1.640355
     2.550090     2.315477    -2.736120
     2.543265     2.308417    -1.640169
     2.542466     2.307798    -0.546669
     2.542744     2.307323     0.546823
     2.887971     1.265189     1.642420
     2.895189     1.272807    -2.738233
     2.887459     1.266881    -1.642443
     2.884657     1.265077    -0.547376
     2.884841     1.264471     0.547317
     3.223820     0.220166     1.642774
     3.231147     0.225703    -2.738941
     3.223470     0.222472    -1.643154
     3.220517     0.221025    -0.547772
     3.220656     0.220199     0.547393
    -1.095998     3.359714     1.639967
    -1.098848     3.370028    -2.734822
    -1.097080     3.359603    -1.639382
    -1.097572     3.357658    -0.546229
    -1.097183     3.357703     0.546794
     0.000543     3.364310     1.641228
    -0.000800     3.376036    -2.735683
    -0.000543     3.364604    -1.640622
    -0.000196     3.360566    -0.546473
     0.000195     3.360468     0.547078
     1.097080     3.359309     1.639986
     1.097248     3.370601    -2.734809
     1.095997     3.360008    -1.639363
     1.097182     3.357801    -0.546189
     1.097572     3.357560     0.546834
    -3.223470     0.222176     1.643195
    -3.231433     0.223104    -2.738459
    -3.223820     0.220461    -1.642734
    -3.220656     0.220297    -0.547352
    -3.220517     0.220926     0.547812
    -2.887459     1.266585     1.642672
    -2.895867     1.270901    -2.738009
    -2.887971     1.265484    -1.642191
    -2.884841     1.264569    -0.547089
    -2.884657     1.264978     0.547604
    -2.543266     2.308122     1.640584
    -2.551219     2.314007    -2.735901
    -2.544054     2.307378    -1.639939
    -2.542745     2.307420    -0.546407
    -2.542466     2.307700     0.547084
    -0.894184    -2.765043     1.645558
    -0.893920    -2.772626    -2.743359
    -0.892525    -2.764955    -1.646572
    -0.891366    -2.761814    -0.549092
    -0.891763    -2.761928     0.548020
    -1.783924    -2.124410     1.646075
    -1.786999    -2.130535    -2.743673
    -1.783623    -2.125003    -1.646978
    -1.781658    -2.121932    -0.549468
    -1.781436    -2.121737     0.548200
    -2.670696    -1.477356     1.644743
    -2.676598    -1.481818    -2.741131
    -2.671638    -1.479143    -1.644975
    -2.669254    -1.477146    -0.548421
    -2.668740    -1.476434     0.548002
    -0.001221    -3.398304     1.642919
     0.002296    -3.406411    -2.742382
     3.552950    -0.827457     1.641141
     3.560220    -0.823269    -2.738841
     2.195620     3.349337     1.640414
     2.192840     3.351425    -2.733530
    -2.194508     3.350163     1.640521
    -2.194453     3.350259    -2.733417
    -3.552533    -0.824151     1.642203
    -3.560313    -0.827227    -2.737144
     0.000176     0.332584     3.854088
    -0.000177     0.335917    -4.957964
     0.002398    -4.336781    -2.186911
     0.000966    -4.338385    -1.093398
     0.000000    -4.338546    -0.000392
    -0.000965    -4.338583     1.092614
     4.457687    -1.117162    -2.185054
     4.452809    -1.118468    -1.093193
     4.451741    -1.119777    -0.001921
     4.453153    -1.120284     1.089815
     2.753969     4.120777    -2.212821
     2.752677     4.117207    -1.101930
     2.752750     4.116269     0.000318
     2.753590     4.116318     1.102557
    -2.755601     4.119543    -2.212670
    -2.753591     4.116516    -1.101819
    -2.752750     4.116268     0.000421
    -2.752678     4.117009     1.102669
    -4.457979    -1.120765    -2.182554
    -4.453153    -1.120088    -1.090017
    -4.451741    -1.119778     0.001720
    -4.452809    -1.118666     1.092991
    -0.000254    -0.600710     4.404977
     0.000357    -0.598810    -5.524350
    -0.000917    -1.536283     3.850589
     0.001176    -1.543874    -4.961654
    -0.001718    -2.472188     3.296042
     0.002155    -2.485845    -4.402793
    -0.002295    -3.406906     2.741767
     0.002991    -3.428341    -3.844329
     0.889300     0.045168     4.403797
     0.890561     0.049054    -5.522731
     1.778557    -0.244873     3.848046
     1.788176    -0.243061    -4.958908
     2.668831    -0.535697     3.292259
     2.682613    -0.534369    -4.399455
     3.560313    -0.827719     2.736995
     3.577531    -0.826293    -3.841329
     0.549616     1.090108     4.402889
     0.549834     1.095780    -5.520562
     1.098915     1.844938     3.846666
     1.104677     1.859088    -4.954911
     1.647844     2.599017     3.290624
     1.658525     2.620474    -4.392804
     2.194453     3.349769     2.734019
     2.214815     3.384975    -3.829929
    -0.548805     1.090500     4.402948
    -0.550680     1.095409    -5.520532
    -1.097751     1.845656     3.846752
    -1.105939     1.858347    -4.954832
    -1.646424     2.599991     3.290726
    -1.660132     2.619420    -4.392695
    -2.192841     3.350934     2.734132
    -2.216738     3.383638    -3.829786
    -0.889166     0.045911     4.403949
    -0.890588     0.048385    -5.522691
    -1.778552    -0.243424     3.848447
    -1.787969    -0.244346    -4.958716
    -2.668829    -0.533370     3.293149
    -2.682195    -0.536266    -4.398973
    -3.560220    -0.823763     2.738693
    -3.576787    -0.828882    -3.840314
     0.892363    -0.895686     3.850371
     0.897817    -0.898260    -4.957641
     1.444822     0.802189     3.848118
     1.452008     0.809808    -4.954255
     0.000592     1.851863     3.847110
    -0.000645     1.864335    -4.952035
    -1.444213     0.803251     3.848269
    -1.452584     0.808759    -4.954143
    -0.893054    -0.894885     3.850418
    -0.896735    -0.898912    -4.957806
     1.784387    -1.189098     3.295617
     1.793704    -1.192155    -4.399636
     0.893518    -1.834917     3.296844
     0.900377    -1.842615    -4.400300
     1.998488     1.558578     3.292517
     2.008426     1.571613    -4.394024
     2.338479     0.513018     3.293263
     2.349473     0.519996    -4.396216
    -0.548687     2.611680     3.291426
    -0.553977     2.628009    -4.391933
     0.550127     2.611359     3.291406
     0.552335     2.628360    -4.391968
    -2.338016     0.514761     3.293534
    -2.349813     0.518305    -4.395988
    -1.997559     1.559889     3.292673
    -2.009419     1.570243    -4.393890
    -0.895537    -1.834213     3.296585
    -0.897525    -1.843168    -4.400914
    -1.784972    -1.187559     3.295890
    -1.792332    -1.193313    -4.399799
     2.676599    -1.482311     2.740865
     2.688655    -1.485033    -3.842558
     1.787000    -2.131029     2.743291
     1.797674    -2.138934    -3.844056
     0.893920    -2.773121     2.742860
     0.901903    -2.786171    -3.842884
     2.551219     2.313516     2.736318
     2.564369     2.334370    -3.833066
     2.895867     1.270409     2.738239
     2.908853     1.282663    -3.837715
     3.231433     0.222612     2.738500
     3.245492     0.229276    -3.839027
    -1.097249     3.370110     2.735416
    -1.108835     3.391220    -3.831338
     0.000799     3.375545     2.736291
    -0.000961     3.394703    -3.833948
     1.098847     3.369537     2.735428
     1.106905     3.391868    -3.831360
    -3.231147     0.225210     2.738982
    -3.245584     0.226898    -3.838602
    -2.895189     1.272314     2.738463
    -2.909587     1.280668    -3.837522
    -2.550091     2.314985     2.736537
    -2.565681     2.332719    -3.832877
    -0.897404    -2.772624     2.742193
    -0.897118    -2.786677    -3.843880
    -1.788892    -2.129729     2.742949
    -1.794079    -2.139837    -3.845184
    -2.676466    -1.479519     2.741679
    -2.687027    -1.486737    -3.842597
     3.570279    -1.777051     2.187046
     3.584032    -1.778615    -3.286125
     3.568361    -1.770354    -2.188993
     3.563830    -1.771083    -1.094324
     3.563416    -1.772773    -0.001334
     3.565107    -1.774155     1.092428
     2.679998    -2.426408     2.189905
     2.694695    -2.434262    -3.287670
     2.680951    -2.423538    -2.190062
     2.674473    -2.419149    -1.094272
     2.673653    -2.418587     0.000084
     2.675403    -2.420677     1.094736
     1.788485    -3.071751     2.190174
     1.800098    -3.084776    -3.287511
     1.791810    -3.070477    -2.189353
     1.785832    -3.063055    -1.094263
     1.783562    -3.061194     0.000562
     1.785011    -3.063503     1.095112
     0.895184    -3.710052     2.188358
     0.902608    -3.730979    -3.284325
     0.899335    -3.709404    -2.188132
     0.894682    -3.701359    -1.093044
     0.892695    -3.700976     0.000115
     0.893136    -3.701414     1.093110
     3.103767     3.067454     2.178909
     3.120503     3.106630    -3.268497
     3.102478     3.069344    -2.178656
     3.101197     3.068526    -1.090649
     3.100402     3.068254     0.000082
     3.101877     3.067458     1.090835
     3.453048     2.026993     2.181545
     3.467132     2.046887    -3.277808
     3.452258     2.029300    -2.181467
     3.446242     2.024718    -1.090368
     3.445098     2.024164     0.000018
     3.446661     2.023424     1.090416
     3.792606     0.980854     2.183754
     3.808451     0.992473    -3.280982
     3.792253     0.983671    -2.183866
     3.786185     0.980396    -1.091735
     3.784680     0.979601    -0.000058
     3.786369     0.978810     1.091625
     4.125538    -0.068180     2.184602
     4.142204    -0.062035    -3.282714
     4.125536    -0.064670    -2.185436
     4.119304    -0.066289    -1.092691
     4.117723    -0.067249    -0.000355
     4.119282    -0.068261     1.091969
    -1.645618     4.128087     2.178424
    -1.672588     4.157672    -3.267221
    -1.647247     4.127695    -2.177768
    -1.648522     4.124573    -1.089956
    -1.648609     4.123371     0.000283
    -1.647605     4.124790     1.090542
    -0.548359     4.138898     2.180079
    -0.556640     4.160308    -3.275062
    -0.550021     4.139049    -2.179394
    -0.549372     4.130349    -1.089029
    -0.549117     4.128700     0.000329
    -0.548454     4.130279     1.089695
     0.550021     4.138658     2.180138
     0.554491     4.160612    -3.275019
     0.548359     4.139289    -2.179334
     0.548453     4.130475    -1.088952
     0.549116     4.128700     0.000413
     0.549371     4.130154     1.089772
     1.647247     4.127304     2.178510
     1.670395     4.158574    -3.267188
     1.645617     4.128478    -2.177682
     1.647604     4.124986    -1.089800
     1.648608     4.123371     0.000458
     1.648521     4.124378     1.090697
    -4.125536    -0.065064     2.185425
    -4.141867    -0.065047    -3.281752
    -4.125538    -0.067787    -2.184614
    -4.119282    -0.068065    -1.091981
    -4.117723    -0.067250     0.000343
    -4.119304    -0.066486     1.092679
    -3.792253     0.983277     2.184043
    -3.808869     0.989821    -3.280676
    -3.792606     0.981247    -2.183577
    -3.786369     0.979005    -1.091448
    -3.784680     0.979600     0.000235
    -3.786185     0.980199     1.091913
    -3.452259     2.028908     2.181833
    -3.468147     2.044622    -3.277543
    -3.453048     2.027385    -2.181179
    -3.446661     2.023619    -1.090051
    -3.445099     2.024163     0.000347
    -3.446242     2.024521     1.090733
    -3.102479     3.068952     2.179208
    -3.122122     3.104668    -3.268215
    -3.103767     3.067844    -2.178357
    -3.101877     3.067653    -1.090284
    -3.100403     3.068254     0.000470
    -3.101198     3.068329     1.091201
    -0.899335    -3.709799     2.187463
    -0.896414    -3.731553    -3.285484
    -0.895184    -3.709657    -2.189027
    -0.893136    -3.701216    -1.093777
    -0.892695    -3.700976    -0.000783
    -0.894681    -3.701557     1.092377
    -1.791810    -3.070873     2.188800
    -1.794403    -3.085797    -3.289442
    -1.788484    -3.071356    -2.190727
    -1.785011    -3.063306    -1.095664
    -1.783562    -3.061194    -0.001113
    -1.785832    -3.063253     1.093712
    -2.680951    -2.423934     2.189626
    -2.689519    -2.435546    -3.289772
    -2.679997    -2.426013    -2.190342
    -2.675403    -2.420480    -1.095171
    -2.673652    -2.418587    -0.000519
    -2.674473    -2.419347     1.093837
    -3.568361    -1.770749     2.188675
    -3.582175    -1.781287    -3.286169
    -3.570278    -1.776657    -2.187366
    -3.565106    -1.773959    -1.092747
    -3.563416    -1.772773     0.001015
    -3.563830    -1.771281     1.094006
    -0.002397    -4.337177     2.186127
     0.003532    -4.375153    -3.284014
     4.457980    -1.121158     2.182351
     4.476878    -1.121603    -3.282257
     2.755601     4.119146     2.213409
    -2.753970     4.120380     2.213561
    -4.457687    -1.117556     2.184853
    -4.476069    -1.123768    -3.281289
     0.000176     0.335026     4.958025
     0.001244    -5.290433    -1.665956
     0.000221    -5.287713    -0.553200
    -0.000220    -5.287813     0.552242
    -0.001243    -5.290734     1.664997
    -0.000357    -0.599804     5.524243
    -0.001176    -1.544767     4.961376
    -0.002154    -2.486638     4.402344
    -0.002991    -3.429034     3.843711
    -0.003531    -4.375746     3.283223
     0.890588     0.047391     5.522700
     1.787969    -0.245238     4.958673
     2.682196    -0.537057     4.398877
     3.576788    -0.829573     3.840165
     4.476070    -1.124359     3.281087
     0.550680     1.094416     5.520730
     1.105939     1.857456     4.955167
     1.660132     2.618631     4.393166
     2.216737     3.382950     3.830394
    -0.549835     1.094787     5.520759
    -1.104677     1.858197     4.955245
    -1.658526     2.619685     4.393275
    -2.214816     3.384287     3.830538
    -0.890561     0.048060     5.522740
    -1.788176    -0.243953     4.958865
    -2.682613    -0.535161     4.399359
    -3.577531    -0.826985     3.841180
    -4.476878    -1.122195     3.282054
     0.896736    -0.899804     4.957645
     1.452584     0.807868     4.954289
     0.000644     1.863446     4.952371
    -1.452009     0.808917     4.954402
    -0.897817    -0.899152     4.957480
     1.792332    -1.194105     4.399585
     0.897525    -1.843961     4.400583
     2.009419     1.569454     4.394174
     2.349813     0.517515     4.396082
    -0.552336     2.627571     4.392441
     0.553977     2.627220     4.392406
    -2.349473     0.519205     4.396310
    -2.008426     1.570822     4.394307
    -0.900377    -1.843408     4.399969
    -1.793704    -1.192948     4.399422
     2.687028    -1.487429     3.842330
     1.794080    -2.140530     3.844799
     0.897119    -2.787370     3.843378
     2.565681     2.332031     3.833297
     2.909587     1.279978     3.837753
     3.245584     0.226208     3.838643
    -1.106905     3.391180     3.831970
     0.000961     3.394015     3.834559
     1.108834     3.390532     3.831949
    -3.245493     0.228584     3.839069
    -2.908853     1.281973     3.837947
    -2.564370     2.333681     3.833486
    -0.901902    -2.786864     3.842383
    -1.797674    -2.139627     3.843671
    -2.688655    -1.485726     3.842291
     3.582176    -1.781879     3.285849
     2.689520    -2.436139     3.289334
     1.794404    -3.086391     3.288887
     0.896415    -3.732146     3.284811
     3.122122     3.104081     3.268773
     3.468147     2.044033     3.277912
     3.808869     0.989231     3.280855
     4.141867    -0.065638     3.281741
    -1.670396     4.157988     3.267936
    -0.554491     4.160024     3.275768
     0.556640     4.159721     3.275811
     1.672587     4.157086     3.267969
    -4.142204    -0.062627     3.282703
    -3.808451     0.991882     3.281161
    -3.467132     2.046297     3.278177
    -3.120504     3.106042     3.269055
    -0.902608    -3.731572     3.283652
    -1.800098    -3.085369     3.286956
    -2.694695    -2.434855     3.287232
    -3.584032    -1.779207     3.285805
     4.483742    -2.081978     2.732344
     4.487010    -2.082818    -2.733087
     4.468284    -2.077817    -1.641825
     4.465793    -2.079489    -0.550282
     4.466558    -2.079296     0.541750
     4.470372    -2.079114     1.634428
     3.584843    -2.733765     2.734089
     3.594928    -2.731406    -2.729519
     3.571422    -2.720245    -1.637924
     3.568366    -2.721568    -0.547454
     3.568820    -2.721907     0.544257
     3.573192    -2.724628     1.636900
     2.691123    -3.385162     2.733983
     2.698691    -3.382522    -2.730925
     2.684962    -3.368942    -1.635363
     2.678394    -3.365049    -0.543806
     2.678909    -3.365331     0.546492
     2.682638    -3.370242     1.637636
     1.793914    -4.033979     2.731141
     1.800794    -4.032005    -2.729708
     1.794856    -4.011745    -1.634461
     1.789202    -4.006287    -0.543999
     1.789032    -4.006255     0.545302
     1.791745    -4.012458     1.635554
     0.890247    -4.685274     2.722180
     0.897122    -4.684099    -2.721773
     0.901083    -4.646546    -1.632072
     0.897500    -4.645997    -0.544351
     0.896969    -4.645899     0.544717
     0.897710    -4.646465     1.632206
     3.674030     3.836369    -1.656230
     3.672247     3.836156    -0.550764
     3.672668     3.835502     0.550804
     3.675233     3.834545     1.656281
     4.032482     2.811968     2.715935
     4.031172     2.815030    -2.715855
     4.026193     2.789694    -1.626091
     4.021577     2.791074    -0.542150
     4.021867     2.790337     0.542188
     4.027041     2.787607     1.626136
     4.377258     1.754658     2.722385
     4.376536     1.758041    -2.722352
     4.368618     1.745591    -1.631660
     4.364401     1.745672    -0.543905
     4.364553     1.744822     0.544002
     4.369076     1.743173     1.631730
     4.715455     0.699121     2.724061
     4.715300     0.702871    -2.724314
     4.705044     0.698639    -1.633065
     4.701107     0.698162    -0.544385
     4.701114     0.697192     0.544340
     4.705120     0.695857     1.632936
     5.048865    -0.357115     2.729820
     5.049185    -0.353085    -2.731298
     5.036860    -0.350638    -1.636746
     5.032931    -0.351126    -0.545979
     5.032930    -0.352123     0.544392
     5.036796    -0.353632     1.635283
    -2.202470     4.906792    -1.655427
    -2.202453     4.904564    -0.550373
    -2.201887     4.904725     0.550807
    -2.200890     4.907224     1.655892
    -1.112098     4.933148     2.714459
    -1.114494     4.933091    -2.713772
    -1.098499     4.919123    -1.624346
    -1.100485     4.914370    -0.541348
    -1.099923     4.914401     0.541956
    -1.096907     4.919196     1.624978
     0.001194     4.935090     2.719566
    -0.001195     4.935578    -2.718678
    -0.000794     4.922737    -1.628675
    -0.000280     4.917689    -0.542627
     0.000279     4.917592     0.543511
     0.000793     4.922445     1.629560
     1.114494     4.932605     2.714659
     1.112098     4.933635    -2.713572
     1.096907     4.919487    -1.624094
     1.099922     4.914499    -0.541073
     1.100485     4.914273     0.542231
     1.098498     4.918832     1.625230
     2.200889     4.907522    -1.655011
     2.201886     4.904824    -0.549927
     2.202452     4.904466     0.551253
     2.202469     4.906495     1.656307
    -5.049185    -0.353577     2.731234
    -5.048865    -0.356624    -2.729885
    -5.036796    -0.353338    -1.635347
    -5.032930    -0.352025    -0.544456
    -5.032931    -0.351225     0.545915
    -5.036860    -0.350934     1.636683
    -4.715301     0.702380     2.724441
    -4.715455     0.699611    -2.723935
    -4.705120     0.696151    -1.632810
    -4.701114     0.697289    -0.544214
    -4.701107     0.698064     0.544511
    -4.705044     0.698344     1.633191
    -4.376536     1.757550     2.722669
    -4.377258     1.755147    -2.722068
    -4.369076     1.743466    -1.631415
    -4.364553     1.744919    -0.543687
    -4.364401     1.745573     0.544220
    -4.368618     1.745297     1.631975
    -4.031173     2.814540     2.716362
    -4.032482     2.812456    -2.715429
    -4.027041     2.787899    -1.625634
    -4.021867     2.790434    -0.541686
    -4.021577     2.790975     0.542652
    -4.026194     2.789401     1.626593
    -3.675233     3.834842    -1.655593
    -3.672669     3.835600    -0.550115
    -3.672248     3.836056     0.551452
    -3.674031     3.836071     1.656919
    -0.897121    -4.684591     2.720927
    -0.890246    -4.684783    -2.723026
    -0.897709    -4.646169    -1.633045
    -0.896968    -4.645800    -0.545557
    -0.897500    -4.646095     0.543511
    -0.901082    -4.646842     1.631233
    -1.800794    -4.032498     2.728981
    -1.793913    -4.033486    -2.731868
    -1.791744    -4.012163    -1.636277
    -1.789031    -4.006157    -0.546024
    -1.789202    -4.006386     0.543277
    -1.794855    -4.012040     1.633738
    -2.698691    -3.383015     2.730316
    -2.691122    -3.384669    -2.734593
    -2.682637    -3.369947    -1.638243
    -2.678909    -3.365233    -0.547098
    -2.678394    -3.365148     0.543200
    -2.684962    -3.369237     1.634756
    -3.594928    -2.731898     2.729028
    -3.584842    -2.733273    -2.734582
    -3.573191    -2.724333    -1.637391
    -3.568820    -2.721809    -0.544747
    -3.568366    -2.721668     0.546964
    -3.571422    -2.720541     1.637434
    -4.487011    -2.083311     2.732711
    -4.483741    -2.081486    -2.732719
    -4.470372    -2.078820    -1.634803
    -4.466558    -2.079198    -0.542125
    -4.465793    -2.079588     0.549907
    -4.468284    -2.078114     1.641450
     4.473158    -3.044959    -1.113608
     4.471798    -3.043800    -0.010821
     4.474783    -3.043135     1.085346
     4.486723    -3.043139     2.182536
     3.607555    -3.682553    -2.172485
     3.582542    -3.686155    -1.081928
     3.581947    -3.684179     0.003139
     3.585425    -3.684663     1.089460
     3.592436    -3.691367     2.179615
     2.706435    -4.335583    -2.174715
     2.696992    -4.327816    -1.084850
     2.693855    -4.326290     0.001173
     2.697583    -4.327024     1.087464
     2.697323    -4.340169     2.177418
     1.804024    -4.986012    -2.170127
     1.808258    -4.966989    -1.081121
     1.803230    -4.966512     0.000812
     1.807614    -4.966461     1.082849
     1.796444    -4.988942     2.171743
     0.908698    -5.604351    -1.106901
     0.906113    -5.604188     0.000175
     0.907804    -5.604055     1.107384
    -0.907803    -5.603854    -1.108400
    -0.906112    -5.604188    -0.001190
    -0.908697    -5.604552     1.105886
    -1.796442    -4.988550    -2.172644
    -1.807613    -4.966266    -1.083746
    -1.803229    -4.966512    -0.001709
    -1.808258    -4.967185     1.080224
    -1.804024    -4.986404     2.169227
    -2.697322    -4.339777    -2.178201
    -2.697582    -4.326828    -1.088244
    -2.693854    -4.326291    -0.001953
    -2.696991    -4.328013     1.084070
    -2.706434    -4.335976     2.173934
    -3.592435    -3.690975    -2.180280
    -3.585424    -3.684467    -1.090124
    -3.581947    -3.684179    -0.003803
    -3.582541    -3.686351     1.081263
    -3.607555    -3.682946     2.171822
    -4.486722    -3.042746    -2.183085
    -4.474783    -3.042939    -1.085894
    -4.471797    -3.043803     0.010272
    -4.473158    -3.045160     1.113058