
       0.303588     0.120264     0.725416
       0.578181     0.959442     0.176662
       1.192121     0.121784     0.175882
       0.577049    -0.717813     0.178715
      -0.413453    -0.399059     0.181370
      -0.411847     0.639813     0.179134
       1.026754     0.643546    -0.710873
       1.024305    -0.396178    -0.708455
       0.031883    -0.716769    -0.703747
      -0.578974     0.121441    -0.704107
       0.033715     0.962031    -0.708282
       0.308545     0.123767    -1.255194
       0.586170     0.996227     1.231996
       1.226348     0.119398     1.230057
       0.585184    -0.757807     1.232795
      -0.446875    -0.422564     1.233841
      -0.447001     0.660161     1.232761
       1.514038     0.997622     0.660298
       1.511468    -0.756203     0.660756
      -0.161325    -1.299115     0.663916
      -1.193244     0.119490     0.663779
      -0.160571     1.538121     0.662009
       1.339347     1.541410    -0.263751
       0.302749     1.875235    -0.263482
       1.984090     0.664898    -0.266309
       1.981924    -0.421059    -0.265880
       1.335302    -1.297738    -0.262692
       0.299852    -1.633910    -0.259140
      -0.731474    -1.299113    -0.258695
      -1.369027    -0.421906    -0.258548
      -1.368743     0.661374    -0.259608
      -0.729471     1.539344    -0.263300
       1.808476     0.123217    -1.193115
       0.765471    -1.297696    -1.184336
      -0.907084    -0.757190    -1.181182
      -0.905015     0.998557    -1.184727
       0.769185     1.545021    -1.192919
       1.058221     0.668099    -1.766035
       1.056865    -0.419433    -1.762580
       0.018412    -0.754947    -1.754994
      -0.618376     0.121552    -1.755072
       0.021226     1.002691    -1.763155
       0.299051     0.118436     1.777057
       0.862555     1.851156     0.651629
       2.132598     0.120524     0.647617
       0.861638    -1.612029     0.651804
      -1.175252    -0.950990     0.653326
      -1.174684     1.188750     0.651464
       1.788699     1.198187    -1.180644
       1.785077    -0.950203    -1.178033
      -0.263737    -1.611779    -1.168313
      -1.521660     0.119262    -1.168787
      -0.259907     1.855938    -1.178447
       0.306927     0.123795    -2.307079
       0.584260     1.006191     2.291914
       1.231976     0.117278     2.290030
       0.583988    -0.771361     2.291890
      -0.460569    -0.431349     2.292299
      -0.461072     0.665409     2.291831
       0.869914     1.888622     1.721395
       2.164923     0.118095     1.716884
       0.869906    -1.652670     1.719805
      -1.210078    -0.975344     1.719859
      -1.210900     1.209952     1.719045
       1.530831     1.012223     1.734122
       1.529257    -0.775986     1.733814
      -0.174112    -1.327758     1.734864
      -1.224996     0.117497     1.734490
      -0.174498     1.563112     1.734670
       1.807081     1.889269     1.144209
       2.453390    -0.769554     1.141076
       0.114199    -2.201054     1.143133
      -1.965837    -0.426419     1.142550
      -0.921456     2.099403     1.142115
       2.457999     1.008241     1.141373
       1.806369    -1.651529     1.141729
      -0.921215    -1.863633     1.142902
      -1.966177     0.662195     1.142193
       0.113825     2.437482     1.143971
       1.630329     2.440580     0.207983
       0.581314     2.778815     0.208113
       2.937028     0.671192     0.204046
       2.933847    -0.432023     0.203006
       1.627399    -2.201205     0.205896
       0.580122    -2.541112     0.208783
      -1.498893    -1.863886     0.208487
      -2.144344    -0.975081     0.208528
      -2.144713     1.210734     0.207449
      -1.498050     2.099756     0.205129
       2.106073     2.109722    -0.724168
       0.009231     2.781068    -0.724038
       2.760910     1.221347    -0.727819
       2.756330    -0.979046    -0.727838
       2.097082    -1.865947    -0.724988
       0.007195    -2.541375    -0.717557
      -1.036602    -2.201574    -0.717828
      -2.321985    -0.431092    -0.718042
      -2.322020     0.666267    -0.718674
      -1.034064     2.440264    -0.725455
       1.063072     2.464788    -0.732127
       2.783213     0.120543    -0.736562
       1.058182    -2.223027    -0.727427
      -1.695090    -1.327945    -0.724712
      -1.694282     1.565300    -0.728416
       2.302778     1.569273     0.211864
       2.294950    -1.328070     0.210378
      -0.465112    -2.221548     0.214969
      -2.164478     0.118090     0.214378
      -0.464177     2.459606     0.211937
       2.582258     0.671787    -1.669439
       1.519996    -1.866164    -1.658113
      -1.215444    -1.653068    -1.651677
      -1.853576     1.007387    -1.654170
       0.482400     2.449495    -1.668377
       2.580655    -0.427498    -1.669276
       0.477483    -2.201680    -1.653355
      -1.855251    -0.771630    -1.651856
      -1.212351     1.892777    -1.658668
       1.526460     2.115242    -1.668585
       1.063856     0.674571    -2.827582
       1.062983    -0.430277    -2.823064
       0.009721    -0.768682    -2.811775
      -0.634776     0.119169    -2.811823
       0.012282     1.014535    -2.823645
       1.820487     1.225005    -2.250942
       1.816751    -0.978068    -2.247342
      -0.279719    -1.651489    -2.231788
      -1.563869     0.117645    -2.232104
      -0.275663     1.898722    -2.248064
       1.836807     0.122646    -2.268198
       0.771621    -1.327728    -2.253585
      -0.933645    -0.775752    -2.249089
      -0.931128     1.015673    -2.253783
       0.776698     1.577140    -2.268440
       0.294159     0.116690     2.836670
       1.146715     2.749586     1.132272
       3.079122     0.117945     1.127546
       1.147468    -2.513254     1.128806
      -1.942747    -1.507176     1.128756
      -1.943234     1.741720     1.127618
       2.556213     1.763122    -1.650657
       2.549266    -1.514578    -1.649686
      -0.562358    -2.513850    -1.635608
      -2.471878     0.116507    -1.636363
      -0.558652     2.758193    -1.650034
       0.299917     0.120043    -3.367796
       0.581122     1.011151     3.360469
       1.233030     0.115558     3.359066
       0.581538    -0.779542     3.359776
      -0.470067    -0.437032     3.359637
      -0.470714     0.667998     3.359582
       0.870521     1.906208     2.793984
       2.175948     0.115882     2.790436
       0.871687    -1.673457     2.791328
      -1.229441    -0.988475     2.790498
      -1.230715     1.220061     2.790305
       1.535118     1.019277     2.808055
       1.534882    -0.786885     2.807069
      -0.182599    -1.343378     2.806671
      -1.243213     0.115900     2.806148
      -0.183775     1.575480     2.807461
       1.155347     2.791435     2.211620
       3.111421     0.116098     2.207784
       1.157502    -2.557738     2.206299
      -1.980943    -1.534096     2.204841
      -1.982593     1.766114     2.204568
       1.823592     1.913906     2.231821
       2.477297    -0.786723     2.228254
       0.106985    -2.236569     2.227056
      -2.002218    -0.435116     2.226029
      -0.943378     2.127140     2.227204
       2.479399     1.019838     2.229258
       1.824189    -1.680354     2.227912
      -0.941738    -1.894510     2.226535
      -2.002789     0.667600     2.225889
       0.105223     2.469717     2.229533
       2.097406     2.792334     1.632694
       3.401835    -0.780260     1.628837
       0.396609    -3.110086     1.625069
      -2.742123    -0.981183     1.623353
      -1.691875     2.661887     1.624265
       2.755859     1.907770     1.636384
       2.755884    -1.673629     1.631494
      -0.648980    -2.777338     1.629459
      -2.750806     0.116593     1.628283
      -0.650800     3.010944     1.631769
       3.409417     1.013880     1.629750
       2.099379    -2.557704     1.625395
      -1.690325    -2.429047     1.623832
      -2.743143     1.214030     1.623155
       0.394338     3.344109     1.630045
       1.918970     3.348502     0.689860
       0.863601     3.688275     0.689470
       3.895434     0.674089     0.688872
       3.890941    -0.443546     0.686018
       1.918793    -3.112309     0.682538
       0.865263    -3.453262     0.684554
      -2.272262    -2.429390     0.682829
      -2.922167    -1.534098     0.682726
      -2.923412     1.766501     0.682142
      -2.273004     2.661885     0.681100
       2.401594     3.022928    -0.248343
       0.286584     3.699600    -0.248935
       3.728663     1.235234    -0.252532
       3.723127    -1.001107    -0.254544
       2.394850    -2.783659    -0.254737
       0.287716    -3.463527    -0.249936
      -1.812136    -2.778102    -0.251141
      -3.110849    -0.988629    -0.251454
      -3.111722     1.220532    -0.252003
      -1.811890     3.011731    -0.255063
       1.350101     3.380709    -0.254086
       3.751791     0.116352    -0.261228
       1.347596    -3.142902    -0.256848
      -2.477472    -1.895048    -0.256365
      -2.478238     2.128201    -0.258702
       2.879531     2.687015    -1.187366
      -0.291813     3.693533    -1.189190
       3.539170     1.790014    -1.193628
       3.531367    -1.551731    -1.194866
       2.862238    -2.441879    -1.192796
      -0.290489    -3.454052    -1.183841
      -1.341229    -3.111243    -1.184413
      -3.281346    -0.437632    -1.185038
      -3.281669     0.667759    -1.185371
      -1.340701     3.348701    -1.192184
       1.830518     3.046524    -1.199357
       3.573470     0.676833    -1.208380
       1.820835    -2.804655    -1.198370
      -2.009610    -2.237654    -1.194482
      -2.658430     1.576420    -1.196836
       0.769783     3.383677    -1.198468
       3.571476    -0.441476    -1.208869
       0.767126    -3.143305    -1.195275
      -2.657937    -1.344260    -1.194667
      -2.009587     2.472487    -1.199397
       3.085958     2.143099    -0.245393
       3.069821    -1.902913    -0.250741
      -0.768051    -3.139761    -0.245890
      -3.131220     0.116119    -0.246973
      -0.768580     3.376164    -0.248460
       2.596326     2.476655     0.698184
       3.250259    -1.347580     0.692661
      -0.187357    -3.139382     0.692937
      -2.950920    -0.434892     0.691563
      -1.236694     3.031526     0.691719
       3.264802     1.585555     0.696700
       2.593841    -2.240091     0.691557
      -1.235766    -2.797220     0.692320
      -2.951403     0.668003     0.691379
      -0.188569     3.374521     0.694868
       3.358646     1.234655    -2.145087
       2.280946    -2.442206    -2.132646
      -1.521976    -2.559227    -2.124748
      -2.811456     1.010672    -2.126638
       0.186152     3.365533    -2.142443
       3.367412     0.118671    -2.153475
       1.232925    -2.784400    -2.133239
      -2.173628    -1.675029    -2.130501
      -2.172729     1.907703    -2.134068
       1.241345     3.037706    -2.147436
       3.354804    -0.995531    -2.146957
       0.181752    -3.113441    -2.125536
      -2.812166    -0.781065    -2.125165
      -1.521385     2.797766    -2.132617
       2.293272     2.693975    -2.141234
       1.058997     0.673145    -3.900150
       1.058391    -0.444289    -3.894195
      -0.003199    -0.782120    -3.877517
      -0.652294     0.112294    -3.877514
      -0.002984     1.016825    -3.894393
       1.830379     1.235995    -3.326588
       1.825679    -1.000891    -3.322920
      -0.293646    -1.674976    -3.299434
      -1.590835     0.112851    -3.299691
      -0.293991     1.918302    -3.322935
       1.845566     0.117042    -3.346001
       0.767153    -1.348258    -3.322897
      -0.952898    -0.788930    -3.317371
      -0.951960     1.019833    -3.322941
       0.772917     1.591999    -3.345602
       2.590515     1.793040    -2.730876
       2.581498    -1.551413    -2.730793
      -0.581251    -2.558979    -2.708433
      -2.520319     0.113584    -2.709061
      -0.581029     2.806734    -2.730283
       2.615166     0.678404    -2.760342
       1.530783    -1.903268    -2.739563
      -1.243907    -1.681941    -2.731696
      -1.890911     1.018991    -2.734726
       0.481001     2.491898    -2.758293
       2.612568    -0.440572    -2.760302
       0.475103    -2.240994    -2.734241
      -1.891900    -0.788806    -2.731848
      -1.242699     1.917590    -2.739617
       1.541359     2.153000    -2.758207
       0.289916     0.115161     3.906991
       1.433838     3.658003     1.618444
       4.034651     0.112632     1.619969
       1.436743    -3.423900     1.610505
      -2.717678    -2.068980     1.608651
      -2.719266     2.300866     1.608224
       3.334017     2.343817    -2.123189
       3.319048    -2.094226    -2.125032
      -0.863695    -3.425336    -2.108245
      -3.431755     0.113799    -2.109270
      -0.864683     3.673378    -2.123468
       0.285486     0.110592    -4.442180
       0.578815     1.014495     4.438709
       1.233818     0.114126     4.437881
       0.579728    -0.785647     4.437493
      -0.477402    -0.441428     4.436873
      -0.478116     0.669881     4.437079
       0.870178     1.916795     3.873110
       2.182205     0.114180     3.871036
       0.872322    -1.686887     3.869728
      -1.242871    -0.997475     3.868228
      -1.244269     1.226581     3.868427
       1.537247     1.023327     3.887163
       1.538027    -0.794059     3.885543
      -0.188910    -1.354101     3.884013
      -1.256118     0.114607     3.883396
      -0.190598     1.583542     3.885383
       1.159323     2.815685     3.293885
       3.126901     0.114066     3.292450
       1.162783    -2.584724     3.287614
      -2.005364    -1.551181     3.285204
      -2.007373     1.780884     3.285406
       1.831052     1.928397     3.317553
       2.489728    -0.796610     3.313887
       0.102319    -2.258848     3.310669
      -2.025377    -0.441440     3.309313
      -0.958093     2.143708     3.311290
       2.489439     1.025977     3.315811
       1.833200    -1.698055     3.312829
      -0.955783    -1.913663     3.309916
      -2.026068     0.671350     3.309317
       0.099581     2.489268     3.313943
       1.444599     3.704015     2.704710
       4.064317     0.113262     2.709968
       1.449131    -3.472105     2.695403
      -2.759182    -2.098508     2.692343
      -2.761620     2.328565     2.692514
       2.115802     2.823805     2.728885
       3.430361    -0.796023     2.725372
       0.393097    -3.151276     2.718246
      -2.782795    -0.994029     2.716101
      -1.718572     2.693404     2.718011
       2.779074     1.929570     2.736810
       2.781056    -1.699137     2.730259
      -0.663660    -2.815017     2.725076
      -2.791842     0.115302     2.723777
      -0.666806     3.045945     2.728337
       3.432058     1.024847     2.727488
       2.119438    -2.592313     2.720490
      -1.715834    -2.462883     2.716667
      -2.784066     1.224467     2.716101
       0.389339     3.382646     2.724196
       2.390662     3.706279     2.124735
       4.359031    -0.796228     2.125170
       0.684160    -4.027418     2.110670
      -3.524469    -1.542577     2.107697
      -2.470152     3.229086     2.109442
       3.052327     2.819744     2.133826
       3.710365    -1.693052     2.126824
      -0.368268    -3.696283     2.117255
      -3.537062    -0.438542     2.115065
      -1.424717     3.583649     2.119593
       3.708234     1.922333     2.134755
       3.055979    -2.588067     2.122684
      -1.421324    -3.352313     2.116370
      -3.537709     0.669480     2.115077
      -0.372226     3.928146     2.123264
       4.370583     1.019213     2.128549
       2.395052    -3.473637     2.112521
      -2.467249    -2.998386     2.108261
      -3.526226     1.773183     2.107697
       0.679649     4.259687     2.119825
       2.210825     4.266639     1.177870
       1.150750     4.606581     1.176163
       4.866777     0.673137     1.188822
       4.859815    -0.458479     1.182558
       2.213341    -4.031796     1.164645
       1.155175    -4.372983     1.165433
      -3.052355    -2.998756     1.162355
      -3.705610    -2.098666     1.162127
      -3.707717     2.328856     1.161931
      -3.054663     3.229047     1.161850
       2.693848     3.944308     0.238538
       0.570060     4.622355     0.234811
       4.704352     1.245816     0.236691
       4.697013    -1.029524     0.236748
       2.692034    -3.706866     0.223646
       0.574363    -4.387909     0.225516
      -2.592414    -3.353137     0.223238
      -3.899724    -1.551562     0.222763
      -3.901424     1.781211     0.222479
      -2.594553     3.583660     0.222176
       1.638311     4.301341     0.231459
       4.727048     0.109091     0.228239
       1.639395    -4.065169     0.219996
      -3.261426    -2.463562     0.218187
      -3.263529     2.693901     0.217178
       3.178606     3.615277    -0.704942
      -0.013522     4.624658    -0.710123
       4.524198     1.812293    -0.716977
       4.514798    -1.591315    -0.715560
       3.164886    -3.371769    -0.720420
      -0.009093    -4.388387    -0.717672
      -2.122859    -3.697593    -0.719032
      -4.081349    -0.998297    -0.719776
      -4.082525     1.226365    -0.720059
      -2.125820     3.929296    -0.720196
       2.123097     3.975835    -0.714622
       4.561652     0.680679    -0.729689
       2.117775    -3.736803    -0.726976
      -2.799058    -2.816299    -0.726509
      -3.455296     2.144158    -0.727827
       1.057308     4.315286    -0.715142
       4.559279    -0.459213    -0.729056
       1.057537    -4.077211    -0.725508
      -3.453227    -1.914748    -0.726727
      -2.801315     3.047022    -0.728558
       3.662873     3.290145    -1.649316
      -0.595428     4.618647    -1.656395
       4.326949     2.375621    -1.666495
       4.314502    -2.140218    -1.666659
       3.633510    -3.030580    -1.661291
      -0.590746    -4.374351    -1.656866
      -1.646914    -4.029191    -1.657444
      -4.248768    -0.442914    -1.658449
      -4.249359     0.668625    -1.658632
      -1.653744     4.267414    -1.659437
       2.604063     3.637367    -1.664553
       4.367396     1.247284    -1.683690
       2.587222    -3.390248    -1.671831
      -2.321016    -3.153165    -1.668562
      -3.626667     1.582936    -1.669973
       1.538423     3.980813    -1.662432
       4.379312     0.113382    -1.691637
       1.532233    -3.737246    -1.673602
      -2.981497    -2.260749    -1.673148
      -2.984167     2.489883    -1.674902
       0.471499     4.309120    -1.660624
       4.362479    -1.020317    -1.684972
       0.471355    -4.066087    -1.668218
      -3.625006    -1.355860    -1.669012
      -2.324719     3.385550    -1.672195
       3.872858     2.728311    -0.705069
       3.841865    -2.489030    -0.714075
      -1.071635    -4.061000    -0.713965
      -4.100971     0.114108    -0.715480
      -1.075290     4.296475    -0.712756
       3.377341     3.066640     0.245907
       4.034152    -1.935611     0.237232
      -0.489095    -4.071805     0.231190
      -3.930430    -0.441535     0.229149
      -1.549631     3.958837     0.231399
       4.066107     2.173856     0.245541
       3.373245    -2.830484     0.232278
      -1.546689    -3.726270     0.230366
      -3.931027     0.671488     0.229074
      -0.492882     4.305480     0.236274
       2.889717     3.393190     1.189409
       4.205497    -1.369089     1.185125
       0.096584    -4.060115     1.174517
      -3.737674    -0.994011     1.171972
      -2.014703     3.602903     1.173993
       3.556619     2.503247     1.195399
       3.555623    -2.269636     1.184105
      -0.960678    -3.725842     1.177714
      -3.748905     0.115466     1.175978
      -0.964070     3.958238     1.181660
       4.233121     1.602403     1.193769
       2.891442    -3.158596     1.176279
      -2.011907    -3.371428     1.172872
      -3.738842     1.224741     1.171888
       0.092725     4.293054     1.181944
       4.147335     1.808370    -2.627266
       3.045021    -3.030941    -2.612765
      -1.828997    -3.474566    -2.602952
      -3.778414     1.012559    -2.604533
      -0.117563     4.298546    -2.617735
       4.160335     0.680537    -2.640151
       1.993963    -3.372546    -2.613520
      -2.487418    -2.587481    -2.611244
      -3.141065     1.915627    -2.612635
       0.950162     3.979553    -2.620236
       4.158002    -0.452693    -2.641705
       0.938130    -3.708149    -2.611742
      -3.138642    -1.689777    -2.611434
      -2.492429     2.816173    -2.613483
       2.011876     3.638341    -2.621605
       4.138262    -1.582728    -2.630990
      -0.117573    -4.033577    -2.603278
      -3.777703    -0.788378    -2.603618
      -1.837201     3.712547    -2.611458
       3.074481     3.290867    -2.613402
       1.046318     0.664999    -4.992203
       1.047633    -0.463916    -4.981592
      -0.020525    -0.802761    -4.954673
      -0.677674     0.102656    -4.954629
      -0.025184     1.014172    -4.981315
       1.831582     1.239225    -4.417207
       1.821711    -1.031862    -4.412831
      -0.310635    -1.697524    -4.374134
      -1.617895     0.104153    -4.374388
      -0.324465     1.926826    -4.411893
       1.844526     0.105194    -4.436234
       0.753139    -1.372238    -4.396950
      -0.972796    -0.802936    -4.391554
      -0.979086     1.014868    -4.397031
       0.760733     1.598196    -4.434849
       2.608674     1.810115    -3.823064
       2.592415    -1.592132    -3.824122
      -0.598752    -2.591181    -3.785872
      -2.556497     0.107509    -3.786412
      -0.616002     2.834429    -3.821756
       2.631200     0.678612    -3.857066
       1.525109    -1.937028    -3.819771
      -1.266113    -1.703560    -3.811517
      -1.923438     1.019125    -3.814521
       0.466528     2.517221    -3.853423
       2.625838    -0.460403    -3.857540
       0.464208    -2.271890    -3.814152
      -1.919727    -0.802577    -3.811645
      -1.275817     1.924227    -3.819661
       1.545396     2.174861    -3.852745
       3.372886     2.374380    -3.216121
       3.353877    -2.140407    -3.219947
      -0.884692    -3.476089    -3.189343
      -3.486277     0.110236    -3.190229
      -0.896064     3.730125    -3.215255
       3.400255     1.246746    -3.251951
       2.290529    -2.489737    -3.222509
      -1.552443    -2.595380    -3.214437
      -2.857754     1.019700    -3.216525
       0.176613     3.420303    -3.245479
       3.408458     0.113164    -3.263845
       1.234534    -2.831783    -3.225660
      -2.211153    -1.701829    -3.222879
      -2.216090     1.925605    -3.226085
       1.250211     3.090901    -3.252590
       3.392541    -1.020401    -3.254080
       0.174720    -3.160522    -3.215720
      -2.856162    -0.798181    -3.214798
      -1.561655     2.824272    -3.221698
       2.317280     2.740208    -3.243121
       0.286743     0.113893     4.990975
       1.725823     4.578960     2.110269
       5.006679     0.097598     2.145953
       1.730986    -4.346343     2.097915
      -3.502243    -2.638013     2.094347
      -3.504850     2.868011     2.094368
       4.098773    -2.710616    -2.606882
      -1.167973    -4.348527    -2.588123
      -4.403611     0.111523    -2.589389
      -1.192102     4.617461    -2.594649
       0.251039     0.086160    -5.545947
       0.577480     1.016339     5.537234
       1.234657     0.113020     5.536796
       0.578745    -0.789951     5.535576
      -0.482410    -0.444512     5.534691
      -0.483398     0.671203     5.534956
       0.871394     1.927056     4.966924
       2.191124     0.112866     4.965754
       0.874160    -1.699657     4.963071
      -1.255426    -1.006114     4.961150
      -1.256897     1.233310     4.961561
       1.541096     1.026838     4.978768
       1.542499    -0.800138     4.976646
      -0.194005    -1.363701     4.974438
      -1.267489     0.113563     4.973765
      -0.195924     1.591055     4.976105
       1.163492     2.835246     4.387886
       3.144324     0.112399     4.387261
       1.167894    -2.606782     4.381122
      -2.025889    -1.565678     4.378125
      -2.027953     1.793480     4.378599
       1.838382     1.939603     4.411570
       2.501975    -0.803605     4.407714
       0.099093    -2.277182     4.403520
      -2.044511    -0.447011     4.401971
      -0.970094     2.157473     4.404330
       2.500352     1.029877     4.410493
       1.841561    -1.712039     4.406366
      -0.967521    -1.929437     4.402632
      -2.045227     0.674804     4.402058
       0.095776     2.505385     4.407159
       1.453502     3.738554     3.799927
       4.094532     0.111597     3.803213
       1.459289    -3.508936     3.790096
      -2.791990    -2.121950     3.786205
      -2.794618     2.350304     3.786724
       2.129588     2.847460     3.827909
       3.454885    -0.804763     3.823677
       0.392309    -3.183383     3.815845
      -2.814192    -1.005949     3.813389
      -1.740486     2.717086     3.815716
       2.797619     1.943887     3.837939
       2.801178    -1.716596     3.830801
      -0.674885    -2.843761     3.824256
      -2.823219     0.114238     3.822868
      -0.678689     3.072604     3.827857
       3.452765     1.030209     3.827594
       2.134525    -2.618797     3.819016
      -1.737333    -2.488430     3.814009
      -2.815582     1.234386     3.813515
       0.387599     3.412526     3.822151
       1.741433     4.635281     3.204594
       1.748112    -4.404383     3.191925
      -3.552585    -2.674174     3.187337
      -3.555598     2.902820     3.187847
       2.414013     3.745495     3.229922
       4.401787    -0.803105     3.226988
       0.684297    -4.077455     3.214402
      -3.572561    -1.560473     3.211110
      -2.503180     3.267040     3.213322
       3.082706     2.849450     3.244338
       3.747657    -1.715425     3.236786
      -0.379933    -3.744054     3.225460
      -3.586781    -0.444739     3.223173
      -1.447256     3.626275     3.228076
       3.743830     1.942556     3.246143
       3.088163    -2.620715     3.232628
      -1.442989    -3.396892     3.224524
      -3.587473     0.673790     3.223211
      -0.384962     3.973758     3.231662
       4.398748     1.028334     3.234287
       2.420189    -3.515536     3.217389
      -2.499531    -3.037929     3.211719
      -3.574531     1.789382     3.211238
       0.678459     4.307607     3.223744
       2.690768     4.638980     2.623547
       0.980495    -4.962053     2.604527
      -4.320740    -2.116162     2.600478
      -3.263985     3.806689     2.602425
       3.357187     3.745494     2.634968
       4.680722    -1.714388     2.630578
      -0.082359    -4.628226     2.611511
      -4.333951    -1.001821     2.608208
      -2.209220     4.164812     2.612977
       4.018175     2.845244     2.642086
       4.023776    -2.616557     2.627282
      -1.144649    -4.285798     2.613277
      -4.339072     0.114661     2.610950
      -1.150264     4.516056     2.619397
       4.677293     1.939762     2.639324
       3.363080    -3.514961     2.618830
      -2.204340    -3.935036     2.609610
      -4.335282     1.231115     2.608253
      -0.088598     4.858948     2.620821
       2.696965    -4.407651     2.607246
      -3.259726    -3.577437     2.601117
      -4.323137     2.345383     2.600508
       0.973803     5.193292     2.617160
       2.509260     5.202592     1.675205
       1.446168     5.542434     1.670803
       2.514480    -4.967966     1.656583
       1.452910    -5.309304     1.655570
      -3.847057    -3.577764     1.651881
      -4.502637    -2.674392     1.651467
      -4.505450     2.903304     1.651285
      -3.850573     3.806853     1.651838
       2.995090     4.878940     0.729105
       0.859959     5.558941     0.722616
       2.996591    -4.641552     0.707670
       0.866780    -5.324895     0.707106
      -3.383216    -3.935844     0.704141
      -4.699063    -2.122416     0.703493
      -4.701417     2.350833     0.703213
      -3.386988     4.164839     0.704187
       1.933466     5.233413     0.720533
       1.937279    -4.997586     0.702239
      -4.054138    -3.038648     0.698909
      -4.057125     3.267584     0.698475
       3.479483     4.550792    -0.217816
       0.271776     5.566361    -0.226582
       3.473733    -4.309330    -0.242794
       0.279073    -5.330730    -0.243289
      -2.913160    -4.287118    -0.245272
      -4.887029    -1.566539    -0.246178
      -4.888862     1.793631    -0.246512
      -2.917954     4.516480    -0.244617
       2.420475     4.913209    -0.227224
       2.419839    -4.674007    -0.249942
      -3.593742    -3.398190    -0.251623
      -4.255932     2.717733    -0.252404
       1.349630     5.254316    -0.229349
       1.352923    -5.016404    -0.249450
      -4.253049    -2.489537    -0.251891
      -3.597081     3.627090    -0.252162
      -0.315402     5.565750    -1.177078
       3.948186    -3.970946    -1.193430
      -0.308938    -5.325893    -1.193462
      -2.437095    -4.630056    -1.194633
      -5.065175    -1.007524    -1.195769
      -5.066433     1.232588    -1.195999
      -2.444335     4.862707    -1.193755
       2.905667     4.579635    -1.177478
       2.895970    -4.335370    -1.203260
      -3.119818    -3.745968    -1.202751
      -4.439179     2.157430    -1.203784
       1.836575     4.929965    -1.178577
       1.833940    -4.686765    -1.205300
      -3.787847    -2.845634    -1.206425
      -3.791727     3.073391    -1.206719
       0.762033     5.258520    -1.178331
       0.763972    -5.016901    -1.201524
      -4.436506    -1.931132    -1.203258
      -3.124534     3.975350    -1.203432
      -0.895942    -5.311196    -2.141315
      -1.956123    -4.964377    -2.142228
      -5.233602    -0.446554    -2.143541
      -5.234353     0.669354    -2.143315
       3.369513    -3.981745    -2.155348
      -2.634604    -4.079993    -2.149700
      -4.605564     1.589662    -2.150957
       2.315850     4.590173    -2.130350
       2.306273    -4.335787    -2.156656
      -3.303776    -3.186084    -2.157046
      -3.965438     2.504735    -2.157218
       1.247211     4.929475    -2.127958
       1.240754    -4.674929    -2.156092
      -3.961172    -2.279901    -2.157269
      -3.310436     3.413365    -2.156642
       0.173394     5.250806    -2.129755
       0.173349    -4.999026    -2.149208
      -4.603336    -1.366225    -2.150423
      -2.640779     4.314330    -2.154005
       4.627859    -3.085839    -1.183863
      -1.377981    -4.993112    -1.189550
      -5.081925     0.112418    -1.191436
      -1.385028     5.230459    -1.188293
       4.166540     3.669176    -0.210124
       4.824993    -2.536110    -0.223130
      -0.792892    -5.010609    -0.238548
      -4.916809    -0.447581    -0.241006
      -1.865024     4.893693    -0.235949
       4.156888    -3.430173    -0.231896
      -1.858908    -4.662172    -0.239321
      -4.917446     0.674517    -0.241103
      -0.800700     5.243747    -0.228832
       3.680029     4.000791     0.739653
       5.008279    -1.971333     0.734363
      -0.203903    -5.010129     0.713571
      -4.733481    -1.006158     0.710448
      -2.337879     4.544474     0.714027
       4.354598     3.111093     0.748962
       4.350820    -2.873486     0.729232
      -1.271985    -4.673713     0.715881
      -4.746274     0.114238     0.713575
      -1.278456     4.904908     0.722127
       3.681217    -3.764300     0.718437
      -2.332800    -4.314388     0.711827
      -4.734742     1.234617     0.710340
      -0.210896     5.242226     0.724484
       3.190475     4.321665     1.683844
       5.177038    -1.393510     1.683999
       0.385913    -4.991700     1.661775
      -4.533064    -1.560533     1.658069
      -2.801857     4.181451     1.660776
       3.861042     3.432514     1.695880
       4.524106    -2.299862     1.684679
      -0.679262    -4.661256     1.667569
      -4.550527    -0.444676     1.664720
      -1.747548     4.544388     1.671051
       4.525087     2.533689     1.700553
       3.865162    -3.198809     1.677795
      -1.742149    -4.313955     1.666609
      -4.551191     0.673974     1.664714
      -0.685393     4.892332     1.675492
       3.194959    -4.087589     1.665626
      -2.797457    -3.951723     1.659093
      -4.534894     1.789704     1.658019
       0.379405     5.223428     1.673409
      -2.139367    -4.407630    -3.091370
      -4.763040     1.013615    -3.093004
       2.767329    -3.971675    -3.102704
      -2.804234    -3.512621    -3.100022
      -4.121501     1.924499    -3.100554
       1.704958    -4.310540    -3.102456
      -3.463924    -2.610762    -3.103186
      -3.473462     2.832919    -3.102424
       0.641515    -4.643332    -3.099602
      -4.116441    -1.703659    -3.100439
      -2.818588     3.737700    -3.101446
      -0.422748    -4.970304    -3.091596
      -4.760943    -0.793777    -3.092312
      -0.328017    -1.721853    -5.467468
      -1.646514     0.094969    -5.467829
       0.740058    -1.398564    -5.489447
      -0.988565    -0.814353    -5.484846
      -1.008254     1.010154    -5.489910
      -0.617666    -2.622403    -4.876907
      -2.592248     0.099137    -4.877424
       1.515366    -1.973926    -4.913428
      -1.287545    -1.723877    -4.902323
      -1.958769     1.014551    -4.904522
       0.449083    -2.303970    -4.904088
      -1.945859    -0.816530    -4.902446
      -1.314024     1.925831    -4.913848
      -0.905061    -3.519292    -4.281182
      -3.533759     0.104365    -4.281935
       2.290531    -2.537437    -4.321244
      -1.577754    -2.626564    -4.309464
      -2.901377     1.019858    -4.311224
       1.226805    -2.875685    -4.322023
      -2.242423    -1.724285    -4.319724
      -2.260203     1.931821    -4.322462
       0.161253    -3.202043    -4.310540
      -2.893835    -0.812321    -4.309779
      -1.607207     2.837884    -4.321261
      -1.192189    -4.411083    -3.679479
      -4.470494     0.108152    -3.680501
       3.062181    -3.086582    -3.715465
      -1.862265    -3.519703    -3.704476
      -3.834942     1.021470    -3.705976
       2.000191    -3.431452    -3.719077
      -2.528982    -2.623859    -3.717470
      -3.196141     1.933642    -3.718211
       0.937507    -3.766253    -3.717492
      -3.186308    -1.717661    -3.717642
      -2.546539     2.840407    -3.719168
      -0.127165    -4.090263    -3.704929
      -3.830985    -0.805677    -3.705073
      -1.885803     3.742493    -3.714791