
       0.220519     0.312047     0.850845
       0.497614     1.157799     0.303859
       1.105914     0.316474     0.305272
       0.492381    -0.528574     0.306708
      -0.496442    -0.209983     0.306817
      -0.492380     0.830585     0.304304
       0.940407     0.839461    -0.581203
       0.933515    -0.204140    -0.576941
      -0.054125    -0.528576    -0.577561
      -0.662398     0.312044    -0.577752
      -0.049240     1.157797    -0.580974
       0.221540     0.316471    -1.125682
       0.505765     1.189321     1.356112
       1.142612     0.311208     1.357535
       0.502152    -0.568868     1.358441
      -0.528492    -0.235156     1.358071
      -0.528522     0.849875     1.357501
       1.434424     1.196102     0.787788
       1.426505    -0.565177     0.788419
      -0.244317    -1.112356     0.788390
      -1.274708     0.307277     0.787808
      -0.239963     1.731042     0.786349
       1.260225     1.743107    -0.138194
       0.224851     2.075516    -0.138970
       1.896001     0.861638    -0.135649
       1.888553    -0.229933    -0.134146
       1.248154    -1.110057    -0.134095
       0.215750    -1.446118    -0.133336
      -0.814416    -1.112359    -0.134054
      -1.451044    -0.235160    -0.134655
      -1.450550     0.849871    -0.134378
      -0.810650     1.731039    -0.137046
       1.713989     0.314341    -1.059299
       0.678137    -1.110059    -1.056407
      -0.990452    -0.568874    -1.056654
      -0.986757     1.189314    -1.058851
       0.687195     1.743105    -1.065381
       0.969250     0.861634    -1.635170
       0.964578    -0.229936    -1.629177
      -0.067223    -0.565184    -1.628495
      -0.703219     0.311200    -1.629095
      -0.063121     1.196096    -1.635302
       0.216719     0.307041     1.901701
       0.788381     2.051943     0.775291
       2.045605     0.315387     0.777756
       0.778759    -1.424429     0.777316
      -1.257027    -0.764960     0.776884
      -1.255972     1.376681     0.776226
       1.703052     1.391837    -1.052543
       1.689846    -0.762489    -1.044376
      -0.346973    -1.424434    -1.044166
      -1.604010     0.307034    -1.044314
      -0.340867     2.051938    -1.051880
       0.219185     0.315379    -2.177468
       0.503328     1.194140     2.414919
       1.149770     0.304324     2.415645
       0.502080    -0.585350     2.416168
      -0.541821    -0.246801     2.415794
      -0.543119     0.851406     2.415949
       0.793441     2.082102     1.843081
       2.081760     0.307356     1.844097
       0.788505    -1.466038     1.843269
      -1.290788    -0.791360     1.842460
      -1.293092     1.395825     1.843522
       1.450892     1.204301     1.858744
       1.446611    -0.587868     1.859095
      -0.255448    -1.142748     1.857916
      -1.306399     0.302727     1.858025
      -0.254611     1.752817     1.858741
       1.737735     2.090862     1.269619
       2.369201    -0.579892     1.267131
       0.033038    -2.015802     1.265446
      -2.046970    -0.242056     1.265092
      -1.001941     2.286881     1.265967
       2.379775     1.205478     1.269859
       1.724065    -1.463757     1.265841
      -1.002501    -1.679562     1.265029
      -2.048206     0.846990     1.265853
       0.038052     2.630594     1.266462
       1.560830     2.646563     0.330802
       0.508799     2.983607     0.329359
       2.848277     0.864686     0.332970
       2.837139    -0.242585     0.333751
       1.544402    -2.015438     0.331121
       0.499023    -2.354534     0.331961
      -1.579806    -1.679564     0.330926
      -2.225204    -0.791364     0.330536
      -2.227189     1.395821     0.332114
      -1.580403     2.286879     0.329990
       2.029352     2.307554    -0.603752
      -0.067050     2.983605    -0.602389
       2.674465     1.412382    -0.600342
       2.656053    -0.791333    -0.595001
       2.008298    -1.680763    -0.595725
      -0.073737    -2.354537    -0.594789
      -1.117067    -2.015807    -0.595472
      -2.403059    -0.246809    -0.595766
      -2.403780     0.851398    -0.594678
      -1.115744     2.630589    -0.600428
       0.988217     2.669806    -0.610756
       2.684125     0.310045    -0.603986
       0.973691    -2.036116    -0.601766
      -1.776005    -1.142754    -0.602408
      -1.776375     1.752811    -0.603538
       2.224943     1.769962     0.337899
       2.207221    -1.140960     0.338293
      -0.546439    -2.036105     0.337721
      -2.246110     0.302723     0.337534
      -0.542586     2.652547     0.335328
       2.488004     0.856417    -1.537666
       1.430981    -1.680765    -1.529847
      -1.296030    -1.466047    -1.529595
      -1.934871     1.194130    -1.530187
       0.402146     2.646558    -1.543996
       2.479242    -0.240395    -1.532248
       0.394525    -2.015443    -1.529428
      -1.936542    -0.585361    -1.529624
      -1.293663     2.082094    -1.533939
       1.447567     2.307551    -1.545104
       0.975980     0.864678    -2.696485
       0.970303    -0.242593    -2.686868
      -0.073804    -0.579902    -2.685754
      -0.718408     0.307345    -2.686692
      -0.071520     1.205468    -2.696439
       1.733025     1.412378    -2.123631
       1.720019    -0.791337    -2.109543
      -0.361165    -1.463765    -2.108148
      -1.646417     0.304312    -2.108703
      -0.358439     2.090853    -2.122077
       1.740607     0.310041    -2.130637
       0.684533    -1.140967    -2.125481
      -1.015871    -0.587878    -2.125303
      -1.013646     1.204291    -2.128982
       0.692804     1.769956    -2.141167
       0.212107     0.301446     2.960579
       1.077184     2.952456     1.255537
       2.992919     0.310750     1.255484
       1.067112    -2.327217     1.251345
      -2.023389    -1.323987     1.250520
      -2.025933     1.925975     1.252085
       2.476230     1.942892    -1.530392
       2.450780    -1.327294    -1.514655
      -0.641998    -2.327224    -1.514066
      -2.553160     0.301435    -1.513738
      -0.641255     2.952448    -1.524969
       0.215547     0.310739    -3.238418
       0.499166     1.194272     3.483565
       1.151177     0.297744     3.483526
       0.499943    -0.597027     3.483075
      -0.551477    -0.255609     3.482629
      -0.553458     0.849890     3.483425
       0.790179     2.092360     2.916270
       2.094684     0.298584     2.915510
       0.791270    -1.489559     2.913515
      -1.310016    -0.807009     2.912557
      -1.314002     1.402339     2.914615
       1.454391     1.204094     2.932127
       1.453500    -0.602968     2.930766
      -0.263304    -1.160899     2.928812
      -1.325010     0.297969     2.929328
      -0.265970     1.759883     2.931644
       1.079110     2.983374     2.335090
       3.030881     0.299434     2.332182
       1.078468    -2.372830     2.327113
      -2.060963    -1.352869     2.325936
      -2.066485     1.947917     2.329089
       1.747555     2.103711     2.355244
       2.396168    -0.601654     2.351443
       0.027151    -2.053206     2.348187
      -2.083291    -0.253260     2.348214
      -1.025921     2.311426     2.351892
       2.400002     1.206363     2.354480
       1.744003    -1.494889     2.349829
      -1.021895    -1.712342     2.347732
      -2.085196     0.849725     2.349276
       0.025554     2.657483     2.353531
       2.033834     2.994546     1.761826
       3.319990    -0.593936     1.749736
       0.317810    -2.925941     1.744968
      -2.822727    -0.799785     1.744535
      -1.774872     2.844531     1.748648
       2.693011     2.106067     1.766657
       2.675420    -1.487508     1.751969
      -0.728573    -2.594451     1.749648
      -2.832651     0.298260     1.750666
      -0.730974     3.196432     1.755718
       3.334529     1.205236     1.758385
       2.020278    -2.371956     1.745669
      -1.770202    -2.247325     1.744153
      -2.826440     1.395477     1.746824
       0.318173     3.535843     1.754428
       1.855300     3.557314     0.814318
       0.790977     3.897154     0.812149
       3.809708     0.858957     0.809497
       3.792134    -0.256650     0.810455
       1.839872    -2.926981     0.804049
       0.787406    -3.267591     0.804612
      -2.351674    -2.247328     0.803306
      -3.002072    -1.352873     0.803183
      -3.007368     1.947913     0.806700
      -2.357795     2.844529     0.805454
       2.338574     3.223348    -0.132510
       0.209962     3.909408    -0.129773
       3.644964     1.413458    -0.131871
       3.617630    -0.812079    -0.127669
       2.313487    -2.598012    -0.130639
       0.210000    -3.277259    -0.129778
      -1.890754    -2.594455    -0.130809
      -3.190925    -0.807017    -0.130832
      -3.194553     1.402331    -0.128195
      -1.897270     3.196427    -0.131398
       1.282201     3.592085    -0.137299
       3.646692     0.298548    -0.134265
       1.268058    -2.956261    -0.134994
      -2.556876    -1.712349    -0.135931
      -2.562407     2.311419    -0.134206
       2.808517     2.866802    -1.079737
      -0.372677     3.897150    -1.070692
       3.461032     1.961737    -1.075848
       3.426931    -1.360811    -1.064017
       2.774976    -2.254253    -1.065025
      -0.367516    -3.267596    -1.064100
      -1.418607    -2.925948    -1.064627
      -3.361581    -0.255621    -1.064236
      -3.363181     0.849878    -1.062825
      -1.426920     3.535836    -1.069206
       1.760572     3.247226    -1.088096
       3.472820     0.854278    -1.081406
       1.737943    -2.617626    -1.074096
      -2.088131    -2.053215    -1.074427
      -2.741087     1.759872    -1.073198
       0.696218     3.592083    -1.085444
       3.462448    -0.256752    -1.076051
       0.687847    -2.956264    -1.073800
      -2.737355    -1.160909    -1.074306
      -2.093636     2.657474    -1.075406
       3.013648     2.334063    -0.127570
       2.982072    -1.716742    -0.125007
      -0.846501    -2.954926    -0.125557
      -3.212633     0.297961    -0.124925
      -0.850395     3.566612    -0.126723
       2.536393     2.680152     0.822402
       3.164345    -1.161802     0.815911
      -0.266262    -2.954924     0.813294
      -3.031985    -0.253263     0.813187
      -1.319198     3.217518     0.815297
       3.189578     1.778289     0.821068
       2.512059    -2.054297     0.814017
      -1.315174    -2.614055     0.812825
      -3.033790     0.849722     0.814412
      -0.266975     3.566614     0.817274
       3.272313     1.400661    -2.022395
       2.193608    -2.254256    -2.005703
      -1.599113    -2.372841    -2.005326
      -2.892556     1.194258    -2.004382
       0.101368     3.557307    -2.023617
       3.265699     0.296036    -2.018304
       1.151485    -2.598017    -2.010808
      -2.252049    -1.489572    -2.010701
      -2.255008     2.092348    -2.010971
       1.164364     3.223344    -2.032431
       3.249086    -0.806999    -2.008034
       0.103668    -2.926988    -2.005202
      -2.891766    -0.597041    -2.004852
      -1.605974     2.983363    -2.009487
       2.221755     2.866799    -2.029142
       0.979731     0.858946    -3.769524
       0.971017    -0.256662    -3.754229
      -0.080250    -0.593950    -3.751993
      -0.730501     0.299418    -3.753890
      -0.081488     1.205222    -3.768872
       1.748037     1.413450    -3.201178
       1.732059    -0.812087    -3.178601
      -0.370508    -1.487520    -3.176469
      -1.670928     0.298569    -3.177406
      -0.375786     2.106055    -3.198785
       1.750953     0.298540    -3.201649
       0.685381    -1.161813    -3.195155
      -1.031581    -0.601668    -3.194797
      -1.032587     1.206348    -3.199592
       0.692046     1.778279    -3.220042
       2.510095     1.961733    -2.614503
       2.484270    -1.360815    -2.589282
      -0.657861    -2.371967    -2.587672
      -2.600928     0.297728    -2.587536
      -0.666263     2.994535    -2.607043
       2.520341     0.854274    -2.622558
       1.445448    -1.716748    -2.611329
      -1.321795    -1.494902    -2.610760
      -1.972142     1.204080    -2.612147
       0.398736     2.680143    -2.636417
       2.510915    -0.256756    -2.615671
       0.395363    -2.054305    -2.610884
      -1.971319    -0.602982    -2.610735
      -1.325058     2.103698    -2.616371
       1.461852     2.334057    -2.638440
       0.207649     0.296255     4.030506
       1.363196     3.863174     1.748662
       3.951980     0.300541     1.740626
       1.359047    -3.238882     1.730121
      -2.797363    -1.888231     1.728862
      -2.803762     2.481559     1.732806
       3.266681     2.494147    -2.018917
       3.219990    -1.898449    -1.990049
      -0.939667    -3.238892    -1.989294
      -3.512123     0.296239    -1.988240
      -0.954412     3.863165    -2.001323
       0.210534     0.300526    -4.313190
       0.495505     1.193716     4.562644
       1.151468     0.292352     4.562011
       0.497879    -0.606348     4.560153
      -0.559303    -0.262778     4.559564
      -0.561568     0.848425     4.560934
       0.786176     2.097257     3.997589
       2.100708     0.291284     3.995530
       0.792067    -1.506166     3.991056
      -1.323833    -0.818457     3.989981
      -1.328428     1.405500     3.992780
       1.454639     1.202420     4.012272
       1.456702    -0.614387     4.008267
      -0.269686    -1.174236     4.005632
      -1.338532     0.293688     4.006383
      -0.274637     1.763417     4.010031
       1.075226     2.997771     3.420925
       3.047107     0.289652     3.415662
       1.084401    -2.402387     3.407355
      -2.085467    -1.372025     3.405943
      -2.092291     1.959809     3.410137
       1.748491     2.108790     3.443957
       2.409494    -0.617151     3.435693
       0.022931    -2.077719     3.431081
      -2.106806    -0.262119     3.431277
      -1.042730     2.323948     3.436658
       2.407575     1.203573     3.442590
       1.753869    -1.516390     3.433453
      -1.035690    -1.733581     3.430582
      -2.109126     0.850619     3.432598
       0.015571     2.670872     3.439311
       1.364160     3.891844     2.839359
       3.989655     0.289730     2.828625
       1.372492    -3.288364     2.813729
      -2.838638    -1.919464     2.812150
      -2.847263     2.507005     2.817417
       2.035961     3.007399     2.859695
       3.351790    -0.615659     2.844473
       0.315202    -2.968953     2.837339
      -2.863456    -0.814745     2.837061
      -1.803860     2.873124     2.843606
       2.700252     2.108991     2.866976
       2.703218    -1.516548     2.848651
      -0.742471    -2.633944     2.844640
      -2.873953     0.294622     2.845996
      -0.751037     3.227237     2.854553
       3.351521     1.200565     2.855215
       2.042153    -2.408570     2.839044
      -1.795126    -2.282889     2.836445
      -2.867889     1.403503     2.839695
       0.306425     3.567112     2.851585
       2.328612     3.910528     2.267651
       4.279760    -0.613490     2.238404
       0.607678    -3.843978     2.228397
      -3.604523    -1.363581     2.227711
      -2.556069     3.407979     2.234987
       2.997850     3.016823     2.280821
       3.633391    -1.508840     2.240451
      -0.445808    -3.514102     2.235527
      -3.618452    -0.259496     2.236317
      -1.510027     3.763574     2.246037
       3.657648     2.110300     2.277713
       2.979493    -2.403112     2.238187
      -1.499687    -3.171425     2.235072
      -3.620723     0.848305     2.237717
      -0.457645     4.110368     2.251430
       4.303241     1.198431     2.256936
       2.318982    -3.288620     2.229447
      -2.546044    -2.818622     2.227173
      -3.610922     1.951552     2.231657
       0.593900     4.451130     2.251563
       2.147562     4.483371     1.313745
       1.071272     4.823644     1.307900
       4.786494     0.845753     1.293388
       4.759285    -0.274136     1.290527
       2.137869    -3.845919     1.282756
       1.080024    -4.187773     1.282822
      -3.130668    -2.818624     1.281226
      -3.784742    -1.919468     1.281315
      -3.793320     2.507001     1.286656
      -3.142155     3.407976     1.286675
       2.643107     4.150664     0.353597
       0.481094     4.844445     0.360998
       4.631278     1.400792     0.339480
       4.583562    -0.833104     0.346411
       2.616626    -3.519048     0.342909
       0.499457    -4.202018     0.343091
      -2.669783    -3.171430     0.341806
      -3.979016    -1.372033     0.342102
      -3.985826     1.959801     0.346318
      -2.684231     3.763569     0.346125
       1.571965     4.522737     0.350804
       4.613429     0.279064     0.338345
       1.564063    -3.878378     0.338379
      -3.339794    -2.282896     0.337107
      -3.350117     2.873118     0.341697
       3.128870     3.798587    -0.608276
      -0.107743     4.844442    -0.591765
       4.453327     1.958928    -0.609906
       4.400531    -1.387360    -0.598788
       3.088476    -3.180273    -0.600528
      -0.083494    -4.202021    -0.600148
      -2.198877    -3.514109    -0.601011
      -4.160780    -0.818469    -0.600316
      -4.165343     1.405488    -0.597467
      -2.218412     4.110361    -0.597565
       2.065958     4.186974    -0.612860
       4.449055     0.835856    -0.614834
       2.041715    -3.548284    -0.607251
      -2.876358    -2.633953    -0.608078
      -3.540167     2.323938    -0.604298
       0.982372     4.537250    -0.607148
       4.438427    -0.277549    -0.608989
       0.982327    -3.889661    -0.607099
      -3.531574    -1.733591    -0.607862
      -2.889069     3.227228    -0.604871
       3.602715     3.431344    -1.564311
      -0.690738     4.823637    -1.543106
       4.266435     2.509931    -1.565291
       4.205380    -1.935426    -1.539764
       3.549783    -2.831538    -1.540308
      -0.664374    -4.187781    -1.539685
      -1.721362    -3.843987    -1.540087
      -4.328319    -0.262794    -1.538860
      -4.330560     0.848410    -1.537452
      -1.748263     4.451120    -1.538154
       2.545314     3.822338    -1.573093
       4.269789     1.396541    -1.566951
       2.508779    -3.198771    -1.550495
      -2.396818    -2.968964    -1.550821
      -3.709500     1.763403    -1.547720
       1.472080     4.186971    -1.573779
       4.262297     0.280252    -1.562330
       1.456239    -3.548287    -1.554576
      -3.058586    -2.077732    -1.554942
      -3.069250     2.670859    -1.552056
       0.389232     4.522732    -1.562907
       4.243207    -0.830441    -1.552979
       0.396830    -3.878383    -1.550253
      -3.703344    -1.174250    -1.550170
      -2.413499     3.567101    -1.549366
       3.813153     2.894978    -0.605779
       3.759905    -2.294475    -0.595458
      -1.147076    -3.876305    -0.596061
      -4.182026     0.293677    -0.594508
      -1.169414     4.481698    -0.590543
       3.337493     3.260184     0.357657
       3.952366    -1.743572     0.351732
      -0.565198    -3.887560     0.349320
      -4.011221    -0.262127     0.349855
      -1.640029     4.141060     0.355556
       4.002078     2.341068     0.353708
       3.295788    -2.640985     0.350334
      -1.623652    -3.543425     0.348850
      -4.013442     0.850611     0.351336
      -0.584614     4.493508     0.361298
       2.841608     3.599667     1.320144
       4.125721    -1.181548     1.297437
       0.020149    -3.876301     1.292557
      -3.818125    -0.814749     1.292367
      -2.102109     3.783492     1.299159
       3.514291     2.695967     1.323480
       3.478150    -2.082234     1.299347
      -1.038138    -3.543423     1.296237
      -3.830813     0.294618     1.297756
      -1.051477     4.141063     1.307858
       4.165167     1.776364     1.311010
       2.814883    -2.971955     1.293740
      -2.089983    -3.190239     1.291683
      -3.822468     1.403499     1.295146
       0.005204     4.481703     1.310038
       4.081789     1.939213    -2.522677
       2.965222    -2.831540    -2.486153
      -1.902861    -3.288377    -2.485928
      -3.859349     1.193698    -2.483690
      -0.214630     4.483361    -2.508380
       4.061884     0.831686    -2.510373
       1.918355    -3.180278    -2.493833
      -2.562656    -2.402402    -2.493735
      -3.223958     2.097240    -2.490975
       0.865768     4.150657    -2.522212
       4.046469    -0.276741    -2.500843
       0.863502    -3.519055    -2.493718
      -3.215471    -1.506183    -2.493309
      -2.578909     2.997756    -2.491617
       1.943334     3.798582    -2.526523
       4.027222    -1.380330    -2.488945
      -0.191229    -3.845929    -2.485821
      -3.856054    -0.606366    -2.484693
      -1.929528     3.891831    -2.489965
       3.010348     3.431342    -2.522785
       0.983762     0.845738    -4.859590
       0.974156    -0.274152    -4.833970
      -0.088101    -0.613508    -4.828976
      -0.745752     0.289711    -4.833459
      -0.094179     1.198413    -4.858274
       1.767545     1.400781    -4.294159
       1.740012    -0.833115    -4.254571
      -0.378997    -1.508857    -4.251760
      -1.692336     0.289632    -4.252955
      -0.401485     2.110283    -4.290134
       1.760581     0.279052    -4.277682
       0.684636    -1.181562    -4.270381
      -1.045188    -0.615678    -4.270021
      -1.054920     1.200547    -4.274592
       0.690131     1.776350    -4.311744
       2.537116     1.958920    -3.710414
       2.503568    -1.387368    -3.668153
      -0.669404    -2.403127    -3.665881
      -2.634230     0.291264    -3.665797
      -0.699340     3.016807    -3.701387
       2.539616     0.835848    -3.704386
       1.452973    -1.743582    -3.692390
      -1.338976    -1.516564    -3.691788
      -2.002433     1.203555    -3.692987
       0.387892     2.695955    -3.735165
       2.529637    -0.277556    -3.697490
       0.393325    -2.082247    -3.692029
      -1.995402    -0.617169    -3.691612
      -1.356702     2.108974    -3.697343
       1.473428     2.341058    -3.737753
       3.308054     2.509927    -3.115991
       3.257927    -1.935430    -3.072782
      -0.956977    -3.288634    -3.071191
      -3.565422     0.292332    -3.070114
      -0.986858     3.910514    -3.096916
       3.311041     1.396537    -3.118245
       2.214093    -2.294481    -3.096646
      -1.626021    -2.408585    -3.096214
      -2.938141     1.202402    -3.095428
       0.090038     3.599656    -3.132011
       3.303560     0.280248    -3.113606
       1.160592    -2.640994    -3.104502
      -2.286603    -1.516407    -3.104199
      -2.298412     2.108773    -3.104100
       1.172680     3.260175    -3.145101
       3.286661    -0.830445    -3.100710
       0.101717    -2.971966    -3.096274
      -2.933631    -0.614405    -3.095476
      -1.647273     3.007384    -3.099931
       2.247126     2.894972    -3.139676
       0.203911     0.291970     5.114411
       1.640221     4.794990     2.272897
       4.934788     0.270371     2.244094
       1.655707    -4.161808     2.215038
      -3.581168    -2.459269     2.213279
      -3.591152     3.045674     2.219436
       4.000226    -2.476161    -2.472258
      -1.240716    -4.161820    -2.471495
      -4.483267     0.291950    -2.469638
      -1.299412     4.794978    -2.483552
       0.199748     0.270352    -5.417398
       0.493023     1.192761     5.662147
       1.151428     0.288708     5.661058
       0.496433    -0.613289     5.657833
      -0.564768    -0.267920     5.657310
      -0.567510     0.847566     5.658862
       0.785083     2.104037     5.093251
       2.108523     0.286515     5.090597
       0.793578    -1.521766     5.083872
      -1.336977    -0.829180     5.082771
      -1.341585     1.409826     5.086001
       1.456562     1.202540     5.105135
       1.460778    -0.623723     5.098854
      -0.275284    -1.186100     5.095828
      -1.350504     0.290247     5.096685
      -0.280966     1.768120     5.101156
       1.074804     3.012730     4.517378
       3.062600     0.283024     4.511740
       1.089400    -2.427313     4.500235
      -2.106497    -1.388450     4.498699
      -2.113396     1.970082     4.503527
       1.751305     2.115058     4.540774
       2.421334    -0.628905     4.529022
       0.019475    -2.098282     4.523596
      -2.126523    -0.269957     4.523838
      -1.055797     2.334898     4.530109
       2.415795     1.202779     4.539233
       1.762092    -1.534156     4.526273
      -1.047772    -1.751334     4.523056
      -2.128889     0.851617     4.525332
       0.009353     2.683251     4.533339
       1.364736     3.918540     3.935463
       4.013357     0.281187     3.925508
       1.382879    -3.327652     3.907633
      -2.871704    -1.944567     3.905804
      -2.880841     2.526751     3.911980
       2.040499     3.022388     3.962940
       3.375918    -0.631548     3.942766
       0.314569    -3.003021     3.934496
      -2.895227    -0.828662     3.934214
      -1.826878     2.894439     3.942010
       2.710382     2.115531     3.972322
       2.723611    -1.539307     3.948328
      -0.753622    -2.664468     3.943499
      -2.905819     0.291312     3.945021
      -0.765233     3.250655     3.955077
       3.368243     1.199701     3.958601
       2.057489    -2.438665     3.936658
      -1.816683    -2.310118     3.933508
      -2.899979     1.411155     3.937157
       0.300181     3.591972     3.950417
       1.673486    -4.221444     3.308147
      -3.631553    -2.496828     3.306102
      -3.642529     3.078826     3.313343
       2.329495     3.926032     3.374491
       4.324636    -0.627264     3.342475
       0.608313    -3.895670     3.331704
      -3.652789    -1.383163     3.331012
      -2.590315     3.443861     3.339756
       2.998884     3.022951     3.390469
       3.672797    -1.536951     3.349886
      -0.457078    -3.563549     3.343455
      -3.668426    -0.267582     3.344328
      -1.534325     3.803507     3.355882
       3.662020     2.112275     3.387727
       3.013421    -2.439577     3.347045
      -1.521054    -3.217583     3.342970
      -3.670818     0.850641     3.345783
      -0.471812     4.152297     3.361470
       4.316278     1.198328     3.365629
       2.345227    -3.332845     3.333325
      -2.578172    -2.859644     3.330381
      -3.659697     1.965850     3.335243
       0.595543     4.493908     3.354579
       0.905686    -4.778947     2.720543
      -4.400280    -1.939088     2.719515
      -3.352302     3.983080     2.729100
       4.608064    -1.529882     2.736911
      -0.157995    -4.446417     2.728118
      -4.414809    -0.824894     2.728491
      -2.298138     4.341449     2.741412
       3.951069    -2.431785     2.735965
      -1.221245    -4.105334     2.730447
      -4.421529     0.291293     2.732641
      -1.240742     4.693266     2.750814
       3.289642    -3.329777     2.731114
      -2.281780    -3.755811     2.727209
      -4.419492     1.407415     2.731380
      -0.180997     5.040526     2.755910
       2.623229    -4.222495     2.721919
      -3.337724    -3.399253     2.718921
      -4.409044     2.521432     2.724920
       2.441453    -4.781335     1.771930
       1.379719    -5.124239     1.771200
      -3.924552    -3.399255     1.769408
      -4.581149    -2.496832     1.769616
      -4.592547     3.078822     1.776174
      -3.940193     3.983078     1.777868
       5.565995    -0.855189     0.824720
       2.924782    -4.451963     0.823552
       0.793834    -5.139231     0.822750
      -3.459728    -3.755816     0.821240
      -4.777721    -1.944575     0.821789
      -4.787342     2.526743     0.827182
      -3.479765     4.341444     0.829490
       5.597468     0.260331     0.814094
       1.864467    -4.810649     0.818300
      -4.131774    -2.859651     0.816589
      -4.145604     3.443854     0.823234
       5.384716    -1.413509    -0.126169
       3.403217    -4.114909    -0.126915
       0.206554    -5.144478    -0.127644
      -2.988334    -4.105341    -0.128776
      -4.965809    -1.388462    -0.127787
      -4.973221     1.970070    -0.123788
      -3.015289     4.693259    -0.120478
       5.439673     0.814923    -0.147194
       2.347879    -4.484655    -0.133095
      -3.670271    -3.217592    -0.134553
      -4.342852     2.894429    -0.128941
       5.422807    -0.300618    -0.138496
       1.280292    -4.828675    -0.133257
      -4.330676    -2.310128    -0.134237
      -3.687771     3.803498    -0.128483
       5.196357    -1.967610    -1.077447
       3.875370    -3.769706    -1.077624
      -0.380860    -5.139235    -1.077954
      -2.510746    -4.446427    -1.078730
      -5.144076    -0.829196    -1.077274
      -5.149031     1.409810    -1.074606
      -2.545913     5.040516    -1.070621
       5.264936     1.376400    -1.101986
       2.823978    -4.142513    -1.085358
      -3.194875    -3.563560    -1.086416
      -4.524020     2.334884    -1.081621
       5.258494     0.258344    -1.099783
       1.761691    -4.496742    -1.088768
      -3.864192    -2.664481    -1.089532
      -3.879754     3.250642    -1.084347
       5.237105    -0.855804    -1.089445
       0.691768    -4.828678    -1.085513
      -4.514113    -1.751349    -1.085629
      -3.217596     4.152286    -1.081322
       4.999383    -2.518842    -2.026379
       4.340782    -3.417198    -2.026588
      -0.967160    -5.124249    -2.026148
      -2.028273    -4.778959    -2.026724
      -5.312615    -0.267939    -2.024903
      -5.315232     0.847547    -2.023149
       3.290338    -3.785646    -2.033522
      -2.707904    -3.895684    -2.034072
      -4.688260     1.768101    -2.030030
       5.072143     0.820829    -2.056705
       2.233713    -4.142515    -2.040431
      -3.378425    -3.003036    -2.040922
      -4.050556     2.683234    -2.035764
       5.059090    -0.296001    -2.049073
       1.169066    -4.484660    -2.040464
      -4.037305    -2.098299    -2.040442
      -3.399116     3.591956    -2.035198
       5.034913    -1.407850    -2.037259
       0.101925    -4.810656    -2.033566
      -4.680947    -1.186118    -2.032718
      -2.734094     4.493894    -2.032911
       4.548500    -2.877230    -1.072656
      -1.450851    -4.808272    -1.073731
      -5.162573     0.290231    -1.071402
      -1.493937     5.413583    -1.060355
       4.747277    -2.327719    -0.119759
      -0.866431    -4.826253    -0.122463
      -4.997253    -0.269969    -0.121122
      -1.967928     5.071688    -0.108779
       4.086231    -3.230481    -0.120628
      -1.933438    -4.479272    -0.122892
      -4.999650     0.851605    -0.119679
      -0.911065     5.431074    -0.099131
       4.930841    -1.768753     0.834684
      -0.277938    -4.826250     0.829744
      -4.813655    -0.828670     0.830118
      -2.433877     4.721913     0.841105
       4.279858    -2.676240     0.836678
      -1.347118    -4.491367     0.832572
      -4.828060     0.291304     0.834755
      -1.379771     5.083968     0.852728
       3.609939    -3.571631     0.831863
      -2.408816    -4.133313     0.828874
      -4.818417     1.411147     0.833044
      -0.318791     5.431077     0.859192
       5.102700    -1.197412     1.786818
       0.311538    -4.808265     1.777887
      -4.612929    -1.383167     1.777466
      -2.892832     4.358577     1.787849
       4.452935    -2.107635     1.790175
      -0.754739    -4.479268     1.784292
      -4.631835    -0.267586     1.785492
      -1.840788     4.721915     1.800747
       3.792973    -3.009007     1.788210
      -1.818620    -4.133311     1.783834
      -4.634208     0.850637     1.786977
      -0.782809     5.071693     1.808794
       3.121970    -3.899574     1.779776
      -2.874609    -3.772200     1.776607
      -4.619811     1.965846     1.781740
       0.280282     5.413591     1.810405
       3.753912    -3.417200    -2.976167
      -2.210469    -4.221460    -2.976253
      -4.843882     1.192739    -2.973187
       2.696996    -3.769711    -2.984283
      -2.876631    -3.327670    -2.984431
      -4.204434     2.104016    -2.979996
       4.856340     0.260181    -3.001369
       1.635504    -4.114917    -2.987149
      -3.537919    -2.427332    -2.986961
      -3.559793     3.012710    -2.981593
       4.840322    -0.852595    -2.991467
       0.571418    -4.451973    -2.984289
      -4.192238    -1.521787    -2.983387
      -2.909653     3.918523    -2.980677
       4.820771    -1.964167    -2.979381
      -0.492988    -4.781347    -2.976117
      -4.838494    -0.613311    -2.974302
       1.751561    -0.855205    -5.347193
      -0.387153    -1.529903    -5.345557
      -1.716231     0.281164    -5.345204
       1.775138     0.260316    -5.370595
       0.683844    -1.197430    -5.363076
      -1.055541    -0.627286    -5.362874
      -1.079992     1.198305    -5.365761
       2.520991    -1.413521    -4.759796
      -0.680124    -2.431804    -4.757498
      -2.665767     0.283000    -4.756996
       2.564368     0.814911    -4.799556
       1.458599    -1.768767    -4.783548
      -1.353680    -1.536971    -4.783164
      -2.034338     1.199678    -4.783002
       2.549049    -0.300630    -4.788357
       0.390257    -2.107651    -4.783408
      -2.016739    -0.631571    -4.782778
      -1.392354     2.112254    -4.790462
       3.287602    -1.967618    -4.165893
      -0.971585    -3.329795    -4.163729
      -3.610191     0.286492    -4.162521
       3.340211     1.376392    -4.216270
       2.230185    -2.327729    -4.192518
      -1.646022    -2.439596    -4.192127
      -2.979622     1.202756    -4.190776
       3.335364     0.258336    -4.211489
       1.165687    -2.676253    -4.202180
      -2.313435    -1.539327    -4.201822
      -2.340820     2.115510    -4.200733
       3.316554    -0.855812    -4.196977
       0.096870    -3.009022    -4.192238
      -2.968008    -0.628927    -4.191157
      -1.691375     3.022932    -4.198566
       4.048261    -2.518846    -3.565334
      -1.261391    -4.222511    -3.563556
      -4.548455     0.288684    -3.561591
       2.993585    -2.877237    -3.588573
      -1.932577    -3.332863    -3.588339
      -3.914765     1.202517    -3.585895
       4.107918     0.820825    -3.616862
       1.935334    -3.230490    -3.600869
      -2.600897    -2.438684    -3.600803
      -3.278173     2.115037    -3.597132
       4.095256    -0.296005    -3.608596
       0.870396    -3.571642    -3.600831
      -3.260371    -1.534177    -3.600282
      -2.632014     3.022369    -3.597380
       4.073880    -1.407854    -3.592251
      -0.195669    -3.899588    -3.588301
      -3.907257    -0.623745    -3.586850
      -1.976448     3.926014    -3.592704