
       0.060218    -0.185336     1.303732
       0.331650     0.656847     0.750221
       0.942813    -0.184049     0.754635
       0.333410    -1.026133     0.757353
      -0.654572    -0.703071     0.754633
      -0.654398     0.336460     0.750220
       0.773125     0.338223    -0.133908
       0.772549    -0.700093    -0.131567
      -0.213500    -1.020480    -0.131568
      -0.824274    -0.180804    -0.133911
      -0.214590     0.660440    -0.135996
       0.058381    -0.179676    -0.681933
       0.344237     0.695018     1.803278
       0.984747    -0.185865     1.810478
       0.346450    -1.066270     1.814057
      -0.687432    -0.729190     1.810475
      -0.687020     0.359942     1.803276
       1.266671     0.695545     1.231264
       1.270008    -1.063802     1.239963
      -0.402172    -1.607127     1.239961
      -1.433592    -0.181825     1.231260
      -0.402802     1.239690     1.228124
       1.089057     1.240088     0.304737
       0.058521     1.575017     0.303837
       1.727001     0.360927     0.308097
       1.727768    -0.723559     0.309080
       1.090690    -1.602315     0.310388
       0.059432    -1.937392     0.310387
      -0.972495    -1.600929     0.309076
      -1.609321    -0.723112     0.308093
      -1.609973     0.363119     0.304734
      -0.973118     1.239816     0.303835
       1.550224    -0.179230    -0.617586
       0.519585    -1.599114    -0.616632
      -1.148806    -1.056199    -0.617590
      -1.149165     0.698397    -0.619576
       0.519187     1.240478    -0.619574
       0.803800     0.364531    -1.188795
       0.804311    -0.720280    -1.187729
      -0.227328    -1.055480    -1.187730
      -0.864551    -0.177550    -1.188797
      -0.227230     0.699347    -1.189807
       0.060002    -0.184677     2.356835
       0.620720     1.553232     1.214607
       1.883367    -0.183473     1.224031
       0.624575    -1.922247     1.227700
      -1.415835    -1.255451     1.224027
      -1.415144     0.891739     1.214604
       1.530892     0.892089    -0.607338
       1.531281    -1.249173    -0.606496
      -0.504583    -1.910667    -0.606499
      -1.762873    -0.178122    -0.607342
      -0.504931     1.554018    -0.608956
       0.057506    -0.176978    -1.733819
       0.346990     0.710767     2.862657
       0.998008    -0.182431     2.871829
       0.349463    -1.075548     2.875870
      -0.700182    -0.734207     2.871827
      -0.698506     0.371064     2.862656
       0.632569     1.594186     2.279085
       1.928698    -0.182969     2.293413
       0.638579    -1.965350     2.297645
      -1.452807    -1.281689     2.293408
      -1.448805     0.917906     2.279082
       1.291159     0.714364     2.301801
       1.297228    -1.083229     2.315548
      -0.412778    -1.638844     2.315545
      -1.464468    -0.180995     2.301798
      -0.412635     1.269947     2.297792
       1.568198     1.594039     1.699398
       2.218218    -1.074016     1.714379
      -0.121943    -2.513836     1.715361
      -2.207174    -0.726065     1.703449
      -1.160581     1.808122     1.697739
       2.212406     0.709946     1.703455
       1.576247    -1.962060     1.715363
      -1.163288    -2.172735     1.714374
      -2.205656     0.367838     1.699393
      -0.123864     2.144972     1.697741
       1.388162     2.144518     0.762902
       0.344018     2.483549     0.762565
       2.678058     0.370116     0.769489
       2.679440    -0.727429     0.769397
       1.392566    -2.507171     0.771526
       0.347070    -2.846874     0.771525
      -1.740140    -2.163440     0.769391
      -2.384144    -1.274696     0.769482
      -2.383566     0.919007     0.762897
      -1.738114     1.807022     0.762562
       1.851273     1.806824    -0.163771
      -0.228677     2.482145    -0.164422
       2.497387     0.916485    -0.161627
       2.499168    -1.271181    -0.162524
       1.853126    -2.162286    -0.162005
      -0.228247    -2.838566    -0.162008
      -1.274685    -2.497382    -0.162529
      -2.559124    -0.726478    -0.161634
      -2.559735     0.373598    -0.163777
      -1.273967     2.142509    -0.164424
       0.817804     2.163788    -0.170576
       2.519960    -0.177874    -0.167656
       0.819630    -2.522557    -0.166713
      -1.934137    -1.625100    -0.167662
      -1.933461     1.269846    -0.170580
       2.049712     1.269393     0.772830
       2.052765    -1.629609     0.778604
      -0.702861    -2.524968     0.778600
      -2.404385    -0.177833     0.772824
      -0.703175     2.164143     0.769859
       2.318658     0.368365    -1.098533
       1.274816    -2.159703    -1.099590
      -1.452422    -1.946747    -1.099372
      -2.092471     0.712321    -1.099052
       0.238059     2.142577    -1.099243
       2.319306    -0.721236    -1.099367
       0.238099    -2.496553    -1.099592
      -2.092350    -1.064861    -1.098539
      -1.451968     1.593453    -1.099245
       1.274154     1.806206    -1.099047
       0.812635     0.374222    -2.248382
       0.813208    -0.724431    -2.248170
      -0.232082    -1.064067    -2.248171
      -0.877392    -0.174902    -2.248385
      -0.231716     0.713158    -2.248829
       1.562529     0.918682    -1.675792
       1.563567    -1.269821    -1.676508
      -0.518564    -1.946348    -1.676511
      -1.804096    -0.175203    -1.675796
      -0.517929     1.594026    -1.676410
       1.577959    -0.175719    -1.690871
       0.527258    -1.622724    -1.690982
      -1.173306    -1.069661    -1.690875
      -1.172956     0.717915    -1.691248
       0.526965     1.270254    -1.691246
       0.057374    -0.176593     3.420584
       0.911691     2.457370     1.680729
       2.833741    -0.180384     1.694469
       0.919762    -2.830739     1.695825
      -2.186520    -1.811568     1.694462
      -2.181985     1.452173     1.680725
       2.294214     1.450214    -1.084543
       2.295429    -1.801319    -1.086719
      -0.798247    -2.806517    -1.086723
      -2.708470    -0.175260    -1.084550
      -0.797483     2.454401    -1.085248
       0.056699    -0.174488    -2.793593
       0.347142     0.730496     3.933424
       1.004847    -0.170031     3.943278
       0.348245    -1.071802     3.947425
      -0.713005    -0.728196     3.943275
      -0.710229     0.386935     3.933422
       0.637080     1.621500     3.348193
       1.953351    -0.173052     3.367093
       0.643904    -1.981745     3.371565
      -1.478583    -1.288157     3.367088
      -1.468512     0.937351     3.348190
       1.302262     0.732049     3.373206
       1.311917    -1.086662     3.392121
      -0.422646    -1.650256     3.392118
      -1.483848    -0.173214     3.373202
      -0.419627     1.291463     3.368372
       0.924511     2.504846     2.753387
       2.887096    -0.174688     2.774040
       0.935293    -2.878543     2.773341
      -2.233036    -1.838323     2.774033
      -2.220265     1.483045     2.753383
       1.591675     1.625843     2.780097
       2.258506    -1.087941     2.803443
      -0.128578    -2.555299     2.803989
      -2.246818    -0.729081     2.783949
      -1.179993     1.843626     2.778194
       2.246249     0.730808     2.783955
       1.605984    -1.991705     2.803991
      -1.187699    -2.207682     2.803438
      -2.243346     0.379767     2.780091
      -0.129031     2.185105     2.778195
       1.867727     2.503963     2.169628
       3.180532    -1.077786     2.187175
       0.165704    -3.432574     2.185874
      -2.988998    -1.278060     2.175106
      -1.929053     2.378243     2.169114
       2.523965     1.618619     2.176852
       2.540440    -1.979919     2.192927
      -0.891494    -3.095024     2.192922
      -2.993337    -0.174064     2.176844
      -0.885707     2.725911     2.175141
       3.169369     0.722918     2.175115
       1.883556    -2.874409     2.185877
      -1.939601    -2.741420     2.187168
      -2.982821     0.927921     2.169621
       0.162732     3.057907     2.169117
       1.686151     3.056646     1.228150
       0.634144     3.397886     1.228273
       3.637082     0.379154     1.235099
       3.640033    -0.725631     1.233796
       1.697041    -3.424048     1.233653
       0.639671    -3.767609     1.233652
      -2.518334    -2.726609     1.233787
      -3.165323    -1.831085     1.235089
      -3.160781     1.481780     1.228143
      -2.510266     2.376203     1.228269
       2.159315     2.723188     0.294637
       0.056879     3.405218     0.294790
       3.461902     0.931389     0.297701
       3.465270    -1.278407     0.294261
       2.164126    -3.078243     0.294133
       0.058534    -3.762392     0.294130
      -2.052031    -3.071090     0.294253
      -3.348193    -1.281349     0.297691
      -3.347574     0.933888     0.294630
      -2.047557     2.721445     0.294787
       1.114501     3.083483     0.289933
       3.485487    -0.174117     0.292277
       1.118657    -3.442867     0.291836
      -2.717473    -2.189585     0.292268
      -2.714078     1.839500     0.289928
       2.620518     2.374244    -0.639754
      -0.520664     3.393654    -0.639598
       3.271432     1.478016    -0.638713
       3.274288    -1.824968    -0.643465
       2.623146    -2.722991    -0.643848
      -0.521630    -3.744793    -0.643852
      -1.576260    -3.401009    -0.643472
      -3.515397    -0.727162    -0.638722
      -3.515588     0.380499    -0.639763
      -1.573515     3.051561    -0.639599
       1.584009     2.741080    -0.648848
       3.302383     0.377760    -0.648517
       1.586063    -3.093389    -0.651958
      -2.245785    -2.529105    -0.650440
      -2.892656     1.286521    -0.648854
       0.534272     3.081692    -0.648758
       3.303451    -0.726046    -0.650433
       0.535101    -3.434868    -0.651959
      -2.893722    -1.635480    -0.648525
      -2.243609     2.179102    -0.648762
       2.827426     1.839521     0.301388
       2.831626    -2.190318     0.300219
      -1.003395    -3.436394     0.300214
      -3.368679    -0.173719     0.301379
      -1.001542     3.082423     0.300130
       2.358337     2.182704     1.239777
       3.016122    -1.638607     1.244225
      -0.420125    -3.447004     1.245777
      -3.192435    -0.727809     1.242182
      -1.472205     2.743192     1.238818
       3.010526     1.287658     1.242190
       2.365985    -2.541740     1.245781
      -1.476945    -3.098495     1.244219
      -3.190899     0.379645     1.239769
      -0.421376     3.084628     1.238820
       3.091376     0.925097    -1.581462
       2.040387    -2.720896    -1.586155
      -1.754273    -2.846988    -1.584844
      -3.044561     0.721315    -1.580924
      -0.050329     3.051217    -1.580720
       3.100587    -0.173735    -1.587887
       0.997298    -3.069357    -1.590831
      -2.406303    -1.963035    -1.587894
      -2.405463     1.614461    -1.585860
       0.997105     2.720024    -1.585856
       3.092659    -1.272122    -1.584838
      -0.051398    -3.400560    -1.586158
      -3.044729    -1.068648    -1.581470
      -1.752742     2.498069    -1.580722
       2.039125     2.373107    -1.580917
       0.817495     0.380342    -3.316350
       0.817927    -0.726089    -3.316753
      -0.234923    -1.068182    -3.316754
      -0.884918    -0.172807    -3.316352
      -0.234517     0.721781    -3.316419
       1.577890     0.932559    -2.747414
       1.578833    -1.278853    -2.749086
      -0.525603    -1.962626    -2.749089
      -1.824678    -0.173004    -2.747419
      -0.524712     1.614905    -2.747456
       1.591856    -0.173200    -2.763903
       0.530865    -1.633821    -2.764654
      -1.186026    -1.075790    -2.763907
      -1.185548     0.728740    -2.763370
       0.530791     1.286413    -2.763367
       2.329716     1.478763    -2.162093
       2.331210    -1.825125    -2.165825
      -0.813199    -2.846807    -2.165829
      -2.753969    -0.173029    -2.162100
      -0.811750     2.498314    -2.161965
       2.351623     0.378616    -2.184061
       1.291239    -2.186236    -2.186375
      -1.476472    -1.969444    -2.185259
      -2.124553     0.728552    -2.183420
       0.240808     2.178886    -2.183407
       2.352108    -0.725461    -2.185254
       0.240410    -2.527671    -2.186376
      -2.125041    -1.075943    -2.184068
      -1.475531     1.621213    -2.183409
       1.290571     1.838195    -2.183415
       0.050891    -0.156644     4.503033
       1.205834     3.371163     2.151901
       3.798828    -0.173731     2.166779
       1.221842    -3.760444     2.161155
      -2.971203    -2.373451     2.166770
      -2.957068     2.018552     2.151895
       3.065748     2.013818    -1.566076
       3.067813    -2.359393    -1.572018
      -1.095089    -3.712004    -1.572024
      -3.663931    -0.172791    -1.566085
      -1.092986     3.363867    -1.565808
       0.056031    -0.172430    -3.863820
       0.348370     0.769066     5.026163
       1.014065    -0.144548     5.032064
       0.345392    -1.063028     5.035761
      -0.735445    -0.712999     5.032062
      -0.733896     0.417416     5.026162
       0.641142     1.654023     4.426593
       1.974648    -0.150606     4.452830
       0.645691    -1.987250     4.459620
      -1.509009    -1.282517     4.452825
      -1.490917     0.961274     4.426590
       1.310963     0.758155     4.453060
       1.322243    -1.079010     4.480266
      -0.435501    -1.650137     4.480263
      -1.506235    -0.157210     4.453056
      -0.427708     1.316329     4.447136
       0.931659     2.542762     3.830190
       2.925813    -0.150154     3.864325
       0.943834    -2.904835     3.863340
      -2.278782    -1.841233     3.864318
      -2.248337     1.509517     3.830185
       1.604634     1.656930     3.859272
       2.287510    -1.084175     3.897326
      -0.135648    -2.576855     3.897570
      -2.279587    -0.717119     3.862474
      -1.195223     1.871879     3.857672
       2.265726     0.759746     3.862481
       1.624371    -2.004989     3.897573
      -1.213380    -2.221685     3.897321
      -2.272105     0.397299     3.859267
      -0.133319     2.216914     3.857673
       1.220235     3.425105     3.232339
       3.863167    -0.160709     3.258036
       1.237376    -3.808258     3.251813
      -3.030911    -2.400735     3.258026
      -3.000428     2.053726     3.232333
       1.892202     2.545871     3.258742
       3.235594    -1.086366     3.289568
       0.161151    -3.486432     3.286973
      -3.038974    -1.276590     3.262890
      -1.955286     2.418519     3.258344
       2.556395     1.654779     3.267794
       2.587445    -2.007277     3.297461
      -0.913444    -3.144787     3.297456
      -3.040829    -0.163873     3.267786
      -0.900185     2.770467     3.267206
       3.208933     0.753481     3.262898
       1.918894    -2.915306     3.286975
      -1.979106    -2.780727     3.289561
      -3.027259     0.947439     3.258735
       0.160279     3.105908     3.258347
       2.168694     3.423390     2.645569
       4.161430    -1.078665     2.661516
       0.453763    -4.372988     2.653671
      -3.782504    -1.833527     2.651975
      -2.706136     2.951923     2.645809
       2.831415     2.537572     2.653307
       3.525681    -1.996349     2.664602
      -0.615226    -4.033287     2.665276
      -3.786589    -0.722274     2.653743
      -1.657870     3.305342     2.654411
       3.487949     1.641370     2.653753
       2.868431    -2.901377     2.665281
      -1.678914    -3.687427     2.664595
      -3.782218     0.388669     2.653298
      -0.601596     3.648547     2.654413
       4.137823     0.739947     2.651986
       2.203273    -3.804537     2.653673
      -2.732648    -3.318690     2.661506
      -3.766737     1.494849     2.645561
       0.454202     3.978781     2.645813
       1.986096     3.976911     1.699937
       0.928027     4.319782     1.700353
       4.607934     0.391659     1.701286
       4.613696    -0.724632     1.700250
       2.016531    -4.364981     1.689876
       0.934265    -4.716631     1.689875
      -3.306632    -3.298106     1.700239
      -3.958110    -2.391622     1.701274
      -3.944361     2.049985     1.699929
      -3.289900     2.949292     1.700347
       2.464885     3.644820     0.761392
       0.347405     4.331301     0.762094
       4.431865     0.944960     0.761802
       4.437522    -1.281103     0.754626
       2.479522    -4.003904     0.749871
       0.347463    -4.696653     0.749868
      -2.837015    -3.644747     0.754616
      -4.140888    -1.840501     0.761790
      -4.136509     1.499893     0.761382
      -2.826936     3.299893     0.762089
       1.412157     4.006461     0.757363
       4.455565    -0.168774     0.755911
       1.420432    -4.371637     0.750894
      -3.505425    -2.755461     0.755900
      -3.497402     2.411246     0.757357
       2.936661     3.299871    -0.181158
      -0.235406     4.328687    -0.180318
       4.247691     1.497560    -0.180654
       4.252777    -1.836911    -0.189388
       2.943054    -3.647648    -0.192559
      -0.236942    -4.680893    -0.192563
      -2.360856    -3.985814    -0.189397
      -4.316696    -1.285183    -0.180666
      -4.315425     0.943522    -0.181169
      -2.353894     3.640347    -0.180321
       1.889885     3.671673    -0.187354
       4.280976     0.386839    -0.188711
       1.894258    -4.023298    -0.197439
      -3.037651    -3.105118    -0.192242
      -3.687105     1.859596    -0.187362
       0.830470     4.015255    -0.187031
       4.282655    -0.726602    -0.192232
       0.832353    -4.368332    -0.197440
      -3.690759    -2.203339    -0.188722
      -3.031974     2.760269    -0.187036
       3.397792     2.945146    -1.120598
      -0.816137     4.312433    -1.119711
       4.052357     2.044762    -1.120384
       4.056268    -2.385939    -1.129540
       3.401793    -3.289009    -1.130732
      -0.818870    -4.660388    -1.130738
      -1.879163    -4.314480    -1.129548
      -4.480303    -0.727672    -1.120396
      -4.479983     0.385498    -1.120609
      -1.874517     3.968544    -1.119712
       2.356906     3.316813    -1.130344
       4.086116     0.939406    -1.131647
       2.359746    -3.663325    -1.140542
      -2.554342    -3.439302    -1.136988
      -3.856349     1.298000    -1.130352
       1.304369     3.669680    -1.134148
       4.098258    -0.170859    -1.138116
       1.305612    -4.018248    -1.144343
      -3.215127    -2.547126    -1.138126
      -3.212240     2.202142    -1.134154
       0.245007     4.001969    -1.129836
       4.088081    -1.281044    -1.136979
       0.244181    -4.350715    -1.140544
      -3.857902    -1.641766    -1.131658
      -2.550513     3.093648    -1.129840
       3.608199     2.410279    -0.175822
       3.614230    -2.753961    -0.185278
      -1.305231    -4.352394    -0.185285
      -4.335820    -0.170893    -0.175833
      -1.300616     4.002879    -0.175376
       3.144647     2.764040     0.769087
       3.810127    -2.203796     0.760355
      -0.722446    -4.372042     0.759979
      -4.170007    -0.728371     0.769764
      -1.779253     3.672030     0.769670
       3.801728     1.861807     0.769775
       3.154294    -3.112411     0.759985
      -1.787097    -4.022447     0.760347
      -4.168738     0.387774     0.769077
      -0.718925     4.016552     0.769671
       2.663998     3.101815     1.711159
       3.987786    -1.643569     1.705210
      -0.134146    -4.380047     1.708906
      -3.984031    -1.282468     1.713103
      -2.247789     3.321218     1.711824
       3.328624     2.209592     1.715811
       3.343313    -2.556711     1.707329
      -1.202000    -4.033575     1.707323
      -3.991683    -0.168924     1.715801
      -1.194016     3.674790     1.716454
       3.976959     1.304219     1.713114
       2.683052    -3.464682     1.708910
      -2.260122    -3.673640     1.705201
      -3.978425     0.943557     1.711150
      -0.133672     4.008137     1.711827
       3.871152     1.488302    -2.067308
       2.815007    -3.286995    -2.075747
      -2.057491    -3.757177    -2.073772
      -4.006062     0.728175    -2.066197
      -0.343068     3.967939    -2.065519
       3.884277     0.383420    -2.076372
       1.767036    -3.641322    -2.082804
      -2.716462    -2.870541    -2.078681
      -3.366489     1.628685    -2.073348
       0.711506     3.638613    -2.073098
       3.884932    -0.725614    -2.078672
       0.710762    -3.984527    -2.082805
      -3.367808    -1.972929    -2.076382
      -2.714341     2.525486    -2.073102
       1.766232     3.296410    -2.073341
       3.872966    -1.830252    -2.073764
      -0.345332    -4.313853    -2.075751
      -4.006623    -1.071347    -2.067318
      -2.054746     3.411780    -2.065522
       2.812964     2.943814    -2.066187
       0.821124     0.384939    -4.393880
       0.821371    -0.727276    -4.394693
      -0.237009    -1.071165    -4.394695
      -0.890554    -0.171220    -4.393882
      -0.236633     0.728299    -4.393711
       1.587792     0.941695    -3.825652
       1.588402    -1.284390    -3.827895
      -0.530087    -1.972730    -3.827898
      -1.838055    -0.171433    -3.825656
      -0.529229     1.628813    -3.825339
       1.601019    -0.171389    -3.841832
       0.533192    -1.640977    -3.842955
      -1.194501    -1.079710    -3.841836
      -1.194047     0.736187    -3.840782
       0.533293     1.297434    -3.840780
       2.351140     1.496254    -3.243146
       2.352257    -1.838972    -3.247569
      -0.822084    -2.870380    -3.247574
      -2.781580    -0.171471    -3.243153
      -0.820609     2.525585    -3.242585
       2.371456     0.385540    -3.268299
       1.301515    -2.201695    -3.271167
      -1.490636    -1.983462    -3.269681
      -2.144629     0.738182    -3.267137
       0.241791     2.201575    -3.266998
       2.371808    -0.728476    -3.269676
       0.241187    -2.546217    -3.271169
      -2.145153    -1.081998    -3.268305
      -1.489659     1.638992    -3.267001
       1.301155     1.857787    -3.267132
       3.105225     2.044333    -2.650702
       3.107067    -2.386586    -2.657684
      -1.110860    -3.757076    -2.657690
      -3.713802    -0.171307    -2.650712
      -1.108558     3.411796    -2.649879
       3.129501     0.939021    -2.675517
       2.062714    -2.751613    -2.680900
      -1.779167    -2.876912    -2.679077
      -3.083170     0.736069    -2.674301
      -0.050138     3.093043    -2.673930
       3.138589    -0.171428    -2.684738
       1.008404    -3.103532    -2.688341
      -2.438401    -1.983505    -2.684745
      -2.437291     1.638899    -2.681819
       1.008493     2.758504    -2.681814
       3.130391    -1.281697    -2.679070
      -0.051403    -3.438532    -2.680903
      -3.083754    -1.079791    -2.675526
      -1.777478     2.531795    -2.673932
       2.061691     2.407738    -2.674294
       1.504124     4.296529     2.630535
       4.797755    -0.154845     2.637186
      -3.790453    -2.945328     2.637174
      -3.742308     2.591857     2.630528
       3.847923     2.584386    -2.053002
       3.850756    -2.925628    -2.062680
      -1.395676    -4.630300    -2.062687
      -4.632093    -0.170943    -2.053014
      -1.392303     4.285069    -2.051982
       0.055518    -0.170845    -4.947594
       0.938654     2.581720     4.922593
      -2.276898     1.536922     4.922588
       1.618049     1.692211     4.950103
      -2.317644    -0.703585     4.954369
      -1.211924     1.899483     4.949901
       2.288557     0.793063     4.954375
      -2.303699     0.417956     4.950097
      -0.136035     2.249061     4.949903
       1.231157     3.473722     4.323460
      -3.037842     2.086638     4.323454
       1.908797     2.588521     4.352328
      -3.087900    -1.263580     4.360032
      -1.979644     2.452896     4.352618
       2.580225     1.695162     4.362586
      -3.083848    -0.145209     4.362578
      -0.912479     2.808297     4.363510
       3.240866     0.792765     4.360041
      -3.065756     0.972188     4.352322
       0.159775     3.148037     4.352620
       1.522610     4.362437     3.721029
      -3.796005     2.634311     3.721021
       2.196084     3.475517     3.746443
      -3.842919    -1.830056     3.753500
      -2.740332     2.997739     3.746973
       2.867604     2.585331     3.758131
      -3.847166    -0.710825     3.758372
      -1.680532     3.356655     3.760483
       3.530224     1.686239     3.758382
      -3.839570     0.406035     3.758122
      -0.613427     3.703380     3.760485
       4.184657     0.778266     3.753511
      -3.819538     1.520920     3.746435
       0.454935     4.035945     3.746977
       2.474262     4.359742     3.132716
      -3.498384     3.534626     3.133248
       3.143119     3.467799     3.139802
      -4.592925    -1.276475     3.139879
      -2.440969     3.891496     3.142212
       3.807563     2.570031     3.141114
      -4.591017    -0.158838     3.141102
      -1.378146     4.241478     3.145406
       4.466038     1.666965     3.139892
      -4.581166     0.958022     3.139791
      -0.312591     4.583049     3.142215
      -4.564322     2.072764     3.132706
       0.752638     4.915869     3.133254
       2.291233     4.913774     2.183328
       1.228904     5.257801     2.184352
      -4.741898     2.628567     2.183318
      -4.084671     3.531314     2.184345
       2.774896     4.578986     1.236061
       0.642523     5.270098     1.237075
       5.418306     0.958393     1.234357
       5.425693    -1.286537     1.220601
      -3.633270    -4.229977     1.220589
      -4.946832    -2.409450     1.234342
      -4.936404     2.073429     1.236050
      -3.617505     3.885929     1.237069
       1.713605     4.940231     1.232271
       5.439716    -0.164101     1.230699
      -4.304366    -3.330150     1.230685
      -4.290137     2.989494     1.232263
       3.253604     4.235457     0.286656
       0.055227     5.272498     0.287814
       5.235101     1.515687     0.285161
       5.242656    -1.846709     0.270959
       3.267585    -4.585962     0.264778
       0.052033    -5.630760     0.264774
      -3.155925    -4.575578     0.270947
      -5.126183    -1.850904     0.285147
      -5.121762     1.514130     0.286645
      -3.143781     4.233076     0.287810
       2.197455     4.609151     0.281917
       5.267680     0.396438     0.278028
       2.207475    -4.963491     0.262930
      -3.837258    -3.684640     0.272289
      -4.486972     2.437245     0.281908
       1.129339     4.955452     0.282331
       5.270184    -0.725448     0.272301
       1.131586    -5.313069     0.262928
      -4.494661    -2.775545     0.278015
      -3.826400     3.345232     0.282324
       3.725727     3.883669    -0.662897
      -0.531957     5.264686    -0.661662
       5.045289     2.070515    -0.663544
       5.051520    -2.405629    -0.676961
       3.733462    -4.227548    -0.681100
      -0.535537    -5.614632    -0.681106
      -2.672766    -4.915406    -0.676971
      -5.298740    -1.290469    -0.663558
      -5.296939     0.952022    -0.662909
      -2.664145     4.571895    -0.661665
       2.673895     4.261166    -0.669558
       5.081585     0.954272    -0.672173
       2.679680    -4.607399    -0.687138
      -3.356740    -4.030234    -0.679963
      -4.667877     1.875676    -0.669568
       1.611210     4.618825    -0.672361
       5.095789    -0.166184    -0.678933
       1.614119    -4.967735    -0.689633
      -4.024895    -3.129678    -0.678946
      -4.018374     2.789659    -0.672369
       0.540967     4.952940    -0.668866
       5.084575    -1.287480    -0.679951
       0.540261    -5.302539    -0.687140
      -4.671992    -2.214862    -0.672187
      -3.348919     3.689037    -0.668872
       4.190709     3.525292    -1.610716
      -1.117958     5.247746    -1.609517
       4.847785     2.622111    -1.611120
       4.852508    -2.959714    -1.623727
       4.196124    -3.865759    -1.625946
      -1.122490    -5.593884    -1.625953
      -2.186076    -5.246693    -1.623737
      -5.463174    -0.728128    -1.611134
      -5.462466     0.388781    -1.610729
      -2.180102     4.902634    -1.609518
       3.140294     3.898348    -1.617199
       4.879594     1.507985    -1.619061
       3.144306    -4.241051    -1.631710
      -2.865599    -4.362059    -1.627627
      -4.831940     1.308008    -1.617210
       2.083590     4.259267    -1.623602
       4.897966     0.391744    -1.628180
       2.085874    -4.604177    -1.638061
      -3.535541    -3.468251    -1.631241
      -4.189193     2.221113    -1.623611
       1.018750     4.604690    -1.623296
       4.898905    -0.727729    -1.631229
       1.018769    -4.950901    -1.638063
      -4.192793    -2.562027    -1.628192
      -3.530754     3.126464    -1.623302
      -0.048584     4.932927    -1.616340
       4.882279    -1.844617    -1.627616
      -0.050960    -5.279258    -1.631715
      -4.834040    -1.648172    -1.619074
      -2.860196     4.019377    -1.616344
       4.399134     2.986683    -0.658150
       4.406318    -3.326853    -0.673980
      -1.609304    -5.281451    -0.673988
      -5.314501    -0.169474    -0.658163
      -1.603124     4.933904    -0.656726
       3.937678     3.347195     0.292377
       4.609644    -2.776094     0.274086
      -1.025621    -5.306673     0.272095
      -5.154163    -0.730899     0.292145
      -2.087602     4.607034     0.293996
       4.599414     2.438235     0.292159
       3.948932    -3.690340     0.272101
      -2.097530    -4.955390     0.274077
      -5.153082     0.393424     0.292365
      -1.019046     4.954229     0.293997
       3.461500     3.696129     1.243551
       4.798351    -2.216638     1.222154
      -0.439389    -5.319776     1.221515
      -4.977184    -1.290500     1.243050
      -2.565210     4.263573     1.245206
       4.133225     2.796271     1.246176
       4.150434    -3.137422     1.222200
      -1.513639    -4.977794     1.222193
      -4.987459    -0.167224     1.246163
      -1.501730     4.621837     1.248780
       4.785158     1.881483     1.243063
       3.482360    -4.045521     1.221520
      -2.579039    -4.613702     1.222144
      -4.972946     0.955606     1.243539
      -0.430774     4.957094     1.245209
       2.973126     4.031125     2.190650
       4.974809    -1.653563     2.173222
      -4.785765    -1.848565     2.193472
      -3.033344     3.904961     2.191997
       3.646359     3.138871     2.196450
       4.335256    -2.575408     2.171282
      -0.927249    -4.982762     2.173607
      -4.798879    -0.725088     2.195511
      -1.975520     4.266441     2.199499
       4.308563     2.234104     2.195524
       3.678952    -3.486114     2.173614
      -1.993510    -4.631753     2.171273
      -4.794955     0.396117     2.196438
      -0.909532     4.612802     2.199500
       4.958317     1.317485     2.193486
      -3.052767    -4.261885     2.173211
      -4.774752     1.513682     2.190639
       0.158738     4.942133     2.192001
       4.665776     2.063192    -2.560840
       3.605495    -3.864282    -2.572400
      -2.365117    -4.686380    -2.570195
      -4.986459     0.732991    -2.559589
      -0.642841     4.901858    -2.558576
       4.679453     0.948416    -2.570329
       2.548397    -4.222128    -2.579703
      -3.030678    -3.791768    -2.575364
      -4.341377     1.642285    -2.567087
       0.421556     4.570023    -2.566525
       4.684652    -0.168836    -2.575410
       1.485702    -4.572501    -2.582232
      -3.690715    -2.890162    -2.575421
      -3.687977     2.548522    -2.569513
       1.485654     4.229540    -2.569506
       4.680623    -1.286211    -2.575353
       0.420019    -4.913682    -2.579706
      -4.343214    -1.983230    -2.570341
      -3.027235     3.449441    -2.566530
       2.546940     3.880438    -2.567077
       4.668014    -2.401174    -2.570185
      -0.645527    -5.245525    -2.572406
      -4.987398    -1.073319    -2.560854
      -2.361168     4.343539    -2.558579
       3.603292     3.523975    -2.559577
       0.823724     0.388255    -5.491677
       0.823698    -0.728027    -5.492787
      -0.238447    -1.073140    -5.492789
      -0.894603    -0.170064    -5.491679
      -0.238111     0.732853    -5.491413
       1.597688     0.950279    -4.918764
       1.597900    -1.290310    -4.921332
      -0.534288    -1.983101    -4.921335
      -1.851104    -0.170303    -4.918769
      -0.533551     1.642120    -4.918256
       1.609498    -0.170102    -4.932470
       0.535439    -1.647889    -4.933809
      -1.202114    -1.083652    -4.932474
      -1.201722     0.742718    -4.931152
       0.535665     1.307230    -4.931150
       2.369088     1.510622    -4.336355
       2.369688    -1.850649    -4.341060
      -0.829320    -2.890071    -4.341064
      -2.804543    -0.170395    -4.336362
      -0.828010     2.548366    -4.335563
       2.387798     0.391213    -4.361363
       1.310217    -2.214476    -4.364482
      -1.501924    -1.995404    -4.362824
      -2.161254     0.745707    -4.359966
       0.242346     2.220240    -4.359762
       2.387962    -0.731501    -4.362818
       0.241661    -2.561671    -4.364484
      -2.161706    -1.087013    -4.361369
      -1.501078     1.653767    -4.359765
       1.310185     1.873648    -4.359961
       3.135894     2.067831    -3.744974
       3.137169    -2.407600    -3.752166
      -1.122858    -3.791769    -3.752172
      -3.752422    -0.170323    -3.744984
      -1.120749     3.449322    -3.743872
       3.158476     0.951123    -3.773352
       2.081318    -2.774298    -3.778925
      -1.796743    -2.901380    -3.776947
      -3.113765     0.745691    -3.771893
      -0.051824     3.125600    -3.771427
       3.167225    -0.170075    -3.784359
       1.016760    -3.129243    -3.788148
      -2.462359    -1.999241    -3.784367
      -2.461372     1.657353    -3.781117
       1.017131     2.787589    -3.781113
       3.158995    -1.291161    -3.776940
      -0.053117    -3.467820    -3.778928
      -3.114307    -1.087031    -3.773360
      -1.795248     2.559127    -3.771429
       2.080790     2.433507    -3.771886
       3.896720     2.620902    -3.146426
       3.899104    -2.960195    -3.155995
      -1.414470    -4.686683    -3.156002
      -4.693032    -0.170082    -3.146438
      -1.411293     4.343518    -3.145075
       3.917406     1.506654    -3.171407
       2.844685    -3.324326    -3.179838
      -2.085141    -3.796753    -3.177683
      -4.054152     0.742700    -3.170001
      -0.345298     4.018546    -3.169240
       3.931701     0.390054    -3.185144
       1.786047    -3.683301    -3.191603
      -2.752334    -2.901400    -3.187334
      -3.408812     1.653747    -3.181805
       0.720970     3.687056    -3.181544
       3.932094    -0.729494    -3.187324
       0.720059    -4.029662    -3.191604
      -3.410071    -1.995436    -3.185155
      -2.750468     2.559115    -3.181548
       1.785743     3.341563    -3.181798
       3.918600    -1.846016    -3.177675
      -0.347396    -4.361498    -3.179842
      -4.054828    -1.083686    -3.171418
      -2.082685     3.454034    -3.169243
       2.843335     2.983833    -3.169991