
    -0.110970    -0.011941     1.120911
     0.164726     0.827090     0.570975
     0.775143    -0.011796     0.570657
     0.164653    -0.850801     0.570996
    -0.825356    -0.531017     0.575375
    -0.825178     0.506960     0.575302
     0.608637     0.507508    -0.314047
     0.608605    -0.530964    -0.314027
    -0.380141    -0.851170    -0.311896
    -0.989998    -0.011900    -0.311084
    -0.380132     0.827559    -0.311899
    -0.106043    -0.011743    -0.859973
     0.176173     0.865179     1.622988
     0.813554    -0.011803     1.622532
     0.176151    -0.888993     1.622993
    -0.860620    -0.554206     1.630511
    -0.860505     0.530041     1.630504
     1.101291     0.865571     1.050274
     1.101318    -0.889076     1.050240
    -0.569959    -1.431093     1.053306
    -1.606682    -0.012161     1.060567
    -0.569704     1.407089     1.053185
     0.925567     1.407552     0.127076
    -0.106176     1.742846     0.127845
     1.563451     0.530050     0.126705
     1.563486    -0.553399     0.126660
     0.925610    -1.430981     0.127035
    -0.106241    -1.766444     0.127853
    -1.139364    -1.430832     0.130646
    -1.777131    -0.554033     0.131103
    -1.776909     0.529985     0.130979
    -1.139256     1.406993     0.130709
     1.387830    -0.011667    -0.796675
     0.355651    -1.430988    -0.796036
    -1.313770    -0.889124    -0.794622
    -1.313678     0.865518    -0.794663
     0.355622     1.407587    -0.796000
     0.641715     0.530417    -1.366660
     0.641728    -0.553752    -1.366673
    -0.389996    -0.889245    -1.365662
    -1.027846    -0.011714    -1.365282
    -0.389960     0.865860    -1.365649
    -0.113296    -0.011965     2.172107
     0.457174     1.720615     1.037945
     1.715824    -0.011685     1.037722
     0.457238    -1.744212     1.037920
    -1.586400    -1.082442     1.047157
    -1.585972     1.057995     1.047076
     1.369097     1.058897    -0.785098
     1.369132    -1.082196    -0.785145
    -0.668342    -1.743999    -0.783763
    -1.927258    -0.011778    -0.783683
    -0.668370     1.720531    -0.783651
    -0.104341    -0.011657    -1.910785
     0.181062     0.876685     2.680110
     0.825907    -0.011747     2.679758
     0.181261    -0.900436     2.680089
    -0.872160    -0.562566     2.691384
    -0.872104     0.538402     2.691430
     0.470708     1.759465     2.102798
     1.756366    -0.011648     2.102401
     0.471057    -1.783062     2.102767
    -1.623471    -1.108483     2.117636
    -1.623059     1.084002     2.117748
     1.125536     0.883020     2.119574
     1.125674    -0.906478     2.119542
    -0.579395    -1.459479     2.123605
    -1.640869    -0.012189     2.136320
    -0.579351     1.435473     2.123581
     1.406731     1.759994     1.523419
     2.047240    -0.900907     1.523402
    -0.285815    -2.332892     1.524859
    -2.380887    -0.558189     1.539018
    -1.326471     1.971970     1.528451
     2.047134     0.877636     1.523463
     1.406990    -1.783386     1.523313
    -1.327183    -1.996380     1.528817
    -2.380702     0.533452     1.538953
    -0.285913     2.309182     1.524787
     1.228048     2.309088     0.588530
     0.183106     2.649008     0.588647
     2.514650     0.537388     0.588398
     2.514703    -0.560545     0.588342
     1.228264    -2.332454     0.588414
     0.183220    -2.672502     0.588614
    -1.903840    -1.995427     0.594395
    -2.550212    -1.107800     0.594501
    -2.549438     1.083530     0.594007
    -1.903584     1.971341     0.594600
     1.691289     1.971545    -0.338876
    -0.390348     2.648567    -0.338619
     2.337382     1.082289    -0.339108
     2.337463    -1.105463    -0.339207
     1.691414    -1.994803    -0.338988
    -0.390317    -2.672018    -0.338717
    -1.436586    -2.331747    -0.337102
    -2.723958    -0.561481    -0.337729
    -2.723797     0.538131    -0.337899
    -1.436617     2.308186    -0.336836
     0.656664     2.329844    -0.345297
     2.358177    -0.011590    -0.345644
     0.656738    -2.353217    -0.345376
    -2.098429    -1.459363    -0.343135
    -2.098125     1.435745    -0.343237
     1.887895     1.435303     0.595286
     1.888041    -1.458570     0.595180
    -0.866794    -2.354197     0.597756
    -2.571642    -0.012029     0.601654
    -0.866644     2.330421     0.597675
     2.158974     0.533351    -1.274165
     1.113652    -1.994676    -1.274108
    -1.614356    -1.782703    -1.273806
    -2.255315     0.877429    -1.274457
     0.076799     2.308588    -1.273966
     2.159003    -0.556538    -1.274208
     0.076851    -2.331913    -1.274083
    -2.255439    -0.900716    -1.274367
    -1.614270     1.759331    -1.273760
     1.113588     1.971426    -1.274009
     0.652998     0.537637    -2.424701
     0.653001    -0.560860    -2.424724
    -0.391968    -0.900782    -2.424305
    -1.038217    -0.011614    -2.424254
    -0.391922     0.877547    -2.424284
     1.403014     1.082588    -1.851671
     1.403047    -1.105799    -1.851736
    -0.678799    -1.782902    -1.851352
    -1.966110    -0.011609    -1.851885
    -0.678741     1.759625    -1.851248
     1.418041    -0.011610    -1.867270
     0.366616    -1.458626    -1.867128
    -1.334870    -0.906232    -1.866839
    -1.334781     0.882943    -1.866852
     0.366621     1.435358    -1.867067
    -0.112810    -0.011944     3.231693
     0.752484     2.621023     1.507714
     2.663757    -0.011570     1.507885
     0.752895    -2.644466     1.507616
    -2.353762    -1.640852     1.520566
    -2.352659     1.615398     1.520591
     2.135223     1.614514    -1.259543
     2.135301    -1.637678    -1.259655
    -0.958415    -2.643461    -1.259486
    -2.871071    -0.011506    -1.260864
    -0.958466     2.620124    -1.259264
    -0.102812    -0.011597    -2.969432
     0.189344     0.883620     3.745593
     0.836663    -0.011649     3.745599
     0.189832    -0.907208     3.745599
    -0.873803    -0.570496     3.762690
    -0.873856     0.546402     3.762759
     0.481364     1.779224     3.171406
     1.778614    -0.011560     3.170959
     0.482186    -1.802674     3.171401
    -1.638476    -1.127336     3.193281
    -1.638255     1.102970     3.193469
     1.140956     0.892095     3.188966
     1.141306    -0.915381     3.188941
    -0.578870    -1.475837     3.193917
    -1.656156    -0.012103     3.213821
    -0.579375     1.452035     3.193882
     0.768988     2.664528     2.581951
     2.709810    -0.011515     2.582042
     0.769891    -2.687915     2.581876
    -2.393899    -1.674841     2.601692
    -2.392870     1.650028     2.602328
     1.432745     1.786803     2.605122
     2.081357    -0.915389     2.605244
    -0.286337    -2.369636     2.607094
    -2.421385    -0.568123     2.629302
    -1.342435     2.006429     2.610952
     2.081123     0.892233     2.605301
     1.433302    -1.810093     2.605018
    -1.342384    -2.030492     2.611135
    -2.421307     0.543811     2.629294
    -0.287077     2.346048     2.606993
     1.710498     2.664657     1.998760
     3.001977    -0.907489     1.999209
     0.006658    -3.242352     1.999087
    -3.161586    -1.117085     2.015228
    -2.092255     2.541295     2.002596
     2.362966     1.779536     2.004533
     2.363349    -1.802709     2.004372
    -1.044756    -2.911964     2.005727
    -3.173000    -0.012441     2.021002
    -1.045008     2.888197     2.005354
     3.001812     0.884442     1.999287
     1.711119    -2.687941     1.998556
    -2.093820    -2.566651     2.003895
    -3.161453     1.091577     2.015070
     0.005966     3.218895     1.999051
     1.530007     3.217676     1.057375
     0.477759     3.560294     1.057025
     3.472123     0.541694     1.057818
     3.472187    -0.564652     1.057757
     1.530498    -3.240979     1.057154
     0.478216    -3.583670     1.056920
    -2.674662    -2.564072     1.062598
    -3.326906    -1.670763     1.061895
    -3.324660     1.646215     1.060750
    -2.674201     2.539138     1.063521
     2.002292     2.885058     0.122814
    -0.101106     3.569786     0.122138
     3.302483     1.094217     0.122908
     3.302584    -1.117222     0.122789
     2.002579    -2.908282     0.122603
    -0.100919    -3.593169     0.122035
    -2.208494    -2.909018     0.124319
    -3.510493    -1.120504     0.122060
    -3.509980     1.097800     0.121639
    -2.208600     2.885316     0.124979
     0.956902     3.247294     0.117667
     3.323424    -0.011501     0.118029
     0.957142    -3.270617     0.117512
    -2.877962    -2.027679     0.119206
    -2.877254     2.004268     0.119016
     2.463388     2.536542    -0.812222
    -0.679579     3.559124    -0.813063
     3.114047     1.640714    -0.812288
     3.114163    -1.663757    -0.812446
     2.463563    -2.559675    -0.812410
    -0.679509    -3.582453    -0.813260
    -1.733204    -3.239960    -0.812581
    -3.677554    -0.565619    -0.815419
    -3.677419     0.543239    -0.815588
    -1.733266     3.216563    -0.812187
     1.425960     2.905059    -0.821800
     3.143618     0.540652    -0.821669
     1.426103    -2.928286    -0.821969
    -2.405507    -2.367570    -0.822348
    -3.055037     1.450871    -0.823789
     0.375552     3.246880    -0.822122
     3.143658    -0.563693    -0.821725
     0.375659    -3.270193    -0.822280
    -3.055401    -1.473813    -0.823618
    -2.405267     2.344328    -0.822253
     2.669164     2.001820     0.127929
     2.669372    -2.024935     0.127747
    -1.161259    -3.271568     0.128179
    -3.532388    -0.011246     0.127316
    -1.161337     3.248013     0.128267
     2.200118     2.344047     1.067406
     2.849391    -1.472760     1.067432
    -0.579574    -3.272603     1.067757
    -3.357665    -0.566307     1.071588
    -1.633408     2.907784     1.069528
     2.849184     1.449684     1.067576
     2.200470    -2.367243     1.067195
    -1.633607    -2.931754     1.069814
    -3.357360     0.542850     1.071327
    -0.579802     3.249001     1.067664
     2.934101     1.087560    -1.753934
     1.881380    -2.559495    -1.754202
    -1.912789    -2.686424    -1.755408
    -3.205655     0.884298    -1.757548
    -0.209370     3.216451    -1.754610
     2.942587    -0.011532    -1.759169
     0.838493    -2.907663    -1.759638
    -2.566409    -1.801889    -1.761443
    -2.566227     1.778832    -1.761512
     0.838424     2.884458    -1.759477
     2.934158    -1.110622    -1.754030
    -0.209326    -3.239708    -1.754803
    -3.205792    -0.907087    -1.757429
    -1.912698     2.663225    -1.755292
     1.881286     2.536366    -1.754039
     0.659807     0.541788    -3.491491
     0.659800    -0.564927    -3.491518
    -0.392741    -0.907252    -3.491487
    -1.043622    -0.011561    -3.491677
    -0.392691     0.884117    -3.491461
     1.420350     1.094435    -2.922061
     1.420360    -1.117574    -2.922132
    -0.683465    -1.801898    -2.922317
    -1.984448    -0.011543    -2.923233
    -0.683370     1.778739    -2.922228
     1.434023    -0.011571    -2.938556
     0.372596    -1.472742    -2.938682
    -1.345145    -0.914860    -2.939027
    -1.345062     0.891717    -2.939026
     0.372631     1.449573    -2.938614
     2.172497     1.640897    -2.335752
     2.172549    -1.664002    -2.335874
    -0.970787    -2.686476    -2.336510
    -2.914576    -0.011450    -2.338602
    -0.970697     2.663286    -2.336325
     2.194087     0.540687    -2.357859
     1.132603    -2.024919    -2.358085
    -1.635668    -1.808881    -2.358807
    -2.285181     0.891767    -2.359558
     0.082118     2.343441    -2.358124
     2.194104    -0.563802    -2.357902
     0.082086    -2.366648    -2.358250
    -2.285306    -0.914845    -2.359513
    -1.635524     1.785715    -2.358760
     1.132585     2.001750    -2.357971
    -0.107831    -0.011905     4.303304
     1.050918     3.530889     1.982387
     3.621299    -0.011461     1.983218
     1.051731    -3.554224     1.982211
    -3.130582    -2.210985     1.995205
    -3.127797     2.182224     1.996242
     2.909027     2.175910    -1.738545
     2.909137    -2.198960    -1.738720
    -1.251781    -3.552286    -1.739806
    -3.824801    -0.011222    -1.743151
    -1.251799     3.529045    -1.739520
    -0.101574    -0.011555    -4.038713
     0.203766     0.890976     4.820189
     0.849937    -0.011543     4.820955
     0.204516    -0.914403     4.820280
    -0.866716    -0.583488     4.851036
    -0.866902     0.559413     4.851091
     0.495600     1.793899     4.246755
     1.797191    -0.011446     4.246348
     0.496824    -1.817172     4.246830
    -1.638131    -1.153160     4.283182
    -1.638249     1.128872     4.283345
     1.156795     0.898240     4.263518
     1.157365    -0.921312     4.263501
    -0.566895    -1.492962     4.268881
    -1.657899    -0.012081     4.304054
    -0.567924     1.469400     4.268682
     0.784172     2.692275     3.660327
     2.740356    -0.011415     3.660386
     0.785601    -2.715530     3.660316
    -2.409678    -1.713413     3.693877
    -2.409074     1.688908     3.694484
     1.452249     1.803589     3.686052
     2.105622    -0.923321     3.686365
    -0.277531    -2.395904     3.688215
    -2.440411    -0.581701     3.725205
    -1.340519     2.036535     3.691595
     2.105205     0.900368     3.686420
     1.453171    -1.826694     3.685966
    -1.339332    -2.060040     3.692090
    -2.440556     0.557665     3.725076
    -0.279009     2.372532     3.687964
     1.069922     3.579489     3.064585
     3.672697    -0.011400     3.065476
     1.071288    -3.602776     3.064450
    -3.174680    -2.257217     3.087574
    -3.171076     2.233491     3.090847
     1.738992     2.698247     3.089953
     3.043370    -0.920981     3.090688
     0.011581    -3.286718     3.090567
    -3.210124    -1.139173     3.118672
    -2.107615     2.588049     3.092455
     2.398234     1.803239     3.098634
     2.398888    -1.826270     3.098472
    -1.049052    -2.956491     3.099120
    -3.224740    -0.011854     3.126027
    -1.050626     2.933144     3.098497
     3.043078     0.898075     3.090764
     1.740027    -2.721410     3.089759
    -2.106851    -2.611411     3.093849
    -3.210287     1.115793     3.118128
     0.010080     3.263354     3.090414
     2.015229     3.578687     2.478612
     3.965620    -0.912194     2.479750
     0.303488    -4.160601     2.478153
    -3.955175    -1.690155     2.491325
    -2.864019     3.119849     2.476596
     2.674604     2.690740     2.487009
     3.326792    -1.814800     2.487272
    -0.753131    -3.833648     2.485337
    -3.979278    -0.573034     2.494801
    -1.812290     3.470676     2.483673
     3.326330     1.791836     2.487471
     2.675341    -2.713832     2.486727
    -1.811041    -3.494612     2.485248
    -3.979417     0.547881     2.494588
    -0.754461     3.810154     2.484909
     3.965413     0.889356     2.479841
     2.016212    -3.601895     2.478299
    -2.867100    -3.147651     2.483103
    -3.957558     1.662136     2.489828
     0.302278     4.137214     2.478154
     1.833401     4.134600     1.532270
     0.775644     4.479297     1.531648
     4.437768     0.544909     1.533447
     4.437837    -0.567681     1.533382
     1.834185    -4.157864     1.531933
     0.776452    -4.502601     1.531455
    -3.452889    -3.143042     1.530676
    -4.114323    -2.241492     1.530303
    -4.106485     2.217717     1.526948
    -3.451565     3.113675     1.534880
     2.310817     3.803773     0.592694
     0.193301     4.493509     0.591450
     4.271461     1.102061     0.593417
     4.271573    -1.124892     0.593288
     2.311321    -3.826976     0.592356
     0.193730    -4.516815     0.591312
    -2.985409    -3.488185     0.590493
    -4.298901    -1.687078     0.584680
    -4.297376     1.666012     0.584365
    -2.985703     3.463524     0.592520
     1.258190     4.167639     0.587630
     4.291556    -0.011411     0.588843
     1.258671    -4.190918     0.587374
    -3.659887    -2.599919     0.584983
    -3.658049     2.577285     0.584829
     2.781691     3.459787    -0.350832
    -0.391245     4.492807    -0.352521
     4.090536     1.656847    -0.350516
     4.090673    -1.679739    -0.350698
     2.782010    -3.482904    -0.351133
    -0.391089    -4.516085    -0.352680
    -2.511804    -3.828153    -0.352786
    -4.476441    -1.128510    -0.359036
    -4.475963     1.107214    -0.359187
    -2.511885     3.804555    -0.351994
     1.734785     3.833661    -0.357977
     4.122098     0.545808    -0.357253
     1.735072    -3.856865    -0.358240
    -3.192301    -2.948349    -0.360653
    -3.847598     2.024533    -0.363486
     0.674960     4.178747    -0.358574
     4.122145    -0.568685    -0.357315
     0.675195    -4.202027    -0.358783
    -3.848431    -2.046738    -0.363312
    -3.191754     2.925441    -0.360495
     3.242546     3.105586    -1.290958
    -0.973063     4.477362    -1.292842
     3.896565     2.204965    -1.290881
     3.896710    -2.227902    -1.291098
     3.242755    -3.128616    -1.291221
    -0.973037    -4.500593    -1.293083
    -2.032185    -4.156720    -1.293095
    -4.640470    -0.568611    -1.298718
    -4.640300     0.546929    -1.298842
    -2.032175     4.133425    -1.292685
     2.201216     3.478967    -1.301626
     3.929536     1.099451    -1.301228
     2.201400    -3.502082    -1.301874
    -2.709847    -3.281852    -1.304347
    -4.016766     1.461138    -1.308067
     1.148086     3.833283    -1.306280
     3.940625    -0.011461    -1.305476
     1.148231    -3.856483    -1.306507
    -3.372703    -2.389415    -1.310210
    -3.372266     2.366711    -1.310325
     0.088273     4.166617    -1.302632
     3.929609    -1.122377    -1.301341
     0.088367    -4.189877    -1.302848
    -4.017166    -1.483342    -1.307888
    -2.709603     3.258791    -1.304220
     3.452252     2.570038    -0.345914
     3.452494    -2.593046    -0.346169
    -1.457743    -4.191557    -0.347818
    -4.497632    -0.010588    -0.354186
    -1.457821     4.168164    -0.347638
     2.988892     2.922500     0.600082
     3.644117    -2.042954     0.600110
    -0.874328    -4.204588     0.598391
    -4.332552    -0.570893     0.590733
    -1.936774     3.837033     0.598604
     3.643862     2.019999     0.600335
     2.989277    -2.945582     0.599779
    -1.936564    -3.860694     0.598650
    -4.332310     0.550060     0.590620
    -0.874633     4.181112     0.598370
     2.509323     3.258639     1.543416
     3.814917    -1.482126     1.543932
    -0.286479    -4.193840     1.542120
    -4.147098    -1.129087     1.535229
    -2.405898     3.486683     1.541846
     3.170862     2.365372     1.548136
     3.171294    -2.388395     1.547864
    -1.348799    -3.862824     1.546250
    -4.160027    -0.010688     1.537257
    -1.349391     3.839096     1.545776
     3.814673     1.459234     1.544102
     2.509943    -3.281790     1.543080
    -2.405734    -3.511113     1.543077
    -4.146367     1.107671     1.534391
    -0.287218     4.170372     1.542056
     3.715537     1.648681    -2.237419
     2.657337    -3.128428    -2.237888
    -2.212933    -3.599758    -2.240285
    -4.165668     0.889496    -2.244267
    -0.500352     4.132657    -2.238964
     3.728044     0.543368    -2.245099
     1.609881    -3.482309    -2.245860
    -2.873358    -2.712614    -2.248976
    -3.525817     1.791566    -2.250566
     0.554508     3.802580    -2.246100
     3.728071    -0.566325    -2.245151
     0.554556    -3.825747    -2.246314
    -3.526071    -1.814226    -2.250380
    -2.873120     2.689692    -2.249068
     1.609794     3.459209    -2.245646
     3.715619    -1.671637    -2.237571
    -0.500350    -4.155857    -2.239203
    -4.165823    -0.911835    -2.244131
    -2.212792     3.576676    -2.240165
     2.657219     3.105401    -2.237663
     0.664869     0.544858    -4.568150
     0.664856    -0.567934    -4.568180
    -0.393312    -0.912005    -4.568391
    -1.047555    -0.011529    -4.568746
    -0.393262     0.888940    -4.568365
     1.431674     1.102102    -3.999453
     1.431665    -1.125183    -3.999525
    -0.686374    -1.813985    -4.000054
    -1.995951    -0.011518    -4.001193
    -0.686266     1.790904    -3.999977
     1.444752    -0.011543    -4.015340
     0.376643    -1.482057    -4.015612
    -1.351834    -0.920512    -4.016319
    -1.351758     0.897441    -4.016314
     0.376696     1.458961    -4.015542
     2.195313     1.656960    -3.416008
     2.195332    -1.680018    -3.416131
    -0.978105    -2.712206    -3.417169
    -2.940301    -0.011455    -3.419551
    -0.977954     2.689106    -3.417019
     2.215491     0.545796    -3.441080
     1.144765    -2.042932    -3.441436
    -1.647971    -1.824927    -3.442628
    -2.303319     0.899708    -3.443430
     0.084798     2.364614    -3.441593
     2.215497    -0.568864    -3.441123
     0.084716    -2.387735    -3.441716
    -2.303430    -0.922726    -3.443399
    -1.647813     1.801851    -3.442590
     1.144788     2.019830    -3.441319
     2.949759     2.205051    -2.822426
     2.949830    -2.228062    -2.822604
    -1.266115    -3.599497    -2.824199
    -3.873089    -0.011294    -2.828063
    -1.265973     3.576372    -2.823968
     2.973825     1.099482    -2.847102
     1.905683    -2.592968    -2.847522
    -1.936005    -2.719087    -2.849341
    -3.242579     0.897655    -2.851483
    -0.207399     3.257266    -2.848075
     2.982562    -0.011512    -2.855087
     0.851719    -2.944995    -2.855774
    -2.596523    -1.824989    -2.858168
    -2.596305     1.802004    -2.858216
     0.851731     2.921865    -2.855607
     2.973861    -1.122503    -2.847197
    -0.207471    -3.280422    -2.848260
    -3.242725    -0.920468    -2.851408
    -1.935800     2.696007    -2.849252
     1.905645     2.569891    -2.847352
    -0.098720    -0.011899     5.393508
     1.352937     4.452826     2.463849
     4.591125    -0.011362     2.465476
     1.354101    -4.476114     2.463579
    -3.927327    -2.811863     2.466686
    -3.916193     2.761652     2.477200
     3.692853     2.744801    -2.223537
     3.692989    -2.767753    -2.223774
    -1.549551    -4.473228    -2.225883
    -4.791596    -0.011012    -2.231344
    -1.549501     4.450056    -2.225573
    -0.100642    -0.011524    -5.121868
     0.217112     0.901200     5.915623
     0.869563    -0.011411     5.915099
     0.218218    -0.924507     5.915872
     0.512589     1.810402     5.337392
     1.819204    -0.011308     5.336390
     0.514127    -1.833560     5.337560
     1.174736     0.904345     5.351784
     1.175519    -0.927183     5.351767
    -0.553596    -1.513852     5.359885
    -0.555095     1.490480     5.359421
     0.801872     2.717126     4.751505
     2.768894    -0.011282     4.751339
     0.803661    -2.740264     4.751566
     1.472178     1.817368     4.776777
     2.129266    -0.929096     4.777136
    -0.262429    -2.422388     4.778779
    -1.330715     2.070190     4.785095
     2.128659     0.906401     4.777194
     1.473422    -1.840261     4.776707
    -1.328699    -2.093292     4.786114
    -0.264305     2.399137     4.778363
     1.088909     3.618537     4.157053
     3.714582    -0.011294     4.157951
     1.090735    -3.641738     4.156981
     1.762866     2.724879     4.185761
     3.078181    -0.928981     4.186621
     0.024346    -3.324439     4.186220
    -2.108106     2.634997     4.191217
     2.427530     1.820259     4.196349
     2.428499    -1.843069     4.196189
    -1.041411    -2.997470     4.196176
    -1.043832     2.974401     4.195186
     3.077725     0.906306     4.186701
     1.764318    -2.747867     4.185593
    -2.105324    -2.657438     4.193520
     0.022320     3.301153     4.185949
     1.375571     4.512723     3.555894
     4.654019    -0.011301     3.557681
     1.377243    -4.535983     3.555678
     2.047184     3.621192     3.581307
     4.016628    -0.925790     3.582662
     0.311850    -4.215060     3.580824
    -2.881700     3.180854     3.582042
     2.714727     2.724024     3.594582
     3.372932    -1.839053     3.594909
    -0.753649    -3.889970     3.592022
    -1.820564     3.529824     3.589480
     3.372221     1.816253     3.595120
     2.715828    -2.746961     3.594294
    -1.817294    -3.552612     3.591733
    -0.756000     3.866635     3.591362
     4.016295     0.903104     3.582757
     2.048617    -3.644282     3.581007
    -2.879695    -3.202919     3.586729
     0.309964     4.191675     3.580742
     2.323967     4.510492     2.968135
     4.947329    -0.915469     2.969931
     0.606737    -5.095899     2.967234
    -3.648945     3.710050     2.962201
     2.989713     3.614908     2.976940
     4.303330    -1.826434     2.977786
    -0.458536    -4.767684     2.973854
    -2.589232     4.064002     2.967797
     3.650037     2.711928     2.980399
     3.650848    -2.734833     2.980050
    -1.523544    -4.432099     2.974533
    -1.526011     4.408429     2.973150
     4.302816     1.803669     2.978014
     2.990797    -3.637952     2.976512
    -2.586955    -4.088658     2.972770
    -0.460367     4.744150     2.973505
     4.947086     0.892844     2.970032
     2.325267    -4.533665     2.967692
     0.605138     5.072474     2.967332
     2.140844     5.068807     2.018300
     1.078976     5.415030     2.017040
     5.421013     0.547198     2.019898
     5.421089    -0.569820     2.019797
     2.141871    -5.092064     2.017873
     1.080033    -5.438323     2.016692
    -4.905497     2.798082     2.001679
    -4.242171     3.702475     2.010058
     2.623173     4.735491     1.069926
     0.491418     5.430023     1.068400
     5.253838     1.109722     1.071300
     5.253956    -1.132392     1.071157
     2.623905    -4.758688     1.069458
     0.492079    -5.453277     1.068179
    -3.775560    -4.077483     1.064355
    -5.101452    -2.261772     1.051853
    -5.097003     2.243157     1.051012
    -3.773210     4.051812     1.064139
     1.562751     5.098915     1.064761
     5.271032    -0.011322     1.066742
     1.563487    -5.122166     1.064391
    -4.453296    -3.180623     1.060824
    -4.448612     3.158979     1.055288
     3.100596     4.393193     0.119434
    -0.097648     5.434776     0.117405
     5.076612     1.670368     0.120384
     5.076761    -1.693103     0.120189
     3.101095    -4.416310     0.118993
    -0.097355    -5.457990     0.117243
    -3.300072    -4.421656     0.114612
    -5.282944    -1.700740     0.102589
    -5.281670     1.680980     0.102757
    -3.299712     4.397810     0.115309
     2.045228     4.768999     0.113485
     5.107308     0.550387     0.114924
     2.045709    -4.792188     0.113110
    -3.985038    -3.534452     0.107676
    -4.645136     2.605123     0.102516
     0.976999     5.116929     0.112791
     5.107359    -0.573090     0.114859
     0.977413    -5.140177     0.112512
    -4.646840    -2.626324     0.102839
    -3.983772     3.512278     0.107161
     3.571856     4.042350    -0.831118
    -0.686515     5.428624    -0.833520
     4.889231     2.227641    -0.830590
     4.889400    -2.250439    -0.830828
     3.572195    -4.065373    -0.831508
    -0.686446    -5.451803    -0.833694
    -2.820569    -4.759995    -0.834839
    -5.457177    -1.135965    -0.844791
    -5.456652     1.115209    -0.844809
    -2.820417     4.736652    -0.834375
     2.520524     4.421718    -0.838916
     4.924696     1.110501    -0.837994
     2.520838    -4.444823    -0.839265
    -3.506812    -3.877700    -0.843389
    -4.826648     2.040741    -0.849487
     1.457653     4.780966    -0.842778
     4.937344    -0.011378    -0.841325
     1.457913    -4.804152    -0.843073
    -4.177412    -2.977950    -0.849401
    -4.176582     2.955795    -0.849675
     0.386926     5.116353    -0.840183
     4.924781    -1.133269    -0.838118
     0.387103    -5.139591    -0.840417
    -4.827501    -2.062119    -0.849266
    -3.506299     3.854915    -0.843505
     4.036455     3.684478    -1.779637
    -1.273548     5.412391    -1.782139
     4.692882     2.780469    -1.779364
     4.693057    -2.803308    -1.779626
     4.036694    -3.707407    -1.779987
    -1.273565    -5.435537    -1.782356
    -2.336561    -5.090740    -1.782964
    -5.622026    -0.570446    -1.791147
    -5.621828     0.549131    -1.791169
    -2.336469     5.067576    -1.782609
     2.986199     4.059119    -1.787215
     4.724271     1.665937    -1.786676
     2.986413    -4.082139    -1.787530
    -3.017835    -4.207768    -1.791014
    -4.991058     1.470331    -1.796859
     1.929182     4.421405    -1.794626
     4.741792     0.548749    -1.793673
     1.929356    -4.444507    -1.794915
    -3.689350    -3.314286    -1.799622
    -4.347925     2.385147    -1.801967
     0.863853     4.768140    -1.795195
     4.741826    -0.571564    -1.793730
     0.863972    -4.791317    -1.795460
    -4.348477    -2.407344    -1.801650
    -3.688872     3.291638    -1.799862
    -0.203939     5.097275    -1.788861
     4.724373    -1.688761    -1.786846
    -0.203887    -5.120486    -1.789108
    -4.991495    -1.492051    -1.796634
    -3.017533     4.184817    -1.790992
     4.244321     3.145042    -0.826090
     4.244584    -3.167965    -0.826416
    -1.759048    -5.122328    -0.829381
    -5.475409    -0.010377    -0.840276
    -1.758996     5.099091    -0.829200
     3.783076     3.504422     0.125594
     4.443483    -2.617736     0.125630
    -1.173385    -5.142238     0.122416
    -5.316036    -0.575208     0.106647
    -2.243358     4.772292     0.121731
     4.443206     2.594863     0.125929
     3.783469    -3.527422     0.125203
    -2.243422    -4.795604     0.121761
    -5.315742     0.555355     0.106730
    -1.173524     5.118924     0.122459
     3.307814     3.851679     1.078021
     4.626276    -2.057588     1.078596
    -0.582566    -5.143434     1.075268
    -5.139809    -1.138668     1.053542
    -2.720679     4.429645     1.072607
     3.976994     2.950561     1.081839
     3.977432    -2.973503     1.081470
    -1.655276    -4.810386     1.077352
    -5.154190    -0.009367     1.054273
    -1.655691     4.786888     1.077027
     4.625999     2.034786     1.078846
     3.308409    -3.874754     1.077568
    -2.720648    -4.453083     1.073590
    -5.138881     1.120556     1.053478
    -0.583125     5.120050     1.075231
     2.821036     4.184719     2.026012
     4.791816    -1.490567     2.027196
     0.009755    -5.125665     2.024004
    -4.951617    -1.697582     2.003911
    -3.188229     4.074220     2.018755
     3.491367     3.290137     2.033609
     4.149878    -2.405618     2.033795
    -1.059427    -4.799781     2.029304
    -4.974425    -0.572917     2.001708
    -2.128115     4.433130     2.026380
     4.149402     2.382758     2.034111
     3.492063    -3.313139     2.033183
    -2.127121    -4.457004     2.027745
    -4.973996     0.555167     2.001338
    -1.060567     4.776220     2.028836
     4.791555     1.467842     2.027380
     2.821928    -4.207858     2.025535
    -3.191573    -4.097317     2.024700
    -4.949502     1.679955     2.001691
     0.008662     5.102262     2.024005
     4.511086     2.221959    -2.729462
     3.448903    -3.707307    -2.730065
    -2.518171    -4.531279    -2.733156
    -5.144716     0.893585    -2.738902
    -0.798873     5.066202    -2.731702
     4.524302     1.106598    -2.737567
     2.392257    -4.064879    -2.738467
    -3.184833    -3.636622    -2.742304
    -4.499547     1.804092    -2.745637
     0.265838     4.733710    -2.739216
     4.528926    -0.011431    -2.740429
     1.330466    -4.415217    -2.741738
    -3.846101    -2.734372    -2.746562
    -3.845748     2.711753    -2.746875
     1.330405     4.392142    -2.741482
     4.524354    -1.129460    -2.737674
     0.265849    -4.756836    -2.739473
    -4.499848    -1.826436    -2.745338
    -3.184517     3.613795    -2.742455
     2.392155     4.041870    -2.738198
     4.511189    -2.244824    -2.729670
    -0.798909    -5.089347    -2.731973
    -5.144872    -0.915673    -2.738742
    -2.517922     4.508343    -2.733048
     3.448782     3.684360    -2.729778
     0.668494     0.547052    -5.665245
     0.668469    -0.570074    -5.665279
    -0.393760    -0.915454    -5.665616
    -1.050285    -0.011507    -5.666117
    -0.393708     0.892436    -5.665593
     1.442561     1.109589    -5.091969
     1.442536    -1.132623    -5.092042
    -0.689536    -1.825829    -5.092762
    -2.007482    -0.011507    -5.094028
    -0.689424     1.802807    -5.092697
     1.454349    -0.011521    -5.105259
     0.380127    -1.490506    -5.105600
    -1.358157    -0.925630    -5.106506
    -1.358087     0.902607    -5.106501
     0.380188     1.467469    -5.105529
     2.214211     1.670305    -4.508725
     2.214203    -1.693326    -4.508848
    -0.984318    -2.733431    -4.510087
    -2.961653    -0.011474    -4.512563
    -0.984147     2.710396    -4.509961
     2.232908     0.550277    -4.533598
     1.154883    -2.057507    -4.534009
    -1.657990    -1.838152    -4.535421
    -2.318403     0.905839    -4.536241
     0.086541     2.381911    -4.534227
     2.232905    -0.573311    -4.533639
     0.086435    -2.404962    -4.534347
    -2.318502    -0.928842    -4.536215
    -1.657836     1.815124    -4.535391
     1.154932     2.034463    -4.533891
     2.981309     2.227646    -3.916316
     2.981342    -2.250628    -3.916492
    -1.277255    -3.635708    -3.918307
    -3.910230    -0.011370    -3.922207
    -1.277048     3.612652    -3.918117
     3.003895     1.110480    -3.944547
     1.925865    -2.617658    -3.945028
    -1.952507    -2.745029    -3.947071
    -3.271651     0.905931    -3.949181
    -0.207895     3.288661    -3.945659
     3.012498    -0.011502    -3.954326
     0.861530    -2.972882    -3.955107
    -2.619142    -1.842003    -3.957686
    -2.618927     1.819024    -3.957731
     0.861597     2.949820    -3.954939
     3.003911    -1.133478    -3.944640
    -0.208030    -3.311736    -3.945838
    -3.271783    -0.928811    -3.949118
    -1.952274     2.722000    -3.947000
     1.925874     2.594629    -3.944856
     3.742325     2.780496    -3.316747
     3.742419    -2.803426    -3.316976
    -1.567720    -4.530774    -3.319295
    -4.851383    -0.011177    -3.324530
    -1.567514     4.507689    -3.319054
     3.763004     1.665954    -3.341402
     2.688778    -3.167837    -3.341936
    -2.240005    -3.641163    -3.344573
    -4.212527     0.902964    -3.348345
    -0.501444     4.182620    -3.343065
     3.777102     0.548713    -3.353866
     1.630592    -3.526857    -3.354708
    -2.908436    -2.745246    -3.358001
    -3.566951     1.815526    -3.359457
     0.565218     3.850402    -3.354945
     3.777121    -0.571657    -3.353917
     0.565167    -3.873495    -3.355165
    -3.567227    -1.838309    -3.359305
    -2.908123     2.722311    -3.358072
     1.630583     3.503810    -3.354488
     3.763059    -1.688893    -3.341551
    -0.501567    -4.205732    -3.343301
    -4.212682    -0.925541    -3.348237
    -2.239734     3.618144    -3.344463
     2.688722     3.144847    -3.341707