
       0.015142    -0.082368     0.978406
       0.288130     0.758332     0.432439
       0.898736    -0.082475     0.432277
       0.288375    -0.923365     0.432442
      -0.699701    -0.602033     0.432439
      -0.699829     0.437187     0.432515
       0.730050     0.437070    -0.451195
       0.730354    -0.602250    -0.451380
      -0.257819    -0.923367    -0.451322
      -0.868339    -0.082372    -0.451103
      -0.257929     0.758330    -0.451108
       0.015291    -0.082479    -0.997174
       0.300128     0.796032     1.483940
       0.938046    -0.081969     1.483955
       0.300468    -0.960289     1.484141
      -0.731630    -0.624685     1.484062
      -0.731651     0.460646     1.484020
       1.223134     0.795959     0.913473
       1.223502    -0.960420     0.913631
      -0.446331    -1.503170     0.913829
      -1.478424    -0.082217     0.913712
      -0.446524     1.338573     0.913560
       1.046832     1.338561    -0.009388
       0.014969     1.673921    -0.009256
       1.684772     0.460533    -0.009446
       1.685153    -0.625016    -0.009629
       1.047512    -1.503382    -0.009491
       0.015226    -1.838831    -0.009406
      -1.016955    -1.503172    -0.009465
      -1.654579    -0.624689    -0.009308
      -1.654553     0.460642    -0.009274
      -1.016808     1.338570    -0.009182
       1.508842    -0.082352    -0.932511
       0.476958    -1.503384    -0.932671
      -1.193076    -0.960295    -0.932476
      -1.193053     0.796026    -0.932088
       0.476555     1.338559    -0.932120
       0.761907     0.460530    -1.502680
       0.762243    -0.625020    -1.502935
      -0.270001    -0.960426    -1.502919
      -0.907776    -0.081977    -1.502662
      -0.270028     0.795953    -1.502526
       0.015073    -0.081632     2.028270
       0.578079     1.651800     0.901878
       1.837615    -0.081757     0.901850
       0.578748    -1.816633     0.902566
      -1.459746    -1.153692     0.902172
      -1.459481     0.989525     0.902002
       1.489495     0.989610    -0.920557
       1.490685    -1.154061    -0.921287
      -0.548448    -1.816638    -0.921284
      -1.807395    -0.081639    -0.920559
      -0.548139     1.651796    -0.920390
       0.015176    -0.081765    -2.046932
       0.303838     0.808386     2.541133
       0.950175    -0.080982     2.541195
       0.304149    -0.970722     2.541299
      -0.741575    -0.630796     2.541227
      -0.741544     0.468639     2.541174
       0.590453     1.690667     1.967590
       1.878033    -0.081017     1.967781
       0.591359    -1.854684     1.968549
      -1.492620    -1.176669     1.967938
      -1.492218     1.013773     1.967707
       1.246575     0.813719     1.983542
       1.246966    -0.976795     1.983912
      -0.455314    -1.530060     1.984067
      -1.507650    -0.081553     1.983731
      -0.455590     1.366730     1.983510
       1.525625     1.690633     1.389626
       2.167120    -0.970856     1.389921
      -0.165227    -2.404495     1.390818
      -2.249301    -0.627549     1.390139
      -1.203315     1.903156     1.389684
       2.166905     0.808326     1.389727
       1.526343    -1.854778     1.390643
      -1.203665    -2.066576     1.390431
      -2.248837     0.463754     1.389850
      -0.166020     2.240268     1.389637
       1.346970     2.240313     0.454563
       0.301531     2.579995     0.454664
       2.634573     0.468600     0.454650
       2.634818    -0.631050     0.454486
       1.347894    -2.404635     0.455477
       0.302152    -2.744414     0.455567
      -1.781932    -2.066579     0.454771
      -2.427697    -1.176673     0.454946
      -2.427316     1.013770     0.454681
      -1.781116     1.903153     0.454778
       1.810953     1.903341    -0.473202
      -0.271819     2.579993    -0.473040
       2.457268     1.013935    -0.473171
       2.458672    -1.177366    -0.474169
       1.812616    -2.066968    -0.474018
      -0.272337    -2.744417    -0.473980
      -1.317870    -2.404500    -0.474206
      -2.604581    -0.630804    -0.473195
      -2.604522     0.468631    -0.473203
      -1.317179     2.240263    -0.472985
       0.776064     2.261603    -0.479638
       2.478886    -0.081761    -0.480083
       0.776715    -2.425954    -0.480028
      -1.978221    -1.530066    -0.480059
      -1.977852     1.366723    -0.479573
       2.007782     1.366742     0.461094
       2.008632    -1.530430     0.461096
      -0.746475    -2.425737     0.461351
      -2.448546    -0.081557     0.461322
      -0.746284     2.261545     0.461221
       2.278850     0.463993    -1.408401
       1.234612    -2.066971    -1.409253
      -1.496250    -1.854692    -1.409289
      -2.136973     0.808376    -1.408202
       0.195811     2.240308    -1.408060
       2.280032    -0.627738    -1.409129
       0.195417    -2.404640    -1.409279
      -2.136979    -0.970732    -1.408549
      -1.495805     1.690658    -1.408063
       1.233130     1.903339    -1.408145
       0.771575     0.468592    -2.559758
       0.771835    -0.631058    -2.559900
      -0.274004    -0.970866    -2.559920
      -0.920144    -0.081029    -2.559786
      -0.273931     0.808316    -2.559647
       1.522147     1.013931    -1.986236
       1.523672    -1.177370    -1.987037
      -0.561216    -1.854786    -1.987112
      -1.847974    -0.080994    -1.986327
      -0.560635     1.690624    -1.986028
       1.537999    -0.081765    -2.002476
       0.485883    -1.530436    -2.002776
      -1.216794    -0.976805    -2.002554
      -1.216642     0.813709    -2.002046
       0.485498     1.366735    -2.002025
       0.015000    -0.080599     3.085939
       0.870212     2.551874     1.374813
       2.783417    -0.080657     1.375033
       0.871660    -2.717386     1.377113
      -2.225864    -1.709826     1.375658
      -2.224718     1.546032     1.374941
       2.254480     1.546435    -1.393343
       2.257735    -1.710273    -1.395346
      -0.841897    -2.717393    -1.395493
      -2.753433    -0.080611    -1.393502
      -0.840499     2.551867    -1.393190
       0.014929    -0.080669    -3.104497
       0.305949     0.815848     3.607273
       0.956992    -0.079841     3.607395
       0.306165    -0.975893     3.607531
      -0.747245    -0.633584     3.607430
      -0.747133     0.473687     3.607300
       0.596605     1.710374     3.037398
       1.898008    -0.079950     3.037706
       0.597256    -1.871707     3.038259
      -1.508770    -1.186974     3.037790
      -1.508393     1.026378     3.037485
       1.258506     0.823294     3.054363
       1.258885    -0.983978     3.054820
      -0.460062    -1.542570     3.054984
      -1.522417    -0.080363     3.054495
      -0.460176     1.381556     3.054259
       0.884020     2.595025     2.450478
       2.828409    -0.079844     2.450927
       0.885687    -2.759515     2.453010
      -2.262241    -1.734513     2.451083
      -2.261090     1.572985     2.450603
       1.548963     1.717320     2.473086
       2.199203    -0.984006     2.473726
      -0.168934    -2.438130     2.474485
      -2.283658    -0.633678     2.473493
      -1.220899     1.934002     2.473051
       2.198850     0.823289     2.473236
       1.549779    -1.879599     2.474279
      -1.221164    -2.095611     2.474171
      -2.283194     0.471885     2.473293
      -0.169701     2.275595     2.473016
       1.826043     2.595025     1.868291
       3.119587    -0.975949     1.868897
       0.123493    -3.313292     1.871075
      -3.024391    -1.182707     1.869171
      -1.970051     2.468780     1.868320
       2.479621     1.710371     1.873685
       2.480186    -1.871812     1.874598
      -0.926546    -2.979030     1.875067
      -3.032130    -0.081463     1.873951
      -0.926677     2.816786     1.873553
       3.119391     0.815858     1.868602
       1.827491    -2.759567     1.870911
      -1.971334    -2.631376     1.870325
      -3.023240     1.019000     1.868454
       0.121973     3.148600     1.868260
       1.646071     3.148679     0.926333
       0.592947     3.490800     0.926391
       3.590453     0.473777     0.926716
       3.590665    -0.633682     0.926643
       1.647609    -3.313389     0.928910
       0.594154    -3.655642     0.928994
      -2.554475    -2.631378     0.926779
      -3.204021    -1.734517     0.927245
      -3.203084     1.572981     0.926418
      -2.552120     2.468778     0.926509
       2.119836     2.817018    -0.009243
       0.014763     3.500814    -0.009133
       3.421219     1.026662    -0.009014
       3.422125    -1.187411    -0.009535
       2.121181    -2.979331    -0.008972
       0.014421    -3.663816    -0.008903
      -2.091468    -2.979035    -0.009826
      -3.391822    -1.186982    -0.009067
      -3.391386     1.026370    -0.009275
      -2.090186     2.816781    -0.009052
       1.073866     3.179093    -0.014063
       3.442966    -0.080368    -0.014090
       1.074638    -3.342612    -0.013344
      -2.759082    -2.095618    -0.014245
      -2.757971     1.933995    -0.013996
       2.581774     2.469240    -0.944793
      -0.563420     3.490795    -0.944658
       3.232784     1.573531    -0.944696
       3.236162    -1.736006    -0.946895
       2.585337    -2.632006    -0.946785
      -0.565191    -3.655646    -0.946875
      -1.618300    -3.313299    -0.947220
      -3.560756    -0.633596    -0.944948
      -3.560592     0.473675    -0.944995
      -1.616477     3.148592    -0.944626
       1.544035     2.837643    -0.954269
       3.263230     0.472246    -0.954413
       1.545554    -3.000467    -0.955193
      -2.288786    -2.438139    -0.955525
      -2.937609     1.381545    -0.954330
       0.492822     3.179091    -0.954215
       3.264199    -0.633941    -0.955112
       0.492540    -3.342614    -0.955204
      -2.938199    -1.542580    -0.954745
      -2.287827     2.275586    -0.954199
       2.787726     1.934272    -0.004308
       2.789499    -2.096312    -0.004870
      -1.045399    -3.342363    -0.004785
      -3.412868    -0.080371    -0.004334
      -1.044280     3.179001    -0.004231
       2.317528     2.275684     0.935880
       2.968187    -1.542873     0.936238
      -0.463233    -3.342361     0.937183
      -3.233645    -0.633682     0.936375
      -1.514416     2.837409     0.935949
       2.967411     1.381643     0.936013
       2.318642    -2.438436     0.936951
      -1.515622    -2.999929     0.936709
      -3.233261     0.471881     0.936045
      -0.463243     3.179003     0.935911
       3.052939     1.019730    -1.886814
       2.003042    -2.632008    -1.888963
      -1.797933    -2.759526    -1.889200
      -3.089613     0.815834    -1.886887
      -0.092391     3.148672    -1.886572
       3.062191    -0.080747    -1.892529
       0.956661    -2.979336    -1.893215
      -2.450388    -1.871720    -1.892956
      -2.449917     1.710361    -1.892002
       0.956288     2.817013    -1.891911
       3.056148    -1.182425    -1.888792
      -0.093993    -3.313396    -1.889075
      -3.089743    -0.975907    -1.887188
      -1.796427     2.595014    -1.886596
       1.999655     2.469238    -1.886685
       0.776833     0.473765    -3.625837
       0.776996    -0.633693    -3.625990
      -0.276453    -0.975963    -3.626037
      -0.927258    -0.079860    -3.625898
      -0.276281     0.815844    -3.625737
       1.538089     1.026654    -3.055997
       1.538965    -1.187419    -3.056567
      -0.567501    -1.871825    -3.056687
      -1.868179    -0.079966    -3.056141
      -0.566945     1.710359    -3.055786
       1.552357    -0.080376    -3.073174
       0.490033    -1.542883    -3.073517
      -1.229039    -0.984020    -3.073312
      -1.228763     0.823275    -3.072784
       0.489881     1.381633    -3.072734
       2.290713     1.573527    -2.469005
       2.294199    -1.736010    -2.471031
      -0.856098    -2.759578    -2.471248
      -2.798562    -0.079856    -2.469248
      -0.854414     2.595014    -2.468801
       2.313023     0.472242    -2.491888
       1.251873    -2.096318    -2.492812
      -1.519966    -1.879611    -2.492695
      -2.169075     0.823280    -2.491607
       0.199359     2.275676    -2.491406
       2.314084    -0.633945    -2.492437
       0.198910    -2.438444    -2.492864
      -2.169311    -0.983992    -2.492144
      -1.519271     1.717307    -2.491445
       1.250569     1.934266    -2.491493
       0.014931    -0.079583     4.154492
       1.165364     3.461071     1.852589
       3.738993    -0.079555     1.853117
       1.168475    -3.630199     1.858025
      -3.000423    -2.274181     1.854360
      -2.997763     2.108211     1.852705
       3.027328     2.108936    -1.870988
       3.035026    -2.273915    -1.875735
      -1.139294    -3.630209    -1.876041
      -3.709206    -0.079598    -1.871316
      -1.135839     3.461061    -1.870854
       0.014668    -0.079570    -4.172996
       0.307499     0.821464     4.683463
       0.961969    -0.078913     4.683667
       0.307617    -0.979576     4.683960
      -0.751390    -0.635522     4.683779
      -0.751254     0.477510     4.683502
       0.600574     1.723277     4.114395
       1.910735    -0.078994     4.114807
       0.600868    -1.881946     4.115601
      -1.519058    -1.193121     4.115042
      -1.518743     1.034752     4.114480
       1.266359     0.829878     4.130801
       1.266640    -0.988303     4.131424
      -0.463232    -1.550304     4.131665
      -1.532124    -0.079231     4.130960
      -0.463172     1.391590     4.130657
       0.892394     2.621382     3.530390
       2.855532    -0.078983     3.530979
       0.893021    -2.781131     3.532945
      -2.283744    -1.748221     3.531352
      -2.283028     1.589680     3.530511
       1.562549     1.734146     3.556090
       2.218785    -0.990599     3.556960
      -0.171168    -2.456873     3.557823
      -2.303913    -0.637017     3.556524
      -1.232007     1.952598     3.556013
       2.218358     0.832061     3.556281
       1.563293    -1.893306     3.557536
      -1.232300    -2.111785     3.557615
      -2.303634     0.478074     3.556300
      -0.171228     2.297250     3.555979
       1.180641     3.508588     2.936203
       3.788662    -0.078872     2.936918
       1.183473    -3.675322     2.942933
      -3.040409    -2.296494     2.937100
      -3.037897     2.137870     2.936329
       1.850668     2.628176     2.961447
       3.158457    -0.988306     2.962390
       0.121486    -3.351609     2.964559
      -3.063715    -1.191518     2.962192
      -1.993468     2.502816     2.961421
       2.511450     1.734158     2.969673
       2.512387    -1.893327     2.971039
      -0.938998    -3.014870     2.971702
      -3.071672    -0.079972     2.969952
      -0.938876     2.854728     2.969466
       3.158003     0.829905     2.961815
       1.852328    -2.789115     2.964330
      -1.994101    -2.662290     2.964088
      -3.062464     1.031744     2.961651
       0.121159     3.189916     2.961368
       2.127677     3.508612     2.350923
       4.081523    -0.979559     2.351877
       0.415778    -4.233084     2.356851
      -3.804991    -1.747378     2.351607
      -2.745269     3.038351     2.350935
       2.788115     2.621422     2.358824
       3.441938    -1.882015     2.359946
      -0.641851    -3.896661     2.361159
      -3.817152    -0.636817     2.359120
      -1.697322     3.392068     2.358689
       3.441041     1.723341     2.359018
       2.789943    -2.781222     2.360690
      -1.697519    -3.553103     2.361336
      -3.816891     0.474751     2.358956
      -0.641224     3.735231     2.358667
       4.081145     0.821549     2.351459
       2.132043    -3.675328     2.356711
      -2.746931    -3.202476     2.357957
      -3.804109     1.581039     2.351053
       0.414501     4.065076     2.350872
       1.946750     4.065175     1.403919
       0.887986     4.409093     1.403943
       4.554744     0.477691     1.404584
       4.555060    -0.635502     1.404668
       1.950813    -4.233163     1.407995
       0.889747    -4.577880     1.408064
      -3.337484    -3.202479     1.402417
      -3.986735    -2.296498     1.405905
      -3.984932     2.137866     1.403986
      -3.330475     3.038348     1.404047
       2.425913     3.735484     0.463139
       0.306574     4.423867     0.463189
       4.389035     1.035112     0.463608
       4.389844    -1.193277     0.463824
       2.427714    -3.897023     0.463788
       0.306018    -4.586313     0.463879
      -2.871191    -3.553108     0.462287
      -4.179856    -1.748229     0.463363
      -4.178792     1.589672     0.463086
      -2.868750     3.392063     0.463268
       1.372559     4.099090     0.458552
       4.409934    -0.079056     0.459072
       1.373631    -4.262464     0.459523
      -3.542946    -2.662296     0.457992
      -3.540289     2.502809     0.458600
       2.898271     3.392535    -0.481442
      -0.277193     4.423864    -0.481370
       4.208438     1.590295    -0.481196
       4.210540    -1.749003    -0.481025
       2.900119    -3.553749    -0.481150
      -0.278038    -4.586315    -0.481148
      -2.398918    -3.896668    -0.481849
      -4.359944    -1.193133    -0.481630
      -4.359305     1.034740    -0.481669
      -2.396426     3.735224    -0.481324
       1.850819     3.766275    -0.488303
       4.240966     0.478582    -0.488037
       1.851818    -3.928294    -0.488368
      -3.077895    -3.014879    -0.489122
      -3.731567     1.952587    -0.488380
       0.790024     4.110819    -0.488270
       4.241642    -0.636895    -0.488102
       0.790201    -4.273213    -0.488358
      -3.733122    -2.111795    -0.488819
      -3.075853     2.854719    -0.488253
       3.359984     3.039067    -1.422225
      -0.858609     4.409086    -1.422121
       4.014465     2.138722    -1.422142
       4.022707    -2.301521    -1.425353
       3.367253    -3.203916    -1.425310
      -0.861487    -4.577887    -1.425506
      -1.922074    -4.233094    -1.425892
      -4.525323    -0.635538    -1.422603
      -4.525018     0.477494    -1.422604
      -1.917316     4.065067    -1.422106
       2.318330     3.412320    -1.432809
       4.048279     1.032634    -1.432785
       2.320337    -3.574602    -1.434031
      -2.597238    -3.351620    -1.434450
      -3.901706     1.391576    -1.433035
       1.264460     3.766273    -1.437056
       4.060178    -0.079157    -1.437238
       1.264983    -3.928296    -1.437892
      -3.258751    -2.456885    -1.438014
      -3.257139     2.297237    -1.437154
       0.203683     4.099085    -1.432739
       4.050866    -1.191652    -1.433695
       0.203313    -4.262469    -1.434101
      -3.902627    -1.550319    -1.433420
      -2.594545     3.189904    -1.432755
       3.569890     2.503378    -0.476756
       3.572967    -2.664135    -0.476885
      -1.345285    -4.262132    -0.477011
      -4.380027    -0.079243    -0.477067
      -1.343129     4.098980    -0.476745
       3.105435     2.855042     0.470068
       3.762823    -2.112404     0.470750
      -0.762055    -4.272811     0.470985
      -4.211393    -0.637025     0.470141
      -1.821352     3.766021     0.470093
       3.761236     1.952949     0.470228
       3.107368    -3.015590     0.470844
      -1.823413    -3.927507     0.470816
      -4.211071     0.478066     0.469988
      -0.760601     4.110714     0.470065
       2.624071     3.190048     1.414549
       3.932297    -1.550479     1.415434
      -0.174975    -4.262127     1.416600
      -4.019603    -1.191522     1.415524
      -2.288854     3.411862     1.414574
       3.286751     2.297405     1.418958
       3.288287    -2.457201     1.419958
      -1.236563    -3.927505     1.420365
      -4.030105    -0.079975     1.419167
      -1.235012     3.766024     1.418816
       3.931393     1.391768     1.414896
       2.626464    -3.351885     1.416406
      -2.291561    -3.572844     1.416265
      -4.018565     1.031741     1.414640
      -0.174268     4.098985     1.414522
       3.833666     1.582155    -2.369329
       2.780735    -3.203919    -2.374321
      -2.102955    -3.675336    -2.374646
      -4.051490     0.821446    -2.369564
      -0.385090     4.065165    -2.369095
       3.846660     0.476290    -2.377356
       1.727345    -3.553754    -2.378749
      -2.760574    -2.781146    -2.378725
      -3.411436     1.723261    -2.377204
       0.670658     3.735477    -2.376935
       3.847830    -0.634178    -2.378077
       0.670901    -3.897031    -2.378808
      -3.412375    -1.881962    -2.377993
      -2.758582     2.621367    -2.377041
       1.726764     3.392530    -2.376991
       3.841335    -1.744028    -2.374060
      -0.386899    -4.233173    -2.374520
      -4.051878    -0.979594    -2.369885
      -2.098219     3.508574    -2.369129
       2.774710     3.039064    -2.369222
       0.780665     0.477675    -4.702035
       0.780733    -0.635518    -4.702350
      -0.278248    -0.979577    -4.702414
      -0.932498    -0.078892    -4.702116
      -0.278047     0.821531    -4.701896
       1.548188     1.035100    -4.133001
       1.548361    -1.193289    -4.133813
      -0.571497    -1.882032    -4.133958
      -1.881153    -0.079002    -4.133175
      -0.571076     1.723324    -4.132754
       1.561594    -0.079068    -4.149661
       0.492595    -1.550493    -4.150147
      -1.237117    -0.988324    -4.149832
      -1.236810     0.829887    -4.149176
       0.492666     1.391753    -4.149109
       2.312477     1.590287    -3.548940
       2.313271    -1.749011    -3.550884
      -0.863744    -2.781237    -3.551127
      -2.825874    -0.079013    -3.549223
      -0.862904     2.621407    -3.548678
       2.333146     0.478574    -3.574970
       1.261754    -2.112414    -3.576084
      -1.533785    -1.893343    -3.575835
      -2.188741     0.832043    -3.574589
       0.200735     2.297392    -3.574345
       2.333508    -0.636903    -3.575542
       0.200538    -2.457214    -3.576148
      -2.189153    -0.990617    -3.575268
      -1.532991     1.734141    -3.574400
       1.261501     1.952939    -3.574446
       3.067333     2.138719    -2.954640
       3.073902    -2.301525    -2.960560
      -1.154407    -3.675341    -2.960902
      -3.758981    -0.078932    -2.955026
      -1.151199     3.508598    -2.954434
       3.091977     1.032630    -2.980121
       2.024437    -2.664141    -2.982471
      -1.822972    -2.789130    -2.982459
      -3.128357     0.829859    -2.980033
      -0.091686     3.190037    -2.979658
       3.101284    -0.079160    -2.988768
       0.968541    -3.015599    -2.989867
      -2.482814    -1.893323    -2.989234
      -2.481861     1.734129    -2.987935
       0.968358     2.855033    -2.987813
       3.093953    -1.191656    -2.982020
      -0.092261    -3.351896    -2.982605
      -3.128785    -0.988321    -2.980556
      -1.821148     2.628160    -2.979704
       2.022933     2.503372    -2.979796
       0.014875    -0.078772     5.237239
       1.464457     4.382226     2.336701
       4.707327    -0.078679     2.337513
       1.474427    -4.571403     2.353319
      -3.784941    -2.864663     2.339218
      -3.781069     2.677754     2.336811
       3.810508     2.678731    -2.355019
       3.836033    -2.855372    -2.370780
      -1.445468    -4.571415    -2.371193
      -4.677666    -0.078792    -2.355489
      -1.435084     4.382214    -2.354877
       0.014468    -0.078698    -5.255729
       0.308610     0.825546     5.780173
       0.965649    -0.078303     5.780407
       0.308658    -0.982310     5.780885
      -0.754399    -0.637049     5.780610
      -0.754294     0.480289     5.780211
       0.604459     1.735824     5.206632
       1.923189    -0.078367     5.207107
       0.604556    -1.892813     5.208192
      -1.529127    -1.199697     5.207527
      -1.528919     1.042760     5.206721
       1.273481     0.835750     5.220475
       1.273624    -0.992707     5.221237
      -0.465981    -1.557782     5.221537
      -1.540984    -0.078512     5.220683
      -0.465897     1.400631     5.220318
       0.899349     2.643287     4.622891
       2.877868    -0.078386     4.623567
       0.899402    -2.800271     4.625878
      -2.301444    -1.760303     4.624379
      -2.301186     1.603502     4.623022
       1.573406     1.748156     4.648467
       2.234697    -0.995997     4.649491
      -0.172312    -2.472558     4.650539
      -2.320389    -0.640427     4.649068
      -1.241323     1.967677     4.648379
       2.234371     0.838947     4.648688
       1.573821    -1.905317     4.650197
      -1.241616    -2.125135     4.650225
      -2.320268     0.483304     4.648710
      -0.172137     2.315034     4.648340
       1.192449     3.545356     4.029944
       3.826825    -0.078327     4.030782
       1.192919    -3.703741     4.036139
      -3.069061    -2.316727     4.032446
      -3.068819     2.160898     4.030092
       1.868019     2.654851     4.058850
       3.188710    -0.995988     4.059982
       0.121604    -3.379959     4.062369
      -3.092331    -1.200407     4.059996
      -2.012925     2.527949     4.058816
       2.535094     1.751980     4.068919
       2.536059    -1.909124     4.070629
      -0.948463    -3.041137     4.071461
      -3.100822    -0.078633     4.069302
      -0.947889     2.883076     4.068677
       3.188177     0.838968     4.059272
       1.869319    -2.812066     4.062098
      -2.013502    -2.685656     4.061541
      -3.091901     1.043541     4.059098
       0.122487     3.221738     4.058753
       1.483142     4.440091     3.429871
       4.767875    -0.078223     3.430830
      -3.830454    -2.870725     3.434592
      -3.830089     2.713745     3.430002
       2.155649     3.550650     3.455060
       4.129949    -0.992681     3.456213
       0.416941    -4.278922     3.460496
      -3.852845    -1.755832     3.457489
      -2.776217     3.078246     3.455054
       2.824389     2.654874     3.467812
       3.484836    -1.905333     3.469310
      -0.652635    -3.942797     3.471195
      -3.866374    -0.639047     3.468628
      -1.717456     3.437182     3.467645
       3.483567     1.748203     3.468017
       2.826483    -2.812083     3.470619
      -1.717750    -3.595919     3.470944
      -3.865868     0.481406     3.468098
      -0.651232     3.783616     3.467623
       4.129359     0.835818     3.455646
       2.158631    -3.712835     3.460302
      -2.778301    -3.237359     3.459019
      -3.851341     1.598972     3.455256
       0.416304     4.115549     3.454988
       2.433826     4.440125     2.842343
       5.062053    -0.982294     2.843535
      -4.598552    -2.314137     2.842054
      -3.536259     3.617668     2.842352
       3.100612     3.545421     2.850687
       4.417407    -1.892865     2.852039
      -0.354578    -4.828546     2.854592
      -4.612443    -1.198558     2.850636
      -2.479166     3.975107     2.850571
       3.762101     2.643385     2.853722
       3.764539    -2.800381     2.855342
      -1.418448    -4.485389     2.856374
      -4.617437    -0.079690     2.853719
      -1.416661     4.325187     2.853409
       4.416149     1.735953     2.851080
       3.105578    -3.703827     2.854198
      -2.481032    -4.136511     2.855705
      -4.612731     1.039058     2.850808
      -0.351305     4.666506     2.850534
       5.061484     0.825694     2.843060
      -4.599263     2.154871     2.842482
       0.714001     4.998699     2.842288
       2.252213     4.998807     1.891665
       1.189337     5.344040     1.891674
       5.536950     0.480518     1.892487
       5.537368    -0.636950     1.892742
      -4.785025    -2.870729     1.890056
      -4.780769     2.713741     1.891762
      -4.123757     3.617666     1.891757
       2.736055     4.666766     0.942521
       0.602738     5.359671     0.942525
       5.370446     1.043123     0.943136
       5.371370    -1.199728     0.943772
       2.740034    -4.829080     0.942130
       0.601300    -5.523871     0.942178
      -3.663766    -4.136516     0.941992
      -4.979254    -2.316735     0.941674
      -4.977050     2.160890     0.942494
      -3.658357     3.975102     0.942589
       1.674818     5.029882     0.937909
       5.388470    -0.078310     0.938772
       1.676828    -5.195432     0.940271
      -4.336332    -3.237365     0.938061
      -4.331867     3.078239     0.937947
       3.215110     4.325651    -0.009068
       0.014633     5.365096    -0.009057
       5.193688     1.604067    -0.008712
       5.195548    -1.760601    -0.007222
       3.217121    -4.486316    -0.008535
       0.013706    -5.527033    -0.008457
      -3.189157    -4.485396    -0.008707
      -5.165404    -1.760314    -0.009627
      -5.164082     1.603490    -0.009263
      -3.185726     4.325180    -0.009013
       2.159096     4.701335    -0.014688
       5.225426     0.483756    -0.014124
       2.160339    -4.863143    -0.015243
      -3.872700    -3.595928    -0.015854
      -4.530529     2.527938    -0.014771
       1.089915     5.048601    -0.014676
       5.226019    -0.640237    -0.013714
       1.090186    -5.210812    -0.015223
      -4.533212    -2.685666    -0.015455
      -3.869634     3.437173    -0.014667
       3.687764     3.975798    -0.960676
      -0.573475     5.359666    -0.960637
       5.006570     2.161713    -0.960526
       5.011546    -2.318920    -0.958485
       3.690552    -4.138390    -0.959153
      -0.573783    -5.523876    -0.959155
      -2.711782    -4.828556    -0.959462
      -5.341593    -1.199713    -0.961203
      -5.340785     1.042744    -0.961037
      -2.706710     4.666497    -0.960610
       2.635963     4.355081    -0.968338
       5.043038     1.044343    -0.968153
       2.636807    -4.516938    -0.968256
      -3.396586    -3.942809    -0.968631
      -4.712774     1.967662    -0.968572
       1.572185     4.713905    -0.971671
       5.056488    -0.077875    -0.971244
       1.572825    -4.875700    -0.972042
      -4.065780    -3.041150    -0.972488
      -4.063046     2.883063    -0.971777
       0.500544     5.048598    -0.968303
       5.045019    -1.200106    -0.967408
       0.501177    -5.210814    -0.968262
      -4.714546    -2.125150    -0.969120
      -3.392780     3.783605    -0.968317
       4.153161     3.618581    -1.909882
      -1.160081     5.344030    -1.909782
       4.810219     2.714764    -1.909807
      -5.507703    -0.637069    -1.910434
      -5.507302     0.480270    -1.910353
      -2.222912     4.998687    -1.909760
       3.102652     3.993113    -1.917546
       4.842438     1.600104    -1.917608
       3.106954    -4.156317    -1.920184
      -2.908682    -4.278936    -1.920501
      -4.877545     1.400613    -1.917912
       2.044945     4.355078    -1.924630
       4.860637     0.482721    -1.924782
       2.045269    -4.516941    -1.925389
      -3.579095    -3.379974    -1.925516
      -4.234581     2.315017    -1.924864
       0.978712     4.701330    -1.924599
       4.861995    -0.637645    -1.924618
       0.979786    -4.863147    -1.925427
      -4.236615    -2.472575    -1.925673
      -3.575481     3.221723    -1.924712
      -0.089893     5.029875    -1.917467
       4.847971    -1.758760    -1.919604
      -0.091084    -5.195439    -1.920284
      -4.878666    -1.557800    -1.918371
      -2.904060     4.115535    -1.917498
       4.361346     3.079049    -0.956002
       4.367147    -3.240343    -0.957022
      -1.648951    -5.195048    -0.957164
      -5.358666    -0.078528    -0.956484
      -1.645516     5.029764    -0.956019
       3.899106     3.437741    -0.003399
       4.562619    -2.686867    -0.001333
      -1.062628    -5.210356    -0.001666
      -5.195961    -0.640439    -0.003727
      -2.129760     4.701075    -0.003430
       4.560084     2.528552    -0.003265
       3.901682    -3.597443    -0.001728
      -2.132644    -4.862196    -0.001522
      -5.195589     0.483292    -0.003679
      -1.060616     5.048489    -0.003450
       3.422213     3.783946     0.950223
       4.744058    -2.125494     0.951666
      -0.473723    -5.210353     0.951206
      -5.014305    -1.200415     0.950163
      -2.606604     4.354630     0.950206
       4.092564     2.883454     0.953704
       4.094953    -3.041930     0.954978
      -1.545539    -4.874597     0.955204
      -5.026428    -0.078641     0.953591
      -1.542863     4.713653     0.953525
       4.742374     1.968074     0.950553
       3.425369    -3.943548     0.951031
      -2.609810    -4.514697     0.951974
      -5.013314     1.043533     0.950171
      -0.471252     5.048491     0.950166
       2.933446     4.115703     1.899379
       4.908227    -1.557860     1.900635
       0.118685    -5.195041     1.902943
      -4.815521    -1.755836     1.899839
      -3.073289     3.992436     1.899378
       3.604942     3.221928     1.906597
       4.266010    -2.472840     1.907910
      -0.952382    -4.862191     1.908189
      -4.831537    -0.639051     1.906955
      -2.015617     4.354632     1.906448
       4.264118     2.315258     1.906786
       3.608214    -3.380349     1.907782
      -2.018612    -4.514694     1.908558
      -4.830839     0.481402     1.906734
      -0.949408     4.701080     1.906428
       4.907146     1.400873     1.899917
       2.937438    -4.279209     1.902864
      -3.081327    -4.150233     1.904366
      -4.812859     1.598968     1.899480
       0.119173     5.029771     1.899321
       4.628745     2.156255    -2.860714
      -5.031919     0.825524    -2.861026
      -0.684736     4.998795    -2.860440
       4.642431     1.040822    -2.869169
       2.508379    -4.138395    -2.871958
      -3.076523    -3.703758    -2.871995
      -4.386622     1.735803    -2.869146
       0.380587     4.666756    -2.868726
       4.647741    -0.076878    -2.872448
       1.446397    -4.486323    -2.873640
      -3.735268    -2.800290    -2.873211
      -3.732633     2.643268    -2.871847
       1.445953     4.325643    -2.871636
       4.645797    -1.194919    -2.871244
       0.382737    -4.829089    -2.872075
      -4.387966    -1.892834    -2.869917
      -3.071208     3.545338    -2.868831
       2.508476     3.975793    -2.868813
      -5.032530    -0.982332    -2.861380
      -2.404487     4.440075    -2.860474
       3.565604     3.618579    -2.860574
       0.783531     0.480498    -5.798743
       0.783492    -0.636970    -5.799226
      -0.279490    -0.982316    -5.799303
      -0.936344    -0.078247    -5.798835
      -0.279323     0.825672    -5.798588
       1.558190     1.043107    -5.225253
       1.558039    -1.199744    -5.226356
      -0.575390    -1.892886    -5.226515
      -1.893810    -0.078351    -5.225444
      -0.575103     1.735932    -5.224974
       1.570156    -0.078325    -5.239418
       0.495072    -1.557878    -5.240033
      -1.244337    -0.992703    -5.239606
      -1.244098     0.835796    -5.238831
       0.495224     1.400855    -5.238757
       2.330496     1.604055    -4.641475
       2.330003    -1.760612    -4.643793
      -0.870316    -2.800400    -4.644047
      -2.848402    -0.078410    -4.641777
      -0.869970     2.643366    -4.641162
       2.349533     0.483744    -4.667439
       1.270436    -2.125508    -4.668799
      -1.544555    -1.905354    -4.668454
      -2.204910     0.838946    -4.666967
       0.201505     2.315241    -4.666692
       2.349435    -0.640249    -4.668148
       0.201357    -2.472857    -4.668869
      -2.205302    -0.996010    -4.667754
      -1.543975     1.748182    -4.666754
       1.270668     1.968059    -4.666811
       3.098139     2.161706    -4.048447
       3.098549    -2.318928    -4.053794
      -1.163990    -3.703845    -4.054141
      -3.797285    -0.078391    -4.048857
      -1.163087     3.545404    -4.048156
       3.121272     1.044335    -4.077650
       2.041681    -2.686877    -4.080316
      -1.840150    -2.812102    -4.080189
      -3.158656     0.838925    -4.077455
      -0.093123     3.221913    -4.077027
       3.130055    -0.077883    -4.088293
       0.977185    -3.041943    -4.089701
      -2.506699    -1.909144    -4.088765
      -2.505611     1.751960    -4.087150
       0.977242     2.883441    -4.087016
       3.121497    -1.200114    -4.079746
      -0.092705    -3.380365    -4.080459
      -3.159225    -0.996019    -4.078099
      -1.838589     2.654855    -4.077080
       2.042263     2.528542    -4.077203
       3.859387     2.714760    -3.448293
      -4.738287    -0.078327    -3.448799
      -1.453825     4.440109    -3.448038
       3.880775     1.600100    -3.473617
       2.809056    -3.240350    -3.478078
      -2.129596    -3.712853    -3.478228
      -4.099804     0.835728    -3.473724
      -0.386974     4.115690    -3.473199
       3.895334     0.482717    -3.486683
       1.746453    -3.597451    -3.488977
      -2.797245    -2.812085    -3.488597
      -3.454056     1.748135    -3.486176
       0.680561     3.783935    -3.485884
       3.895797    -0.637649    -3.487966
       0.681268    -3.943559    -3.489040
      -3.455409    -1.905338    -3.487307
      -2.794933     2.654831    -3.486002
       1.746780     3.437732    -3.485952
       3.885043    -1.758764    -3.477661
      -0.388287    -4.279223    -3.478297
      -4.100418    -0.992729    -3.474186
      -2.126257     3.550633    -3.473243
       2.805536     3.079043    -3.473369