
      -0.000003    -0.019073     0.980991
       0.273053     0.821303     0.434881
       0.883624    -0.019074     0.434885
       0.273054    -0.859453     0.434886
      -0.714869    -0.538457     0.434884
      -0.714867     0.500307     0.434880
       0.714866     0.500305    -0.448741
       0.714869    -0.538458    -0.448740
      -0.273053    -0.859455    -0.448741
      -0.883623    -0.019076    -0.448743
      -0.273053     0.821300    -0.448743
       0.000003    -0.019077    -0.994854
       0.285207     0.858743     1.486492
       0.922980    -0.019061     1.486496
       0.285214    -0.896881     1.486496
      -0.746719    -0.561582     1.486496
      -0.746711     0.523453     1.486492
       1.208200     0.858742     0.916057
       1.208199    -0.896882     0.916067
      -0.461494    -1.439400     0.916068
      -1.493420    -0.019071     0.916061
      -0.461497     1.401260     0.916053
       1.031923     1.401259    -0.006935
      -0.000002     1.736552    -0.006933
       1.669693     0.523453    -0.006924
       1.669699    -0.561585    -0.006929
       1.031931    -1.439402    -0.006923
       0.000000    -1.774699    -0.006925
      -1.031928    -1.439404    -0.006928
      -1.669699    -0.561585    -0.006926
      -1.669694     0.523449    -0.006935
      -1.031923     1.401260    -0.006929
       1.493423    -0.019074    -0.929912
       0.461496    -1.439406    -0.929913
      -1.208200    -0.896889    -0.929915
      -1.208203     0.858739    -0.929913
       0.461496     1.401259    -0.929911
       0.746711     0.523449    -1.500352
       0.746721    -0.561589    -1.500351
      -0.285214    -0.896890    -1.500350
      -0.922982    -0.019069    -1.500353
      -0.285208     0.858738    -1.500354
      -0.000005    -0.019073     2.030818
       0.563216     1.714335     0.904374
       1.822620    -0.019075     0.904385
       0.563221    -1.752496     0.904388
      -1.474536    -1.090388     0.904382
      -1.474530     1.052231     0.904372
       1.474530     1.052229    -0.918238
       1.474538    -1.090392    -0.918238
      -0.563220    -1.752501    -0.918241
      -1.822621    -0.019081    -0.918246
      -0.563218     1.714331    -0.918243
       0.000005    -0.019082    -2.044687
       0.288967     0.870332     2.543678
       0.935166    -0.019057     2.543689
       0.288978    -0.908471     2.543692
      -0.756583    -0.568742     2.543690
      -0.756567     0.530617     2.543679
       0.575718     1.752859     1.970175
       1.863102    -0.019057     1.970186
       0.575728    -1.790993     1.970188
      -1.507297    -1.114171     1.970184
      -1.507289     1.076050     1.970173
       1.231781     0.875902     1.986175
       1.231783    -0.914011     1.986181
      -0.470508    -1.467121     1.986181
      -1.522590    -0.019050     1.986178
      -0.470516     1.429013     1.986174
       1.510904     1.752859     1.392215
       2.152091    -0.908477     1.392231
      -0.180843    -2.340681     1.392232
      -2.263856    -0.564498     1.392218
      -1.218311     1.965438     1.392205
       2.152087     0.870335     1.392214
       1.510907    -1.790995     1.392233
      -1.218305    -2.003588     1.392230
      -2.263863     0.526360     1.392220
      -0.180839     2.302534     1.392205
       1.332291     2.302536     0.457035
       0.286746     2.642252     0.457038
       2.619675     0.530620     0.457046
       2.619690    -0.568750     0.457038
       1.332312    -2.340685     0.457047
       0.286747    -2.680412     0.457046
      -1.796277    -2.003595     0.457039
      -2.442473    -1.114176     0.457041
      -2.442466     1.076047     0.457031
      -1.796266     1.965440     0.457042
       1.796267     1.965439    -0.470908
      -0.286751     2.642250    -0.470907
       2.442464     1.076049    -0.470894
       2.442474    -1.114178    -0.470894
       1.796281    -2.003595    -0.470888
      -0.286746    -2.680415    -0.470892
      -1.332308    -2.340690    -0.470895
      -2.619691    -0.568753    -0.470893
      -2.619676     0.530613    -0.470906
      -1.332292     2.302534    -0.470903
       0.761296     2.323968    -0.477440
       2.463597    -0.019054    -0.477437
       0.761294    -2.362092    -0.477427
      -1.993086    -1.467135    -0.477431
      -1.993089     1.429014    -0.477432
       1.993086     1.429017     0.463571
       1.993085    -1.467130     0.463583
      -0.761291    -2.362088     0.463584
      -2.463595    -0.019054     0.463583
      -0.761298     2.323967     0.463576
       2.263869     0.526358    -1.406073
       1.218310    -2.003598    -1.406072
      -1.510909    -1.791007    -1.406076
      -2.152093     0.870329    -1.406069
       0.180837     2.302534    -1.406066
       2.263863    -0.564503    -1.406067
       0.180846    -2.340693    -1.406073
      -2.152096    -0.908488    -1.406078
      -1.510909     1.752856    -1.406074
       1.218312     1.965438    -1.406065
       0.756573     0.530611    -2.557537
       0.756590    -0.568757    -2.557543
      -0.288980    -0.908490    -2.557544
      -0.935174    -0.019069    -2.557545
      -0.288970     0.870328    -2.557538
       1.507293     1.076046    -1.984045
       1.507303    -1.114182    -1.984046
      -0.575729    -1.791008    -1.984047
      -1.863108    -0.019068    -1.984053
      -0.575722     1.752855    -1.984049
       1.522599    -0.019058    -2.000017
       0.470513    -1.467139    -2.000014
      -1.231790    -0.914026    -2.000017
      -1.231789     0.875897    -2.000018
       0.470517     1.429013    -2.000020
      -0.000004    -0.019077     3.088404
       0.855527     2.613967     1.377339
       2.768575    -0.019079     1.377362
       0.855539    -2.652157     1.377366
      -2.239832    -1.646412     1.377355
      -2.239811     1.608232     1.377333
       2.239811     1.608228    -1.391207
       2.239835    -1.646417    -1.391213
      -0.855537    -2.652165    -1.391221
      -2.768576    -0.019088    -1.391228
      -0.855530     2.613961    -1.391217
       0.000004    -0.019091    -3.102299
       0.291087     0.876846     3.609760
       0.942024    -0.019061     3.609779
       0.291097    -0.914994     3.609785
      -0.762131    -0.572776     3.609779
      -0.762113     0.534640     3.609761
       0.581881     1.771848     3.039946
       1.883078    -0.019051     3.039983
       0.581900    -1.809990     3.039987
      -1.523464    -1.125908     3.039981
      -1.523439     1.087787     3.039945
       1.243743     0.884597     3.056990
       1.243748    -0.922701     3.057003
      -0.475082    -1.481185     3.057003
      -1.537382    -0.019048     3.056991
      -0.475088     1.443080     3.056981
       0.869433     2.656807     2.453068
       2.813555    -0.019062     2.453104
       0.869436    -2.694932     2.453108
      -2.276229    -1.672839     2.453098
      -2.276240     1.634717     2.453063
       1.534359     1.779014     2.475757
       2.184163    -0.922714     2.475770
      -0.184485    -2.375582     2.475771
      -2.298195    -0.571800     2.475760
      -1.235919     1.995857     2.475751
       2.184155     0.884608     2.475758
       1.534365    -1.817091     2.475771
      -1.235885    -2.033959     2.475768
      -2.298219     0.533732     2.475759
      -0.184476     2.337492     2.475752
       1.811474     2.656808     1.870878
       3.104677    -0.915028     1.870901
       0.107293    -3.248668     1.870902
      -3.038357    -1.119119     1.870879
      -1.985140     2.530622     1.870860
       2.464987     1.771861     1.876161
       2.465011    -1.810007     1.876199
      -0.941555    -2.916871     1.876197
      -3.046902    -0.019065     1.876168
      -0.941543     2.878683     1.876136
       3.104662     0.876875     1.870880
       1.811502    -2.694935     1.870903
      -1.985115    -2.568804     1.870896
      -3.038366     1.081001     1.870878
       0.107328     3.210508     1.870862
       1.631548     3.210511     0.928845
       0.578339     3.552714     0.928844
       3.575693     0.534658     0.928834
       3.575716    -0.572801     0.928827
       1.631591    -3.248674     0.928836
       0.578328    -3.590902     0.928836
      -2.567345    -2.568812     0.928824
      -3.218295    -1.672845     0.928823
      -3.218277     1.634715     0.928836
      -2.567335     2.530624     0.928845
       2.105330     2.878687    -0.006939
      -0.000002     3.562746    -0.006937
       3.406537     1.087796    -0.006922
       3.406577    -1.125925    -0.006927
       2.105382    -2.916880    -0.006918
       0.000001    -3.600963    -0.006920
      -2.105378    -2.916883    -0.006926
      -3.406577    -1.125927    -0.006925
      -3.406539     1.087791    -0.006940
      -2.105331     2.878686    -0.006931
       1.059300     3.241140    -0.011792
       3.427959    -0.019052    -0.011812
       1.059301    -3.279263    -0.011797
      -2.773280    -2.033977    -0.011805
      -2.773289     1.995863    -0.011781
       2.567334     2.530621    -0.942716
      -0.578345     3.552709    -0.942720
       3.218275     1.634716    -0.942703
       3.218296    -1.672848    -0.942675
       2.567349    -2.568812    -0.942672
      -0.578326    -3.590907    -0.942679
      -1.631586    -3.248681    -0.942681
      -3.575716    -0.572807    -0.942684
      -3.575694     0.534649    -0.942695
      -1.631549     3.210506    -0.942719
       1.529527     2.899504    -0.952232
       3.248375     0.533732    -0.952234
       1.529507    -2.937642    -0.952205
      -2.303074    -2.375606    -0.952212
      -2.952869     1.443097    -0.952208
       0.478080     3.241139    -0.952232
       3.248364    -0.571810    -0.952212
       0.478099    -3.279267    -0.952207
      -2.952879    -1.481222    -0.952212
      -2.303064     2.337498    -0.952228
       2.773286     1.995865    -0.002083
       2.773281    -2.033973    -0.002042
      -1.059298    -3.279263    -0.002044
      -3.427958    -0.019055    -0.002043
      -1.059303     3.241138    -0.002079
       2.303059     2.337501     0.938364
       2.952877    -1.481214     0.938365
      -0.478096    -3.279259     0.938367
      -3.248359    -0.571808     0.938360
      -1.529527     2.899504     0.938365
       2.952863     1.443103     0.938347
       2.303074    -2.375596     0.938368
      -1.529502    -2.937636     0.938364
      -3.248371     0.533731     0.938378
      -0.478083     3.241138     0.938364
       3.038370     1.080998    -1.884740
       1.985122    -2.568816    -1.884742
      -1.811502    -2.694951    -1.884748
      -3.104670     0.876865    -1.884741
      -0.107333     3.210506    -1.884734
       3.046911    -0.019071    -1.890016
       0.941561    -2.916887    -1.890032
      -2.465016    -1.810023    -1.890039
      -2.464996     1.771855    -1.890017
       0.941543     2.878684    -1.889997
       3.038365    -1.119128    -1.884731
      -0.107291    -3.248683    -1.884745
      -3.104683    -0.915041    -1.884754
      -1.811480     2.656804    -1.884747
       1.985143     2.530620    -1.884728
       0.762141     0.534645    -3.623616
       0.762159    -0.572812    -3.623629
      -0.291106    -0.915043    -3.623634
      -0.942059    -0.019078    -3.623632
      -0.291098     0.876863    -3.623618
       1.523455     1.087788    -3.053833
       1.523483    -1.125933    -3.053858
      -0.581904    -1.810025    -3.053861
      -1.883100    -0.019067    -3.053865
      -0.581890     1.771854    -3.053837
       1.537412    -0.019060    -3.070803
       0.475093    -1.481226    -3.070808
      -1.243770    -0.922734    -3.070811
      -1.243768     0.884599    -3.070805
       0.475096     1.443095    -3.070799
       2.276246     1.634713    -2.466949
       2.276238    -1.672853    -2.466969
      -0.869436    -2.694952    -2.466975
      -2.813564    -0.019076    -2.466982
      -0.869438     2.656804    -2.466958
       2.298234     0.533728    -2.489606
       1.235896    -2.033982    -2.489603
      -1.534373    -1.817117    -2.489607
      -2.184171     0.884600    -2.489607
       0.184474     2.337497    -2.489606
       2.298211    -0.571814    -2.489602
       0.184488    -2.375609    -2.489604
      -2.184177    -0.922733    -2.489610
      -1.534371     1.779014    -2.489609
       1.235927     1.995860    -2.489604
      -0.000005    -0.019078     4.156719
       1.150802     3.522728     1.855102
       3.724194    -0.019081     1.855173
       1.150843    -3.561007     1.855179
      -3.012947    -2.208113     1.855163
      -3.012854     2.169876     1.855094
       3.012853     2.169871    -1.868972
       3.012951    -2.208120    -1.869021
      -1.150840    -3.561019    -1.869031
      -3.724196    -0.019093    -1.869042
      -1.150806     3.522720    -1.868987
       0.000005    -0.019096    -4.170717
       0.292586     0.881453     4.685814
       0.946868    -0.019065     4.685833
       0.292593    -0.919602     4.685840
      -0.766049    -0.575627     4.685833
      -0.766036     0.537485     4.685814
       0.585804     1.783908     4.116830
       1.895782    -0.019056     4.116880
       0.585824    -1.822070     4.116887
      -1.533740    -1.133378     4.116878
      -1.533703     1.095237     4.116829
       1.251545     0.890249     4.133401
       1.251547    -0.928370     4.133422
      -0.478062    -1.490356     4.133421
      -1.547019    -0.019061     4.133402
      -0.478064     1.452234     4.133385
       0.877777     2.682506     3.532885
       2.840630    -0.019057     3.532997
       0.877800    -2.720678     3.533001
      -2.298137    -1.688748     3.532991
      -2.298097     1.650601     3.532881
       1.547954     1.795091     3.558746
       2.203668    -0.930667     3.558783
      -0.186027    -2.396589     3.558785
      -2.318657    -0.576830     3.558772
      -1.247012     2.013759     3.558739
       2.203662     0.892564     3.558772
       1.547958    -1.833181     3.558786
      -1.246993    -2.051858     3.558781
      -2.318671     0.538747     3.558747
      -0.186028     2.358494     3.558740
       1.166182     3.570092     2.938626
       3.773799    -0.019067     2.938855
       1.166168    -3.608179     2.938860
      -3.053081    -2.237260     2.938845
      -3.053132     2.199154     2.938618
       1.836192     2.689597     2.964107
       3.143376    -0.928432     2.964149
       0.106493    -3.289615     2.964151
      -3.077562    -1.130998     2.964134
      -2.008671     2.564284     2.964096
       2.496921     1.795117     2.972252
       2.496950    -1.833208     2.972276
      -0.953760    -2.954415     2.972273
      -3.086414    -0.019023     2.972253
      -0.953762     2.916286     2.972236
       3.143360     0.890308     2.964137
       1.836215    -2.727592     2.964152
      -2.008545    -2.602397     2.964144
      -3.077638     1.092996     2.964105
       0.106578     3.251571     2.964098
       2.113063     3.570094     2.353441
       4.066479    -0.919816     2.353538
       0.399952    -4.164875     2.353539
      -3.819287    -1.680579     2.353512
      -2.760532     3.099669     2.353420
       2.773583     2.682520     2.361275
       3.426508    -1.822140     2.361351
      -0.655976    -3.835058     2.361348
      -3.831884    -0.574416     2.361304
      -1.712276     3.453561     2.361234
       3.426471     1.783973     2.361305
       2.773670    -2.720695     2.361351
      -1.712293    -3.491841     2.361346
      -3.831840     0.536286     2.361274
      -0.655913     3.796796     2.361236
       4.066460     0.881662     2.353519
       2.113269    -3.608182     2.353540
      -2.760416    -3.138012     2.353530
      -3.819177     1.642594     2.353436
       0.400153     4.126640     2.353425
       1.932214     4.126642     1.406566
       0.873587     4.470606     1.406563
       4.540010     0.537613     1.406438
       4.540031    -0.575763     1.406436
       1.932395    -4.164880     1.406444
       0.873505    -4.508937     1.406444
      -3.345757    -3.138018     1.406429
      -4.000183    -2.237267     1.406424
      -4.000013     2.199153     1.406555
      -3.345725     3.099670     1.406559
       2.411484     3.796798     0.465485
       0.291968     4.485465     0.465482
       4.374392     1.095276     0.465486
       4.374449    -1.133427     0.465477
       2.411602    -3.835067     0.465485
       0.291960    -4.523783     0.465483
      -2.884001    -3.491852     0.465473
      -4.194010    -1.688768     0.465469
      -4.193901     1.650605     0.465470
      -2.883909     3.453562     0.465483
       1.358142     4.160877     0.460980
       4.395021    -0.019066     0.460868
       1.358143    -4.199005     0.460881
      -3.555659    -2.602411     0.460868
      -3.555684     2.564286     0.460983
       2.883907     3.453561    -0.479356
      -0.291974     4.485462    -0.479360
       4.193899     1.650608    -0.479335
       4.194011    -1.688767    -0.479319
       2.884005    -3.491850    -0.479315
      -0.291957    -4.523785    -0.479320
      -2.411597    -3.835071    -0.479326
      -4.374448    -1.133432    -0.479329
      -4.374392     1.095268    -0.479349
      -2.411486     3.796794    -0.479359
       1.836450     3.827896    -0.486199
       4.226176     0.538758    -0.486217
       1.836468    -3.866056    -0.486182
      -3.091194    -2.954437    -0.486192
      -3.746905     2.013777    -0.486173
       0.775463     4.172629    -0.486200
       4.226191    -0.576853    -0.486193
       0.775471    -4.210796    -0.486183
      -3.746925    -2.051896    -0.486193
      -3.091174     2.916290    -0.486195
       3.345723     3.099666    -1.420433
      -0.873592     4.470598    -1.420444
       4.000010     2.199152    -1.420425
       4.000184    -2.237271    -1.420274
       3.345761    -3.138020    -1.420275
      -0.873502    -4.508943    -1.420284
      -1.932390    -4.164889    -1.420286
      -4.540030    -0.575773    -1.420294
      -4.540010     0.537600    -1.420301
      -1.932217     4.126634    -1.420446
       2.304118     3.473588    -1.430954
       4.033749     1.092998    -1.430959
       2.304028    -3.511785    -1.430881
      -2.609775    -3.289640    -1.430890
      -3.916924     1.452316    -1.430888
       1.249955     3.827895    -1.435174
       4.044947    -0.019029    -1.435173
       1.249965    -3.866059    -1.435168
      -3.272431    -2.396640    -1.435177
      -3.272402     2.358520    -1.435174
       0.188865     4.160873    -1.430959
       4.033738    -1.131013    -1.430876
       0.188973    -4.199010    -1.430885
      -3.916949    -1.490466    -1.430895
      -2.609705     3.251573    -1.430967
       3.555681     2.564286    -0.474851
       3.555661    -2.602409    -0.474713
      -1.358139    -4.199007    -0.474719
      -4.395020    -0.019073    -0.474725
      -1.358146     4.160873    -0.474855
       3.091170     2.916293     0.472326
       3.746924    -2.051889     0.472347
      -0.775467    -4.210792     0.472347
      -4.226188    -0.576854     0.472340
      -1.836453     3.827895     0.472327
       3.746901     2.013782     0.472308
       3.091195    -2.954430     0.472350
      -1.836462    -3.866053     0.472344
      -4.226174     0.538755     0.472359
      -0.775467     4.172628     0.472326
       2.609701     3.251579     1.417096
       3.916947    -1.490455     1.417045
      -0.188970    -4.199001     1.417047
      -4.033734    -1.131009     1.417025
      -2.304119     3.473590     1.417082
       3.272395     2.358526     1.421309
       3.272429    -2.396627     1.421334
      -1.249960    -3.866048     1.421332
      -4.044941    -0.019027     1.421319
      -1.249957     3.827894     1.421303
       3.916919     1.452326     1.417025
       2.609777    -3.289627     1.417048
      -2.304022    -3.511779     1.417040
      -4.033747     1.092999     1.417097
      -0.188870     4.160876     1.417083
       3.819180     1.642590    -2.367306
       2.760423    -3.138023    -2.367378
      -2.113267    -3.608200    -2.367386
      -4.066466     0.881647    -2.367386
      -0.400159     4.126634    -2.367307
       3.831846     0.536281    -2.375131
       1.712300    -3.491856    -2.375184
      -2.773671    -2.720714    -2.375193
      -3.426479     1.783961    -2.375168
       0.655910     3.796792    -2.375108
       3.831891    -0.574425    -2.375156
       0.655979    -3.835075    -2.375186
      -3.426513    -1.822156    -2.375197
      -2.773590     2.682512    -2.375141
       1.712277     3.453558    -2.375104
       3.819293    -1.680589    -2.367367
      -0.399950    -4.164891    -2.367383
      -4.066483    -0.919831    -2.367396
      -2.113068     3.570086    -2.367320
       2.760533     3.099664    -2.367296
       0.766216     0.537596    -4.699719
       0.766230    -0.575778    -4.699732
      -0.292661    -0.919835    -4.699739
      -0.947091    -0.019087    -4.699735
      -0.292656     0.881644    -4.699720
       1.533762     1.095263    -4.130776
       1.533801    -1.133439    -4.130814
      -0.585844    -1.822159    -4.130820
      -1.895855    -0.019077    -4.130821
      -0.585829     1.783959    -4.130780
       1.547121    -0.019078    -4.147159
       0.478095    -1.490471    -4.147172
      -1.251629    -0.928450    -4.147175
      -1.251629     0.890290    -4.147163
       0.478094     1.452313    -4.147149
       2.298114     1.650600    -3.546799
       2.298157    -1.688775    -3.546894
      -0.877804    -2.720716    -3.546899
      -2.840653    -0.019076    -3.546906
      -0.877787     2.682511    -3.546807
       2.318706     0.538750    -3.572588
       1.247022    -2.051902    -3.572610
      -1.547975    -1.833234    -3.572616
      -2.203702     0.892554    -3.572614
       0.186021     2.358518    -3.572589
       2.318694    -0.576861    -3.572608
       0.186024    -2.396644    -3.572613
      -2.203706    -0.930693    -3.572617
      -1.547975     1.795109    -3.572593
       1.247037     2.013774    -3.572587
       3.053137     2.199148    -2.952508
       3.053090    -2.237275    -2.952715
      -1.166167    -3.608201    -2.952724
      -3.773807    -0.019084    -2.952735
      -1.166188     3.570086    -2.952522
       3.077649     1.092995    -2.977972
       2.008560    -2.602417    -2.977994
      -1.836217    -2.727622    -2.978001
      -3.143376     0.890291    -2.978002
      -0.106586     3.251572    -2.977975
       3.086429    -0.019033    -2.986099
       0.953767    -2.954442    -2.986106
      -2.496960    -1.833233    -2.986114
      -2.496935     1.795109    -2.986106
       0.953764     2.916287    -2.986095
       3.077576    -1.131017    -2.977990
      -0.106494    -3.289643    -2.977998
      -3.143390    -0.928448    -2.978006
      -1.836199     2.689596    -2.977981
       2.008681     2.564282    -2.977969
      -0.000008    -0.019072     5.238509
       1.449799     4.442956     2.338892
       4.692496    -0.019076     2.339328
       1.450065    -4.481916     2.339335
      -3.796322    -2.777264     2.339316
      -3.795644     2.738609     2.338883
       3.795643     2.738603    -2.352761
       3.796327    -2.777273    -2.353169
      -1.450061    -4.481930    -2.353181
      -4.692498    -0.019091    -2.353194
      -1.449804     4.442946    -2.352779
       0.000008    -0.019095    -5.253312
       0.294695     0.887950     5.779999
       0.953690    -0.019062     5.780012
       0.294700    -0.926088     5.780018
      -0.771571    -0.579635     5.780011
      -0.771562     0.541501     5.779998
       0.589851     1.796350     5.208599
       1.908876    -0.019060     5.208624
       0.589869    -1.834523     5.208631
      -1.544333    -1.141078     5.208622
      -1.544293     1.102924     5.208597
       1.258683     0.895428     5.222930
       1.258685    -0.933557     5.222950
      -0.480789    -1.498748     5.222949
      -1.555839    -0.019068     5.222930
      -0.480788     1.460616     5.222915
       0.884675     2.703725     4.625350
       2.863083    -0.019059     4.625359
       0.884736    -2.742029     4.625364
      -2.316303    -1.701948     4.625354
      -2.316151     1.663713     4.625347
       1.558822     1.808339     4.651062
       2.219668    -0.936891     4.651099
      -0.187002    -2.413729     4.651101
      -2.335257    -0.581216     4.651088
      -1.256267     2.028178     4.651056
       2.219668     0.898772     4.651089
       1.558820    -1.846476     4.651102
      -1.256280    -2.066298     4.651096
      -2.335252     0.543076     4.651061
      -0.187017     2.375598     4.651057
       1.177732     3.605655     4.032841
       3.811938    -0.019061     4.032597
       1.177951    -3.644445     4.032601
      -3.083940    -2.259673     4.032588
      -3.083380     2.221134     4.032834
       1.853595     2.715554     4.061516
       3.173557    -0.936867     4.061571
       0.107791    -3.320925     4.061574
      -3.106949    -1.141916     4.061562
      -2.027987     2.588864     4.061511
       2.520606     1.812278     4.071519
       2.520612    -1.850398     4.071533
      -0.962801    -2.982231     4.071531
      -3.115666    -0.019061     4.071518
      -0.962803     2.944105     4.071511
       3.173551     0.898747     4.061566
       1.853567    -2.753686     4.061575
      -2.028006    -2.626962     4.061567
      -3.106976     1.103765     4.061513
       0.107755     3.282809     4.061513
       1.467663     4.497960     3.434065
       4.752962    -0.019065     3.432567
       1.468746    -4.539416     3.432574
      -3.845242    -2.812797     3.432556
      -3.842424     2.772607     3.434056
       2.141279     3.611770     3.457736
       4.114755    -0.933603     3.457785
       0.401749    -4.215049     3.457787
      -3.866461    -1.697786     3.457765
      -2.791441     3.139399     3.457722
       2.809984     2.715570     3.470454
       3.469144    -1.846527     3.470459
      -0.666002    -3.883143     3.470457
      -3.880736    -0.579727     3.470436
      -1.732452     3.498421     3.470439
       3.469112     1.808388     3.470440
       2.810043    -2.753704     3.470460
      -1.732453    -3.536633     3.470454
      -3.880720     0.541626     3.470451
      -0.665961     3.844945     3.470441
       4.114740     0.895469     3.457773
       2.141305    -3.649831     3.457788
      -2.791369    -3.177543     3.457777
      -3.866501     1.659723     3.457730
       0.401806     4.176949     3.457727
       2.421365     4.497958     2.844658
       5.046777    -0.923322     2.844963
       0.699541    -5.098276     2.844966
      -4.614436    -2.253944     2.844939
      -3.547714     3.679616     2.844638
       3.086619     3.605645     2.853136
       4.401648    -1.834013     2.853230
      -0.365934    -4.766140     2.853228
      -4.627782    -1.138006     2.853188
      -2.493513     4.036542     2.853100
       3.747746     2.703642     2.856031
       3.747724    -2.741950     2.856096
      -1.431509    -4.424789     2.856091
      -4.632372    -0.019228     2.856022
      -1.431463     4.386495     2.855966
       4.401632     1.795835     2.853197
       3.086298    -3.644437     2.853230
      -2.494219    -4.074621     2.853222
      -4.627695     1.099110     2.853128
      -0.366549     4.727636     2.853105
       5.046763     0.885177     2.844950
       2.419538    -4.539413     2.844967
      -3.551432    -3.717055     2.844953
      -4.613986     2.212035     2.844649
       0.696112     5.058520     2.844646
       2.239218     5.058522     1.890961
       1.172958     5.404966     1.890957
       5.522160     0.539785     1.894177
       5.522173    -0.577930     1.894175
       2.237957    -5.098282     1.894182
       1.174941    -5.443678     1.894181
      -4.139054    -3.717059     1.894164
      -4.796030    -2.812801     1.894157
      -4.796124     2.772604     1.890946
      -4.137126     3.679616     1.890950
       2.722022     4.727636     0.944273
       0.587874     5.421058     0.944267
       5.355791     1.102603     0.944904
       5.355827    -1.140768     0.944881
       2.721844    -4.766146     0.944886
       0.588245    -5.459397     0.944884
      -3.673642    -4.074628     0.944871
      -4.992276    -2.259676     0.944863
      -4.992256     2.221122     0.944236
      -3.673236     4.036540     0.944263
       1.660500     5.091435     0.940349
       5.373508    -0.019073     0.940289
       1.660513    -5.129602     0.940297
      -4.347275    -3.177553     0.940278
      -4.347272     3.139396     0.940344
       3.200826     4.386492    -0.006933
      -0.000003     5.426501    -0.006941
       5.179166     1.663657    -0.006786
       5.179235    -1.701905    -0.006915
       3.200948    -4.424794    -0.006911
       0.000002    -5.464847    -0.006916
      -3.200942    -4.424798    -0.006926
      -5.179234    -1.701909    -0.006934
      -5.179168     1.663651    -0.007079
      -3.200829     4.386489    -0.006944
       2.144782     4.762782    -0.012524
       5.210606     0.543121    -0.012509
       2.144867    -4.800953    -0.012494
      -3.885036    -3.536643    -0.012509
      -4.545899     2.588855    -0.012523
       1.075529     5.110200    -0.012526
       5.210630    -0.581275    -0.012500
       1.075490    -5.148417    -0.012496
      -4.545945    -2.626974    -0.012511
      -3.885038     3.498412    -0.012530
       3.673232     4.036537    -0.958139
      -0.587880     5.421052    -0.958150
       4.992252     2.221123    -0.958104
       4.992276    -2.259676    -0.958710
       3.673646    -4.074627    -0.958710
      -0.588241    -5.459401    -0.958717
      -2.721838    -4.766152    -0.958722
      -5.355825    -1.140776    -0.958733
      -5.355791     1.102592    -0.958766
      -2.722025     4.727629    -0.958152
       2.621734     4.416256    -0.966421
       5.028433     1.103777    -0.966408
       2.621803    -4.454442    -0.966362
      -3.408100    -3.883157    -0.966375
      -4.728083     2.028158    -0.966389
       1.557826     4.775432    -0.969726
       5.041244    -0.019068    -0.969710
       1.557836    -4.813589    -0.969708
      -4.078450    -2.982244    -0.969721
      -4.078446     2.944094    -0.969732
       0.485989     5.110198    -0.966426
       5.028462    -1.141943    -0.966361
       0.485968    -5.148419    -0.966366
      -4.728116    -2.066307    -0.966380
      -3.408084     3.844936    -0.966433
       4.137123     3.679611    -1.904826
      -1.172964     5.404956    -1.904841
       4.796121     2.772601    -1.904818
       4.796032    -2.812805    -1.908003
       4.139058    -3.717063    -1.908006
      -1.174936    -5.443688    -1.908015
      -2.237951    -5.098292    -1.908017
      -5.522173    -0.577943    -1.908030
      -5.522161     0.539770    -1.908037
      -2.239222     5.058511    -1.904843
       3.088570     4.053882    -1.915771
       4.828060     1.659722    -1.915772
       3.088530    -4.092097    -1.915726
      -2.919259    -4.215070    -1.915737
      -4.892695     1.460665    -1.915743
       2.030669     4.416254    -1.922789
       4.845784     0.541621    -1.922800
       2.030668    -4.454446    -1.922844
      -3.590769    -3.320954    -1.922856
      -4.249853     2.375609    -1.922844
       0.964177     4.762778    -1.922792
       4.845777    -0.579739    -1.922821
       0.964211    -4.800959    -1.922846
      -4.249875    -2.413773    -1.922859
      -3.590746     3.282808    -1.922822
      -0.104679     5.091428    -1.915781
       4.828069    -1.697801    -1.915717
      -0.104602    -5.129610    -1.915731
      -4.892719    -1.498833    -1.915746
      -2.919198     4.176943    -1.915792
       4.347269     3.139396    -0.954215
       4.347277    -3.177553    -0.954121
      -1.660508    -5.129607    -0.954131
      -5.373507    -0.019083    -0.954145
      -1.660504     5.091428    -0.954230
       3.885034     3.498415    -0.001342
       4.545946    -2.626969    -0.001332
      -1.075485    -5.148416    -0.001337
      -5.210628    -0.581280    -0.001353
      -2.144786     4.762778    -0.001354
       4.545895     2.588859    -0.001345
       3.885039    -3.536637    -0.001331
      -2.144862    -4.800954    -0.001340
      -5.210605     0.543115    -0.001349
      -1.075535     5.110197    -0.001353
       3.408080     3.844942     0.952559
       4.728116    -2.066298     0.952533
      -0.485964    -5.148414     0.952533
      -5.028459    -1.141943     0.952510
      -2.621737     4.416256     0.952544
       4.078440     2.944100     0.955864
       4.078450    -2.982234     0.955879
      -1.557830    -4.813582     0.955874
      -5.041240    -0.019069     0.955855
      -1.557830     4.775431     0.955850
       4.728079     2.028167     0.952524
       3.408103    -3.883148     0.952536
      -2.621798    -4.454439     0.952526
      -5.028433     1.103776     0.952547
      -0.485995     5.110200     0.952546
       2.919194     4.176953     1.901915
       4.892718    -1.498820     1.901894
       0.104606    -5.129599     1.901895
      -4.828066    -1.697795     1.901866
      -3.088572     4.053886     1.901894
       3.590739     3.282816     1.908950
       4.249874    -2.413758     1.909013
      -0.964205    -4.800947     1.909011
      -4.845772    -0.579734     1.908967
      -2.030671     4.416256     1.908912
       4.249846     2.375619     1.908977
       3.590769    -3.320939     1.909014
      -2.030662    -4.454435     1.909008
      -4.845780     0.541625     1.908941
      -0.964181     4.762781     1.908914
       4.892691     1.460679     1.901878
       2.919262    -4.215057     1.901897
      -3.088524    -4.092090     1.901885
      -4.828060     1.659724     1.901905
       0.104673     5.091435     1.901899
       4.613987     2.212029    -2.858522
       3.551440    -3.717067    -2.858798
      -2.419534    -4.539434    -2.858809
      -5.046769     0.885159    -2.858816
      -0.696118     5.058511    -2.858531
       4.627698     1.099103    -2.866993
       2.494226    -4.074634    -2.867063
      -3.086296    -3.644457    -2.867074
      -4.401638     1.795818    -2.867064
       0.366544     4.727627    -2.866986
       4.632374    -0.019236    -2.869880
       1.431514    -4.424802    -2.869929
      -3.747722    -2.741967    -2.869942
      -3.747751     2.703626    -2.869901
       1.431459     4.386485    -2.869843
       4.627787    -1.138016    -2.867042
       0.365938    -4.766156    -2.867066
      -4.401650    -1.834031    -2.867081
      -3.086624     3.605632    -2.867012
       2.493512     4.036534    -2.866978
       4.614442    -2.253956    -2.858791
      -0.699539    -5.098294    -2.858805
      -5.046781    -0.923339    -2.858822
      -2.421371     4.497947    -2.858540
       3.547713     3.679609    -2.858517
       0.769207     0.539765    -5.796303
       0.769217    -0.577949    -5.796309
      -0.293799    -0.923344    -5.796316
      -0.950779    -0.019089    -5.796312
      -0.293797     0.885155    -5.796304
       1.543856     1.102586    -5.222967
       1.543899    -1.140784    -5.222981
      -0.589701    -1.834035    -5.222987
      -1.908338    -0.019085    -5.222988
      -0.589686     1.795815    -5.222971
       1.555911    -0.019089    -5.236747
       0.480813    -1.498839    -5.236759
      -1.258742    -0.933624    -5.236763
      -1.258742     0.895446    -5.236751
       0.480809     1.460661    -5.236739
       2.316083     1.663645    -4.639378
       2.316237    -1.701917    -4.639370
      -0.884708    -2.741971    -4.639375
      -2.863000    -0.019083    -4.639383
      -0.884652     2.703624    -4.639387
       2.335264     0.543109    -4.664937
       1.256336    -2.066314    -4.664960
      -1.558797    -1.846547    -4.664967
      -2.219710     0.898714    -4.664966
       0.186969     2.375606    -4.664940
       2.335270    -0.581287    -4.664959
       0.186959    -2.413778    -4.664963
      -2.219708    -0.936879    -4.664967
      -1.558803     1.808366    -4.664943
       1.256318     2.028154    -4.664938
       3.083374     2.221116    -4.046753
       3.083938    -2.259685    -4.046487
      -1.177946    -3.644459    -4.046494
      -3.811932    -0.019083    -4.046506
      -1.177734     3.605631    -4.046767
       3.106985     1.103769    -4.075398
       2.028030    -2.626981    -4.075435
      -1.853560    -2.753728    -4.075443
      -3.173571     0.898715    -4.075449
      -0.107774     3.282805    -4.075408
       3.115669    -0.019077    -4.085376
       0.962805    -2.982251    -4.085375
      -2.520612    -1.850420    -4.085383
      -2.520610     1.812259    -4.085384
       0.962801     2.944090    -4.085382
       3.106960    -1.141951    -4.075436
      -0.107803    -3.320959    -4.075439
      -3.173576    -0.936878    -4.075447
      -1.853593     2.715555    -4.075408
       2.028006     2.588850    -4.075402
       3.842424     2.772597    -3.447942
       3.845246    -2.812810    -3.446418
      -1.468743    -4.539435    -3.446428
      -4.752964    -0.019086    -3.446441
      -1.467669     4.497947    -3.447959
       3.866507     1.659718    -3.471607
       2.791381    -3.177561    -3.471632
      -2.141303    -3.649858    -3.471642
      -4.114751     0.895448    -3.471647
      -0.401814     4.176942    -3.471616
       3.880722     0.541618    -3.484314
       1.732461    -3.536649    -3.484298
      -2.810040    -2.753727    -3.484308
      -3.469118     1.808367    -3.484308
       0.665955     3.844934    -3.484318
       3.880740    -0.579743    -3.484294
       0.666004    -3.883162    -3.484300
      -3.469147    -1.846545    -3.484311
      -2.809987     2.715556    -3.484327
       1.732453     3.498408    -3.484315
       3.866470    -1.697805    -3.471627
      -0.401749    -4.215074    -3.471638
      -4.114764    -0.933621    -3.471650
      -2.141285     3.611762    -3.471622
       2.791447     3.139391    -3.471606
      -0.000011    -0.019064     6.350415
       1.757119     5.388806     2.836151
      -4.600226     3.323179     2.836141
       4.600224     3.323171    -2.850018
      -1.757125     5.388793    -2.850038