
       0.004996     0.015384     0.977923
       0.278051     0.855759     0.431816
       0.888620     0.015382     0.431817
       0.278053    -0.824991     0.431817
      -0.709869    -0.503997     0.431815
      -0.709870     0.534762     0.431813
       0.719866     0.534761    -0.451807
       0.719866    -0.504000    -0.451804
      -0.268055    -0.824993    -0.451805
      -0.878625     0.015380    -0.451808
      -0.268058     0.855756    -0.451810
       0.005000     0.015379    -0.997917
       0.290212     0.893195     1.483427
       0.927980     0.015376     1.483427
       0.290213    -0.862426     1.483428
      -0.741715    -0.527133     1.483425
      -0.741722     0.557894     1.483422
       1.213196     0.893189     0.912997
       1.213202    -0.862428     0.912995
      -0.456495    -1.404943     0.912991
      -1.488428     0.015383     0.912987
      -0.456499     1.435705     0.912993
       1.036931     1.435703    -0.009991
       0.004989     1.771001    -0.009994
       1.674697     0.557891    -0.009995
       1.674693    -0.527144    -0.009985
       1.036929    -1.404948    -0.009990
       0.004998    -1.740240    -0.009991
      -1.026930    -1.404947    -0.009994
      -1.664700    -0.527136    -0.009998
      -1.664703     0.557890    -0.009995
      -1.026939     1.435705    -0.010003
       1.498426     0.015377    -0.932971
       0.466495    -1.404952    -0.932968
      -1.203207    -0.862434    -0.932973
      -1.203210     0.893190    -0.932978
       0.466490     1.435703    -0.932980
       0.751716     0.557887    -1.503415
       0.751708    -0.527147    -1.503412
      -0.280218    -0.862436    -1.503415
      -0.917986     0.015369    -1.503416
      -0.280226     0.893185    -1.503418
       0.004994     0.015388     2.027744
       0.568216     1.748800     0.901310
       1.827610     0.015386     0.901314
       0.568215    -1.718019     0.901313
      -1.469526    -1.055918     0.901307
      -1.469529     1.086690     0.901304
       1.479531     1.086692    -0.921306
       1.479526    -1.055923    -0.921298
      -0.558217    -1.718025    -0.921300
      -1.817613     0.015381    -0.921307
      -0.558222     1.748796    -0.921312
       0.005003     0.015379    -2.047748
       0.293976     0.904790     2.540616
       0.940161     0.015377     2.540611
       0.293975    -0.874011     2.540610
      -0.751574    -0.534292     2.540607
      -0.751581     0.565057     2.540606
       0.580724     1.787304     1.967113
       1.868105     0.015375     1.967113
       0.580727    -1.756535     1.967114
      -1.502292    -1.079722     1.967108
      -1.502303     1.110485     1.967104
       1.236796     0.910322     1.983111
       1.236800    -0.879578     1.983113
      -0.465513    -1.432688     1.983108
      -1.517606     0.015381     1.983105
      -0.465527     1.463439     1.983107
       1.515896     1.787299     1.389154
       2.157090    -0.874013     1.389151
      -0.175839    -2.306213     1.389147
      -2.258861    -0.530046     1.389140
      -1.213314     1.999893     1.389151
       2.157091     0.904784     1.389160
       1.515898    -1.756537     1.389151
      -1.213307    -1.969120     1.389144
      -2.258863     0.560815     1.389138
      -0.175847     2.336979     1.389149
       1.337312     2.336985     0.453973
       0.291732     2.676714     0.453970
       2.624688     0.565056     0.453976
       2.624675    -0.534305     0.453990
       1.337299    -2.306218     0.453983
       0.291748    -2.645936     0.453981
      -1.791272    -1.969124     0.453975
      -2.437460    -1.079726     0.453972
      -2.437466     1.110482     0.453975
      -1.791290     1.999892     0.453964
       1.801280     1.999892    -0.473955
      -0.281760     2.676712    -0.473961
       2.447462     1.110479    -0.473963
       2.447455    -1.079739    -0.473954
       1.801272    -1.969127    -0.473958
      -0.281750    -2.645939    -0.473960
      -1.327299    -2.306221    -0.473963
      -2.614681    -0.534299    -0.473971
      -2.614686     0.565048    -0.473968
      -1.327315     2.336977    -0.473974
       0.766287     2.358387    -0.480496
       2.468610     0.015360    -0.480485
       0.766299    -2.327656    -0.480492
      -1.988107    -1.432697    -0.480500
      -1.988118     1.463436    -0.480498
       1.998096     1.463429     0.460523
       1.998102    -1.432697     0.460523
      -0.756299    -2.327649     0.460516
      -2.458619     0.015377     0.460510
      -0.756317     2.358391     0.460515
       2.268864     0.560803    -1.409124
       1.223310    -1.969134    -1.409118
      -1.505904    -1.756549    -1.409125
      -2.147107     0.904782    -1.409139
       0.185841     2.336985    -1.409144
       2.268872    -0.530054    -1.409126
       0.185838    -2.306228    -1.409120
      -2.147098    -0.874023    -1.409128
      -1.505913     1.787300    -1.409135
       1.223302     1.999894    -1.409141
       0.761585     0.565052    -2.560605
       0.761570    -0.534316    -2.560595
      -0.283982    -0.874030    -2.560596
      -0.930173     0.015363    -2.560600
      -0.283994     0.904780    -2.560608
       1.512297     1.110476    -1.987112
       1.512290    -1.079743    -1.987102
      -0.570732    -1.756551    -1.987106
      -1.858115     0.015366    -1.987112
      -0.570743     1.787296    -1.987118
       1.527597     0.015356    -2.003074
       0.475511    -1.432711    -2.003075
      -1.226812    -0.879594    -2.003080
      -1.226816     0.910317    -2.003082
       0.475502     1.463430    -2.003080
       0.004993     0.015394     3.085325
       0.860532     2.648460     1.374280
       2.773542     0.015395     1.374280
       0.860521    -2.617648     1.374279
      -2.234797    -1.611920     1.374271
      -2.234802     1.642701     1.374266
       2.244822     1.642715    -1.394286
       2.244802    -1.611924    -1.394266
      -0.850523    -2.617657    -1.394266
      -2.763541     0.015383    -1.394280
      -0.850531     2.648455    -1.394295
       0.005007     0.015383    -3.105357
       0.296094     0.911317     3.606701
       0.947010     0.015385     3.606692
       0.296090    -0.880523     3.606688
      -0.757118    -0.538316     3.606685
      -0.757123     0.569091     3.606687
       0.586895     1.806307     3.036908
       1.888064     0.015374     3.036885
       0.586893    -1.775519     3.036883
      -1.518445    -1.091454     3.036877
      -1.518456     1.122218     3.036875
       1.248759     0.919019     3.053922
       1.248762    -0.888269     3.053918
      -0.470086    -1.446751     3.053913
      -1.532397     0.015383     3.053910
      -0.470098     1.477509     3.053918
       0.874428     2.691239     2.450024
       2.818573     0.015383     2.450009
       0.874436    -2.660479     2.450009
      -2.271235    -1.638391     2.450000
      -2.271246     1.669163     2.449995
       1.539372     1.813396     2.472693
       2.189207    -0.888271     2.472695
      -0.179472    -2.341163     2.472690
      -2.293227    -0.537393     2.472684
      -1.230938     2.030288     2.472688
       2.189209     0.919017     2.472698
       1.539377    -1.782680     2.472695
      -1.230916    -1.999529     2.472687
      -2.293231     0.568159     2.472682
      -0.179506     2.371892     2.472688
       1.816481     2.691238     1.867813
       3.109672    -0.880525     1.867810
       0.112327    -3.214185     1.867808
      -3.033346    -1.084687     1.867798
      -1.980143     2.565095     1.867809
       2.469987     1.806302     1.873108
       2.469970    -1.775522     1.873086
      -0.936540    -2.882362     1.873079
      -3.041883     0.015384     1.873071
      -0.936557     2.913153     1.873098
       3.109683     0.911313     1.867824
       1.816458    -2.660482     1.867811
      -1.980132    -2.534305     1.867802
      -3.033348     1.115460     1.867793
       0.112294     3.244962     1.867808
       1.636586     3.244975     0.925752
       0.583314     3.587204     0.925749
       3.580707     0.569095     0.925786
       3.580686    -0.538324     0.925798
       1.636551    -3.214190     0.925792
       0.583339    -3.556397     0.925790
      -2.562332    -2.534308     0.925781
      -3.213254    -1.638395     0.925779
      -3.213261     1.669160     0.925778
      -2.562355     2.565093     0.925768
       2.110383     2.913177    -0.009989
       0.004983     3.597261    -0.009995
       3.411546     1.122221    -0.009992
       3.411508    -1.091473    -0.009978
       2.110339    -2.882369    -0.009984
       0.004999    -3.566433    -0.009987
      -2.100339    -2.882368    -0.009993
      -3.401513    -1.091462    -0.010000
      -3.401521     1.122211    -0.009997
      -2.100376     2.913150    -0.010008
       1.064292     3.275559    -0.014873
       3.432987     0.015362    -0.014830
       1.064305    -3.244824    -0.014841
      -2.768298    -1.999538    -0.014852
      -2.768318     2.030284    -0.014848
       2.572341     2.565109    -0.945743
      -0.573332     3.587199    -0.945752
       3.223271     1.669147    -0.945750
       3.223254    -1.638406    -0.945764
       2.572333    -2.534311    -0.945765
      -0.573341    -3.556402    -0.945766
      -1.626550    -3.214194    -0.945769
      -3.570686    -0.538326    -0.945782
      -3.570693     0.569078    -0.945783
      -1.626579     3.244956    -0.945764
       1.534499     2.933935    -0.955276
       3.253368     0.568110    -0.955259
       1.534529    -2.903193    -0.955280
      -2.298077    -2.341177    -0.955289
      -2.947925     1.477501    -0.955294
       0.483090     3.275559    -0.955279
       3.253380    -0.537422    -0.955277
       0.483082    -3.244828    -0.955281
      -2.947908    -1.446763    -0.955292
      -2.298101     2.371888    -0.955275
       2.778284     2.030267    -0.005101
       2.778296    -1.999542    -0.005125
      -1.054305    -3.244822    -0.005133
      -3.422990     0.015375    -0.005143
      -1.054321     3.275554    -0.005112
       2.308081     2.371889     0.935298
       2.957903    -1.446761     0.935317
      -0.473082    -3.244818     0.935308
      -3.243381    -0.537397     0.935299
      -1.524556     2.933937     0.935309
       2.957911     1.477498     0.935321
       2.308073    -2.341171     0.935315
      -1.524527    -2.903184     0.935305
      -3.243384     0.568156     0.935300
      -0.473123     3.275556     0.935290
       3.043359     1.115425    -1.887794
       1.990139    -2.534318    -1.887781
      -1.806462    -2.660497    -1.887788
      -3.099694     0.911305    -1.887811
      -0.102292     3.244974    -1.887821
       3.051914     0.015372    -1.893068
       0.946542    -2.882381    -1.893047
      -2.459978    -1.775537    -1.893057
      -2.460007     1.806300    -1.893083
       0.946553     2.913179    -1.893106
       3.043367    -1.084694    -1.887794
      -0.102329    -3.214202    -1.887784
      -3.099680    -0.880538    -1.887795
      -1.806492     2.691234    -1.887808
       1.990111     2.565112    -1.887815
       0.767157     0.569103    -3.626691
       0.767139    -0.538355    -3.626674
      -0.286104    -0.880571    -3.626672
      -0.937048     0.015368    -3.626679
      -0.286115     0.911331    -3.626694
       1.528477     1.122224    -3.056924
       1.528452    -1.091492    -3.056889
      -0.576903    -1.775555    -3.056891
      -1.878091     0.015359    -3.056899
      -0.576923     1.806309    -3.056930
       1.542408     0.015354    -3.073861
       0.480088    -1.446798    -3.073853
      -1.238790    -0.888302    -3.073858
      -1.238795     0.919020    -3.073868
       0.480082     1.477515    -3.073873
       2.281229     1.669146    -2.470040
       2.281241    -1.638412    -2.470006
      -0.864441    -2.660501    -2.470009
      -2.808585     0.015370    -2.470021
      -0.864444     2.691235    -2.470049
       2.303208     0.568109    -2.492661
       1.240922    -1.999560    -2.492657
      -1.529389    -1.782705    -2.492663
      -2.179235     0.919010    -2.492673
       0.189476     2.371896    -2.492675
       2.303232    -0.537429    -2.492660
       0.189469    -2.341195    -2.492658
      -2.179225    -0.888288    -2.492667
      -1.529397     1.813396    -2.492672
       1.240886     2.030272    -2.492672
       0.004991     0.015398     4.153638
       1.155834     3.557312     1.852086
       3.729069     0.015399     1.852046
       1.155794    -3.526407     1.852046
      -3.007834    -2.173564     1.852034
      -3.007841     2.204350     1.852027
       3.017934     2.204418    -1.872098
       3.017842    -2.173568    -1.872030
      -1.145795    -3.526418    -1.872030
      -3.719068     0.015383    -1.872049
      -1.145830     3.557304    -1.872110
       0.005010     0.015384    -4.173773
       0.297589     0.915928     4.682754
       0.951853     0.015393     4.682746
       0.297585    -0.885127     4.682740
      -0.761040    -0.541160     4.682737
      -0.761042     0.571945     4.682741
       0.590820     1.818395     4.113803
       1.900744     0.015384     4.113769
       0.590810    -1.787579     4.113765
      -1.528708    -1.098907     4.113759
      -1.528714     1.129681     4.113759
       1.256545     0.924697     4.130332
       1.256548    -0.893922     4.130321
      -0.473063    -1.455904     4.130316
      -1.542025     0.015387     4.130313
      -0.473066     1.486681     4.130327
       0.882793     2.716993     3.529918
       2.845586     0.015383     3.529827
       0.882783    -2.686174     3.529827
      -2.293096    -1.654270     3.529818
      -2.293106     1.685043     3.529812
       1.552963     1.829496     3.555703
       2.208697    -0.896231     3.555682
      -0.181023    -2.362161     3.555676
      -2.313679    -0.542408     3.555670
      -1.242026     2.048190     3.555675
       2.208697     0.926984     3.555684
       1.552970    -1.798757     3.555681
      -1.242009    -2.017426     3.555673
      -2.313683     0.573177     3.555669
      -0.181043     2.392908     3.555698
       1.171158     3.604486     2.935770
       3.778857     0.015391     2.935570
       1.171179    -3.573763     2.935570
      -3.048121    -2.202831     2.935558
      -3.048130     2.233610     2.935551
       1.841205     2.723897     2.961066
       3.148487    -0.893924     2.961046
       0.111580    -3.255241     2.961042
      -3.072627    -1.096665     2.961032
      -2.003684     2.598738     2.961035
       2.501968     1.829495     2.969191
       2.501948    -1.798758     2.969184
      -0.948758    -2.919956     2.969176
      -3.081417     0.015384     2.969168
      -0.948803     2.950717     2.969182
       3.148498     0.924695     2.961050
       1.841191    -2.693259     2.961046
      -2.003665    -2.567958     2.961036
      -3.072632     1.127437     2.961028
       0.111481     3.285917     2.961061
       2.118247     3.604489     2.350445
       4.071452    -0.885128     2.350376
       0.405150    -4.130316     2.350375
      -3.814151    -1.646281     2.350362
      -2.755533     3.134149     2.350368
       2.778622     2.716991     2.358244
       3.431408    -1.787582     2.358190
      -0.650912    -3.800472     2.358184
      -3.826795    -0.539977     2.358172
      -1.707286     3.488060     2.358205
       3.431439     1.818390     2.358219
       2.778542    -2.686178     2.358191
      -1.707271    -3.457241     2.358181
      -3.826795     0.570747     2.358169
      -0.650961     3.831328     2.358234
       4.071467     0.915926     2.350387
       2.118045    -3.573765     2.350378
      -2.755521    -3.103353     2.350366
      -3.814153     1.677056     2.350354
       0.404952     4.161171     2.350440
       1.937386     4.161186     1.403353
       0.878494     4.505240     1.403350
       4.544910     0.571950     1.403510
       4.544891    -0.541164     1.403517
       1.937212    -4.130320     1.403515
       0.878585    -4.474288     1.403513
      -3.340715    -3.103356     1.403501
      -3.994984    -2.202836     1.403498
      -3.994991     2.233607     1.403493
      -3.340736     3.134147     1.403488
       2.416598     3.831368     0.462403
       0.296946     4.520084     0.462397
       4.379346     1.129697     0.462423
       4.379292    -1.098919     0.462442
       2.416489    -3.800479     0.462438
       0.296970    -4.489151     0.462434
      -2.878909    -3.457247     0.462425
      -4.188847    -1.654279     0.462419
      -4.188854     1.685035     0.462417
      -2.878952     3.488057     0.462402
       1.363133     4.195303     0.457796
       4.400066     0.015379     0.457939
       1.363145    -4.164560     0.457932
      -3.550674    -2.567966     0.457918
      -3.550693     2.598733     0.457916
       2.888998     3.488149    -0.482390
      -0.286968     4.520081    -0.482399
       4.198953     1.685061    -0.482399
       4.198845    -1.654286    -0.482400
       2.888910    -3.457247    -0.482401
      -0.286970    -4.489153    -0.482404
      -2.406488    -3.800481    -0.482410
      -4.369293    -1.098918    -0.482422
      -4.369301     1.129669    -0.482424
      -2.406571     3.831323    -0.482417
       1.841459     3.862349    -0.489259
       4.231191     0.573144    -0.489219
       1.841455    -3.831581    -0.489244
      -3.086182    -2.919968    -0.489256
      -3.741928     2.048182    -0.489261
       0.780459     4.207089    -0.489262
       4.231178    -0.542433    -0.489238
       0.780467    -4.176316    -0.489245
      -3.741910    -2.017439    -0.489260
      -3.086220     2.950711    -0.489240
       3.350746     3.134318    -1.423352
      -0.868502     4.505232    -1.423364
       4.005156     2.233569    -1.423354
       4.004988    -2.202843    -1.423485
       3.350717    -3.103358    -1.423483
      -0.868587    -4.474294    -1.423485
      -1.927212    -4.130327    -1.423488
      -4.534888    -0.541174    -1.423505
      -4.534895     0.571929    -1.423509
      -1.927377     4.161163    -1.423370
       2.309017     3.508080    -1.433957
       4.038726     1.127308    -1.433937
       2.309118    -3.477281    -1.434001
      -2.604704    -3.255256    -1.434011
      -3.912019     1.486669    -1.434032
       1.254956     3.862350    -1.438244
       4.049951     0.015333    -1.438220
       1.254958    -3.831586    -1.438219
      -3.267422    -2.362178    -1.438232
      -3.267461     2.392900    -1.438240
       0.193967     4.195300    -1.433963
       4.038740    -1.096685    -1.434010
       0.193869    -4.164566    -1.434003
      -3.912001    -1.455920    -1.434019
      -2.604779     3.285910    -1.433956
       3.560647     2.598706    -0.477780
       3.560674    -2.567969    -0.477896
      -1.353144    -4.164561    -0.477903
      -4.390058     0.015376    -0.477919
      -1.353144     4.195291    -0.477794
       3.096197     2.950725     0.469281
       3.751908    -2.017440     0.469285
      -0.770466    -4.176311     0.469276
      -4.221178    -0.542416     0.469263
      -1.831493     3.862331     0.469290
       3.751926     2.048171     0.469306
       3.096181    -2.919967     0.469283
      -1.831453    -3.831576     0.469273
      -4.221182     0.573170     0.469262
      -0.770490     4.207086     0.469270
       2.614769     3.285925     1.413961
       3.921997    -1.455912     1.414039
      -0.183870    -4.164555     1.414032
      -4.028731    -1.096670     1.414020
      -2.299146     3.508051     1.414028
       3.277443     2.392902     1.418262
       3.277417    -2.362170     1.418259
      -1.244955    -3.831572     1.418249
      -4.039942     0.015380     1.418238
      -1.245006     3.862332     1.418249
       3.922020     1.486675     1.414046
       2.614701    -3.255248     1.414038
      -2.299114    -3.477271     1.414026
      -4.028735     1.127433     1.414017
      -0.183986     4.195295     1.413953
       3.824281     1.676885    -2.370437
       2.765529    -3.103364    -2.370348
      -2.108048    -3.573782    -2.370356
      -4.061473     0.915910    -2.370384
      -0.394949     4.161181    -2.370465
       3.836888     0.570723    -2.378216
       1.717276    -3.457257    -2.378153
      -2.768547    -2.686195    -2.378164
      -3.421454     1.818381    -2.378207
       0.660974     3.831366    -2.378265
       3.836845    -0.539979    -2.378186
       0.660912    -3.800492    -2.378154
      -3.421416    -1.787598    -2.378168
      -2.768636     2.716984    -2.378234
       1.717290     3.488149    -2.378262
       3.824173    -1.646287    -2.370362
      -0.395153    -4.130334    -2.370351
      -4.061459    -0.885146    -2.370368
      -2.108252     3.604478    -2.370454
       2.765410     3.134319    -2.370456
       0.771229     0.572065    -4.702795
       0.771217    -0.541311    -4.702776
      -0.287657    -0.885358    -4.702773
      -0.942078     0.015372    -4.702781
      -0.287663     0.916119    -4.702798
       1.538797     1.129727    -4.133880
       1.538760    -1.098974    -4.133832
      -0.580836    -1.787668    -4.133832
      -1.890822     0.015363    -4.133842
      -0.580856     1.818443    -4.133886
       1.552118     0.015367    -4.150217
       0.483090    -1.456022    -4.150203
      -1.246634    -0.894002    -4.150208
      -1.246637     0.924736    -4.150225
       0.483088     1.486757    -4.150236
       2.303150     1.685065    -3.549964
       2.303111    -1.654306    -3.549855
      -0.872792    -2.686214    -3.549858
      -2.835614     0.015364    -3.549870
      -0.872815     2.716997    -3.549973
       2.323690     0.573152    -3.575668
       1.252032    -2.017478    -3.575639
      -1.542992    -1.798810    -3.575644
      -2.198746     0.926974    -3.575656
       0.191012     2.392928    -3.575682
       2.323703    -0.542457    -3.575643
       0.191014    -2.362222    -3.575639
      -2.198740    -0.896257    -3.575649
      -1.542998     1.829513    -3.575679
       1.252012     2.048189    -3.575679
       3.058080     2.233568    -2.955791
       3.058132    -2.202850    -2.955565
      -1.161183    -3.573786    -2.955566
      -3.768868     0.015373    -2.955584
      -1.161168     3.604483    -2.955803
       3.082569     1.127311    -2.981055
       2.013677    -2.567983    -2.981021
      -1.831198    -2.693289    -2.981027
      -3.138520     0.924679    -2.981045
      -0.101502     3.285927    -2.981073
       3.091426     0.015329    -2.989155
       0.958760    -2.919988    -2.989144
      -2.491962    -1.798782    -2.989154
      -2.491993     1.829489    -2.989171
       0.958757     2.950729    -2.989179
       3.082645    -1.096697    -2.981027
      -0.101587    -3.255273    -2.981023
      -3.138505    -0.893941    -2.981035
      -1.831222     2.723896    -2.981069
       2.013549     2.598707    -2.981067
       0.004988     0.015398     5.235428
       1.455054     4.478223     2.336238
       4.696650     0.015398     2.335840
       1.454792    -4.446633     2.335841
      -3.790626    -2.742296     2.335826
      -3.790634     2.773079     2.335816
       3.801309     2.773570    -2.356248
       3.800634    -2.742302    -2.355817
      -1.444794    -4.446646    -2.355818
      -4.686650     0.015379    -2.355841
      -1.445053     4.478213    -2.356263
       0.005012     0.015379    -5.256368
       0.299695     0.922418     5.776933
       0.958676     0.015395     5.776932
       0.299692    -0.891618     5.776927
      -0.766565    -0.545171     5.776924
      -0.766567     0.575960     5.776927
       0.594864     1.830852     5.205547
       1.913826     0.015392     5.205538
       0.594850    -1.800020     5.205534
      -1.539295    -1.106595     5.205528
      -1.539299     1.137378     5.205529
       1.263675     0.929889     5.219861
       1.263676    -0.899098     5.219852
      -0.475789    -1.464284     5.219846
      -1.550839     0.015391     5.219844
      -0.475788     1.495074     5.219856
       0.889731     2.738354     4.622281
       2.867896     0.015390     4.622293
       0.889675    -2.707394     4.622293
      -2.311151    -1.667385     4.622284
      -2.311156     1.698163     4.622278
       1.563812     1.842805     4.648018
       2.224656    -0.902452     4.647999
      -0.182015    -2.379264     4.647992
      -2.330254    -0.546750     4.647986
      -1.251268     2.062625     4.647989
       2.224652     0.933232     4.647999
       1.563821    -1.812010     4.647997
      -1.251266    -2.031844     4.647989
      -2.330257     0.577526     4.647986
      -0.182003     2.410054     4.648013
       1.182942     3.640764     4.029513
       3.816242     0.015391     4.029786
       1.182730    -3.609323     4.029787
      -3.078374    -2.224808     4.029775
      -3.078381     2.255586     4.029766
       1.858556     2.750007     4.058492
       3.178555    -0.902453     4.058460
       0.112757    -3.286474     4.058455
      -3.101971    -1.107439     4.058445
      -2.022990     2.623313     4.058442
       2.525604     1.846723     4.068455
       2.525607    -1.815948     4.068458
      -0.957799    -2.947770     4.068449
      -3.110667     0.015386     4.068442
      -0.957804     2.978549     4.068445
       3.178556     0.933231     4.058457
       1.858593    -2.719221     4.058459
      -2.022982    -2.592532     4.058449
      -3.101975     1.138212     4.058442
       0.112786     3.317241     4.058487
       1.473735     4.535727     3.429480
       4.754472     0.015393     3.431014
       1.472659    -4.501629     3.431014
      -3.837413    -2.776285     3.430999
      -3.837421     2.807064     3.430989
       2.146288     3.646142     3.454697
       4.119803    -0.899100     3.454678
       0.406805    -4.180618     3.454675
      -3.861484    -1.663400     3.454662
      -2.786445     3.173863     3.454662
       2.815014     2.750006     3.467374
       3.474090    -1.812012     3.467394
      -0.660959    -3.848614     3.467386
      -3.875689    -0.545301     3.467375
      -1.727466     3.532897     3.467381
       3.474114     1.842804     3.467396
       2.814963    -2.719222     3.467394
      -1.727446    -3.502092     3.467383
      -3.875690     0.576072     3.467373
      -0.661002     3.879431     3.467364
       4.119813     0.929888     3.454681
       2.146270    -3.615434     3.454679
      -2.786432    -3.143075     3.454666
      -3.861488     1.694174     3.454656
       0.406743     4.211353     3.454692
       2.424516     4.535731     2.841871
       5.049177    -0.891620     2.841601
       0.701109    -5.062195     2.841600
      -4.608965    -2.215722     2.841583
      -3.542713     3.714089     2.841582
       3.091245     3.640764     2.850127
       4.406106    -1.800022     2.850062
      -0.361549    -4.731312     2.850058
      -4.622658    -1.102825     2.850043
      -2.488496     4.071041     2.850060
       3.752558     2.738352     2.852968
       3.752588    -2.707398     2.852927
      -1.426459    -4.390172     2.852918
      -4.627290     0.015385     2.852903
      -1.426339     4.421075     2.852953
       4.406117     1.830849     2.850079
       3.091573    -3.609326     2.850065
      -2.488506    -4.040223     2.850052
      -4.622657     1.133596     2.850037
      -0.360902     4.762433     2.850117
       5.049186     0.922417     2.841607
       2.426352    -4.501631     2.841603
      -3.542704    -3.683299     2.841588
      -4.608967     2.246496     2.841574
       0.704542     5.094584     2.841866
       2.242945     5.094591     1.891086
       1.179930     5.439985     1.891083
       5.526040     0.575962     1.887908
       5.526028    -0.545175     1.887914
       2.244215    -5.062199     1.887914
       1.177956    -5.408646     1.887912
      -4.132115    -3.683302     1.887897
      -4.791101    -2.776290     1.887894
      -4.791109     2.807061     1.887885
      -4.132132     3.714087     1.887880
       2.726835     4.762453     0.941796
       0.593234     5.455701     0.941790
       5.360567     1.137401     0.941194
       5.360534    -1.106603     0.941228
       2.727022    -4.731318     0.941227
       0.592874    -5.424743     0.941224
      -3.668230    -4.040229     0.941212
      -4.987209    -2.224817     0.941205
      -4.987215     2.255579     0.941198
      -3.668251     4.071037     0.941169
       1.665502     5.125905     0.937205
       5.378513     0.015390     0.937306
       1.665500    -5.095117     0.937305
      -4.342254    -3.143083     0.937288
      -4.342270     3.173859     0.937278
       3.205939     4.421100    -0.009997
       0.004993     5.461148    -0.010006
       5.184114     1.698267    -0.010123
       5.184049    -1.667395    -0.009979
       3.205828    -4.390179    -0.009979
       0.005000    -5.430191    -0.009982
      -3.195826    -4.390181    -0.009992
      -5.174050    -1.667396    -0.010003
      -5.174055     1.698152    -0.010008
      -3.195824     4.421069    -0.010147
       2.149856     4.797252    -0.015580
       5.215611     0.577535    -0.015564
       2.149784    -4.766466    -0.015567
      -3.880032    -3.502104    -0.015582
      -4.540877     2.623305    -0.015595
       1.080478     5.144713    -0.015583
       5.215587    -0.546757    -0.015567
       1.080532    -5.113886    -0.015568
      -4.540868    -2.592545    -0.015586
      -3.880054     3.532891    -0.015590
       3.678634     4.070929    -0.961792
      -0.583245     5.455695    -0.961804
       4.997227     2.255987    -0.961814
       4.997209    -2.224820    -0.961187
       3.678231    -4.040228    -0.961186
      -0.582875    -5.424747    -0.961189
      -2.717021    -4.731322    -0.961195
      -5.350532    -1.106610    -0.961211
      -5.350539     1.137362    -0.961216
      -2.716805     4.762424    -0.961836
       2.626791     4.450738    -0.969444
       5.033436     1.138231    -0.969433
       2.626735    -4.419944    -0.969464
      -3.403082    -3.848629    -0.969477
      -4.723054     2.062612    -0.969498
       1.562825     4.809880    -0.972789
       5.046243     0.015376    -0.972773
       1.562830    -4.779120    -0.972768
      -4.073444    -2.947787    -0.972784
      -4.073456     2.978541    -0.972799
       0.490959     5.144710    -0.969450
       5.033410    -1.107450    -0.969471
       0.490994    -5.113888    -0.969466
      -4.723044    -2.031860    -0.969485
      -3.403099     3.879423    -0.969457
       4.144042     3.713362    -1.911086
      -1.169936     5.439975    -1.911101
       4.801009     2.809107    -1.911088
       4.801105    -2.776296    -1.907877
       4.142118    -3.683306    -1.907875
      -1.167958    -5.408655    -1.907878
      -2.234215    -5.062208    -1.907881
      -5.516026    -0.545190    -1.907902
      -5.516032     0.575939    -1.907906
      -2.232941     5.094572    -1.911108
       3.093516     4.088392    -1.918806
       4.833051     1.694097    -1.918790
       3.093568    -4.057577    -1.918818
      -2.914188    -4.180635    -1.918828
      -4.887737     1.495057    -1.918857
       2.035657     4.450738    -1.925925
       4.850772     0.576038    -1.925887
       2.035670    -4.419949    -1.925832
      -3.585733    -3.286494    -1.925846
      -4.244885     2.410040    -1.925887
       0.969202     4.797249    -1.925928
       4.850780    -0.545315    -1.925862
       0.969181    -4.766473    -1.925833
      -4.244860    -2.379284    -1.925850
      -3.585763     3.317230    -1.925912
      -0.099606     5.125899    -1.918815
       4.833046    -1.663412    -1.918829
      -0.099673    -5.095125    -1.918820
      -4.887722    -1.464303    -1.918840
      -2.914249     4.211343    -1.918812
       4.352255     3.173854    -0.957198
       4.352256    -3.143085    -0.957265
      -1.655500    -5.095120    -0.957271
      -5.368503     0.015376    -0.957292
      -1.655504     5.125890    -0.957215
       3.890027     3.532944    -0.004410
       4.550868    -2.592545    -0.004389
      -1.070532    -5.113884    -0.004397
      -5.205586    -0.546762    -0.004415
      -2.139846     4.797232    -0.004419
       4.550912     2.623277    -0.004400
       3.890032    -3.502103    -0.004390
      -2.139782    -4.766463    -0.004400
      -5.205590     0.577515    -0.004417
      -1.070490     5.144711    -0.004424
       3.413094     3.879456     0.949449
       4.733044    -2.031856     0.949508
      -0.480994    -5.113881     0.949501
      -5.023409    -1.107447     0.949484
      -2.616771     4.450723     0.949478
       4.083443     2.978545     0.952801
       4.083442    -2.947782     0.952813
      -1.552827    -4.779111     0.952801
      -5.036242     0.015378     0.952787
      -1.552840     4.809881     0.952785
       4.733074     2.062617     0.949499
       3.413081    -3.848624     0.949508
      -2.616732    -4.419938     0.949495
      -5.023413     1.138204     0.949481
      -0.480974     5.144714     0.949438
       2.924246     4.211364     1.898802
       4.897720    -1.464290     1.898858
       0.109672    -5.095112     1.898852
      -4.823034    -1.663404     1.898836
      -3.083589     4.088359     1.898838
       3.595750     3.317241     1.905909
       4.254856    -2.379272     1.905875
      -0.959179    -4.766457     1.905866
      -4.840761    -0.545305     1.905851
      -2.025689     4.450725     1.905872
       4.254875     2.410049     1.905889
       3.595729    -3.286483     1.905875
      -2.025667    -4.419935     1.905863
      -4.840762     0.576069     1.905849
      -0.959212     4.797236     1.905896
       4.897742     1.495072     1.898860
       2.924187    -4.180625     1.898858
      -3.083565    -4.057569     1.898843
      -4.823038     1.694171     1.898830
       0.109598     5.125897     1.898794
       4.619429     2.250251    -2.861866
       3.552710    -3.683311    -2.861567
      -2.416355    -4.501650    -2.861576
      -5.039192     0.922397    -2.861604
      -0.694541     5.094583    -2.861892
       4.632779     1.134313    -2.870111
       2.498510    -4.040236    -2.870026
      -3.081577    -3.609344    -2.870038
      -4.396126     1.830832    -2.870077
       0.370934     4.762446    -2.870151
       4.637370     0.015535    -2.872944
       1.436460    -4.390188    -2.872888
      -3.742591    -2.707415    -2.872903
      -3.742568     2.738337    -2.872968
       1.436506     4.421094    -2.873011
       4.632693    -1.102804    -2.870051
       0.371548    -4.731330    -2.870028
      -4.396112    -1.800041    -2.870045
      -3.081253     3.640750    -2.870133
       2.499215     4.070927    -2.870145
       4.618980    -2.215728    -2.861577
      -0.691111    -5.062214    -2.861571
      -5.039183    -0.891641    -2.861592
      -2.414522     4.535716    -2.861886
       3.556427     3.713362    -2.861879
       0.774215     0.574231    -5.799373
       0.774206    -0.543483    -5.799361
      -0.288796    -0.888874    -5.799358
      -0.945768     0.015370    -5.799366
      -0.288800     0.919625    -5.799376
       1.548896     1.137068    -5.226047
       1.548856    -1.106301    -5.226024
      -0.584687    -1.799531    -5.226023
      -1.903291     0.015367    -5.226034
      -0.584706     1.830316    -5.226053
       1.560909     0.015374    -5.239807
       0.485808    -1.464376    -5.239793
      -1.253737    -0.899164    -5.239798
      -1.253739     0.929907    -5.239815
       0.485808     1.495121    -5.239824
       2.321231     1.698204    -4.642440
       2.321080    -1.667356    -4.642434
      -0.879653    -2.707337    -4.642438
      -2.857817     0.015367    -4.642449
      -0.879715     2.738253    -4.642449
       2.340266     0.577574    -4.668020
       1.261315    -2.031864    -4.667990
      -1.553804    -1.812082    -4.667995
      -2.214701     0.933174    -4.668007
       0.191950     2.410059    -4.668032
       2.340261    -0.546821    -4.667994
       0.191965    -2.379316    -4.667990
      -2.214700    -0.902440    -4.668000
      -1.553803     1.842832    -4.668031
       1.261328     2.062597    -4.668029
       3.088929     2.255975    -4.049561
       3.088370    -2.224823    -4.049809
      -1.172732    -3.609339    -4.049812
      -3.806242     0.015368    -4.049829
      -1.172950     3.640741    -4.049574
       3.111954     1.138241    -4.078502
       2.033002    -2.592557    -4.078453
      -1.848592    -2.719263    -4.078459
      -3.168584     0.933199    -4.078471
      -0.102812     3.317240    -4.078513
       3.120664     0.015368    -4.088433
       0.967796    -2.947796    -4.088429
      -2.515612    -1.815970    -4.088439
      -2.515618     1.846704    -4.088449
       0.967794     2.978533    -4.088447
       3.111981    -1.107477    -4.078454
      -0.102776    -3.286512    -4.078454
      -3.168578    -0.902464    -4.078468
      -1.848564     2.750008    -4.078516
       2.033020     2.623267    -4.078507
       3.850235     2.809103    -3.449495
       3.847420    -2.776301    -3.450996
      -1.462663    -4.501651    -3.450999
      -4.744479     0.015371    -3.451021
      -1.463743     4.535717    -3.449510
       3.871461     1.694098    -3.474698
       2.796443    -3.143095    -3.474656
      -2.136274    -3.615462    -3.474664
      -4.109829     0.929866    -3.474686
      -0.396753     4.211358    -3.474718
       3.885734     0.576037    -3.487356
       1.737450    -3.502112    -3.487362
      -2.804965    -2.719245    -3.487373
      -3.464128     1.842783    -3.487392
       0.670995     3.879447    -3.487378
       3.885718    -0.545322    -3.487371
       0.670954    -3.848638    -3.487363
      -3.464096    -1.812030    -3.487377
      -2.805024     2.749992    -3.487375
       1.737450     3.532936    -3.487375
       3.871502    -1.663422    -3.474664
      -0.396811    -4.180647    -3.474659
      -4.109816    -0.899119    -3.474676
      -2.136298     3.646134    -3.474715
       2.796369     3.173851    -3.474709
       0.004985     0.015397     6.347339
       5.691169     0.015395     2.833105
       1.762115    -5.392481     2.833106
      -4.595213    -3.326863     2.833088
      -4.595221     3.357640     2.833076
       4.605218    -3.326871    -2.853071
      -1.752117    -5.392497    -2.853075
      -5.681171     0.015374    -2.853100