
      -0.035038     0.107831     0.806004
       0.238442    -0.733850     0.259049
      -0.749711    -0.413443     0.261368
      -0.750101     0.625607     0.262984
       0.239120     0.947025     0.262985
       0.849544     0.106187     0.261370
      -0.307663    -0.736071    -0.621884
      -0.918126     0.104895    -0.620486
      -0.307084     0.945107    -0.619785
       0.681124     0.624524    -0.620484
       0.681558    -0.414653    -0.621882
      -0.033969     0.104550    -1.166009
       0.250674     0.985433     1.314481
       0.887425     0.108536     1.311423
       0.249636    -0.768303     1.307123
      -0.781740    -0.433810     1.311421
      -0.782026     0.649888     1.314480
       1.174501     0.983875     0.744224
       1.173416    -0.771652     0.739446
      -0.495749    -1.313998     0.739443
      -1.528500     0.105615     0.744220
      -0.495872     1.526133     0.745141
       0.998709     1.525389    -0.177665
      -0.034079     1.860978    -0.177598
       1.636601     0.647725    -0.178444
       1.636355    -0.437561    -0.179476
       0.998478    -1.316061    -0.181112
      -0.034222    -1.651606    -0.181113
      -1.066645    -1.315821    -0.179480
      -1.704761    -0.437951    -0.178448
      -1.704574     0.647038    -0.177669
      -1.066286     1.525594    -0.177599
       1.460375     0.104533    -1.100988
       0.427716    -1.316368    -1.102017
      -1.242908    -0.773818    -1.100992
      -1.242517     0.982302    -1.100222
       0.427836     1.525034    -1.100220
       0.713257     0.646604    -1.671054
       0.713071    -0.438502    -1.671882
      -0.319136    -0.773887    -1.671883
      -0.957097     0.103873    -1.671057
      -0.319089     0.982059    -1.670789
      -0.035744     0.110001     1.855281
       0.529563     1.839175     0.734019
       1.788290     0.105639     0.731591
       0.528770    -1.627387     0.726265
      -1.508851    -0.965669     0.731587
      -1.509469     1.176652     0.734016
       1.441562     1.175792    -1.088580
       1.441510    -0.967496    -1.089856
      -0.597522    -1.630019    -1.089859
      -1.857359     0.103906    -1.088584
      -0.597204     1.838007    -1.088437
      -0.033752     0.103887    -2.215330
       0.254178     0.997600     2.372116
       0.898765     0.110088     2.367649
       0.252645    -0.777570     2.361230
      -0.791830    -0.439220     2.367647
      -0.792015     0.657670     2.372115
       0.541831     1.878239     1.800691
       1.826675     0.107795     1.796219
       0.539636    -1.660834     1.787254
      -1.541174    -0.986488     1.796214
      -1.542358     1.201044     1.800688
       1.197121     1.002286     1.814418
       1.194619    -0.785245     1.805690
      -0.504915    -1.337458     1.805687
      -1.557625     0.107213     1.814414
      -0.505008     1.554246     1.816080
       1.477385     1.877025     1.222702
       2.116543    -0.784324     1.216488
      -0.214811    -2.215094     1.213621
      -2.298032    -0.440602     1.221778
      -1.252577     2.089206     1.223077
       2.118122     0.994296     1.221784
       1.475784    -1.665785     1.213623
      -1.251306    -1.878607     1.216483
      -2.298521     0.650156     1.222697
      -0.214653     2.426448     1.223079
       1.299417     2.425925     0.287871
       0.253056     2.766066     0.287697
       2.586450     0.653777     0.287173
       2.585997    -0.445668     0.286044
       1.298996    -2.218006     0.282501
       0.252803    -2.557935     0.282500
      -1.830157    -1.880566     0.286038
      -2.476762    -0.991363     0.287166
      -2.477175     1.198833     0.287866
      -1.830582     2.089050     0.287694
       1.763884     2.088594    -0.640106
      -0.320672     2.766109    -0.640524
       2.410151     1.199274    -0.640416
       2.409512    -0.991754    -0.641533
       1.763519    -1.881712    -0.642659
      -0.320670    -2.558907    -0.642662
      -1.366394    -2.218623    -0.641538
      -2.654767    -0.446420    -0.640423
      -2.654656     0.652921    -0.640112
      -1.366450     2.426315    -0.640526
       0.728072     2.447661    -0.646874
       2.430954     0.104067    -0.647434
       0.727801    -2.239933    -0.649513
      -2.027849    -1.344688    -0.647441
      -2.027722     1.552248    -0.646878
       1.960316     1.552534     0.293831
       1.959475    -1.343988     0.289726
      -0.795271    -2.239061     0.289722
      -2.498487     0.103778     0.293825
      -0.795411     2.448019     0.294026
       2.231536     0.649316    -1.575400
       1.185100    -1.881530    -1.576399
      -1.545372    -1.668949    -1.575721
      -2.186668     0.993017    -1.575320
       0.147305     2.426015    -1.575517
       2.231220    -0.441858    -1.575716
       0.147176    -2.218772    -1.576400
      -2.187004    -0.786357    -1.575406
      -1.545146     1.876103    -1.575519
       1.185373     2.088661    -1.575316
       0.723338     0.653175    -2.727571
       0.723112    -0.446314    -2.728071
      -0.322666    -0.786109    -2.728073
      -0.969113     0.103264    -2.727573
      -0.322681     0.993121    -2.727505
       1.474516     1.198773    -2.153597
       1.474088    -0.991868    -2.154342
      -0.609550    -1.668884    -2.154345
      -1.897525     0.103129    -2.153601
      -0.609550     1.876007    -2.153774
       1.489722     0.103555    -2.170158
       0.436992    -1.344911    -2.170755
      -1.266072    -0.791859    -2.170162
      -1.266025     0.998710    -2.169884
       0.437213     1.552126    -2.169882
      -0.035581     0.109493     2.912582
       0.822188     2.737765     1.208700
       2.733318     0.103563     1.207305
       0.820926    -2.526551     1.199586
      -2.272175    -1.522823     1.207298
      -2.274387     1.731626     1.208696
       2.207561     1.731121    -1.560145
       2.207089    -1.524504    -1.561074
      -0.889485    -2.530644    -1.561078
      -2.803478     0.102933    -1.560152
      -0.889441     2.737421    -1.560661
      -0.033576     0.103350    -3.272374
       0.257080     1.001401     3.439158
       0.906381     0.107840     3.433406
       0.255245    -0.785577     3.424406
      -0.796672    -0.445517     3.433403
      -0.796600     0.659039     3.439157
       0.548055     1.896413     2.871633
       1.845302     0.107796     2.865707
       0.544935    -1.677146     2.853347
      -1.556248    -0.997437     2.865702
      -1.558077     1.212088     2.871630
       1.208583     1.010487     2.885892
       1.204332    -0.792570     2.872732
      -0.508470    -1.349094     2.872729
      -1.571721     0.107110     2.885888
      -0.509210     1.567172     2.888495
       0.836036     2.780510     2.285599
       2.775285     0.104921     2.282805
       0.832326    -2.561642     2.270255
      -2.306929    -1.546393     2.282798
      -2.310718     1.758066     2.285595
       1.500225     1.903234     2.307219
       2.144007    -0.795076     2.295518
      -0.218005    -2.243051     2.291804
      -2.331387    -0.446601     2.306032
      -1.269918     2.119160     2.308071
       2.148631     1.009047     2.306038
       1.494798    -1.686527     2.291807
      -1.267208    -1.903449     2.295513
      -2.332407     0.657934     2.307213
      -0.218233     2.460873     2.308072
       1.778161     2.779649     1.703434
       3.067325    -0.793879     1.698733
       0.072906    -3.121791     1.694265
      -3.069980    -0.996842     1.703643
      -2.019061     2.653260     1.703397
       2.431066     1.894301     1.708497
       2.428196    -1.686159     1.699931
      -0.973354    -2.791392     1.699926
      -3.080220     0.103573     1.708489
      -0.975227     3.001427     1.708625
       3.069590     0.998028     1.703652
       1.775959    -2.568435     1.694267
      -2.014889    -2.445193     1.698726
      -3.072405     1.203602     1.703427
       0.073900     3.333306     1.703400
       1.598970     3.333002     0.761161
       0.545040     3.675718     0.760843
       3.541418     0.655192     0.762484
       3.540746    -0.452036     0.761349
       1.598037    -3.125623     0.757271
       0.544358    -3.467985     0.757270
      -2.598823    -2.446906     0.761340
      -3.250180    -1.551535     0.762475
      -3.252687     1.756601     0.761154
      -2.601484     2.653349     0.760839
       2.073296     3.001118    -0.174754
      -0.033555     3.686123    -0.175500
       3.374033     1.209596    -0.174354
       3.373014    -1.004706    -0.175381
       2.072613    -2.795676    -0.177453
      -0.033518    -3.480001    -0.177456
      -2.138271    -2.795435    -0.175389
      -3.440631    -1.004626    -0.174363
      -3.441345     1.209299    -0.174762
      -2.139504     3.001857    -0.175503
       1.026470     3.364258    -0.180065
       3.395160     0.102724    -0.179429
       1.026086    -3.157962    -0.182066
      -2.807119    -1.912523    -0.179437
      -2.807894     2.118396    -0.180070
       2.535596     2.653030    -1.110526
      -0.612099     3.676193    -1.111584
       3.186486     1.757006    -1.110511
       3.185505    -1.551689    -1.111224
       2.534852    -2.447885    -1.111998
      -0.611902    -3.470329    -1.112003
      -1.665062    -3.127736    -1.111231
      -3.610661    -0.451524    -1.110521
      -3.610750     0.655958    -1.110535
      -1.665614     3.333884    -1.111586
       1.497071     3.022483    -1.120555
       3.216474     0.655922    -1.120051
       1.496542    -2.816638    -1.121443
      -2.337343    -2.254309    -1.120281
      -2.987726     1.565281    -1.120562
       0.444925     3.364523    -1.120925
       3.216003    -0.449914    -1.120274
       0.444857    -3.158352    -1.121444
      -2.987720    -1.359946    -1.120060
      -2.337569     2.460434    -1.120929
       2.741371     2.118134    -0.169854
       2.740096    -1.912681    -0.172499
      -1.092535    -3.157980    -0.172504
      -3.462823     0.102266    -0.169862
      -1.093258     3.364698    -0.170765
       2.270559     2.459849     0.770594
       2.918244    -1.359569     0.766827
      -0.511314    -3.156472     0.765097
      -3.282226    -0.450301     0.770766
      -1.563519     3.022709     0.770153
       2.920054     1.564945     0.770775
       2.268990    -2.253095     0.765101
      -1.561773    -2.815217     0.766821
      -3.282786     0.655454     0.770586
      -0.511795     3.364435     0.770155
       3.006648     1.203287    -2.052621
       1.952245    -2.447621    -2.053252
      -1.845661    -2.573760    -2.052868
      -3.139465     0.998696    -2.052972
      -0.140764     3.333750    -2.053600
       3.014930     0.103079    -2.058003
       0.908393    -2.795733    -2.058576
      -2.499711    -1.688739    -2.058010
      -2.499484     1.894346    -2.058648
       0.908659     3.001721    -2.058643
       3.005996    -0.997358    -2.052862
      -0.140716    -3.127667    -2.053255
      -3.139698    -0.793785    -2.052629
      -1.845646     2.779799    -2.053602
       1.952864     2.653297    -2.052965
       0.729026     0.656823    -3.793162
       0.728846    -0.450794    -3.793448
      -0.324668    -0.793103    -3.793449
      -0.975856     0.102872    -3.793164
      -0.324668     0.999240    -3.793209
       1.490805     1.210066    -3.222924
       1.490388    -1.004070    -3.223354
      -0.615562    -1.688336    -3.223357
      -1.917338     0.102692    -3.222929
      -0.615580     1.894572    -3.223257
       1.504648     0.103046    -3.240349
       0.441731    -1.359494    -3.240713
      -1.277846    -0.801043    -3.240353
      -1.277839     1.006930    -3.240329
       0.441942     1.565722    -3.240326
       2.244078     1.757037    -2.635387
       2.243396    -1.551261    -2.635834
      -0.903128    -2.573630    -2.635838
      -2.848251     0.102436    -2.635394
      -0.903213     2.779810    -2.636131
       2.266012     0.655936    -2.658421
       1.202789    -1.912491    -2.658980
      -1.568605    -1.695728    -2.658624
      -2.218729     1.006760    -2.658629
       0.151207     2.460508    -2.658862
       2.265759    -0.449866    -2.658619
       0.151066    -2.254217    -2.658981
      -2.218785    -0.801265    -2.658428
      -1.568574     1.901716    -2.658865
       1.203235     2.118626    -2.658625
      -0.033923     0.104386     3.980824
       1.117767     3.645546     1.687912
       3.687002     0.099418     1.690530
       1.115438    -3.432966     1.682126
      -3.041286    -2.086739     1.690521
      -3.047097     2.292297     1.687906
       2.981220     2.292215    -2.036752
       2.980376    -2.086949    -2.037267
      -1.184489    -3.440198    -2.037273
      -3.759183     0.102122    -2.036761
      -1.184668     3.646036    -2.037910
      -0.033452     0.102972    -4.340319
       0.260963     0.998212     4.516681
       0.914238     0.099213     4.508901
       0.259085    -0.797398     4.496025
      -0.797960    -0.457115     4.508899
      -0.797870     0.654175     4.516680
       0.552967     1.904206     3.949964
       1.859237     0.100614     3.943533
       0.549658    -1.691686     3.926532
      -1.563303    -1.011438     3.943528
      -1.566635     1.215504     3.949961
       1.217831     1.010838     3.963464
       1.210946    -0.802796     3.944630
      -0.507813    -1.361255     3.944628
      -1.579411     0.101958     3.963460
      -0.510770     1.571969     3.967015
       0.844606     2.804501     3.366719
       2.799620     0.100869     3.363813
       0.839442    -2.583546     3.346970
      -2.324236    -1.563975     3.363806
      -2.331756     1.772437     3.366715
       1.513846     1.917091     3.391563
       2.158094    -0.804659     3.373754
      -0.217228    -2.260566     3.370058
      -2.349251    -0.453820     3.390478
      -1.280249     2.135113     3.392918
       2.167324     1.013706     3.390484
       1.504462    -1.701154     3.370061
      -1.272974    -1.919483     3.373749
      -2.351574     0.661138     3.391558
      -0.219256     2.479851     3.392919
       1.133092     3.692204     2.772587
       3.732128     0.098648     2.775492
       1.126796    -3.467927     2.760620
      -3.077344    -2.113887     2.775483
      -3.086923     2.321036     2.772581
       1.802563     2.811525     2.797861
       3.097561    -0.804558     2.786891
       0.073655    -3.150822     2.781704
      -3.106362    -1.008610     2.798786
      -2.042057     2.686065     2.798037
       2.462005     1.916347     2.806020
       2.450088    -1.703323     2.789770
      -0.980979    -2.818146     2.789766
      -3.118212     0.103222     2.806012
      -0.987116     3.038014     2.806221
       3.105938     1.009892     2.798795
       1.792414    -2.592362     2.781706
      -2.033077    -2.471606     2.786884
      -3.110885     1.215046     2.797854
       0.073220     3.373361     2.798040
       2.080132     3.691642     2.187414
       4.025440    -0.804071     2.188873
       0.364123    -4.033623     2.184756
      -3.846217    -1.560992     2.191315
      -2.794055     3.221544     2.187070
       2.739890     2.803316     2.195668
       3.385356    -1.701834     2.192352
      -0.687485    -3.706917     2.191910
      -3.862278    -0.453878     2.196758
      -1.745739     3.575430     2.194868
       3.391424     1.902996     2.196768
       2.735055    -2.594864     2.191915
      -1.738500    -3.366678     2.192345
      -3.864372     0.657458     2.195659
      -0.689262     3.918700     2.194869
       4.029176     0.997883     2.191326
       2.076321    -3.477296     2.184758
      -2.784031    -3.016606     2.188864
      -3.852761     1.763925     2.187406
       0.366852     4.248587     2.187074
       1.899933     4.248423     1.239872
       0.840555     4.593003     1.239490
       4.503442     0.653899     1.245490
       4.502447    -0.458690     1.244793
       1.897848    -4.039579     1.242946
       0.839015    -4.383615     1.242944
      -3.372945    -3.017565     1.244782
      -4.027714    -2.118046     1.245479
      -4.034244     2.320289     1.239864
      -3.379729     3.221747     1.239484
       2.379618     3.918578     0.298796
       0.258810     4.608269     0.297915
       4.340694     1.214429     0.301543
       4.339306    -1.014272     0.301023
       2.378205    -3.713275     0.299525
       0.258603    -4.401976     0.299522
      -2.914396    -3.371147     0.301013
      -4.225518    -1.568906     0.301532
      -4.228437     1.771487     0.298787
      -2.918059     3.576040     0.297910
       1.325615     4.283322     0.293667
       4.361226     0.100184     0.297112
       1.324878    -4.077549     0.295757
      -3.587191    -2.482418     0.297101
      -3.590121     2.686099     0.293660
       2.852445     3.575427    -0.646086
      -0.325383     4.608638    -0.647434
       4.161851     1.771432    -0.645023
       4.160441    -1.568670    -0.645404
       2.851257    -3.371306    -0.646541
      -0.325105    -4.403371    -0.646545
      -2.443821    -3.714528    -0.645413
      -4.408227    -1.013160    -0.645035
      -4.409259     1.215952    -0.646096
      -2.445652     3.919720    -0.647437
       1.804373     3.950380    -0.653560
       4.194106     0.659432    -0.651591
       1.803577    -3.745761    -0.652705
      -3.124368    -2.834092    -0.651664
      -3.781744     2.135337    -0.653568
       0.742666     4.295611    -0.654023
       4.193507    -0.456367    -0.651654
       0.742584    -4.090499    -0.652707
      -3.780704    -1.931746    -0.651602
      -3.125727     3.038692    -0.654029
       3.314408     3.221655    -1.587112
      -0.907157     4.593924    -1.588734
       3.968673     2.320686    -1.586832
       3.967408    -2.116773    -1.587100
       3.313225    -3.017526    -1.587635
      -0.906790    -4.388694    -1.587641
      -1.965485    -4.044490    -1.587109
      -4.574784    -0.455256    -1.586844
      -4.575051     0.658211    -1.587123
      -1.966336     4.249775    -1.588735
       2.272219     3.596022    -1.598331
       4.002321     1.214355    -1.597262
       2.271247    -3.391442    -1.597970
      -2.643559    -3.169146    -1.597339
      -3.951950     1.573663    -1.598340
       1.217490     3.950768    -1.603110
       4.013211     0.102218    -1.601475
       1.217077    -3.745763    -1.602119
      -3.306832    -2.276212    -1.601485
      -3.307172     2.480614    -1.603116
       0.155838     4.284030    -1.599176
       4.001466    -1.010043    -1.597330
       0.155970    -4.078739    -1.597973
      -3.951720    -1.370074    -1.597273
      -2.644164     3.374253    -1.599179
       3.524234     2.685748    -0.641098
       3.522584    -2.482132    -0.642146
      -1.390864    -4.078611    -0.642152
      -4.429807     0.101319    -0.641109
      -1.391994     4.284111    -0.642952
       3.059432     3.037637     0.306065
       3.712403    -1.931965     0.305249
      -0.807986    -4.089519     0.304412
      -4.259943    -0.456808     0.306865
      -1.870395     3.950836     0.304593
       3.714868     2.134369     0.306876
       3.057435    -2.833565     0.304417
      -1.867814    -3.745090     0.305242
      -4.260612     0.659206     0.306055
      -0.809067     4.295683     0.304595
       2.577379     3.372827     1.250815
       3.879807    -1.371823     1.251072
      -0.222299    -4.074785     1.249264
      -4.065173    -1.011345     1.253057
      -2.337892     3.595985     1.249941
       3.239753     2.478972     1.255834
       3.236069    -2.275540     1.253014
      -1.280505    -3.743067     1.253008
      -4.078122     0.101247     1.255824
      -1.283580     3.950441     1.254197
       3.883244     1.571256     1.253068
       2.574943    -3.165905     1.249268
      -2.332493    -3.390325     1.251063
      -4.067646     1.213724     1.250805
      -0.222280     4.283391     1.249944
       3.787957     1.764228    -2.534200
       2.727692    -3.017298    -2.534556
      -2.147143    -3.487583    -2.534298
      -4.101405     1.002774    -2.534771
      -0.433381     4.249744    -2.535855
       3.800399     0.657938    -2.541974
       1.679375    -3.371182    -2.542356
      -2.808028    -2.600063    -2.542002
      -3.461176     1.905709    -2.543049
       0.623067     3.919730    -2.543418
       3.800028    -0.452972    -2.541993
       0.622898    -3.714453    -2.542358
      -3.461305    -1.701537    -2.541984
      -2.808028     2.804897    -2.543423
       1.680005     3.576183    -2.543042
       3.787033    -1.559449    -2.534290
      -0.433216    -4.044341    -2.534561
      -4.101502    -0.799217    -2.534211
      -2.147322     3.692850    -2.535857
       2.728694     3.222012    -2.534762
       0.733155     0.659533    -4.868902
       0.733021    -0.454002    -4.869056
      -0.326158    -0.798151    -4.869057
      -0.980786     0.102639    -4.868904
      -0.326124     1.003724    -4.869015
       1.501149     1.217286    -4.299563
       1.500823    -1.011819    -4.299807
      -0.619446    -1.700738    -4.299810
      -1.929947     0.102453    -4.299567
      -0.619404     1.906346    -4.299973
       1.514419     0.102765    -4.316310
       0.444824    -1.369007    -4.316549
      -1.285583    -0.807012    -4.316314
      -1.285551     1.012324    -4.316426
       0.445013     1.574620    -4.316424
       2.266003     1.772675    -3.715026
       2.265413    -1.567390    -3.715249
      -0.911456    -2.599619    -3.715254
      -2.875178     0.102201    -3.715033
      -0.911466     2.805214    -3.715857
       2.286520     0.660647    -3.741148
       1.214009    -1.930676    -3.741515
      -1.582085    -1.712130    -3.741282
      -2.238101     1.014401    -3.741459
       0.152850     2.481161    -3.741712
       2.286308    -0.455211    -3.741276
       0.152681    -2.275523    -3.741517
      -2.238142    -0.809507    -3.741154
      -1.582041     1.917461    -3.741714
       1.214419     2.136194    -3.741454
       3.021414     2.321114    -3.120197
       3.020513    -2.116189    -3.120382
      -1.199770    -3.487445    -3.120388
      -3.808684     0.101876    -3.120207
      -1.199906     3.692938    -3.121469
       3.045924     1.214813    -3.145726
       1.975763    -2.481459    -3.146097
      -1.870333    -2.606841    -3.145881
      -3.178178     1.011858    -3.146203
      -0.139788     3.374445    -3.146834
       3.054581     0.102653    -3.153950
       0.920695    -2.833590    -3.154309
      -2.531536    -1.712390    -3.153958
      -2.531461     1.917267    -3.154745
       0.921059     3.039060    -3.154740
       3.045403    -1.009619    -3.145875
      -0.139850    -3.168864    -3.146100
      -3.178245    -0.807546    -3.145734
      -1.870353     2.812149    -3.146836
       1.976450     2.686701    -3.146196
      -0.030075     0.092540     5.062126
       1.417216     4.565613     2.172989
       4.652207     0.092652     2.183549
       1.412580    -4.347477     2.176845
      -3.818177    -2.659547     2.183538
      -3.830160     2.860634     2.172981
       3.765008     2.860924    -2.520012
       3.763844    -2.656534    -2.520220
      -1.483532    -4.361513    -2.520227
      -4.727558     0.101517    -2.520023
      -1.483838     4.566787    -2.521721
      -0.033378     0.102748    -5.422612
       0.266005     0.989347     5.613213
       0.926867     0.085612     5.598603
       0.265764    -0.817960     5.577253
      -0.800186    -0.475542     5.598600
      -0.796741     0.644040     5.613212
       0.558561     1.907950     5.043273
       1.875757     0.083671     5.035074
       0.555882    -1.710847     5.007350
      -1.566712    -1.034857     5.035069
      -1.573364     1.215245     5.043270
       1.228325     1.005198     5.053993
       1.216941    -0.820187     5.023334
      -0.502444    -1.378850     5.023331
      -1.584589     0.091225     5.053989
      -0.510829     1.572145     5.058615
       0.852217     2.821181     4.460239
       2.822869     0.084225     4.458198
       0.846164    -2.604239     4.430622
      -2.333265    -1.591108     4.458191
      -2.347719     1.781457     4.460235
       1.526285     1.923678     4.485257
       2.167572    -0.822723     4.456012
      -0.212883    -2.279131     4.452252
      -2.360903    -0.468649     4.484662
      -1.287911     2.145374     4.486886
       2.185463     1.008558     4.484668
       1.511856    -1.718728     4.452254
      -1.270027    -1.939668     4.456007
      -2.365512     0.659154     4.485252
      -0.219091     2.492655     4.486887
       1.144974     3.726441     3.867257
       3.762918     0.089416     3.871379
       1.135387    -3.494374     3.848351
      -3.096830    -2.139455     3.871370
      -3.116662     2.341749     3.867251
       1.820311     2.834584     3.896475
       3.113802    -0.821158     3.874835
       0.077732    -3.173547     3.871029
      -3.130049    -1.025224     3.898528
      -2.060685     2.708855     3.896721
       2.485814     1.928342     3.906847
       2.462929    -1.721195     3.880139
      -0.980866    -2.840154     3.880134
      -3.144526     0.098930     3.906839
      -0.995547     3.063958     3.906795
       3.134864     1.010372     3.898536
       1.802471    -2.613144     3.871031
      -2.036461    -2.494583     3.874828
      -3.138800     1.223268     3.896468
       0.074891     3.402747     3.896724
       1.435767     4.622250     3.266846
       4.704807     0.084681     3.282352
       1.422651    -4.378476     3.263503
      -3.856049    -2.696915     3.282340
      -3.878461     2.895550     3.266838
       2.108091     3.732100     3.292545
       4.056834    -0.817414     3.286316
       0.368945    -4.060698     3.280571
      -3.888116    -1.580789     3.298399
      -2.824542     3.260412     3.292215
       2.775885     2.834258     3.306011
       3.405197    -1.717978     3.292049
      -0.687896    -3.731276     3.291757
      -3.908164    -0.461328     3.307667
      -1.765560     3.619453     3.304949
       3.432922     1.923940     3.307677
       2.749703    -2.614330     3.291761
      -1.745065    -3.391402     3.292042
      -3.911682     0.661332     3.306002
      -0.699105     3.965966     3.304951
       4.074707     1.006494     3.298409
       2.088330    -3.502035     3.280573
      -2.801589    -3.045855     3.286306
      -3.899164     1.780221     3.292537
       0.368668     4.297950     3.292220
       2.386666     4.621889     2.679380
       4.997849    -0.817206     2.696273
       0.655554    -4.955828     2.687151
      -4.633945    -2.138255     2.689484
      -3.584829     3.800031     2.678893
       3.052855     3.725788     2.688444
       4.350946    -1.720337     2.695337
      -0.398688    -4.629647     2.699047
      -4.653636    -1.020589     2.692763
      -2.527516     4.157651     2.687159
       3.713057     2.821061     2.692836
       3.700794    -2.617738     2.702366
      -1.455340    -4.293071     2.702359
      -4.662111     0.099799     2.692825
      -1.464698     4.507857     2.690029
       4.364749     1.909666     2.692775
       3.043781    -3.511119     2.699051
      -2.508803    -3.949208     2.695328
      -4.659783     1.219795     2.688433
      -0.399014     4.849244     2.687162
       5.005767     0.993883     2.689497
       2.382606    -4.394674     2.687153
      -3.563006    -3.598801     2.696262
      -4.647540     2.336333     2.679371
       0.666573     5.181398     2.678898
       2.205562     5.181269     1.728188
       1.142163     5.527210     1.727742
       5.481941     0.652512     1.736879
       5.480065    -0.465851     1.740910
       2.201497    -4.967458     1.742269
       1.138751    -5.312766     1.742268
      -4.159646    -3.597988     1.740897
      -4.818522    -2.694317     1.736865
      -4.829818     2.895332     1.728179
      -4.172849     3.800255     1.727735
       2.689817     4.849131     0.778933
       0.555413     5.543305     0.778035
       5.319797     1.218368     0.785039
       5.318050    -1.024278     0.786193
       2.686802    -4.642074     0.786834
       0.554877    -5.334780     0.786831
      -3.700335    -3.954534     0.786181
      -5.019944    -2.141223     0.785025
      -5.026360     2.341989     0.778923
      -3.707617     4.158161     0.778029
       1.628189     5.213349     0.773823
       5.337759     0.096232     0.781372
       1.626613    -5.006196     0.783774
      -4.374901    -3.059608     0.781359
      -4.381567     3.260657     0.773815
       3.169326     4.507862    -0.172891
      -0.033040     5.549159    -0.174285
       5.145881     1.782158    -0.169509
       5.144079    -1.583153    -0.169179
       3.167151    -4.303424    -0.169583
      -0.032784    -5.343148    -0.169587
      -3.231089    -4.304414    -0.169190
      -5.210629    -1.582881    -0.169523
      -5.213695     1.784049    -0.172902
      -3.234988     4.508782    -0.174289
       2.112973     4.884767    -0.179069
       5.177570     0.661244    -0.174609
       2.111531    -4.680229    -0.174308
      -3.915956    -3.417555    -0.174489
      -4.580627     2.709880    -0.179079
       1.043009     5.232722    -0.179553
       5.176865    -0.463113    -0.174476
       1.042711    -5.027510    -0.174310
      -4.577409    -2.508346    -0.174622
      -3.919532     3.620292    -0.179560
       3.642347     4.157797    -1.124782
      -0.621554     5.544042    -1.126572
       4.960355     2.341655    -1.123254
       4.958708    -2.139798    -1.123223
       3.640587    -3.954231    -1.123917
      -0.621050    -5.338923    -1.123923
      -2.753930    -4.645790    -1.123233
      -5.389398    -1.021189    -1.123268
      -5.390611     1.222806    -1.124794
      -2.755861     4.850563    -1.126575
       2.590272     4.538274    -1.133061
       4.996747     1.223748    -1.130667
       2.588856    -4.334406    -1.131154
      -3.440760    -3.763410    -1.130578
      -4.763104     2.149014    -1.133071
       1.525718     4.897936    -1.136929
       5.009164     0.100683    -1.133842
       1.525037    -4.693567    -1.134321
      -4.111673    -2.862862    -1.133854
      -4.113266     3.065716    -1.136937
       0.453188     5.233126    -1.134006
       4.995714    -1.022229    -1.130566
       0.453279    -5.028298    -1.131157
      -4.761750    -1.946985    -1.130680
      -3.442592     3.967308    -1.134011
       4.107894     3.800268    -2.074180
      -1.208461     5.528415    -2.076165
       4.764718     2.895584    -2.073488
       4.763217    -2.692351    -2.073673
       4.106256    -3.596633    -2.074078
      -1.207972    -5.323334    -2.074085
      -2.270989    -4.977907    -2.073683
      -5.556713    -0.458058    -2.073503
      -5.557093     0.659918    -2.074194
      -2.271855     5.182897    -2.076167
       3.057173     4.175893    -2.082505
       4.796868     1.780579    -2.081279
       3.055707    -3.971869    -2.081804
      -2.952707    -4.094950    -2.081253
      -4.927830     1.581404    -2.082516
       1.998798     4.538669    -2.090152
       4.814390     0.662364    -2.088294
       1.997815    -4.334264    -2.088834
      -3.624674    -3.201025    -2.088272
      -4.284821     2.496993    -2.090161
       0.931701     4.885574    -2.090596
       4.813944    -0.459147    -2.088260
       0.931360    -4.680777    -2.088835
      -4.284244    -2.293966    -2.088306
      -3.625428     3.404871    -2.090602
      -0.137695     5.214454    -2.083790
       4.795748    -1.577320    -2.081243
      -0.137503    -5.009408    -2.081808
      -4.927339    -1.379012    -2.081293
      -2.953580     4.299515    -2.083794
       4.316028     3.260445    -1.119610
       4.314162    -3.057461    -1.119553
      -1.693092    -5.009340    -1.119562
      -5.408179     0.100853    -1.119623
      -1.694291     5.214489    -1.122117
       3.853582     3.619416    -0.166696
       4.511513    -2.507432    -0.165210
      -1.107775    -5.027559    -0.165542
      -5.244305    -0.461838    -0.165579
      -2.178768     4.885581    -0.168891
       4.514192     2.708895    -0.165566
       3.851337    -3.416243    -0.165535
      -2.176054    -4.680358    -0.165219
      -5.245053     0.663085    -0.166709
      -1.109017     5.233164    -0.168889
       3.376196     3.965767     0.787207
       4.691025    -1.948086     0.791497
      -0.518551    -5.025182     0.791368
      -5.059954    -1.023230     0.790459
      -2.655698     4.538554     0.785557
       4.046343     3.063927     0.791780
       4.042284    -2.861961     0.793937
      -1.588056    -4.691373     0.793930
      -5.074494     0.100382     0.791767
      -1.591442     4.897943     0.788873
       4.695025     2.146360     0.790472
       3.373246    -3.760658     0.791373
      -2.650061    -4.333354     0.791487
      -5.062423     1.223890     0.787196
      -0.519197     5.232747     0.785560
       2.886863     4.297597     1.736488
       4.851340    -1.383724     1.745161
       0.070089    -5.001327     1.744667
      -4.855673    -1.579950     1.742893
      -3.122278     4.175655     1.735459
       3.558051     3.402422     1.744730
       4.208901    -2.295162     1.750483
      -0.994429    -4.674206     1.751741
      -4.876589    -0.461045     1.746757
      -2.064218     4.538180     1.742581
       4.216232     2.493397     1.746769
       3.551938    -3.197000     1.751747
      -2.056011    -4.330758     1.750474
      -4.878423     0.661241     1.744718
      -0.997497     4.884779     1.742582
       4.856987     1.575890     1.742906
       2.883003    -4.087355     1.744671
      -3.111484    -3.971007     1.745150
      -4.861592     1.779967     1.736477
       0.071578     5.213404     1.735464
       4.583263     2.337241    -3.024908
       3.518680    -3.596445    -3.025256
      -2.453221    -4.419047    -3.024965
      -5.081706     1.005870    -3.025560
      -0.732824     5.182928    -3.027063
       4.596528     1.221143    -3.033124
       2.461365    -3.954057    -3.033536
      -3.120322    -3.524165    -3.033113
      -4.436449     1.916979    -3.034298
       0.333037     4.850657    -3.035086
       4.600867     0.102052    -3.035943
       1.398547    -4.304265    -3.036402
      -3.782154    -2.621761    -3.035955
      -3.782267     2.825471    -3.037590
       1.399151     4.509018    -3.037582
       4.595854    -1.017023    -3.033102
       0.332862    -4.645650    -3.033539
      -4.436430    -1.713848    -3.033136
      -3.120573     3.728509    -3.035091
       2.462394     4.158553    -3.034289
       4.582158    -2.133110    -3.024956
      -0.732722    -4.977811    -3.025262
      -5.081725    -0.803109    -3.024921
      -2.453579     4.623820    -3.027066
       3.519955     3.800724    -3.025548
       0.736237     0.661644    -5.965155
       0.736099    -0.456300    -5.965246
      -0.327295    -0.801818    -5.965248
      -0.984518     0.102536    -5.965157
      -0.327209     1.007071    -5.965335
       1.511255     1.224488    -5.391499
       1.511005    -1.019270    -5.391647
      -0.623302    -1.712749    -5.391649
      -1.942354     0.102341    -5.391504
      -0.623180     1.917971    -5.391953
       1.523243     0.102634    -5.405632
       0.447581    -1.377487    -5.405818
      -1.292642    -0.812304    -5.405636
      -1.292557     1.017313    -5.405822
       0.447751     1.582774    -5.405820
       2.284036     1.785634    -4.807335
       2.283570    -1.580602    -4.807457
      -0.918378    -2.620979    -4.807461
      -2.897381     0.102086    -4.807342
      -0.918272     2.826168    -4.808191
       2.303088     0.664898    -4.833342
       1.223381    -1.945185    -4.833637
      -1.592857    -1.725567    -4.833444
      -2.253952     1.020393    -4.833696
       0.153816     2.498006    -4.833956
       2.302923    -0.459749    -4.833439
       0.153630    -2.292769    -4.833638
      -2.254041    -0.815806    -4.833348
      -1.592721     1.930521    -4.833958
       1.223723     2.150360    -4.833692
       3.052189     2.343360    -4.213865
       3.051425    -2.138596    -4.213938
      -1.211605    -3.523741    -4.213944
      -3.846655     0.101787    -4.213875
      -1.211591     3.728906    -4.215143
       3.075288     1.225588    -4.243110
       1.995314    -2.506090    -4.243412
      -1.887676    -2.633090    -4.243230
      -3.208243     1.020129    -4.243618
      -0.141042     3.405483    -4.244245
       3.083858     0.102496    -4.253177
       0.929766    -2.861503    -4.253491
      -2.555127    -1.729724    -4.253185
      -2.554992     1.934233    -4.254006
       0.930126     3.066619    -4.254001
       3.074865    -1.020660    -4.243223
      -0.141187    -3.200282    -4.243415
      -3.208332    -0.816087    -4.243118
      -1.887580     2.837997    -4.244248
       1.995914     2.711065    -4.243611
       3.813817     2.896312    -3.613267
       3.812734    -2.691927    -3.613346
      -1.502278    -4.418882    -3.613353
      -4.787844     0.101458    -3.613279
      -1.502434     4.624024    -3.614910
       3.835212     1.781345    -3.638568
       2.758765    -3.056873    -3.638857
      -2.175315    -3.529459    -3.638644
      -4.149708     1.016529    -3.639162
      -0.435063     4.299782    -3.640211
       3.849387     0.663133    -3.651266
       1.699629    -3.416084    -3.651615
      -2.844500    -2.633346    -3.651298
      -3.503889     1.930028    -3.652333
       0.633215     3.967750    -3.652687
       3.849101    -0.458460    -3.651288
       0.632908    -3.762683    -3.651616
      -3.503988    -1.726128    -3.651276
      -2.844460     2.837783    -3.652692
       1.700269     3.620965    -3.652326
       3.834441    -1.576767    -3.638636
      -0.435090    -4.094621    -3.638861
      -4.149790    -0.813144    -3.638579
      -2.175370     3.734321    -3.640214
       2.759689     3.261532    -3.639153
      -0.018732     0.057626     6.173552
       1.714696    -5.277295     2.706730
       0.562367    -1.730811     6.108248
       1.220455    -0.835011     6.124890
      -0.496576    -1.392909     6.124888
       0.854408    -2.629617     5.527465
       2.179538    -0.840755     5.555160
      -0.208034    -2.300908     5.546301
       1.520730    -1.739197     5.546303
      -1.269112    -1.961291     5.555155
       1.145635    -3.525918     4.945017
       3.133088    -0.840814     4.976024
       0.083020    -3.200770     4.967017
       2.477390    -1.743718     4.977464
      -0.979328    -2.866876     4.977460
       1.814191    -2.638277     4.967019
      -2.040513    -2.521822     4.976016
       1.436766    -4.421923     4.359467
       4.082476    -0.835029     4.387424
       0.375036    -4.095405     4.380172
       3.428303    -1.741951     4.394772
      -0.687613    -3.764680     4.394035
       2.769105    -2.641522     4.394040
      -1.749670    -3.424379     4.394765
       2.103801    -3.533695     4.380174
      -2.811983    -3.075178     4.387415
       0.672486    -4.990895     3.786789
       4.375780    -1.737720     3.800823
      -0.392507    -4.659192     3.801963
       3.717819    -2.640425     3.806572
      -1.455781    -4.321433     3.806565
       3.056143    -3.538656     3.801968
      -2.518679    -3.977870     3.800814
       2.389517    -4.432997     3.786791