
      -0.003149     0.213175     1.205575
       0.269976    -0.625722     0.661582
      -0.719485    -0.305839     0.661544
      -0.718156     0.732657     0.659358
       0.270150     1.053249     0.658667
       0.881584     0.214102     0.660106
      -0.276838    -0.622883    -0.219412
      -0.887421     0.215175    -0.222593
      -0.276106     1.055210    -0.224292
       0.713378     0.735003    -0.224191
       0.712297    -0.302150    -0.221727
      -0.002222     0.216979    -0.767574
       0.282501     1.089813     1.709832
       0.920416     0.211755     1.710459
       0.282107    -0.665561     1.711607
      -0.750133    -0.330627     1.711377
      -0.750308     0.754240     1.710083
       1.205989     1.090572     1.139377
       1.205988    -0.664645     1.140756
      -0.465384    -1.207301     1.141922
      -1.497830     0.212607     1.140184
      -0.464671     1.632669     1.139037
       1.029750     1.633831     0.216493
      -0.002611     1.968671     0.216086
       1.668086     0.755796     0.216692
       1.668508    -0.327794     0.217980
       1.029116    -1.202869     0.219631
      -0.005249    -1.539222     0.221335
      -1.037186    -1.206597     0.220746
      -1.674054    -0.329149     0.218577
      -1.674003     0.755642     0.217263
      -1.035717     1.632966     0.216101
       1.492242     0.215718    -0.705412
       0.456827    -1.199857    -0.699383
      -1.212045    -0.662431    -0.700579
      -1.211529     1.091784    -0.706068
       0.459058     1.634205    -0.706927
       0.745337     0.758382    -1.275998
       0.744996    -0.323841    -1.272602
      -0.287869    -0.658802    -1.268280
      -0.924735     0.216695    -1.272983
      -0.287569     1.093380    -1.276334
      -0.002925     0.211219     2.254680
       0.560580     1.945705     1.127262
       1.821056     0.212148     1.127914
       0.559821    -1.519780     1.129334
      -1.479097    -0.859447     1.129373
      -1.478631     1.283380     1.127338
       1.473127     1.285122    -0.695515
       1.472215    -0.852662    -0.691609
      -0.568726    -1.515587    -0.686340
      -1.825870     0.213527    -0.693178
      -0.566363     1.946699    -0.695914
      -0.000955     0.217660    -1.817013
       0.286386     1.099783     2.766480
       0.932771     0.209559     2.766734
       0.286255    -0.679612     2.767365
      -0.759483    -0.339884     2.767341
      -0.759934     0.759781     2.766534
       0.573212     1.983163     2.192665
       1.861168     0.209868     2.192661
       0.572827    -1.561562     2.193100
      -1.510793    -0.884936     2.193645
      -1.511460     1.305798     2.192416
       1.229742     1.105798     2.208975
       1.229510    -0.684833     2.209371
      -0.473687    -1.237755     2.210147
      -1.526668     0.210595     2.209309
      -0.473850     1.659224     2.208873
       1.508824     1.983649     1.614473
       2.150725    -0.678597     1.614535
      -0.184581    -2.110273     1.615552
      -2.268428    -0.334482     1.614860
      -1.222205     2.195843     1.614008
       2.150399     1.100419     1.614305
       1.508523    -1.560483     1.614612
      -1.222516    -1.773772     1.615911
      -2.268799     0.756698     1.614319
      -0.183916     2.533253     1.614261
       1.330127     2.533889     0.679287
       0.284195     2.873387     0.678938
       2.618471     0.760551     0.678934
       2.619084    -0.337931     0.679676
       1.329031    -2.105303     0.680958
       0.280615    -2.446324     0.682261
      -1.801779    -1.773710     0.682251
      -2.446845    -0.884242     0.680603
      -2.447408     1.306518     0.679017
      -1.800902     2.195683     0.678383
       1.794368     2.196627    -0.249156
      -0.289644     2.873209    -0.249730
       2.441090     1.306588    -0.249374
       2.441182    -0.880654    -0.247294
       1.792865    -1.765684    -0.245258
      -0.293702    -2.444133    -0.241541
      -1.338558    -2.108418    -0.242437
      -2.623369    -0.338384    -0.247522
      -2.623685     0.760852    -0.248832
      -1.336277     2.532944    -0.249982
       0.758996     2.555538    -0.255848
       2.462567     0.212699    -0.254979
       0.755059    -2.121456    -0.248822
      -1.997737    -1.235745    -0.250641
      -1.997438     1.659698    -0.255818
       1.991547     1.660034     0.685742
       1.991498    -1.234196     0.687262
      -0.766854    -2.130038     0.689674
      -2.468426     0.211513     0.686293
      -0.764855     2.554965     0.685222
       2.262943     0.758697    -1.184408
       1.211971    -1.761231    -1.175724
      -1.515085    -1.556743    -1.174598
      -2.154947     1.101185    -1.184039
       0.178014     2.533638    -1.185409
       2.262429    -0.330161    -1.182927
       0.174423    -2.098381    -1.172975
      -2.154742    -0.676929    -1.178195
      -1.514085     1.984047    -1.185140
       1.216162     2.196540    -1.185135
       0.755856     0.764437    -2.333846
       0.755761    -0.331643    -2.329394
      -0.289656    -0.670232    -2.322866
      -0.935346     0.216492    -2.329430
      -0.290577     1.104086    -2.334173
       1.506296     1.308437    -1.762433
       1.504894    -0.875923    -1.757106
      -0.578440    -1.551392    -1.748111
      -1.863768     0.214416    -1.758132
      -0.578453     1.985216    -1.763027
       1.521542     0.215829    -1.775862
       0.466814    -1.226412    -1.766858
      -1.232390    -0.677482    -1.767102
      -1.233874     1.109194    -1.776712
       0.468538     1.661457    -1.778283
      -0.002636     0.209360     3.311459
       0.853026     2.844674     1.599414
       2.767432     0.210009     1.599095
       0.852182    -2.421836     1.598125
      -2.244246    -1.417350     1.600363
      -2.244588     1.838229     1.598754
       2.238416     1.839024    -1.170490
       2.235740    -1.409420    -1.166212
      -0.861262    -2.414764    -1.158578
      -2.770443     0.210155    -1.169322
      -0.858818     2.844595    -1.171108
      -0.000380     0.215218    -2.874457
       0.288672     1.104804     3.832061
       0.939914     0.207793     3.832016
       0.288789    -0.688104     3.832163
      -0.764663    -0.345676     3.832410
      -0.765147     0.762395     3.832001
       0.579451     2.000810     3.262104
       1.881232     0.207833     3.261713
       0.579621    -1.583291     3.261161
      -1.526315    -0.898531     3.262380
      -1.527314     1.316263     3.261702
       1.241797     1.112751     3.279283
       1.241784    -0.696067     3.278977
      -0.477573    -1.254259     3.279526
      -1.540999     0.208961     3.279367
      -0.478269     1.671979     3.279320
       0.867002     2.886549     2.674938
       2.812103     0.208024     2.674061
       0.867091    -2.468515     2.671316
      -2.279667    -1.445205     2.674877
      -2.280918     1.863667     2.674050
       1.532474     2.008302     2.697822
       2.182571    -0.695786     2.696906
      -0.187036    -2.148580     2.697000
      -2.302400    -0.343574     2.697705
      -1.239889     2.225330     2.697489
       2.182659     1.112907     2.697542
       1.532341    -1.590423     2.696367
      -1.238951    -1.806590     2.697862
      -2.302852     0.762480     2.697360
      -0.187619     2.567260     2.697775
       1.809450     2.886814     2.092442
       3.103762    -0.687489     2.091013
       0.104124    -3.020935     2.089268
      -3.042812    -0.890746     2.091883
      -1.989690     2.760132     2.091532
       2.463346     2.001148     2.097490
       2.463476    -1.582190     2.095620
      -0.945234    -2.688889     2.096745
      -3.051949     0.209908     2.096893
      -0.945299     3.108612     2.097281
       3.103378     1.105088     2.091708
       1.809098    -2.467286     2.088525
      -1.989179    -2.341037     2.092232
      -3.043753     1.310177     2.091333
       0.104314     3.440674     2.092286
       1.629403     3.440997     1.150240
       0.575750     3.783135     1.149977
       3.574763     0.762402     1.149038
       3.575163    -0.344695     1.149324
       1.628338    -3.016096     1.146937
       0.572028    -3.359524     1.147962
      -2.572413    -2.341128     1.151373
      -3.222372    -1.445067     1.150152
      -3.223614     1.863810     1.148908
      -2.572584     2.759760     1.148692
       2.103383     3.108915     0.213957
      -0.002894     3.792947     0.213441
       3.405411     1.315965     0.213079
       3.405400    -0.896669     0.213683
       2.100728    -2.680885     0.214437
      -0.007432    -3.366279     0.216916
      -2.111023    -2.688173     0.217349
      -3.409918    -0.898187     0.213887
      -3.411137     1.316180     0.212472
      -2.110179     3.107750     0.212519
       1.057005     3.471831     0.208923
       3.427154     0.209402     0.208342
       1.051393    -3.038117     0.212132
      -2.777638    -1.805765     0.211475
      -2.778493     2.224852     0.207729
       2.565534     2.760163    -0.722661
      -0.581588     3.782344    -0.723376
       3.216916     1.863322    -0.723048
       3.214585    -1.442302    -0.721830
       2.560686    -2.332944    -0.719378
      -0.584316    -3.354427    -0.714837
      -1.636842    -3.017087    -0.716177
      -3.577622    -0.345984    -0.723345
      -3.578347     0.761297    -0.724712
      -1.635675     3.439522    -0.723783
       1.527397     3.129714    -0.732275
       3.247309     0.762678    -0.732391
       1.520009    -2.693087    -0.725262
      -2.307186    -2.145758    -0.725934
      -2.957057     1.671341    -0.733253
       0.475397     3.471384    -0.732530
       3.246806    -0.342282    -0.732061
       0.469601    -3.034385    -0.723535
      -2.955804    -1.253091    -0.728442
      -2.307439     2.566445    -0.733203
       2.772001     2.225461     0.218517
       2.770911    -1.801897     0.219310
      -1.065527    -3.047878     0.222612
      -3.432403     0.209328     0.217746
      -1.063195     3.471178     0.217882
       2.301544     2.567624     1.159673
       2.951922    -1.251939     1.158915
      -0.483627    -3.049238     1.160140
      -3.253205    -0.343143     1.159100
      -1.533912     3.129431     1.158799
       2.951763     1.672199     1.159253
       2.301060    -2.144807     1.158407
      -1.534698    -2.708817     1.161001
      -3.253800     0.762794     1.158663
      -0.481520     3.471556     1.159245
       3.037145     1.310696    -1.665414
       1.974053    -2.326217    -1.656058
      -1.814403    -2.460713    -1.654543
      -3.106055     1.103783    -1.666328
      -0.110422     3.439811    -1.666171
       3.045182     0.211389    -1.670212
       0.932497    -2.670645    -1.657975
      -2.466327    -1.579781    -1.661522
      -2.467520     2.000394    -1.671336
       0.938876     3.107972    -1.671168
       3.034418    -0.887884    -1.664305
      -0.113116    -3.003395    -1.651778
      -3.104799    -0.688146    -1.660896
      -1.814657     2.885974    -1.666343
       1.983012     2.759788    -1.665662
       0.761116     0.763775    -3.400951
       0.761407    -0.340517    -3.395290
      -0.290674    -0.680792    -3.386156
      -0.942121     0.212009    -3.395287
      -0.292893     1.106031    -3.401300
       1.522463     1.317717    -2.833461
       1.520709    -0.890728    -2.827168
      -0.581301    -1.570802    -2.814415
      -1.881565     0.212444    -2.827773
      -0.584263     2.001991    -2.834133
       1.536309     0.213112    -2.847453
       0.472072    -1.241783    -2.834288
      -1.240647    -0.687341    -2.834219
      -1.244803     1.115718    -2.848425
       0.473221     1.672860    -2.850883
       2.275106     1.864350    -2.247554
       2.270375    -1.436850    -2.242539
      -0.869977    -2.453501    -2.229969
      -2.811950     0.209978    -2.245154
      -0.872480     2.886715    -2.248354
       2.297056     0.764792    -2.268930
       1.228911    -1.791662    -2.256113
      -1.532223    -1.579966    -2.252797
      -2.185123     1.114627    -2.268746
       0.181905     2.567234    -2.270793
       2.295861    -0.338738    -2.267208
       0.179848    -2.132114    -2.252590
      -2.181132    -0.689536    -2.257307
      -1.536676     2.009273    -2.270079
       1.233907     2.225503    -2.270486
      -0.002352     0.207859     4.379121
       1.148370     3.752936     2.076607
       3.723261     0.208104     2.075339
       1.148106    -3.334519     2.068638
      -3.016978    -1.980515     2.076277
      -3.018176     2.398977     2.075227
       3.011270     2.398718    -1.649865
       3.003750    -1.975255    -1.647056
      -1.153978    -3.322602    -1.638816
      -3.723387     0.204831    -1.652863
      -1.154245     3.751684    -1.650706
      -0.001299     0.208045    -3.942711
       0.290389     1.108381     4.907729
       0.945167     0.206583     4.907451
       0.290692    -0.694256     4.907219
      -0.768445    -0.349832     4.907716
      -0.768875     0.764252     4.907602
       0.583465     2.011675     4.338745
       1.894158     0.206441     4.338067
       0.584070    -1.597229     4.336780
      -1.536246    -0.907355     4.338539
      -1.537195     1.322680     4.338269
       1.249741     1.117077     4.355234
       1.249992    -0.703399     4.354404
      -0.480147    -1.265116     4.354822
      -1.550255     0.207726     4.355180
      -0.481024     1.680054     4.355343
       0.875398     2.911191     3.754643
       2.839201     0.206472     3.753441
       0.876251    -2.496832     3.749473
      -2.300969    -1.462433     3.753974
      -2.302434     1.878659     3.753676
       1.546097     2.023037     3.780614
       2.202299    -0.705773     3.779117
      -0.187811    -2.172033     3.778641
      -2.322331    -0.349931     3.780220
      -1.250768     2.242249     3.780352
       2.202202     1.119348     3.780245
       1.546501    -1.609020     3.778141
      -1.249365    -1.826377     3.779853
      -2.322833     0.766339     3.780037
      -0.189036     2.587228     3.780655
       1.163738     3.799391     3.160226
       3.772630     0.206595     3.158545
       1.164797    -3.385746     3.149633
      -3.056442    -2.010744     3.159034
      -3.058152     2.427509     3.158743
       1.834317     2.918414     3.185737
       3.142208    -0.703261     3.183573
       0.104973    -3.065742     3.180668
      -3.081728    -0.904015     3.184844
      -2.013095     2.793170     3.184936
       2.495496     2.023101     3.193624
       2.495564    -1.608806     3.190616
      -0.955977    -2.729277     3.191503
      -3.091143     0.208644     3.192896
      -0.957531     3.145574     3.193570
       3.142226     1.117130     3.184903
       1.834636    -2.504265     3.180113
      -2.011526    -2.376448     3.184495
      -3.082659     1.321082     3.184522
       0.103495     3.480967     3.185685
       2.111162     3.799502     2.574638
       4.065573    -0.694140     2.572020
       0.398279    -3.940467     2.564295
      -3.823357    -1.453547     2.573161
      -2.765499     3.328614     2.573221
       2.771942     2.911303     2.582222
       3.425206    -1.596734     2.578500
      -0.658390    -3.609436     2.576865
      -3.836637    -0.346704     2.580823
      -1.716674     3.682829     2.581576
       3.425133     2.011689     2.581755
       2.771686    -2.495874     2.575853
      -1.715392    -3.265575     2.579614
      -3.837265     0.764433     2.580710
      -0.659571     4.026412     2.582017
       4.065403     1.108309     2.573315
       2.110766    -3.384472     2.563632
      -2.764103    -2.911401     2.573029
      -3.824913     1.870820     2.572772
       0.397026     4.356437     2.574503
       1.930152     4.356578     1.627326
       0.870855     4.700621     1.627125
       4.539096     0.763760     1.625427
       4.539150    -0.349727     1.625240
       1.929382    -3.937163     1.614581
       0.868595    -4.281822     1.615422
      -3.350020    -2.911455     1.626858
      -4.003708    -2.010772     1.626050
      -4.005667     2.427232     1.625073
      -3.351334     3.328162     1.625198
       2.409538     4.026462     0.685837
       0.289001     4.715219     0.685415
       4.373336     1.321727     0.684307
       4.372771    -0.907480     0.683676
       2.405204    -3.603618     0.677264
       0.286577    -4.292019     0.678935
      -2.888358    -3.265273     0.686035
      -4.196851    -1.462685     0.683939
      -4.198823     1.877754     0.682952
      -2.889306     3.681805     0.683796
       1.355791     4.390969     0.681124
       4.394151     0.207019     0.679289
       1.349211    -3.958055     0.675797
      -3.559437    -2.376209     0.681062
      -3.561292     2.792207     0.678879
       2.882040     3.682512    -0.259782
      -0.295297     4.714631    -0.260427
       4.192597     1.877401    -0.260710
       4.189681    -1.463662    -0.262137
       2.873460    -3.261263    -0.263192
      -0.294739    -4.290076    -0.260849
      -2.414894    -3.607327    -0.259047
      -4.375706    -0.908642    -0.262921
      -4.377515     1.320267    -0.264068
      -2.416315     4.024792    -0.261497
       1.834322     4.057603    -0.266704
       4.225090     0.765035    -0.268025
       1.822547    -3.619569    -0.267380
      -3.094410    -2.727840    -0.265416
      -3.751889     2.240509    -0.269502
       0.772760     4.402414    -0.266936
       4.224503    -0.351241    -0.268615
       0.766396    -3.962663    -0.266390
      -3.749212    -1.826349    -0.266855
      -3.096356     3.143959    -0.268762
       3.343901     3.327819    -1.201673
      -0.877152     4.699061    -1.202551
       3.998442     2.426314    -1.202029
       3.990609    -2.013664    -1.203941
       3.330979    -2.908734    -1.201046
      -0.873653    -4.272008    -1.198003
      -1.933137    -3.933775    -1.200146
      -4.538641    -0.353578    -1.207189
      -4.539974     0.759024    -1.208442
      -1.936393     4.354454    -1.203019
       2.302045     3.702420    -1.212326
       4.032358     1.319780    -1.212899
       2.286321    -3.266487    -1.207911
      -2.611416    -3.060649    -1.209609
      -3.920035     1.676769    -1.216086
       1.247394     4.056967    -1.216785
       4.042963     0.206932    -1.217700
       1.236930    -3.615083    -1.209889
      -3.273035    -2.170467    -1.214587
      -3.276483     2.584888    -1.218878
       0.185793     4.389890    -1.212797
       4.029505    -0.906379    -1.214234
       0.182676    -3.948870    -1.205757
      -3.916664    -1.266731    -1.213213
      -2.614027     3.479032    -1.213934
       3.554409     2.792536    -0.255613
       3.549124    -2.375272    -0.257241
      -1.361217    -3.968974    -0.254539
      -4.398157     0.205983    -0.259433
      -1.362299     4.389889    -0.256394
       3.089867     3.145399     0.692451
       3.744495    -1.825084     0.689949
      -0.779927    -3.981822     0.689986
      -4.230453    -0.350223     0.690012
      -1.841162     4.057042     0.691319
       3.745944     2.241688     0.691918
       3.086928    -2.726125     0.687965
      -1.840902    -3.638570     0.692183
      -4.231268     0.765722     0.689695
      -0.779277     4.402351     0.691873
       2.608177     3.481068     1.637871
       3.915938    -1.264249     1.635158
      -0.192954    -3.972173     1.631459
      -4.038291    -0.903912     1.636175
      -2.309075     3.702712     1.636508
       3.271281     2.587154     1.641784
       3.270643    -2.170130     1.637758
      -1.254030    -3.639211     1.639302
      -4.050309     0.208634     1.640110
      -1.254174     4.057559     1.641365
       3.916066     1.679732     1.636876
       2.607083    -3.062900     1.630147
      -2.308340    -3.285187     1.636819
      -4.039501     1.320910     1.635701
      -0.192319     4.390840     1.637509
       3.817402     1.870103    -2.149411
       2.739237    -2.898221    -2.141240
      -2.111526    -3.372636    -2.143658
      -4.065119     1.102577    -2.154339
      -0.403450     4.354496    -2.150129
       3.829359     0.763398    -2.157529
       1.696280    -3.245035    -2.145637
      -2.771530    -2.490576    -2.152957
      -3.427528     2.008119    -2.159937
       0.652923     4.024648    -2.157758
       3.827049    -0.348520    -2.158063
       0.647538    -3.584485    -2.144457
      -3.422213    -1.597417    -2.154340
      -2.776115     2.908815    -2.158907
       1.709647     3.681318    -2.157491
       3.809530    -1.456450    -2.151008
      -0.401147    -3.914544    -2.137585
      -4.062119    -0.699441    -2.151323
      -2.116347     3.797465    -2.150619
       2.758306     3.327307    -2.149401
       0.762934     0.757042    -4.478399
       0.763472    -0.354488    -4.470527
      -0.292848    -0.695275    -4.457550
      -0.949174     0.200993    -4.470794
      -0.296276     1.100945    -4.478824
       1.531427     1.319356    -3.911758
       1.528527    -0.908317    -3.904713
      -0.583396    -1.588746    -3.887157
      -1.894570     0.202935    -3.905649
      -0.588751     2.008065    -3.912509
       1.544664     0.205462    -3.924918
       0.473428    -1.257734    -3.905668
      -1.245555    -0.700415    -3.906029
      -1.253480     1.114044    -3.926098
       0.475242     1.675958    -3.929439
       2.296374     1.877180    -3.328621
       2.288734    -1.460642    -3.323965
      -0.873218    -2.479586    -3.306213
      -2.835411     0.203935    -3.326222
      -0.880722     2.909394    -3.329553
       2.316599     0.765656    -3.353180
       1.237132    -1.813972    -3.334021
      -1.539421    -1.597934    -3.330837
      -2.203284     1.117476    -3.353406
       0.183303     2.584888    -3.355784
       2.314337    -0.349802    -3.351592
       0.182356    -2.155270    -3.330171
      -2.193598    -0.701650    -3.335450
      -1.549926     2.021590    -3.354612
       1.244621     2.240056    -3.355433
       3.051499     2.426561    -2.734504
       3.038915    -2.007702    -2.732239
      -1.160694    -3.362698    -2.717828
      -3.768317     0.202474    -2.738090
      -1.169443     3.797849    -2.735515
       3.075864     1.320634    -2.759758
       1.993263    -2.361963    -2.744616
      -1.827773    -2.488185    -2.741607
      -3.142139     1.114181    -2.761886
      -0.109534     3.479171    -2.761128
       3.083253     0.208646    -2.767510
       0.943787    -2.708485    -2.748488
      -2.486181    -1.599515    -2.751146
      -2.498211     2.021254    -2.769277
       0.951100     3.143715    -2.769100
       3.070698    -0.903273    -2.759132
      -0.108962    -3.042356    -2.740227
      -3.134015    -0.700786    -2.749095
      -1.838853     2.917012    -2.761105
       2.006441     2.791683    -2.760552
      -0.002106     0.206788     5.461194
       1.447584     4.673466     2.560398
       4.691635     0.206667     2.558364
       1.448470    -4.260230     2.541436
      -3.799355    -2.550134     2.558678
      -3.801898     2.967494     2.558398
       3.793739     2.965961    -2.134653
       3.776423    -2.552796    -2.135467
      -1.445694    -4.240291    -2.129731
      -4.686717     0.197251    -2.145445
      -1.453368     4.670512    -2.135737
      -0.004553     0.194253    -5.023877
       0.291720     1.111125     6.003876
       0.949058     0.205867     6.003456
       0.292192    -0.698855     6.002880
      -0.771183    -0.352669     6.003671
      -0.771748     0.765793     6.003669
       0.587444     2.022552     5.430635
       1.906805     0.205653     5.429768
       0.588328    -1.610244     5.428038
      -1.546129    -0.915445     5.430168
      -1.546947     1.329208     5.430116
       1.256949     1.121271     5.444512
       1.257428    -0.709401     5.443329
      -0.482679    -1.274346     5.443696
      -1.558695     0.206872     5.444384
      -0.483485     1.687528     5.444633
       0.882345     2.931369     4.846934
       2.861657     0.205554     4.845536
       0.883664    -2.519406     4.841089
      -2.318683    -1.476325     4.846068
      -2.320037     1.890961     4.845950
       1.556923     2.035202     4.872804
       2.218623    -0.712899     4.870970
      -0.188482    -2.190393     4.870205
      -2.338460    -0.355242     4.872279
      -1.259753     2.255770     4.872566
       2.218230     1.124419     4.872380
       1.557849    -1.623469     4.869752
      -1.258453    -1.841758     4.871626
      -2.338915     0.769837     4.872181
      -0.189772     2.603390     4.872874
       1.175515     3.834704     4.253922
       3.810730     0.205579     4.252000
       1.177113    -3.423142     4.243032
      -3.086299    -2.033518     4.252844
      -3.088527     2.449232     4.252450
       1.851652     2.943435     4.283161
       3.172607    -0.712899     4.280635
       0.106720    -3.099096     4.277195
      -3.110616    -0.915756     4.282096
      -2.032272     2.817038     4.282411
       2.519142     2.039094     4.292868
       2.519787    -1.627554     4.289324
      -0.964569    -2.758681     4.290150
      -3.119884     0.207728     4.292116
      -0.966370     3.172619     4.292896
       3.172413     1.124394     4.282240
       1.852954    -2.532252     4.276686
      -2.030462    -2.402125     4.281455
      -3.111559     1.331196     4.281930
       0.104922     3.511451     4.283151
       1.466217     4.730225     3.653692
       4.751806     0.205679     3.651392
       1.467130    -4.316787     3.636751
      -3.845635    -2.584709     3.653547
      -3.850368     3.002541     3.651803
       2.139327     3.840375     3.679114
       4.113779    -0.709469     3.676071
       0.401206    -3.994699     3.667815
      -3.870446    -1.471527     3.677550
      -2.796302     3.367887     3.677788
       2.808512     2.943438     3.691611
       3.468139    -1.623410     3.687295
      -0.667211    -3.660490     3.685500
      -3.885313    -0.352906     3.690277
      -1.736785     3.727362     3.691051
       3.467984     2.035153     3.691131
       2.809004    -2.532098     3.684551
      -1.734551    -3.312303     3.688389
      -3.885873     0.769019     3.690155
      -0.669585     4.074164     3.691473
       4.113787     1.121152     3.677715
       2.140646    -3.430087     3.667233
      -2.794235    -2.952189     3.677012
      -3.871850     1.887477     3.677284
       0.398810     4.406162     3.679023
       2.417400     4.730197     3.065822
       5.045500    -0.698921     3.062493
       0.696330    -4.876097     3.045268
      -4.617848    -2.023662     3.063626
      -3.556722     3.907182     3.063908
       3.084472     3.834658     3.073900
       4.400076    -1.610265     3.069162
      -0.366860    -4.542962     3.062241
      -4.632095    -0.910430     3.071955
      -2.499079     4.265044     3.072723
       3.746209     2.931214     3.076348
       3.745583    -2.519219     3.068961
      -1.432832    -4.200254     3.070267
      -4.637380     0.208308     3.074733
      -1.435707     4.615535     3.076085
       4.400409     2.022303     3.072932
       3.084008    -3.422786     3.061095
      -2.495894    -3.849329     3.070410
      -4.633266     1.327491     3.071795
      -0.369460     4.957192     3.073655
       5.045655     1.110896     3.064025
       2.419137    -4.316868     3.044578
      -3.550758    -3.491820     3.063340
      -4.620053     2.443698     3.063383
       0.696504     5.289450     3.065678
       2.235625     5.289494     2.114708
       1.172087     5.634959     2.114484
       5.521047     0.765002     2.112435
       5.520775    -0.353255     2.111660
       2.236015    -4.878576     2.081065
       1.173294    -5.223729     2.081761
      -4.140628    -3.491773     2.109858
      -4.799468    -2.584576     2.109406
      -4.801584     3.001989     2.111560
      -4.144704     3.906693     2.112150
       2.719702     4.957142     1.164960
       0.585166     5.650481     1.164600
       5.354610     1.328093     1.163066
       5.353497    -0.916784     1.161410
       2.713473    -4.539412     1.139736
       0.586056    -5.230240     1.141045
      -3.676450    -3.849102     1.162404
      -4.994932    -2.033667     1.161307
      -4.997199     2.447883     1.161053
      -3.679162     4.264064     1.162465
       1.658073     5.321175     1.160311
       5.372384     0.205841     1.157782
       1.650695    -4.887592     1.138619
      -4.350548    -2.951911     1.158475
      -4.352987     3.366801     1.157324
       3.198847     4.615174     0.212529
      -0.003356     5.655392     0.211977
       5.177782     1.889432     0.211225
       5.174099    -1.479873     0.207861
       3.182970    -4.203815     0.193917
       0.006993    -5.234654     0.195154
      -3.202247    -4.198804     0.209078
      -5.180213    -1.477616     0.207512
      -5.182565     1.887975     0.206882
      -3.206088     4.613901     0.210301
       2.142656     4.992217     0.206836
       5.209368     0.768201     0.204860
       2.122565    -4.549345     0.189741
      -3.887574    -3.311222     0.204482
      -4.551139     2.814975     0.202874
       1.072736     5.339747     0.206636
       5.208650    -0.357511     0.203741
       1.068604    -4.891611     0.190391
      -4.547839    -2.402136     0.203766
      -3.890486     3.725615     0.203983
       3.671341     4.264420    -0.739549
      -0.591581     5.649298    -0.740343
       4.990617     2.447201    -0.740238
       4.981898    -2.041070    -0.746171
       3.649102    -3.855660    -0.750237
      -0.577664    -5.225792    -0.750202
      -2.719565    -4.538606    -0.745930
      -5.353982    -0.919599    -0.747595
      -5.356255     1.323638    -0.748037
      -2.726685     4.954797    -0.741411
       2.619705     4.644953    -0.747907
       5.026932     1.329128    -0.749116
       2.590954    -4.204111    -0.756739
      -3.408400    -3.656750    -0.751938
      -4.731828     2.251883    -0.753660
       1.555278     5.004428    -0.751406
       5.039090     0.204753    -0.753538
       1.540434    -4.553350    -0.757257
      -4.078449    -2.757503    -0.755352
      -4.083167     3.169783    -0.754911
       0.482834     5.339121    -0.748333
       5.023956    -0.920632    -0.752002
       0.484847    -4.887330    -0.755652
      -4.727339    -1.843262    -0.753386
      -3.412954     4.071768    -0.750365
       4.135200     3.906806    -1.686847
      -1.176757     5.632511    -1.687915
       4.794228     2.998945    -1.687064
       4.776506    -2.598619    -1.696323
       4.107822    -3.497919    -1.688143
      -1.163311    -5.202392    -1.691023
      -2.229529    -4.865986    -1.698752
      -5.514835    -0.363413    -1.699657
      -5.517230     0.757661    -1.698847
      -2.243368     5.285435    -1.688383
       3.086512     4.281651    -1.697989
       4.826247     1.885454    -1.698498
       3.052656    -3.846502    -1.697848
      -2.915627    -3.985312    -1.704033
      -4.893508     1.680540    -1.706403
       2.028211     4.644301    -1.705265
       4.843297     0.765875    -1.706466
       2.005177    -4.197694    -1.701065
      -3.587018    -3.094019    -1.712802
      -4.252762     2.598596    -1.710172
       0.961225     4.990950    -1.705503
       4.841082    -0.358319    -1.708005
       0.953290    -4.538219    -1.700642
      -4.245045    -2.191383    -1.712367
      -3.594592     3.508015    -1.708152
      -0.108086     5.319505    -1.698667
       4.818444    -1.480665    -1.703361
      -0.101326    -4.867636    -1.696417
      -4.887601    -1.279446    -1.707557
      -2.923378     4.403431    -1.699967
       4.345878     3.366681    -0.735927
       4.332332    -2.959447    -0.741816
      -1.655854    -4.900594    -0.741648
      -5.374322     0.201478    -0.744314
      -1.664835     5.319563    -0.736921
       3.883751     3.726570     0.217738
       4.538583    -2.406076     0.212028
      -1.071571    -4.921604     0.208836
      -5.213521    -0.357393     0.212412
      -2.149676     4.991162     0.216434
       4.544862     2.815872     0.217260
       3.872805    -3.317187     0.207492
      -2.144695    -4.574888     0.213451
      -5.214473     0.766989     0.212144
      -1.079679     5.339159     0.217012
       3.406683     4.073847     1.172475
       4.725026    -1.843130     1.167825
      -0.485436    -4.922907     1.159731
      -5.032338    -0.916313     1.169091
      -2.627091     4.644758     1.170838
       4.077474     3.171948     1.175387
       4.073237    -2.759972     1.167808
      -1.558743    -4.588183     1.169541
      -5.046131     0.206757     1.172096
      -1.562427     5.004532     1.174796
       4.727276     2.254784     1.171441
       3.400581    -3.661367     1.158122
      -2.624273    -4.229067     1.169562
      -5.033805     1.329948     1.168688
      -0.489735     5.339721     1.171962
       2.917553     4.406120     2.122477
       4.891216    -1.274657     2.118576
       0.104751    -4.906612     2.106275
      -4.832219    -1.471503     2.120122
      -3.094019     4.282433     2.120639
       3.589523     3.511217     2.129317
       4.247546    -2.190407     2.123406
      -0.965247    -4.576589     2.120608
      -4.850730    -0.353074     2.126949
      -2.035542     4.645285     2.128380
       4.248955     2.602905     2.128795
       3.587174    -3.098766     2.119085
      -2.032985    -4.229289     2.124952
      -4.851391     0.768669     2.126851
      -0.968286     4.992238     2.128902
       4.891922     1.686869     2.120992
       2.914742    -3.994363     2.104999
      -3.091755    -3.866480     2.120112
      -4.833906     1.887008     2.119637
       0.101254     5.321107     2.122154
       4.611675     2.438119    -2.641160
       3.505212    -3.481423    -2.633275
      -2.410348    -4.296363    -2.643678
      -5.038527     1.101451    -2.652590
      -0.699560     5.285385    -2.642036
       4.624552     1.324064    -2.650264
       2.462032    -3.826701    -2.637562
      -3.076319    -3.410406    -2.659012
      -4.400078     2.014701    -2.656249
       0.363353     4.954573    -2.650347
       4.626759     0.203298    -2.654140
       1.413416    -4.168413    -2.638969
      -3.735618    -2.515479    -2.663958
      -3.749050     2.925784    -2.656390
       1.428563     4.613361    -2.652979
       4.617366    -0.919305    -2.652851
       0.362789    -4.504103    -2.636987
      -4.386465    -1.617482    -2.657638
      -3.089395     3.830311    -2.652005
       2.490916     4.263312    -2.649840
       4.594893    -2.039113    -2.646776
      -0.685030    -4.834010    -2.630607
      -5.031692    -0.715532    -2.658446
      -2.424788     4.724010    -2.642672
       3.545368     3.906284    -2.641105
       0.762148     0.745551    -5.574732
       0.766348    -0.374677    -5.559775
      -0.297727    -0.718414    -5.538467
      -0.961171     0.184937    -5.560512
      -0.301062     1.090461    -5.575238
       1.538372     1.317725    -5.004994
       1.532548    -0.934487    -4.995578
      -0.587310    -1.611214    -4.967057
      -1.910254     0.183470    -4.997215
      -0.594048     2.010082    -5.005811
       1.550206     0.193011    -5.015278
       0.470031    -1.278872    -4.983105
      -1.249741    -0.720612    -4.984593
      -1.263517     1.106190    -5.016660
       0.475609     1.674602    -5.020985
       2.312366     1.884809    -4.422180
       2.298398    -1.492209    -4.417219
      -0.876811    -2.504458    -4.388550
      -2.857652     0.184977    -4.420721
      -0.888001     2.924401    -4.423206
       2.330674     0.761912    -4.446774
       1.236743    -1.839820    -4.414280
      -1.544396    -1.618765    -4.412703
      -2.220893     1.110165    -4.447685
       0.183464     2.596210    -4.449794
       2.326295    -0.367363    -4.445544
       0.180936    -2.179030    -4.410455
      -2.201208    -0.722381    -4.417633
      -1.562019     2.026280    -4.448394
       1.252551     2.248912    -4.449399
       3.080746     2.445705    -3.829623
       3.060292    -2.044464    -3.828483
      -1.164726    -3.394292    -3.803906
      -3.797789     0.191320    -3.834442
      -1.180869     3.830270    -3.830780
       3.103737     1.327041    -3.858272
       2.001005    -2.395092    -3.830435
      -1.834576    -2.512704    -3.830387
      -3.170557     1.112870    -3.861799
      -0.110822     3.507363    -3.859949
       3.109478     0.201420    -3.868201
       0.947775    -2.739696    -3.835666
      -2.496633    -1.620232    -3.841309
      -2.521728     2.031582    -3.870310
       0.959840     3.168507    -3.869808
       3.094474    -0.925480    -3.858707
      -0.108579    -3.073160    -3.826690
      -3.148399    -0.719745    -3.836928
      -1.856408     2.938570    -3.859880
       2.025211     2.813334    -3.859293
       3.840164     2.998652    -3.230538
       3.813359    -2.588470    -3.232062
      -1.451696    -4.276992    -3.216289
      -4.737553     0.188036    -3.246287
      -1.470986     4.724141    -3.231770
       3.864011     1.885146    -3.254569
       2.758175    -2.941314    -3.235115
      -2.120008    -3.400970    -3.238557
      -4.110528     1.109817    -3.261851
      -0.404938     4.403308    -3.255598
       3.876636     0.765495    -3.267832
       1.709060    -3.289283    -3.243070
      -2.783360    -2.512826    -3.252348
      -3.468866     2.027777    -3.271285
       0.663043     4.071231    -3.268206
       3.872752    -0.358478    -3.268732
       0.656029    -3.628683    -3.242581
      -3.440052    -1.615866    -3.253927
      -2.811977     2.938705    -3.269660
       1.729774     3.724618    -3.267911
       3.851413    -1.478922    -3.257311
      -0.398171    -3.958359    -3.232822
      -4.092699    -0.714755    -3.248959
      -2.144316     3.837106    -3.256078
       2.789029     3.365566    -3.254787
       1.755965    -5.207202     3.029387
      -4.603489    -3.134964     3.055093
       4.597920     3.549533    -2.632335
       4.555021    -3.162299    -2.643395
      -1.726660    -5.180087    -2.655743
      -5.675267     0.191917    -2.647590
      -1.760751     5.615248    -2.633672
      -0.015369     0.158297    -6.134864
       2.432827    -5.492291     0.652507
       1.371656    -5.836842     0.652964
       2.903590    -5.151107    -0.302013
       1.847516    -5.498816    -0.301507
       0.788535    -5.837431    -0.301281
       3.371721    -4.799137    -1.252025
       2.316602    -5.151110    -1.252321
       1.261238    -5.493008    -1.252281
       0.200553    -5.826777    -1.251212
       3.837448    -4.435580    -2.198481
       2.780324    -4.789024    -2.197467
       1.726318    -5.134585    -2.198827
       0.669589    -5.471095    -2.197768
      -0.393362    -5.803803    -2.196791
       3.241752    -4.419491    -3.138175
       2.186172    -4.763064    -3.139508
       1.130461    -5.102961    -3.139881
       0.072724    -5.440440    -3.138236
      -0.591856    -1.634198    -6.066797
       0.466942    -1.296273    -6.082570
      -1.251449    -0.738260    -6.086060
      -0.883059    -2.533126    -5.484197
       1.238655    -1.865836    -5.510836
      -1.551225    -1.641953    -5.506483
       0.178237    -2.204586    -5.502723
      -2.211092    -0.742964    -5.516924
      -1.172434    -3.429802    -4.899140
       2.008783    -2.428492    -4.928568
      -1.843693    -2.540805    -4.926079
       0.948847    -2.771864    -4.930625
      -2.508802    -1.645229    -4.938610
      -0.111649    -3.105270    -4.920489
      -3.165462    -0.741660    -4.938368
      -1.461711    -4.325601    -4.310442
       2.776677    -2.983278    -4.335889
      -2.131828    -3.435736    -4.337864
       1.718013    -3.330698    -4.343034
      -2.799834    -2.542450    -4.354671
       0.658915    -3.670084    -4.342397
      -3.460867    -1.642030    -4.356762
      -0.401603    -4.000944    -4.329321
      -4.115809    -0.734406    -4.350219
       3.541617    -3.530166    -3.733723
      -2.417614    -4.333090    -3.743185
       2.481703    -3.878159    -3.743029
      -3.086298    -3.438727    -3.762150
       1.425248    -4.221896    -3.746402
      -3.749966    -2.540001    -3.768398
       0.365774    -4.558479    -3.743096
      -4.409276    -1.636731    -3.763289
      -0.699002    -4.893658    -3.728555