
     -0.138648     0.386817     0.802542
      0.133263    -0.449455     0.253015
     -0.854248    -0.133099     0.255871
     -0.852875     0.903258     0.257374
      0.136272     1.224628     0.257331
      0.746184     0.387131     0.255280
     -0.411751    -0.454163    -0.629306
     -1.021791     0.383242    -0.627353
     -0.409447     1.221775    -0.626009
      0.578812     0.903454    -0.627633
      0.577348    -0.132777    -0.629478
     -0.137035     0.383358    -1.174493
      0.148585     1.261813     1.310158
      0.784502     0.387105     1.306736
      0.145397    -0.488589     1.304279
     -0.885801    -0.156042     1.307930
     -0.885120     0.926012     1.310274
      1.072370     1.262104     0.739187
      1.067498    -0.488026     0.734036
     -0.599865    -1.030057     0.734948
     -1.632121     0.383281     0.739614
     -0.598000     1.801896     0.740465
      0.897024     1.801960    -0.183567
     -0.135922     2.136924    -0.183653
      1.534693     0.926325    -0.185448
      1.531728    -0.155171    -0.187316
      0.891594    -1.029633    -0.187867
     -0.138944    -1.364562    -0.187606
     -1.170550    -1.033331    -0.186795
     -1.808563    -0.160146    -0.184974
     -1.807423     0.923194    -0.183454
     -1.168539     1.801428    -0.183630
      1.358353     0.383501    -1.109180
      0.323191    -1.033229    -1.110559
     -1.346839    -0.495563    -1.108929
     -1.344897     1.258549    -1.107229
      0.325847     1.801485    -1.107308
      0.611593     0.923283    -1.678680
      0.610395    -0.159926    -1.680571
     -0.422281    -0.495507    -1.680447
     -1.059910     0.380157    -1.678535
     -0.421312     1.258640    -1.678088
     -0.138543     0.385044     1.852480
      0.428020     2.115087     0.729010
      1.685046     0.385872     0.724982
      0.422923    -1.340334     0.721124
     -1.612764    -0.686045     0.726273
     -1.612127     1.452330     0.729045
      1.340488     1.452354    -1.095842
      1.336949    -0.685476    -1.098156
     -0.701202    -1.347846    -1.097953
     -1.960506     0.379713    -1.095666
     -0.699116     2.113648    -1.095051
     -0.135776     0.379780    -2.223610
      0.153111     1.270297     2.368300
      0.796895     0.383829     2.363909
      0.149199    -0.503624     2.360578
     -0.894673    -0.166533     2.365839
     -0.894018     0.930097     2.368551
      0.441329     2.152446     1.796392
      1.724587     0.384232     1.790513
      0.435801    -1.380483     1.784130
     -1.644558    -0.711360     1.792976
     -1.645037     1.474748     1.796546
      1.096048     1.277550     1.810172
      1.090302    -0.506500     1.802111
     -0.608599    -1.059179     1.804006
     -1.660698     0.381633     1.810920
     -0.606648     1.828162     1.812407
      1.376936     2.152628     1.218243
      2.009829    -0.502380     1.210028
     -0.317964    -1.928128     1.208303
     -2.401178    -0.164924     1.217181
     -1.354449     2.363246     1.218845
      2.016928     1.270816     1.216381
      1.367997    -1.380090     1.207856
     -1.353661    -1.595521     1.212492
     -2.401742     0.924966     1.218473
     -0.315712     2.700645     1.218827
      1.199034     2.700617     0.282743
      0.152236     3.040694     0.282291
      2.485205     0.930661     0.279824
      2.481216    -0.164934     0.277766
      1.190041    -1.927775     0.275648
      0.147972    -2.266495     0.275838
     -1.932618    -1.599288     0.278741
     -2.579841    -0.715319     0.280505
     -2.579831     1.472949     0.282734
     -1.932750     2.363379     0.282284
      1.663543     2.363120    -0.646293
     -0.421938     3.040929    -0.646810
      2.309963     1.474796    -0.647816
      2.304080    -0.709889    -0.649634
      1.654838    -1.594918    -0.649344
     -0.423751    -2.270488    -0.649067
     -1.469010    -1.936063    -0.649184
     -2.757878    -0.171926    -0.647591
     -2.757178     0.926807    -0.646292
     -1.468277     2.700988    -0.646804
      0.627250     2.722804    -0.653235
      2.329033     0.382222    -0.655624
      0.621402    -1.950876    -0.656556
     -2.131190    -1.067187    -0.655224
     -2.130190     1.826899    -0.653231
      1.859725     1.828305     0.288107
      1.850468    -1.057903     0.282369
     -0.897892    -1.951015     0.283263
     -2.601619     0.378724     0.288381
     -0.897028     2.722848     0.288824
      2.131347     0.924979    -1.583381
      1.080251    -1.599057    -1.584558
     -1.648272    -1.392120    -1.583589
     -2.288811     1.267161    -1.582508
      0.045946     2.700975    -1.582668
      2.129356    -0.164526    -1.583797
      0.043497    -1.936049    -1.584491
     -2.290260    -0.511759    -1.583253
     -1.646980     2.150879    -1.582662
      1.084597     2.363268    -1.582514
      0.622726     0.926734    -2.735229
      0.621695    -0.171853    -2.736655
     -0.424236    -0.511725    -2.736563
     -1.070800     0.376494    -2.735150
     -0.424009     1.267196    -2.734989
      1.374331     1.472810    -2.161053
      1.371679    -0.715013    -2.162612
     -0.711762    -1.392083    -2.162447
     -1.999840     0.376488    -2.160986
     -0.711135     2.150921    -2.161028
      1.388804     0.378783    -2.178209
      0.334321    -1.067028    -2.179452
     -1.368525    -0.517168    -2.178063
     -1.368014     1.273153    -2.177485
      0.336164     1.826880    -2.177514
     -0.136777     0.379753     2.910700
      0.721944     3.011981     1.204149
      2.630857     0.380662     1.199549
      0.714970    -2.237788     1.192362
     -2.374762    -1.246247     1.201027
      -2.376885     2.005381     1.204140
       2.107760     2.005169    -1.567406
       2.102319    -1.245395    -1.567520
      -0.991086    -2.250846    -1.567376
      -2.906038     0.376084    -1.567390
      -0.990905     3.012004    -1.567485
      -0.134488     0.376073    -3.280335
       0.157588     1.270124     3.435382
       0.806362     0.376245     3.430192
       0.152806    -0.517956     3.425841
      -0.897467    -0.177816     3.432672
      -0.896629     0.927701     3.435757
       0.448724     2.167452     2.867355
       1.744833     0.378327     2.860047
       0.443241    -1.404436     2.850331
      -1.658283    -0.728867     2.863911
      -1.659640     1.482706     2.867636
       1.109102     1.281403     2.881818
       1.101730    -0.520730     2.869867
      -0.611745    -1.078827     2.873505
      -1.673607     0.377060     2.882970
      -0.609785     1.838211     2.885004
       0.736868     3.052991     2.281428
       2.674460     0.376791     2.275483
       0.729949    -2.283074     2.263534
      -2.408907    -1.275947     2.278031
      -2.413066     2.029930     2.281503
       1.401159     2.175966     2.303080
       2.040308    -0.520381     2.289649
      -0.319174    -1.965561     2.287168
      -2.433973    -0.175381     2.302100
      -1.371384     2.391472     2.304470
       2.049139     1.281606     2.300874
       1.390824    -1.409434     2.286714
      -1.369139    -1.629109     2.294906
      -2.435167     0.929641     2.303524
      -0.318543     2.733387     2.304428
       1.679077     3.053064     1.699211
       2.960405    -0.516227     1.689876
      -0.028180    -2.833890     1.684373
      -3.171903    -0.725391     1.697597
      -2.120840     2.925887     1.699367
       2.331875     2.167611     1.703660
       2.318383    -1.403727     1.691120
      -1.072596    -2.505762     1.692332
      -3.183037     0.375888     1.703862
      -1.076147     3.274301     1.704692
       2.969831     1.270212     1.697232
       1.666913    -2.282807     1.684272
      -2.114438    -2.165214     1.693815
      -3.175276     1.476149     1.699225
      -0.026085     3.606245     1.699397
       1.499745     3.606133     0.756541
       0.445216     3.949110     0.756020
       3.441248     0.927773     0.754364
       3.436583    -0.176376     0.751714
       1.487897    -2.833466     0.747115
       0.440256    -3.174030     0.747187
      -2.698467    -2.170176     0.752734
      -3.351632    -1.279487     0.754569
      -3.355202     2.029065     0.756396
      -2.703584     2.926302     0.755942
       1.974022     3.274030    -0.180153
      -0.133992     3.959911    -0.181161
       3.274649     1.482647    -0.181969
       3.266786    -0.726349    -0.183122
       1.960345    -2.505223    -0.183505
      -0.135284    -3.186429    -0.183319
      -2.237798    -2.515238    -0.182420
      -3.542769    -0.732552    -0.181882
      -3.543681     1.481523    -0.180342
      -2.241275     3.275364    -0.181204
       0.926672     3.638112    -0.185667
       3.293532     0.377878    -0.187846
       0.918342    -2.863717    -0.188714
      -2.908601    -1.637644    -0.187443
      -2.910317     2.391620    -0.185768
       2.436426     2.925492    -1.116874
      -0.712997     3.950154    -1.118037
       3.087634     2.029609    -1.117931
       3.079728    -1.273962    -1.116063
       2.424619    -2.164590    -1.115206
      -0.711261    -3.183862    -1.115034
      -1.764672    -2.848443    -1.115721
      -3.712999    -0.180043    -1.117976
      -3.712859     0.927635    -1.117055
      -1.767058     3.607718    -1.118049
       1.397357     3.296094    -1.127065
       3.116721     0.929732    -1.127995
       1.388432    -2.527181    -1.125817
      -2.438742    -1.979046    -1.127571
      -3.090066     1.838171    -1.127185
       0.344525     3.638696    -1.127493
       3.114035    -0.174557    -1.127850
       0.340003    -2.867984    -1.125761
      -3.090036    -1.087094    -1.127897
      -2.439621     2.734153    -1.127551
       2.642302     2.391212    -0.175887
       2.627129    -1.627211    -0.179535
      -1.190974    -2.868056    -0.178836
      -3.565408     0.374390    -0.175962
      -1.194507     3.638785    -0.176366
       2.171533     2.733286     0.765698
       2.806279    -1.076121     0.758311
      -0.611297    -2.864067     0.757226
      -3.384837    -0.177993     0.765047
      -1.665106     3.296323     0.765491
       2.820811     1.838190     0.764925
       2.155820    -1.964632     0.756638
      -1.660129    -2.527348     0.759989
      -3.385715     0.927968     0.765655
      -0.612501     3.638236     0.765511
       2.907738     1.475850    -2.060132
       1.846899    -2.169670    -2.057863
      -1.945499    -2.301002    -2.057755
      -3.241302     1.270684    -2.060237
      -0.241652     3.607660    -2.060769
       2.915082     0.375880    -2.065120
       0.804830    -2.515074    -2.063894
      -2.601411    -1.416648    -2.065045
      -2.601162     2.167398    -2.065916
       0.808318     3.275184    -2.065847
       2.904171    -0.724977    -2.057896
      -0.241146    -2.848417    -2.057828
      -3.242013    -0.522336    -2.060178
      -1.947084     3.053533    -2.060798
       1.853261     2.925961    -2.060123
       0.629419     0.927433    -3.800555
       0.628555    -0.180081    -3.801277
      -0.424822    -0.522352    -3.801216
      -1.076504     0.373186    -3.800520
      -0.425072     1.270648    -3.800618
       1.391562     1.481173    -3.230257
       1.389543    -0.732495    -3.230531
      -0.715802    -1.416601    -3.230411
      -2.018592     0.373212    -3.230246
      -0.716424     2.167389    -3.230649
       1.405074     0.374175    -3.247863
       0.340922    -1.087014    -3.248522
      -1.378852    -0.530341    -3.247783
      -1.379028     1.278923    -3.248039
       0.341814     1.838035    -3.248041
       2.145079     2.028630    -2.642691
       2.141340    -1.279209    -2.640649
      -1.002684    -2.300948    -2.640507
      -2.949976     0.373205    -2.642752
      -1.004334     3.053537    -2.643407
       2.166843     0.927635    -2.665922
       1.100638    -1.637383    -2.665953
      -1.669620    -1.424316    -2.665468
      -2.320450     1.278928    -2.666254
       0.050599     2.734069    -2.666495
       2.165743    -0.178108    -2.665596
       0.049740    -1.978886    -2.665889
      -2.320453    -0.530349    -2.665882
      -1.670072     2.174998    -2.666513
       1.103425     2.391381    -2.666220
      -0.132301     0.370023     3.980216
       1.018565     3.918336     1.683703
       3.586223     0.369825     1.680952
       1.010088    -3.144398     1.668288
      -3.141738    -1.816472     1.681204
      -3.149411     2.564534     1.683599
       2.882390     2.564061    -2.043922
       2.875490    -1.815329    -2.037571
      -1.281540    -3.166829    -2.037697
      -3.861134     0.373010    -2.044065
      -1.285768     3.919771    -2.044845
      -0.133410     0.372944    -4.347794
       0.163440     1.264157     4.512252
       0.817271     0.363324     4.506352
       0.158657    -0.536392     4.501233
      -0.896159    -0.191670     4.508929
      -0.895039     0.920872     4.512661
       0.455057     2.172271     3.945191
       1.761323     0.365633     3.936770
       0.450738    -1.426610     3.922091
      -1.663588    -0.746802     3.941692
      -1.666381     1.483882     3.945492
       1.120368     1.277560     3.959135
       1.110784    -0.537456     3.941893
      -0.611114    -1.099097     3.948001
      -1.679552     0.369185     3.960531
      -0.609781     1.840845     3.962918
       0.746488     3.074416     3.362387
       2.701117     0.365774     3.355817
       0.740951    -2.315320     3.337323
      -2.426109    -1.300808     3.359176
      -2.433040     2.042109     3.362510
       1.416259     2.186253     3.387222
       2.057778    -0.538181     3.366281
      -0.316215    -1.993468     3.363499
      -2.451073    -0.187068     3.386401
      -1.380742     2.405425     3.389178
       2.069880     1.281407     3.384829
       1.404720    -1.433331     3.363120
      -1.376422    -1.656363     3.377053
      -2.453264     0.929795     3.387843
      -0.318462     2.750239     3.389148
       1.034785     3.963428     2.768593
       3.632906     0.363538     2.765508
       1.027031    -3.194844     2.745640
      -3.178090    -1.849598     2.765685
      -3.188954     2.591739     2.768522
       1.704777     3.082484     2.793803
       2.995590    -0.537044     2.776800
      -0.024914    -2.878467     2.770205
      -3.208597    -0.741736     2.792441
      -2.143459     2.957313     2.794415
       2.364579     2.186285     2.801232
       2.347993    -1.433113     2.779871
      -1.078653    -2.547414     2.781047
      -3.220849     0.372110     2.801460
      -1.087450     3.309555     2.802719
       3.008326     1.277646     2.792322
       1.691214    -2.320143     2.770284
      -2.132668    -2.204576     2.785634
      -3.213398     1.485164     2.793904
      -0.025977     3.644894     2.794450
       1.981907     3.963411     2.183313
       3.919682    -0.535024     2.175939
       0.266121    -3.747680     2.164355
      -3.946374    -1.296063     2.181643
      -2.895762     3.493123     2.183167
       2.641979     3.074328     2.191053
       3.274079    -1.425930     2.176480
      -0.782408    -3.422110     2.173578
      -3.964145    -0.185550     2.190152
      -1.846672     3.847279     2.191084
       3.293608     2.171815     2.190896
       2.623131    -2.314844     2.173472
      -1.832472    -3.085467     2.177869
      -3.966934     0.927664     2.190716
      -0.789239     4.190696     2.191123
       3.931197     1.262626     2.183123
       1.966964    -3.194563     2.164390
      -2.879603    -2.743827     2.180203
      -3.955277     2.034970     2.183102
       0.267728     4.520551     2.183294
       1.801452     4.520386     1.235562
       0.741492     4.865383     1.235136
       4.404464     0.918864     1.236508
       4.399488    -0.192869     1.232703
       1.787257    -3.747071     1.224141
       0.736143    -4.088812     1.224124
      -3.467715    -2.749916     1.232905
      -4.126446    -1.852644     1.235063
      -4.136559     2.591627     1.235281
      -3.481724     3.493649     1.234959
       2.281126     4.190334     0.293854
       0.159125     4.881115     0.292876
       4.242138     1.482707     0.293676
       4.232662    -0.745960     0.293228
       2.263403    -3.421087     0.290829
       0.158795    -4.105298     0.290882
      -3.007315    -3.099002     0.293845
      -4.325680    -1.301155     0.293024
      -4.330632     2.042568     0.293502
      -3.019776     3.848529     0.292751
       1.226616     4.556118     0.288672
       4.260342     0.368394     0.288231
       1.216513    -3.779786     0.285896
      -3.684915    -2.213700     0.288216
      -3.692456     2.958229     0.288451
       2.753931     3.846743    -0.651812
      -0.425638     4.881829    -0.653285
       4.063649     2.041349    -0.652434
       4.053033    -1.298219    -0.646581
       2.734775    -3.084570    -0.646249
      -0.420762    -4.110402    -0.646134
      -2.537419    -3.440265    -0.646079
      -4.509423    -0.744246    -0.652782
      -4.511176     1.486537    -0.652191
      -2.547065     4.192693    -0.653355
       1.705444     4.223025    -0.659348
       4.094753     0.929399    -0.659291
       1.692192    -3.450787    -0.654190
      -3.221866    -2.563292    -0.657716
      -3.884065     2.407204    -0.659606
       0.643042     4.568920    -0.659885
       4.091213    -0.186590    -0.657967
       0.637899    -3.793519    -0.654157
      -3.880810    -1.662312    -0.659389
      -3.227801     3.311443    -0.660036
       3.215980     3.492475    -1.593601
      -1.007816     4.867255    -1.595284
       3.870551     2.591045    -1.594067
       3.861255    -1.847736    -1.583359
       3.201724    -2.743314    -1.582047
      -0.999403    -4.108966    -1.581917
      -2.059540    -3.772286    -1.583145
      -4.676342    -0.185969    -1.594331
      -4.676717     0.928184    -1.593935
      -2.067464     4.523012    -1.595311
       2.173382     3.868124    -1.604922
       3.903924     1.484656    -1.604580
       2.161016    -3.105242    -1.593912
      -2.740996    -2.899501    -1.599780
      -4.054021     1.844913    -1.605178
       1.117977     4.223799    -1.609783
       3.913658     0.371926    -1.607740
       1.110465    -3.454785    -1.597568
      -3.406744    -2.006848    -1.607679
      -3.409189     2.752987    -1.609951
       0.055664     4.557539    -1.605850
       3.899724    -0.741439    -1.600044
       0.055213    -3.789828    -1.593883
      -4.052957    -1.100775    -1.604726
      -2.745859     3.647370    -1.605941
       3.426175     2.956642    -0.647350
       3.404446    -2.201833    -0.644014
      -1.481582    -3.789916    -0.643464
      -4.531838     0.371179    -0.647730
      -1.492976     4.557648    -0.648821
       2.961443     3.309039     0.300773
       3.592186    -1.651701     0.298303
      -0.901324    -3.793891     0.297608
      -4.361910    -0.187513     0.300220
      -1.971698     4.224059     0.299544
       3.617076     2.404683     0.300750
       2.937510    -2.546006     0.297150
      -1.956859    -3.455000     0.299364
      -4.363079     0.929660     0.300355
      -0.909584     4.569065     0.299582
       2.479409     3.644631     1.246296
       3.764386    -1.094943     1.239680
      -0.318611    -3.780373     1.234910
      -4.166635    -0.743373     1.245716
      -2.439479     3.868575     1.245643
       3.142138     2.749784     1.250707
       3.117695    -1.991833     1.240243
      -1.373011    -3.451481     1.241116
      -4.180712     0.371118     1.250185
      -1.384364     4.223352     1.250001
       3.785577     1.839869     1.246600
       2.458561    -2.877381     1.234739
      -2.423866    -3.105542     1.241654
      -4.170407     1.484642     1.245961
      -0.322150     4.556290     1.245725
       3.689693     2.034338    -2.541231
       2.621160    -2.748722    -2.530709
      -2.241121    -3.221848    -2.532120
      -4.202924     1.273037    -2.542072
      -0.533961     4.522927    -2.542998
       3.701676     0.927132    -2.548109
       1.575253    -3.098440    -2.539442
      -2.906101    -2.332559    -2.545272
      -3.562669     2.177060    -2.550330
       0.523010     4.192479    -2.550599
       3.700001    -0.186002    -2.545322
       0.524625    -3.440021    -2.539467
      -3.561716    -1.432942    -2.548160
      -2.909383     3.077274    -2.550703
       1.580626     3.848143    -2.550164
       3.684572    -1.296265    -2.532085
      -0.527011    -3.772198    -2.530817
      -4.202819    -0.530078    -2.541409
      -2.248451     3.965877    -2.543047
       2.629952     3.493088    -2.541846
       0.634189     0.927945    -4.875896
       0.633614    -0.186044    -4.875873
      -0.425333    -0.530113    -4.875839
      -1.080582     0.370825    -4.875890
      -0.425784     1.272955    -4.876227
       1.402511     1.486103    -4.306595
       1.401194    -0.744275    -4.305526
      -0.718214    -1.432895    -4.305462
      -2.030261     0.370807    -4.306619
      -0.719505     2.176991    -4.307312
       1.415732     0.370868    -4.323139
       0.345445    -1.100744    -4.323024
      -1.385442    -0.539220    -4.323108
      -1.385946     1.282107    -4.324014
       0.345625     1.844695    -4.324000
       2.167592     2.041970    -3.722123
       2.165139    -1.301150    -3.717856
      -1.008949    -2.332450    -3.717808
      -2.975967     0.370814    -3.722217
      -1.011991     3.077230    -3.723239
       2.188250     0.929092    -3.748071
       1.114016    -1.662143    -3.746482
      -1.681561    -1.445022    -3.747059
      -2.339112     1.284468    -3.749122
       0.052956     2.752816    -3.749450
       2.187729    -0.187930    -3.747108
       0.053625    -2.006667    -3.746446
      -2.338559    -0.541657    -3.748078
      -1.682917     2.188820    -3.749481
       1.115360     2.406839    -3.749067
       2.923101     2.590946    -3.127318
       2.918819    -1.852620    -3.117069
      -1.294587    -3.221759    -3.117191
      -3.909853     0.370859    -3.127498
      -1.300700     3.965856    -3.128736
       2.947757     1.483955    -3.152773
       1.873920    -2.213279    -3.147625
      -1.968388    -2.340653    -3.149050
      -3.279614     1.282134    -3.153791
      -0.240108     3.647249    -3.154443
       2.956252     0.370437    -3.160007
       0.820494    -2.562918    -3.156581
      -2.631524    -1.445048    -3.159989
      -2.632850     2.188834    -3.162450
       0.821455     3.311166    -3.162368
       2.946231    -0.743963    -3.149103
      -0.237187    -2.899269    -3.147584
      -3.279143    -0.539223    -3.152858
      -1.971519     3.084697    -3.154484
       1.877614     2.957755    -3.153662
      -0.123469     0.353863     5.065051
       1.318724     4.837404     2.169085
       4.554551     0.349939     2.172201
       1.308188    -4.060082     2.148941
      -3.915144    -2.400964     2.168462
      -3.932327     3.131886     2.168862
       3.666789     3.131177    -2.527110
       3.658330    -2.399255    -2.506971
      -1.572208    -4.101434    -2.508238
      -4.829008     0.370793    -2.527377
      -1.584694     4.839987    -2.528726
      -0.132648     0.370710    -5.429629
       0.171741     1.255091     5.607642
       0.831797     0.339365     5.603334
       0.175114    -0.570660     5.598343
      -0.888095    -0.209095     5.604862
      -0.893191     0.913302     5.607131
       0.462705     2.174197     5.037589
       1.781776     0.346995     5.025886
       0.460659    -1.455042     5.001997
      -1.666940    -0.766580     5.033294
      -1.671520     1.483345     5.037597
       1.132926     1.267548     5.049651
       1.122579    -0.558681     5.022038
      -0.608478    -1.122651     5.032463
      -1.682489     0.358412     5.051038
      -0.607824     1.841231     5.053222
       0.755298     3.088714     4.455478
       2.727610     0.343026     4.448706
       0.752315    -2.345987     4.416055
      -2.437225    -1.325993     4.451457
      -2.447484     2.049892     4.455555
       1.429989     2.189401     4.480586
       2.072157    -0.562650     4.445343
      -0.308677    -2.022135     4.441997
      -2.462646    -0.200956     4.479656
      -1.386943     2.414472     4.482598
       2.090186     1.272558     4.478119
       1.417002    -1.458653     4.442197
      -1.378132    -1.687222     4.467254
      -2.465766     0.927071     4.481197
      -0.316646     2.761574     4.482596
       1.047426     3.995544     3.863175
       3.666757     0.346912     3.860322
       1.041036    -3.234581     3.826589
      -3.202565    -1.882283     3.860178
      -3.217667     2.610968     3.863103
       1.723460     3.102696     3.892294
       3.017583    -0.562571     3.860942
      -0.017651    -2.915059     3.854121
      -3.233212    -0.760808     3.890993
      -2.161154     2.978659     3.893043
       2.389733     2.194498     3.901771
       2.367889    -1.461165     3.865565
      -1.076562    -2.583691     3.866477
      -3.246706     0.366084     3.901815
      -1.094811     3.333974     3.903256
       3.039155     1.272558     3.891588
       1.708366    -2.352267     3.854496
      -2.144151    -2.243770     3.882066
      -3.240332     1.491803     3.892383
      -0.023217     3.672593     3.893099
       1.337799     4.892489     3.263124
       4.607978     0.337825     3.267707
       1.326845    -4.115254     3.232145
      -3.958696    -2.440028     3.259126
      -3.980055     3.165545     3.262902
       2.010785     4.001913     3.288690
       3.957720    -0.558736     3.269079
       0.272226    -3.798248     3.256010
      -3.990435    -1.318418     3.287920
      -2.925833     3.530945     3.288700
       2.679287     3.102645     3.301655
       3.308517    -1.458383     3.272611
      -0.783677    -3.471612     3.268928
      -4.010791    -0.195461     3.300900
      -1.865975     3.890271     3.301612
       3.336871     2.189233     3.302163
       2.654303    -2.352035     3.269462
      -1.838933    -3.133937     3.272982
      -4.014255     0.929512     3.301157
      -0.798434     4.236902     3.301653
       3.978717     1.267054     3.290668
       1.992979    -3.237888     3.256191
      -2.901042    -2.788305     3.281095
      -4.001364     2.049684     3.288470
       0.270218     4.568757     3.288834
       2.288914     4.892384     2.675360
       4.897451    -0.573166     2.678594
       0.563329    -4.669984     2.648869
      -4.733031    -1.876519     2.673747
      -3.686285     4.070923     2.675097
       2.955571     3.995313     2.683959
       4.235821    -1.454703     2.667359
      -0.487974    -4.345477     2.658527
      -4.754300    -0.756437     2.682556
      -2.628429     4.428724     2.683527
       3.616174     3.088059     2.687305
       3.584046    -2.345269     2.664517
      -1.541280    -4.012390     2.663900
      -4.763987     0.366846     2.685900
      -1.564771     4.779062     2.686477
       4.267778     2.172571     2.685288
       2.928616    -3.233846     2.659010
      -2.593808    -3.674253     2.668585
      -4.762071     1.488887     2.683281
      -0.498255     5.120525     2.683642
       4.907314     1.251940     2.678890
       2.269669    -4.114805     2.648974
      -3.649026    -3.349074     2.676953
      -4.749664     2.606389     2.674972
       0.567920     5.452577     2.675328
       2.107460     5.452394     1.723968
       1.043497     5.798829     1.723590
       5.383374     0.906204     1.726626
       5.378429    -0.221370     1.727021
       2.089297    -4.669107     1.705677
       1.034778    -5.012011     1.705599
      -4.244243    -3.348612     1.725575
      -4.912400    -2.438772     1.723694
      -4.931891     3.165934     1.723537
      -4.274635     4.071476     1.723343
       2.591725     5.120137     0.774203
       0.456283     5.815387     0.773483
       5.221804     1.479558     0.777015
       5.209130    -0.772668     0.775903
       2.567574    -4.343762     0.770184
       0.456033    -5.030291     0.770120
      -3.781499    -3.694981     0.775911
      -5.117067    -1.879765     0.775012
      -5.128382     2.612393     0.773728
      -3.809245     4.429887     0.773271
       1.529711     5.485382     0.769256
       5.237521     0.352970     0.772921
       1.516572    -4.701580     0.764978
      -4.466466    -2.800669     0.772085
      -4.483781     3.532068     0.768928
       3.071195     4.778477    -0.178291
      -0.132710     5.821621    -0.179507
       5.048064     2.047766    -0.176710
       5.034425    -1.331735    -0.164842
       3.042586    -4.010220    -0.168831
      -0.124864    -5.039963    -0.168845
      -3.311187    -4.044439    -0.164536
      -5.309765    -1.317835    -0.177829
      -5.315466     2.054009    -0.178806
      -3.336359     4.780987    -0.179660
       2.014585     5.156702    -0.184304
       5.078518     0.924151    -0.181457
       1.995686    -4.376920    -0.176803
      -4.005815    -3.156469    -0.178824
      -4.682888     2.981063    -0.184676
       0.943978     5.505308    -0.184771
       5.074219    -0.205284    -0.178863
       0.937677    -4.720880    -0.176789
      -4.673416    -2.245005    -0.182012
      -4.021567     3.892310    -0.185022
       3.544181     4.427980    -1.130824
      -0.721702     5.816819    -1.132505
       4.862568     2.609700    -1.130243
       4.848880    -1.880312    -1.109081
       3.514330    -3.672858    -1.107202
      -0.705393    -5.044723    -1.107402
      -2.838525    -4.379475    -1.109284
      -5.489823    -0.754069    -1.130851
      -5.492104     1.492263    -1.131329
      -2.856994     5.123178    -1.132600
       2.491944     4.809804    -1.139072
       4.898591     1.490296    -1.137259
       2.469645    -4.038728    -1.118943
      -3.531303    -3.501182    -1.127808
      -4.865194     2.419692    -1.139457
       1.426803     5.170407    -1.142947
       4.909381     0.364190    -1.138023
       1.415365    -4.391601    -1.121808
      -4.207425    -2.598642    -1.138023
      -4.215357     3.337478    -1.143222
       0.353583     5.506095    -1.140034
       4.892894    -0.763142    -1.128156
       0.355064    -4.726179    -1.118868
      -4.860754    -1.681040    -1.137611
      -3.544342     4.239821    -1.140207
       4.009697     4.070083    -2.080665
      -1.308893     5.801301    -2.082606
       4.666726     3.164573    -2.080462
       4.656807    -2.439452    -2.047324
       3.993919    -3.348955    -2.043041
      -1.285261    -5.065191    -2.044590
      -2.353765    -4.720202    -2.050605
      -5.657563    -0.189965    -2.080872
      -5.658321     0.928926    -2.081109
      -2.372788     5.455680    -2.082660
       2.958870     4.446824    -2.089176
       4.698993     2.048652    -2.087951
       2.939678    -3.690967    -2.061716
      -3.043086    -3.834610    -2.073526
      -5.029586     1.851432    -2.089533
       1.900009     4.810572    -2.096890
       4.716037     0.928320    -2.093314
       1.886365    -4.043804    -2.063585
      -3.719922    -2.937853    -2.088761
      -4.386701     2.768103    -2.097163
       0.832243     5.158265    -2.097371
       4.714274    -0.197098    -2.088905
       0.829540    -4.387401    -2.063588
      -4.382871    -2.028339    -2.093367
      -3.727163     3.676988    -2.097558
      -0.237750     5.487530    -2.090506
       4.693729    -1.320425    -2.073849
      -0.229883    -4.721604    -2.061798
      -5.027649    -1.111834    -2.088210
      -3.054997     4.572264    -2.090613
       4.218376     3.530003    -1.126098
       4.187149    -2.784622    -1.108731
      -1.772079    -4.721699    -1.108109
      -5.509735     0.369354    -1.126669
      -1.795088     5.487646    -1.128126
       3.756037     3.889452    -0.172519
       4.375716    -2.235175    -0.161885
      -1.189776    -4.726601    -0.163788
      -5.345743    -0.194467    -0.172959
      -2.279856     5.158529    -0.174223
       4.417058     2.977419    -0.172034
       3.719466    -3.130676    -0.164162
      -2.247345    -4.387784    -0.161116
      -5.347046     0.932125    -0.173186
      -1.209424     5.506241    -0.174172
       3.278740     4.236306     0.782150
       4.556389    -1.679673     0.783479
      -0.607030    -4.721544     0.778019
      -5.160841    -0.757957     0.781952
      -2.757071     4.811024     0.780969
       3.949483     3.332966     0.786076
       3.908728    -2.580058     0.782957
      -1.666583    -4.392395     0.783495
      -5.176628     0.368346     0.785018
      -1.692112     5.170732     0.784371
       4.598449     2.412547     0.783675
       3.245448    -3.468911     0.777933
      -2.720075    -4.044428     0.784393
      -5.164823     1.493506     0.781510
      -0.619041     5.505482     0.781081
       2.789368     4.568428     1.732088
       4.729162    -1.118628     1.726585
      -0.022702    -4.702373     1.716344
      -4.955748    -1.317736     1.731696
      -3.223840     4.447474     1.731440
       3.461216     3.671971     1.739811
       4.080881    -2.019202     1.727410
      -1.080140    -4.378245     1.724261
      -4.978470    -0.194939     1.738908
      -2.165120     4.810338     1.738732
       4.119981     2.760181     1.740714
       3.426296    -2.912784     1.724352
      -2.135763    -4.039901     1.728119
      -4.981005     0.929907     1.738864
      -1.097529     5.157075     1.738790
       4.760903     1.838153     1.734851
       2.762106    -3.796642     1.716483
      -3.190235    -3.692139     1.727332
      -4.964144     2.050018     1.731564
      -0.027655     5.485566     1.731613
       4.485086     2.605486    -3.031651
       3.406100    -3.348148    -3.002783
      -2.540978    -4.159587    -3.011113
      -5.182820     1.275122    -3.032905
      -0.833134     5.455579    -3.034121
       4.498131     1.487920    -3.038726
       2.352526    -3.694028    -3.016131
      -3.212938    -3.262515    -3.029486
      -4.537711     2.187020    -3.041598
       0.233162     5.122948    -3.042216
       4.501584     0.365673    -3.038404
       1.301538    -4.043850    -3.016521
      -3.878828    -2.357405    -3.038382
      -3.883505     3.096495    -3.044866
       1.299875     4.780589    -3.044676
       4.494823    -0.757847    -3.029525
       0.245287    -4.379130    -3.016146
      -4.535645    -1.447401    -3.038836
      -3.221698     4.000457    -3.042337
       2.363676     4.429313    -3.041340
       4.477856    -1.876688    -3.010509
      -0.813410    -4.720027    -3.003135
      -5.181972    -0.535560    -3.031904
      -2.554518     4.896297    -3.034182
       3.421554     4.070751    -3.032589
       0.637586     0.928727    -5.971703
       0.637415    -0.190025    -5.971018
      -0.426041    -0.535558    -5.971000
      -1.083744     0.369463    -5.971717
      -0.426433     1.275011    -5.972198
       1.412820     1.491868    -5.398201
       1.412322    -0.754062    -5.396080
      -0.721428    -1.447331    -5.396047
      -2.041931     0.369412    -5.398244
      -0.722706     2.186914    -5.399133
       1.424906     0.369106    -5.411889
       0.349049    -1.111783    -5.411021
      -1.391779    -0.546033    -5.411886
      -1.392328     1.285478    -5.413205
       0.348852     1.851192    -5.413182
       2.185798     2.053423    -4.814166
       2.184593    -1.317728    -4.808432
      -1.014899    -2.357257    -4.808414
      -2.997367     0.369387    -4.814272
      -1.018195     3.096404    -4.815529
       2.205034     0.931630    -4.839826
       1.124832    -1.680856    -4.836757
      -1.691373    -1.460639    -4.838472
      -2.354278     1.288800    -4.841265
       0.054511     2.767872    -4.841654
       2.204904    -0.194778    -4.838471
       0.055915    -2.028132    -4.836743
      -2.353571    -0.549461    -4.839857
      -1.692972     2.200106    -4.841690
       1.125140     2.419277    -4.841198
       2.954061     2.611651    -4.220794
       2.951008    -1.879499    -4.208898
      -1.304812    -3.262330    -4.208889
      -3.947037     0.369425    -4.220979
      -1.311896     4.000392    -4.222539
       2.977391     1.492782    -4.249797
       1.896052    -2.244667    -4.241841
      -1.984614    -2.370352    -4.245351
      -3.309086     1.288809    -4.251237
      -0.240803     3.676798    -4.252011
       2.986136     0.367658    -4.258558
       0.832015    -2.598205    -4.252863
      -2.654035    -1.464795    -4.258576
      -2.655867     2.204159    -4.261837
       0.831129     3.337109    -4.261746
       2.976942    -0.758518    -4.245281
      -0.236594    -2.937523    -4.241852
      -3.308274    -0.549464    -4.249893
      -1.988271     3.109031    -4.252058
       1.897589     2.980497    -4.251098
       3.715676     3.165101    -3.620247
       3.706330    -2.437237    -3.599904
      -1.588850    -4.159438    -3.599693
      -4.888512     0.369497    -3.620493
      -1.602958     4.896266    -3.622216
       3.737280     2.049152    -3.645388
       2.657137    -2.800103    -3.629671
      -2.269021    -3.269412    -3.635547
      -4.250879     1.285517    -3.646733
      -0.535190     4.572122    -3.647786
       3.751587     0.928959    -3.656907
       1.599824    -3.155709    -3.643844
      -2.941630    -2.370405    -3.653891
      -3.605173     2.200139    -3.660022
       0.533726     4.239529    -3.660321
       3.751069    -0.196079    -3.653899
       0.538570    -3.500643    -3.643799
      -3.603239    -1.460682    -3.656967
      -2.945648     3.109052    -3.660429
       1.601500     3.891831    -3.659856
       3.735522    -1.319116    -3.635292
      -0.525712    -3.834285    -3.629809
      -4.250052    -0.546035    -3.645564
      -2.276321     4.006414    -3.647840
       2.661451     3.531402    -3.646509
       1.609700    -4.986271     2.635118
       4.457930    -2.991232    -2.990653
       0.763803    -2.377819     5.511767
       2.090052    -0.583867     5.541869
      -0.300712    -2.049018     5.538209
       1.426789    -1.482746     5.537067
       1.055134    -3.273251     4.919849
       3.043061    -0.588263     4.957970
      -0.008716    -2.951203     4.946851
       2.386985    -1.489684     4.959690
      -1.073154    -2.620924     4.963292
       1.724523    -2.383972     4.947486
       1.344199    -4.164967     4.325439
       3.991367    -0.583731     4.366401
       0.281508    -3.844165     4.352159
       3.338981    -1.489621     4.371062
      -0.780815    -3.517555     4.367498
       2.680480    -2.387440     4.368408
      -1.844420    -3.181285     4.374095
       2.014424    -3.278403     4.352516
       1.632364    -5.053720     3.726768
       0.571372    -4.728647     3.749287
       4.284765    -1.482198     3.770045
      -0.488864    -4.403876     3.763646
       3.625745    -2.383503     3.771475
      -1.549037    -4.070317     3.770147
       2.964978    -3.278063     3.764517
      -2.613237    -3.729175     3.771592
       2.298989    -4.165580     3.749488
       0.867390    -5.609510     3.142378
      -0.192657    -5.281564     3.151383
       4.560322    -2.376140     3.163575
      -1.251706    -4.949277     3.157575
       3.901411    -3.271779     3.158893
      -2.311630    -4.612263     3.162339
       3.240889    -4.163790     3.152039
       2.576967    -5.052962     3.142506
       2.396080    -5.608413     2.197429
       1.339509    -5.952032     2.197170
       2.877936    -5.279322     1.253688
       0.755739    -5.969366     1.253548
       1.820448    -5.635221     1.248132
       3.356893    -4.945970     0.309691
       0.171774    -5.981533     0.309697
       2.303112    -5.311968     0.302960
       1.239488    -5.657782     0.302984
       3.834389    -4.608746    -0.636079
      -0.413202    -5.989635    -0.635868
       2.782105    -4.977478    -0.643381
       1.721942    -5.333613    -0.645578
       0.654994    -5.669053    -0.643188
       3.260889    -4.632054    -1.591416
       2.199952    -4.993615    -1.592377
       1.135260    -5.339782    -1.592229
       0.064730    -5.671404    -1.591009
       2.672637    -4.642055    -2.541155
       1.611408    -4.993950    -2.539622
       0.546386    -5.333630    -2.540915
       5.174507    -2.824331    -0.629891
      -1.481797    -5.671871    -0.635228
       4.511441    -3.723469    -0.636076
      -2.547129    -5.334251    -0.628579
       5.359546    -2.270754     0.323708
      -0.897351    -5.669741     0.316128
       4.704953    -3.173616     0.321279
      -1.961516    -5.340677     0.321832
       4.037881    -4.065099     0.315948
      -3.022134    -4.994908     0.324561
       5.538024    -1.706974     1.272367
      -0.311569    -5.658625     1.261451
       4.886871    -2.614064     1.273754
      -1.376486    -5.335013     1.269154
       4.228594    -3.512414     1.269338
      -2.437663    -4.995014     1.273977
       3.558010    -4.400226     1.261619
      -3.497982    -4.643832     1.272980
       0.274931    -5.636152     2.203241
       5.057694    -2.043786     2.223286
      -0.786995    -5.313763     2.212417
       4.401387    -2.947126     2.218809
      -1.848362    -4.979838     2.218038
       3.739830    -3.841168     2.213080
      -2.910920    -4.634292     2.223343
       3.071058    -4.726595     2.203516